DORISInput/IGSGIM/2023/IGS0OPSFIN_20232250000_01D_02H_GIM.INX
     1.0            IONOSPHERE MAPS     MIX                 IONEX VERSION / TYPE
cmpcmb v1.2          GRL/UWM             4-sep-23 18:22     PGM / RUN BY / DATE 
ionex file containing IGS COMBINED Ionosphere maps          COMMENT             
global ionosphere maps for day 225, 2023                    DESCRIPTION         
IONEX file containing the COMBINED IGS TEC MAPS and DCBs    DESCRIPTION         
      IONEX files of the following IAACs were combined: cod DESCRIPTION         
                                                        jpl DESCRIPTION         
                                                        upc DESCRIPTION         
Contact address: Andrzej Krankowski                         DESCRIPTION
                 Geodynamics Research Laboratory            DESCRIPTION
                 University of Warmia and Mazury (GRL/UWM)  DESCRIPTION
                 Oczapowski St. 1                           DESCRIPTION
                 10-957-Olsztyn, POLAND                     DESCRIPTION
                 e-mail:  kand@uwm.edu.pl                   DESCRIPTION
                                                            DESCRIPTION         
  2023     8    13     0     0     0                        EPOCH OF FIRST MAP  
  2023     8    14     0     0     0                        EPOCH OF LAST MAP   
  7200                                                      INTERVAL            
    13                                                      # OF MAPS IN FILE   
  COSZ                                                      MAPPING FUNCTION    
     0.0                                                    ELEVATION CUTOFF    
combined TEC calculated as weighted mean of input TEC valuesOBSERVABLES USED    
   310                                                      # OF STATIONS       
    31                                                      # OF SATELLITES     
  6371.0                                                    BASE RADIUS         
     2                                                      MAP DIMENSION       
   450.0 450.0   0.0                                        HGT1 / HGT2 / DHGT  
    87.5 -87.5  -2.5                                        LAT1 / LAT2 / DLAT  
  -180.0 180.0   5.0                                        LON1 / LON2 / DLON  
    -1                                                      EXPONENT            
TEC values in 0.1 tec units;  9999, if no value available   COMMENT             
DCB values in nanoseconds, reference is Sum_of_SatDCBs = 0  COMMENT             
                                                            END OF HEADER       
[from data line 1287]
     4                                                      START OF TEC MAP    
  2023     8    13     6     0     0                        EPOCH OF CURRENT MAP
    87.5-180.0 180.0   5.0 450.0                            LAT/LON1/LON2/DLON/H
  190  190  190  190  190  190  190  191  191  192  192  193  193  193  194  195
  195  195  195  195  195  194  193  192  192  190  190  189  188  188  188  188
  188  187  187  188  187  187  188  188  188  190  190  190  189  191  190  191
  191  192  192  192  193  193  193  193  193  193  194  194  194  195  194  194
  193  193  193  193  191  191  190  189  190
    85.0-180.0 180.0   5.0 450.0                            LAT/LON1/LON2/DLON/H
  189  188  188  187  187  188  188  189  190  191  192  194  195  196  197  198
  198  198  198  198  197  197  195  194  192  190  188  187  186  185  184  183
  183  182  181  181  182  182  183  185  185  187  188  189  191  192  194  196
  198  198  200  201  203  204  204  205  205  205  205  205  205  204  203  201
  198  196  195  194  192  190  189  189  189
    82.5-180.0 180.0   5.0 450.0                            LAT/LON1/LON2/DLON/H
  185  183  181  180  180  181  183  185  186  189  191  194  195  197  199  199
  201  201  201  202  201  199  198  195  191  189  187  183  181  180  178  177
  176  176  176  176  177  178  179  180  182  184  187  189  192  196  199  202
  205  208  211  213  217  219  222  224  225  226  226  225  224  222  219  215
  212  209  206  202  198  195  191  188  185
    80.0-180.0 180.0   5.0 450.0                            LAT/LON1/LON2/DLON/H
  181  177  174  173  172  173  175  178  182  184  186  189  192  195  198  200
  202  203  203  202  200  198  197  192  186  182  179  176  172  169  167  166
  166  166  167  169  171  174  175  179  182  185  189  192  197  202  206  211
  216  221  225  229  234  238  242  245  248  250  250  250  248  245  241  237
  232  226  220  213  207  200  193  187  181
    77.5-180.0 180.0   5.0 450.0                            LAT/LON1/LON2/DLON/H
  183  177  171  168  167  167  167  170  171  174  178  183  186  192  196  199
  201  201  202  199  198  194  188  183  178  175  169  166  163  160  159  157
  158  159  162  166  169  173  177  182  186  190  195  199  204  210  215  222
  228  235  241  246  252  258  263  269  273  276  277  278  276  274  269  263
  256  248  239  230  219  210  200  192  183
    75.0-180.0 180.0   5.0 450.0                            LAT/LON1/LON2/DLON/H
  193  184  176  170  166  163  163  163  163  166  169  173  180  186  190  191
  194  196  196  195  192  188  182  177  170  164  158  155  150  147  147  149
  152  155  158  164  169  176  182  187  193  199  204  209  214  221  228  235
  242  249  256  263  270  276  283  290  295  300  303  304  304  301  297  290
  282  272  262  250  238  226  214  202  193
    72.5-180.0 180.0   5.0 450.0                            LAT/LON1/LON2/DLON/H
  210  198  189  180  172  166  163  160  157  157  159  164  168  174  177  180
  183  185  186  187  184  179  174  168  160  155  147  143  141  140  140  144
  149  154  160  166  174  181  188  195  201  207  212  219  224  231  239  248
  256  262  269  276  284  291  298  305  312  317  321  324  325  323  318  312
  304  294  283  271  258  245  233  220  210
    70.0-180.0 180.0   5.0 450.0                            LAT/LON1/LON2/DLON/H
  228  218  207  198  188  177  170  163  157  153  151  152  155  159  162  167
  171  174  177  176  174  169  164  156  149  144  137  134  132  133  137  143
  149  157  165  172  180  188  195  202  208  213  219  225  233  239  249  258
  266  273  279  286  293  299  306  313  319  324  329  333  334  334  331  325
  319  309  298  287  275  263  251  240  228
    67.5-180.0 180.0   5.0 450.0                            LAT/LON1/LON2/DLON/H
  245  236  226  217  207  195  183  172  162  152  145  141  141  143  148  151
  157  161  164  165  163  159  153  144  138  135  129  126  127  129  135  142
  150  159  168  177  185  193  200  206  211  216  223  229  237  245  256  265
  273  280  286  292  297  302  306  311  316  321  326  329  332  333  331  327
  322  312  303  294  284  273  264  255  245
    65.0-180.0 180.0   5.0 450.0                            LAT/LON1/LON2/DLON/H
  256  249  241  233  222  211  198  183  168  153  143  134  131  129  132  136
  142  147  151  152  150  147  140  134  130  127  124  122  124  127  133  141
  150  160  170  179  187  195  200  205  211  215  222  230  239  249  260  270
  277  284  289  294  297  300  301  303  306  310  313  315  317  318  317  315
  310  303  296  289  282  275  269  262  256
    62.5-180.0 180.0   5.0 450.0                            LAT/LON1/LON2/DLON/H
  258  254  249  242  233  223  210  195  177  160  145  131  123  119  118  121
  127  133  136  136  133  131  127  123  122  120  118  119  121  125  132  141
  151  162  171  179  186  192  198  202  207  212  220  229  239  251  263  273
  282  288  292  294  295  294  294  294  294  295  295  295  296  296  294  291
  286  283  278  275  272  269  266  262  258
    60.0-180.0 180.0   5.0 450.0                            LAT/LON1/LON2/DLON/H
  254  252  249  245  238  229  217  202  184  167  151  132  120  111  107  109
  112  118  121  120  118  115  113  113  113  113  115  118  120  124  133  141
  151  161  170  177  183  188  193  198  203  210  218  228  240  253  265  277
  286  291  294  294  293  292  290  288  285  284  280  277  274  272  268  264
  260  256  255  255  257  256  256  255  254
    57.5-180.0 180.0   5.0 450.0                            LAT/LON1/LON2/DLON/H
  244  243  242  240  236  229  219  206  190  173  155  136  118  107   99   99
  102  106  107  106  105  103  103  104  107  110  114  119  123  127  134  142
  150  159  167  175  181  186  190  196  201  209  219  230  243  257  270  281
  290  295  296  298  297  295  292  289  284  279  272  266  260  254  248  241
  236  234  234  237  240  242  243  243  244
    55.0-180.0 180.0   5.0 450.0                            LAT/LON1/LON2/DLON/H
  233  233  233  233  231  225  218  206  193  176  158  137  120  106   97   94
   94   97   98   97   97   97   98  101  106  113  120  125  128  132  137  143
  150  157  166  174  181  187  192  197  205  212  222  234  248  263  276  288
  297  302  305  306  305  304  302  299  292  285  275  267  259  250  241  230
  223  220  221  225  228  230  232  233  233
    52.5-180.0 180.0   5.0 450.0                            LAT/LON1/LON2/DLON/H
  227  226  226  227  226  223  216  204  192  177  159  140  122  107   98   93
   92   94   95   96   96   98  102  106  113  123  130  135  137  139  142  145
  151  158  167  176  184  190  197  203  210  218  229  242  256  272  285  298
  305  311  315  319  320  321  319  317  310  302  291  282  271  259  246  233
  223  220  221  222  225  227  228  227  227
    50.0-180.0 180.0   5.0 450.0                            LAT/LON1/LON2/DLON/H
  228  227  227  227  226  224  218  206  193  178  158  140  124  109  100   96
   95   97   99  102  104  107  113  119  126  136  143  147  148  148  148  150
  155  161  170  179  188  197  204  211  218  227  238  249  266  281  297  309
  317  323  329  334  339  342  341  339  332  325  314  303  289  275  260  246
  235  231  230  231  231  233  232  230  228
    47.5-180.0 180.0   5.0 450.0                            LAT/LON1/LON2/DLON/H
  239  237  237  236  234  232  224  210  196  180  161  142  126  112  104  100
  101  103  107  113  117  122  129  136  145  153  158  161  160  158  156  156
  160  167  176  186  195  204  212  220  228  237  247  260  276  293  307  321
  331  339  346  353  359  362  363  361  355  346  335  322  309  294  278  265
  254  250  248  247  246  245  244  242  239
    45.0-180.0 180.0   5.0 450.0                            LAT/LON1/LON2/DLON/H
  256  255  255  253  251  246  235  218  202  185  165  145  129  118  111  107
  108  112  118  126  133  140  149  156  163  170  174  175  173  170  166  166
  168  175  182  191  202  212  220  229  237  246  257  270  287  304  322  337
  349  357  363  371  376  380  381  379  373  363  351  337  325  310  296  284
  276  272  269  268  265  263  261  260  256
    42.5-180.0 180.0   5.0 450.0                            LAT/LON1/LON2/DLON/H
  279  278  277  276  271  263  247  228  211  191  171  152  137  126  120  117
  118  123  130  140  150  159  169  175  180  186  189  189  186  182  177  175
  178  183  189  198  209  219  229  238  247  257  268  281  298  318  339  356
  367  378  383  388  393  394  396  393  387  375  362  348  337  323  311  301
  295  293  291  289  288  284  283  282  279
    40.0-180.0 180.0   5.0 450.0                            LAT/LON1/LON2/DLON/H
  306  302  301  297  291  281  264  242  222  200  178  160  147  137  132  129
  131  136  143  155  166  177  187  194  199  203  204  202  200  193  188  186
  186  189  196  205  215  226  237  246  257  266  278  292  310  332  354  375
  388  398  402  405  407  408  409  406  399  388  374  358  349  338  328  320
  315  312  312  311  309  307  309  308  306
    37.5-180.0 180.0   5.0 450.0                            LAT/LON1/LON2/DLON/H
  333  328  324  317  308  296  278  255  232  209  187  171  159  151  146  144
  144  149  156  169  182  194  205  212  218  220  218  216  212  205  198  195
  194  195  200  210  221  232  244  255  266  276  287  303  321  343  367  390
  406  415  418  419  421  423  424  423  419  410  395  377  369  360  352  346
  338  336  336  334  334  331  335  334  333
    35.0-180.0 180.0   5.0 450.0                            LAT/LON1/LON2/DLON/H
  360  354  347  335  321  305  286  265  241  217  199  184  175  168  163  159
  158  165  171  183  197  211  224  231  238  238  233  228  222  215  208  201
  199  199  204  214  226  239  251  264  275  286  297  311  329  350  377  401
  417  426  429  430  434  440  445  450  449  444  431  415  407  399  390  383
  374  368  369  364  363  360  361  363  360
    32.5-180.0 180.0   5.0 450.0                            LAT/LON1/LON2/DLON/H
  392  386  372  354  334  312  292  271  249  227  209  197  190  185  181  175
  171  174  180  194  213  229  243  253  259  255  248  240  233  223  213  204
  200  199  204  216  230  245  259  272  284  294  305  317  333  354  382  405
  420  430  434  439  450  462  476  491  498  499  492  481  474  462  449  440
  426  417  413  405  402  397  397  399  392
    30.0-180.0 180.0   5.0 450.0                            LAT/LON1/LON2/DLON/H
  435  421  402  378  350  323  299  277  257  237  220  208  203  201  196  190
  185  182  188  207  227  247  265  275  279  274  264  254  244  229  215  203
  196  194  200  215  234  249  264  278  289  300  310  320  335  356  381  403
  419  430  441  453  471  494  520  549  566  578  577  572  564  551  532  519
  498  481  468  456  453  446  443  442  435
    27.5-180.0 180.0   5.0 450.0                            LAT/LON1/LON2/DLON/H
  485  469  445  415  377  342  314  290  268  249  230  219  215  213  208  203
  197  195  200  222  243  264  282  292  295  289  277  263  248  228  212  197
  186  183  190  207  232  253  268  280  292  303  313  322  337  356  378  401
  418  435  451  471  497  532  569  611  646  669  679  680  673  661  633  613
  583  558  534  524  518  507  501  496  485
    25.0-180.0 180.0   5.0 450.0                            LAT/LON1/LON2/DLON/H
  544  528  505  467  422  377  342  316  291  268  248  232  226  223  217  211
  207  207  212  237  261  281  294  302  303  297  282  263  243  221  202  185
  172  167  175  195  225  252  269  282  293  305  315  326  339  356  380  400
  420  442  464  491  525  569  616  676  724  759  781  786  782  757  733  714
  673  643  615  602  585  575  570  558  544
    22.5-180.0 180.0   5.0 450.0                            LAT/LON1/LON2/DLON/H
  605  593  573  535  481  427  384  352  323  295  269  248  237  232  226  219
  214  218  223  251  273  294  307  310  309  296  278  253  231  207  185  166
  153  147  156  180  214  244  266  281  293  306  317  331  341  359  382  404
  426  452  479  511  551  603  658  721  776  820  852  857  854  841  818  788
  750  722  697  683  661  646  631  621  605
    20.0-180.0 180.0   5.0 450.0                            LAT/LON1/LON2/DLON/H
  656  649  641  605  548  487  437  397  362  329  297  268  252  242  235  228
  222  228  232  260  280  299  312  311  305  287  264  237  213  186  163  146
  133  130  137  164  199  231  256  277  291  305  319  333  348  365  387  410
  436  466  495  530  571  621  673  725  776  817  850  860  859  848  839  812
  791  776  761  748  726  704  686  667  656
    17.5-180.0 180.0   5.0 450.0                            LAT/LON1/LON2/DLON/H
  693  696  692  665  607  541  490  446  405  365  329  293  271  256  248  241
  236  237  240  262  279  294  302  299  291  270  242  213  187  161  141  126
  114  112  121  144  182  217  247  269  288  303  319  336  354  373  395  422
  452  487  519  549  585  625  660  696  735  767  794  811  812  807  805  801
  790  791  787  778  761  736  718  700  693
    15.0-180.0 180.0   5.0 450.0                            LAT/LON1/LON2/DLON/H
  699  712  722  701  644  580  527  486  445  402  359  321  294  277  267  260
  253  254  252  263  270  280  284  279  269  247  216  185  158  137  121  108
   98   96  104  127  164  203  236  264  286  302  321  340  360  381  408  439
  474  509  541  566  592  615  636  657  681  704  725  744  753  757  764  772
  771  776  771  770  759  735  717  703  699
    12.5-180.0 180.0   5.0 450.0                            LAT/LON1/LON2/DLON/H
  675  694  712  696  645  588  543  508  470  429  385  346  319  301  291  282
  275  269  263  261  257  260  262  255  242  217  185  155  130  114  103   93
   85   80   89  113  150  192  227  259  285  304  323  343  364  389  420  454
  495  528  556  579  596  607  615  620  627  639  656  679  699  715  729  740
  750  754  749  748  731  709  689  670  675
    10.0-180.0 180.0   5.0 450.0                            LAT/LON1/LON2/DLON/H
  630  648  661  641  601  556  525  502  472  438  400  365  341  327  316  307
  298  287  274  258  245  239  237  229  214  187  155  127  106   96   89   83
   76   73   81  103  140  183  222  257  285  306  325  345  366  392  425  465
  504  539  567  588  600  605  603  597  593  596  609  635  663  687  709  724
  735  739  732  723  703  678  651  630  630
     7.5-180.0 180.0   5.0 450.0                            LAT/LON1/LON2/DLON/H
  590  593  591  565  521  488  472  463  449  428  399  373  356  348  340  331
  320  302  284  257  236  224  217  207  190  162  131  107   93   84   81   77
   74   72   78   98  131  173  216  254  283  305  323  341  363  390  425  467
  510  545  575  596  609  614  610  601  589  586  595  619  650  681  707  723
  732  735  726  709  686  656  627  602  590
     5.0-180.0 180.0   5.0 450.0                            LAT/LON1/LON2/DLON/H
  573  555  531  490  438  406  402  403  404  398  383  368  361  360  357  349
  336  316  293  259  231  216  207  194  173  145  118   96   83   78   77   76
   76   76   79   94  124  166  207  246  279  299  316  333  355  382  418  462
  505  542  577  603  619  631  634  628  614  604  606  627  661  695  721  734
  738  739  731  712  687  659  629  598  573
     2.5-180.0 180.0   5.0 450.0                            LAT/LON1/LON2/DLON/H
  590  552  502  436  371  337  336  348  354  359  356  354  357  363  365  359
  345  322  297  260  230  214  202  187  163  138  114   93   82   79   78   79
   80   80   81   93  120  157  200  239  270  289  306  322  342  369  402  448
  490  530  573  605  631  653  665  666  655  644  641  660  694  726  747  754
  751  748  740  723  702  679  650  620  590
