DORISInput/IGSGIM/2023/IGS0OPSFIN_20232240000_01D_02H_GIM.INX
     1.0            IONOSPHERE MAPS     MIX                 IONEX VERSION / TYPE
cmpcmb v1.2          GRL/UWM            28-aug-23 16:36     PGM / RUN BY / DATE 
ionex file containing IGS COMBINED Ionosphere maps          COMMENT             
global ionosphere maps for day 224, 2023                    DESCRIPTION         
IONEX file containing the COMBINED IGS TEC MAPS and DCBs    DESCRIPTION         
      IONEX files of the following IAACs were combined: cod DESCRIPTION         
                                                        jpl DESCRIPTION         
                                                        upc DESCRIPTION         
Contact address: Andrzej Krankowski                         DESCRIPTION
                 Geodynamics Research Laboratory            DESCRIPTION
                 University of Warmia and Mazury (GRL/UWM)  DESCRIPTION
                 Oczapowski St. 1                           DESCRIPTION
                 10-957-Olsztyn, POLAND                     DESCRIPTION
                 e-mail:  kand@uwm.edu.pl                   DESCRIPTION
                                                            DESCRIPTION         
  2023     8    12     0     0     0                        EPOCH OF FIRST MAP  
  2023     8    13     0     0     0                        EPOCH OF LAST MAP   
  7200                                                      INTERVAL            
    13                                                      # OF MAPS IN FILE   
  COSZ                                                      MAPPING FUNCTION    
     0.0                                                    ELEVATION CUTOFF    
combined TEC calculated as weighted mean of input TEC valuesOBSERVABLES USED    
   302                                                      # OF STATIONS       
    31                                                      # OF SATELLITES     
  6371.0                                                    BASE RADIUS         
     2                                                      MAP DIMENSION       
   450.0 450.0   0.0                                        HGT1 / HGT2 / DHGT  
    87.5 -87.5  -2.5                                        LAT1 / LAT2 / DLAT  
  -180.0 180.0   5.0                                        LON1 / LON2 / DLON  
    -1                                                      EXPONENT            
TEC values in 0.1 tec units;  9999, if no value available   COMMENT             
DCB values in nanoseconds, reference is Sum_of_SatDCBs = 0  COMMENT             
                                                            END OF HEADER       
[from data line 5148]
    13                                                      START OF TEC MAP    
  2023     8    13     0     0     0                        EPOCH OF CURRENT MAP
    87.5-180.0 180.0   5.0 450.0                            LAT/LON1/LON2/DLON/H
  194  194  194  195  194  194  195  195  195  194  195  196  196  196  197  197
  197  197  198  197  198  200  200  200  199  199  198  197  196  194  194  194
  193  192  190  191  190  190  190  189  190  189  189  190  190  189  191  191
  191  192  192  192  192  193  193  194  194  194  194  195  194  194  194  194
  194  194  194  194  194  193  194  194  194
    85.0-180.0 180.0   5.0 450.0                            LAT/LON1/LON2/DLON/H
  196  196  195  195  195  194  193  193  194  193  193  193  195  194  196  197
  198  200  202  206  207  206  205  203  200  196  192  189  187  185  185  184
  185  186  186  186  185  186  187  187  187  186  185  185  184  183  183  181
  182  182  184  185  185  187  188  190  192  193  194  194  195  196  196  196
  197  197  197  197  197  197  197  197  196
    82.5-180.0 180.0   5.0 450.0                            LAT/LON1/LON2/DLON/H
  200  200  199  201  201  203  204  204  205  206  207  207  208  209  209  208
  208  207  208  211  212  215  212  207  199  195  189  188  186  185  185  183
  182  179  178  175  174  173  173  175  176  178  178  179  180  179  179  179
  179  179  180  181  183  186  188  190  192  194  197  199  200  201  202  203
  203  204  204  204  204  204  203  201  200
    80.0-180.0 180.0   5.0 450.0                            LAT/LON1/LON2/DLON/H
  211  211  213  213  215  213  215  219  222  224  224  222  221  218  214  213
  210  208  207  206  205  208  214  208  206  203  199  197  193  190  189  190
  192  190  188  183  182  174  171  170  171  172  173  175  176  178  178  179
  180  181  183  184  187  189  192  194  197  200  203  206  208  211  212  213
  215  216  216  215  215  214  212  211  211
    77.5-180.0 180.0   5.0 450.0                            LAT/LON1/LON2/DLON/H
  223  223  223  224  225  228  230  231  233  232  231  230  226  222  221  220
  222  219  210  213  218  211  210  197  203  204  201  197  196  195  192  187
  186  186  189  190  189  186  181  175  173  174  174  176  177  178  179  181
  182  184  186  189  191  194  197  200  203  207  211  215  218  221  224  226
  229  231  230  231  230  227  225  224  223
    75.0-180.0 180.0   5.0 450.0                            LAT/LON1/LON2/DLON/H
  236  234  232  232  233  235  238  240  242  243  244  243  240  236  230  221
  219  220  219  213  209  210  207  203  196  195  195  196  198  195  195  193
  190  187  187  190  189  189  186  182  179  178  178  179  180  180  181  183
  184  186  189  192  194  197  200  204  209  213  218  223  228  232  236  240
  244  248  249  248  246  244  242  239  236
    72.5-180.0 180.0   5.0 450.0                            LAT/LON1/LON2/DLON/H
  254  249  245  242  241  241  243  247  251  253  253  252  249  242  236  234
  231  226  215  211  208  206  203  205  199  196  194  194  194  196  194  193
  192  188  189  190  189  189  187  185  183  181  181  181  180  180  182  183
  185  187  190  192  195  198  202  206  211  217  223  229  236  242  247  253
  259  263  266  265  265  264  263  258  254
    70.0-180.0 180.0   5.0 450.0                            LAT/LON1/LON2/DLON/H
  274  269  262  256  253  251  251  254  257  260  261  261  256  249  245  240
  235  226  219  215  211  208  206  205  200  200  197  195  193  193  192  190
  189  189  187  187  186  185  183  181  181  179  177  176  176  177  179  181
  183  185  188  192  194  197  201  206  212  219  226  234  243  250  257  264
  270  274  279  283  284  286  283  280  274
    67.5-180.0 180.0   5.0 450.0                            LAT/LON1/LON2/DLON/H
  295  289  281  274  268  263  261  261  263  266  268  268  265  260  252  247
  240  231  226  223  217  215  212  207  202  200  199  195  192  188  186  185
  182  183  182  181  179  179  174  174  172  170  168  167  168  170  172  175
  178  181  184  187  191  194  199  204  211  219  228  236  247  255  263  270
  277  283  288  295  303  303  303  300  295
    65.0-180.0 180.0   5.0 450.0                            LAT/LON1/LON2/DLON/H
  312  307  298  289  281  276  271  268  268  270  271  273  272  268  262  256
  249  241  237  234  229  225  221  215  210  204  200  195  191  186  181  179
  177  175  176  176  173  171  165  162  160  158  157  156  157  160  162  166
  169  173  176  181  185  189  194  201  208  218  228  238  249  258  266  273
  278  284  295  307  313  316  316  316  312
    62.5-180.0 180.0   5.0 450.0                            LAT/LON1/LON2/DLON/H
  324  319  310  301  292  284  278  274  273  272  273  273  273  272  268  265
  259  254  251  248  244  239  234  230  220  214  207  200  193  186  180  177
  175  173  173  170  167  161  152  148  144  144  143  142  143  146  149  152
  156  160  166  172  177  184  190  198  206  217  229  240  251  259  266  272
  275  279  289  303  314  319  323  324  324
    60.0-180.0 180.0   5.0 450.0                            LAT/LON1/LON2/DLON/H
  333  327  320  309  299  290  283  277  275  273  271  271  270  270  269  270
  266  265  264  262  260  255  250  246  235  228  218  211  201  192  183  178
  175  172  170  164  160  149  141  132  129  131  130  128  130  131  132  135
  140  146  154  161  170  178  187  195  206  219  231  245  254  263  267  272
  275  275  282  295  307  317  325  329  333
    57.5-180.0 180.0   5.0 450.0                            LAT/LON1/LON2/DLON/H
  338  332  323  314  304  294  286  280  275  271  269  267  266  265  266  267
  268  269  270  272  272  268  264  260  250  243  234  226  217  205  193  187
  181  175  168  159  153  142  132  124  121  120  120  118  117  117  118  121
  124  132  142  152  164  174  186  197  210  225  238  251  260  268  271  274
  275  272  278  286  300  314  323  332  338
    55.0-180.0 180.0   5.0 450.0                            LAT/LON1/LON2/DLON/H
  338  333  325  315  306  298  290  283  276  270  265  261  260  259  260  262
  265  268  272  276  277  276  274  270  263  256  248  239  230  217  206  198
  189  180  171  158  150  139  129  123  121  119  116  113  112  109  109  109
  113  122  133  146  161  174  189  203  219  235  247  260  269  276  279  280
  276  273  274  280  293  307  320  331  338
    52.5-180.0 180.0   5.0 450.0                            LAT/LON1/LON2/DLON/H
  341  338  326  317  312  302  295  287  278  268  261  257  254  254  254  257
  260  264  269  274  278  279  279  277  272  266  261  253  241  231  219  209
  198  186  174  161  152  139  130  125  124  123  121  117  113  108  105  105
  109  116  129  145  161  179  197  212  229  246  259  271  279  287  292  290
  284  278  277  284  293  306  321  331  341
    50.0-180.0 180.0   5.0 450.0                            LAT/LON1/LON2/DLON/H
  348  348  333  324  320  311  303  293  281  269  260  253  250  249  250  252
  256  260  265  271  277  282  284  284  281  275  271  264  250  240  230  217
  203  190  178  164  155  142  134  130  130  129  127  123  117  110  107  107
  110  119  134  149  168  189  206  224  241  257  272  283  290  296  302  300
  294  291  290  294  304  314  330  340  348
    47.5-180.0 180.0   5.0 450.0                            LAT/LON1/LON2/DLON/H
  366  364  344  337  335  327  317  304  290  275  263  254  249  248  248  250
  252  257  263  270  279  286  291  293  289  282  278  271  260  247  236  222
  206  192  181  169  160  148  141  137  136  136  134  130  123  117  116  116
  118  129  142  158  179  201  220  239  257  273  288  297  306  310  312  312
  309  310  312  316  324  336  348  358  366
    45.0-180.0 180.0   5.0 450.0                            LAT/LON1/LON2/DLON/H
  391  389  373  364  356  350  337  322  303  286  270  260  255  252  252  252
  253  257  263  273  284  294  301  302  297  287  282  274  263  250  235  221
  207  195  185  176  169  157  150  145  144  144  141  137  132  129  128  128
  131  140  152  168  190  213  233  254  274  292  306  317  327  331  333  335
  332  338  344  346  355  363  375  383  391
    42.5-180.0 180.0   5.0 450.0                            LAT/LON1/LON2/DLON/H
  420  421  408  401  391  384  367  347  324  304  284  272  266  263  262  260
  259  262  268  280  293  306  312  310  302  291  283  275  262  249  235  220
  208  198  192  186  181  170  161  155  153  152  151  147  146  144  143  143
  145  150  160  177  201  221  243  267  290  309  324  336  348  355  361  367
  370  373  381  385  390  395  406  414  420
    40.0-180.0 180.0   5.0 450.0                            LAT/LON1/LON2/DLON/H
  450  451  446  438  437  424  405  381  354  328  306  291  283  281  279  276
  272  273  280  292  307  320  323  319  309  296  283  274  262  248  234  221
  211  204  204  202  200  189  177  168  165  164  162  162  163  162  161  160
  159  161  169  187  207  227  249  275  301  322  339  351  362  373  383  395
  403  410  419  422  429  432  439  444  450
    37.5-180.0 180.0   5.0 450.0                            LAT/LON1/LON2/DLON/H
  482  487  487  483  475  461  447  421  388  356  335  318  310  305  301  297
  291  290  298  309  323  335  336  328  315  299  284  274  262  248  234  224
  217  217  220  223  224  213  198  186  181  179  178  180  181  180  178  175
  171  170  178  193  209  228  252  280  307  329  348  360  371  382  396  413
  429  443  454  457  463  467  472  476  482
    35.0-180.0 180.0   5.0 450.0                            LAT/LON1/LON2/DLON/H
  516  527  530  527  518  502  486  461  429  393  369  349  341  334  330  323
  314  313  319  328  339  348  347  337  319  302  288  275  265  251  240  231
  227  231  240  250  254  241  223  210  202  200  199  200  200  197  192  186
  179  176  182  191  206  229  254  283  310  331  349  361  373  386  402  423
  445  466  480  486  493  496  501  509  516
    32.5-180.0 180.0   5.0 450.0                            LAT/LON1/LON2/DLON/H
  558  568  573  568  557  544  523  498  466  434  406  384  375  369  362  353
  342  339  341  349  355  360  356  343  323  304  291  281  272  259  250  242
  240  248  261  275  281  268  250  236  225  222  221  219  217  212  203  194
  185  180  180  187  203  227  253  281  308  329  346  357  368  381  398  423
  450  476  495  506  517  523  532  546  558
    30.0-180.0 180.0   5.0 450.0                            LAT/LON1/LON2/DLON/H
  599  609  613  605  592  575  557  532  502  472  445  424  413  406  396  385
  371  368  365  370  369  368  360  344  323  306  296  291  282  270  261  255
  256  267  281  293  302  290  272  257  247  242  239  236  233  225  213  201
  189  180  177  184  200  223  249  276  300  323  339  349  357  369  387  413
  443  474  500  519  534  547  563  582  599
    27.5-180.0 180.0   5.0 450.0                            LAT/LON1/LON2/DLON/H
  631  644  646  638  626  608  585  567  540  511  489  467  450  441  430  417
  401  392  387  387  379  373  361  343  325  310  303  302  292  280  274  271
  277  280  290  307  317  303  290  273  262  256  252  249  245  236  222  206
  191  179  174  179  194  216  243  268  289  310  327  337  344  355  374  398
  431  466  497  523  546  567  591  613  631
    25.0-180.0 180.0   5.0 450.0                            LAT/LON1/LON2/DLON/H
  655  668  673  666  654  637  614  598  576  552  530  510  491  475  461  446
  426  412  402  396  386  374  359  345  332  323  317  317  306  289  287  293
  301  287  285  297  309  304  296  278  269  262  257  255  253  242  227  209
  192  177  169  172  186  209  234  256  276  296  313  323  333  346  363  386
  417  456  493  522  552  581  610  636  655
    22.5-180.0 180.0   5.0 450.0                            LAT/LON1/LON2/DLON/H
  670  684  690  685  674  659  640  625  607  588  568  550  532  510  490  470
  447  427  414  403  391  374  358  352  349  344  340  351  338  299  287  303
  314  278  260  270  281  285  281  268  262  256  254  254  252  244  228  210
  189  171  161  164  178  199  223  245  264  283  300  315  330  345  360  381
  413  452  491  524  556  588  621  649  670
    20.0-180.0 180.0   5.0 450.0                            LAT/LON1/LON2/DLON/H
  675  690  697  695  687  671  657  647  634  619  601  580  559  539  519  494
  465  440  424  411  396  374  357  363  369  369  370  399  386  317  268  270
  284  244  228  236  246  255  253  248  245  243  243  245  244  237  224  206
  184  165  154  155  167  184  207  229  253  273  295  317  337  354  370  389
  420  460  496  529  560  592  625  652  675
    17.5-180.0 180.0   5.0 450.0                            LAT/LON1/LON2/DLON/H
  672  687  696  696  690  680  670  664  656  644  627  606  582  561  540  514
  480  451  432  418  400  378  360  370  382  380  382  393  383  320  243  227
  224  214  199  215  222  230  226  224  223  224  224  226  227  223  211  195
  175  158  148  145  154  169  191  216  245  270  300  329  352  371  389  409
  437  471  504  536  565  593  622  650  672
    15.0-180.0 180.0   5.0 450.0                            LAT/LON1/LON2/DLON/H
  662  678  689  693  690  685  679  678  677  669  654  632  603  579  555  527
  495  463  441  424  404  381  361  363  367  359  349  329  316  271  210  186
  182  179  179  199  202  210  202  198  199  200  198  200  203  202  192  180
  164  150  141  135  140  155  178  207  240  272  309  343  368  390  412  432
  458  487  516  544  568  592  615  642  662
    12.5-180.0 180.0   5.0 450.0                            LAT/LON1/LON2/DLON/H
  649  666  680  688  689  687  686  689  694  692  680  658  626  600  571  543
  512  481  455  434  409  382  356  339  326  300  287  258  243  213  179  167
  164  162  169  185  184  194  182  175  171  171  168  174  179  180  176  168
  155  142  133  127  126  142  165  200  237  273  315  355  386  413  438  461
  483  509  532  554  574  591  610  630  649
    10.0-180.0 180.0   5.0 450.0                            LAT/LON1/LON2/DLON/H
  641  659  676  686  690  689  690  695  705  710  699  677  647  617  590  565
  534  505  477  450  417  382  345  311  281  251  227  204  188  171  157  161
  166  168  178  187  184  185  172  162  153  149  147  154  159  162  162  157
  147  136  124  114  113  128  156  194  235  275  317  362  400  436  464  489
  511  534  554  573  584  596  608  624  641
     7.5-180.0 180.0   5.0 450.0                            LAT/LON1/LON2/DLON/H
  647  664  680  692  694  693  693  697  707  715  704  679  650  631  607  588
  561  533  502  469  427  381  332  284  245  217  192  168  153  146  150  168
  184  195  200  201  198  190  181  167  152  143  138  144  148  150  150  148
  141  129  112   99  100  119  149  188  233  273  315  361  406  449  483  512
  537  561  580  597  605  611  616  629  647
     5.0-180.0 180.0   5.0 450.0                            LAT/LON1/LON2/DLON/H
  669  684  697  705  705  700  696  698  703  706  698  676  651  637  627  608
  586  559  525  484  435  377  316  262  219  195  177  155  143  145  161  189
  214  221  223  225  225  213  209  188  166  148  142  143  142  143  142  140
  133  118  103   91   93  112  143  182  226  267  308  353  402  449  490  523
  556  582  601  622  633  639  642  652  669
     2.5-180.0 180.0   5.0 450.0                            LAT/LON1/LON2/DLON/H
  709  719  726  727  723  712  702  697  695  696  689  670  653  644  640  627
  602  575  541  497  441  372  305  248  202  181  176  167  162  174  190  223
  244  248  252  245  251  245  242  218  186  159  150  146  142  139  136  132
  123  108   97   88   89  107  137  174  217  256  296  341  392  441  483  521
  562  593  617  641  661  675  680  692  709
