DORISInput/IGSGIM/2023/IGS0OPSFIN_20232210000_01D_02H_GIM.INX
     1.0            IONOSPHERE MAPS     MIX                 IONEX VERSION / TYPE
cmpcmb v1.2          GRL/UWM            28-aug-23 16:21     PGM / RUN BY / DATE 
ionex file containing IGS COMBINED Ionosphere maps          COMMENT             
global ionosphere maps for day 221, 2023                    DESCRIPTION         
IONEX file containing the COMBINED IGS TEC MAPS and DCBs    DESCRIPTION         
      IONEX files of the following IAACs were combined: cod DESCRIPTION         
                                                        jpl DESCRIPTION         
                                                        upc DESCRIPTION         
Contact address: Andrzej Krankowski                         DESCRIPTION
                 Geodynamics Research Laboratory            DESCRIPTION
                 University of Warmia and Mazury (GRL/UWM)  DESCRIPTION
                 Oczapowski St. 1                           DESCRIPTION
                 10-957-Olsztyn, POLAND                     DESCRIPTION
                 e-mail:  kand@uwm.edu.pl                   DESCRIPTION
                                                            DESCRIPTION         
  2023     8     9     0     0     0                        EPOCH OF FIRST MAP  
  2023     8    10     0     0     0                        EPOCH OF LAST MAP   
  7200                                                      INTERVAL            
    13                                                      # OF MAPS IN FILE   
  COSZ                                                      MAPPING FUNCTION    
     0.0                                                    ELEVATION CUTOFF    
combined TEC calculated as weighted mean of input TEC valuesOBSERVABLES USED    
   316                                                      # OF STATIONS       
    31                                                      # OF SATELLITES     
  6371.0                                                    BASE RADIUS         
     2                                                      MAP DIMENSION       
   450.0 450.0   0.0                                        HGT1 / HGT2 / DHGT  
    87.5 -87.5  -2.5                                        LAT1 / LAT2 / DLAT  
  -180.0 180.0   5.0                                        LON1 / LON2 / DLON  
    -1                                                      EXPONENT            
TEC values in 0.1 tec units;  9999, if no value available   COMMENT             
DCB values in nanoseconds, reference is Sum_of_SatDCBs = 0  COMMENT             
                                                            END OF HEADER       
[from data line 858]
     3                                                      START OF TEC MAP    
  2023     8     9     4     0     0                        EPOCH OF CURRENT MAP
    87.5-180.0 180.0   5.0 450.0                            LAT/LON1/LON2/DLON/H
  166  166  166  166  166  166  166  166  166  167  167  167  167  168  168  169
  169  169  169  169  170  170  170  169  169  169  169  169  168  167  167  166
  166  166  165  165  164  164  164  164  164  165  165  165  165  165  167  167
  167  168  168  169  170  169  170  170  169  170  170  170  170  170  170  170
  169  169  169  168  168  168  168  167  166
    85.0-180.0 180.0   5.0 450.0                            LAT/LON1/LON2/DLON/H
  169  168  167  167  166  167  167  168  169  170  171  172  173  174  175  176
  176  176  177  176  176  176  176  176  175  174  172  170  169  168  167  166
  165  164  163  162  162  161  161  161  161  161  162  162  163  164  164  165
  167  169  170  172  174  176  177  177  178  179  179  179  180  180  179  178
  178  177  176  175  174  172  171  170  169
    82.5-180.0 180.0   5.0 450.0                            LAT/LON1/LON2/DLON/H
  173  171  168  168  166  166  167  167  168  170  171  173  175  177  179  182
  183  184  183  183  184  183  181  179  177  176  174  172  169  166  164  160
  158  155  153  151  151  150  151  152  153  155  156  158  161  163  165  167
  168  171  174  176  179  182  185  187  189  191  192  193  194  195  194  194
  193  191  189  186  184  182  179  175  173
    80.0-180.0 180.0   5.0 450.0                            LAT/LON1/LON2/DLON/H
  182  178  175  172  169  167  167  167  168  169  171  172  175  177  180  182
  183  185  186  186  185  185  182  179  176  173  168  164  159  154  151  149
  147  145  143  144  143  143  144  146  148  151  155  157  160  163  167  170
  173  177  180  183  188  191  195  199  202  206  208  210  212  213  213  213
  212  210  207  204  200  196  190  186  182
    77.5-180.0 180.0   5.0 450.0                            LAT/LON1/LON2/DLON/H
  195  190  184  179  174  171  170  167  166  166  168  169  171  174  177  179
  181  183  184  184  183  184  180  175  170  165  160  155  150  144  140  137
  135  133  134  134  135  136  139  142  146  150  154  159  163  168  172  177
  180  186  189  193  198  203  208  212  217  221  225  228  230  232  232  233
  232  230  227  223  219  213  208  202  195
    75.0-180.0 180.0   5.0 450.0                            LAT/LON1/LON2/DLON/H
  212  203  197  190  186  179  174  169  166  164  164  164  166  167  170  173
  174  175  175  177  176  176  171  165  161  155  148  139  134  128  123  121
  121  122  123  126  130  134  138  142  148  152  158  164  169  175  179  184
  189  194  199  203  208  213  219  224  229  234  238  241  244  247  249  250
  250  249  246  243  239  232  226  219  212
    72.5-180.0 180.0   5.0 450.0                            LAT/LON1/LON2/DLON/H
  227  219  211  204  196  187  180  172  168  166  163  162  161  162  163  164
  164  165  165  164  164  161  159  153  149  138  130  126  118  113  109  108
  108  111  116  120  125  132  139  145  152  157  163  169  175  181  186  191
  196  201  205  211  215  220  225  231  237  241  246  250  253  256  259  261
  262  262  261  258  254  248  242  235  227
    70.0-180.0 180.0   5.0 450.0                            LAT/LON1/LON2/DLON/H
  239  230  222  213  204  195  187  180  174  169  164  160  158  157  155  154
  154  153  152  150  148  145  144  138  134  122  115  110  105  101   99   98
  101  106  111  118  124  132  140  146  154  161  167  174  180  185  191  196
  201  206  211  216  220  225  229  234  238  243  247  251  255  259  262  264
  266  266  267  266  263  259  253  247  239
    67.5-180.0 180.0   5.0 450.0                            LAT/LON1/LON2/DLON/H
  247  238  229  220  211  202  195  187  181  174  168  162  157  153  150  148
  144  142  139  137  133  131  129  125  121  111  104  100   96   94   93   95
   97  103  110  117  124  132  140  146  153  160  167  174  181  187  194  200
  205  211  215  219  222  226  230  233  237  240  243  246  250  253  256  259
  261  262  264  265  264  262  258  253  247
    65.0-180.0 180.0   5.0 450.0                            LAT/LON1/LON2/DLON/H
  248  240  232  224  216  208  202  195  188  182  175  166  158  152  149  143
  139  136  130  128  125  123  119  115  112  106   99   96   93   92   91   93
   97  102  108  116  123  130  136  143  149  156  164  173  181  189  196  203
  209  213  219  221  224  226  228  230  232  233  235  237  239  242  244  247
  248  250  254  257  258  259  257  255  248
    62.5-180.0 180.0   5.0 450.0                            LAT/LON1/LON2/DLON/H
  245  238  230  224  217  211  205  200  194  189  183  174  164  157  150  143
  137  131  127  123  121  118  114  111  109  105  100   97   94   92   92   94
   96  101  106  113  119  125  130  137  144  152  161  171  180  189  197  206
  212  218  221  223  225  226  227  227  227  226  226  227  228  230  230  232
  233  235  239  243  247  249  251  249  245
    60.0-180.0 180.0   5.0 450.0                            LAT/LON1/LON2/DLON/H
  237  231  226  220  215  210  205  201  197  193  189  182  172  163  156  148
  140  134  128  123  120  116  113  112  111  108  104  101   96   94   92   92
   94   97  101  106  112  118  124  130  138  148  158  169  179  189  198  208
  216  221  225  227  228  229  227  226  224  222  221  221  221  221  220  219
  220  221  225  229  233  238  241  241  237
    57.5-180.0 180.0   5.0 450.0                            LAT/LON1/LON2/DLON/H
  228  224  220  215  210  207  203  201  198  196  192  187  180  173  166  157
  149  141  134  127  123  119  117  116  115  113  109  105   99   95   92   90
   91   94   97  101  105  112  118  126  135  147  158  169  180  190  201  211
  219  226  231  233  234  234  232  229  225  223  221  220  220  219  216  214
  212  213  216  218  222  225  228  229  228
    55.0-180.0 180.0   5.0 450.0                            LAT/LON1/LON2/DLON/H
  221  218  215  212  207  204  201  198  197  196  193  190  186  181  176  169
  160  150  141  134  128  125  123  121  120  117  114  109  103   98   94   90
   91   92   93   97  102  108  114  124  135  147  160  171  182  194  206  216
  226  234  238  242  243  242  240  236  233  231  229  227  226  224  221  217
  214  214  214  215  217  219  221  221  221
    52.5-180.0 180.0   5.0 450.0                            LAT/LON1/LON2/DLON/H
  221  219  217  214  210  205  201  198  197  196  194  191  189  186  183  177
  169  160  151  142  135  131  129  127  127  124  122  116  110  103   98   94
   93   93   93   96  100  106  114  125  138  152  164  176  187  199  209  222
  234  243  249  254  254  255  252  249  245  243  241  239  238  236  233  230
  225  223  221  220  220  220  220  220  221
    50.0-180.0 180.0   5.0 450.0                            LAT/LON1/LON2/DLON/H
  229  229  226  223  219  213  206  201  199  198  195  193  190  188  185  180
  172  165  155  149  142  139  137  135  135  133  130  126  118  112  105  101
   98   98   98   99  103  108  117  128  142  157  170  183  194  203  216  230
  243  255  264  268  270  271  268  265  260  258  256  255  254  252  249  246
  242  238  235  232  231  230  230  229  229
    47.5-180.0 180.0   5.0 450.0                            LAT/LON1/LON2/DLON/H
  248  248  245  241  234  225  217  211  206  202  199  195  191  188  185  178
  171  164  157  152  148  146  146  145  146  144  141  137  130  123  116  111
  106  105  104  105  108  114  123  134  149  164  178  188  200  212  225  242
  256  270  280  285  289  291  288  285  279  275  272  271  269  268  264  262
  260  256  253  250  249  247  247  247  248
    45.0-180.0 180.0   5.0 450.0                            LAT/LON1/LON2/DLON/H
  273  274  271  264  254  245  234  225  217  212  205  199  194  188  181  174
  167  161  156  154  153  153  154  155  155  154  152  150  144  136  129  123
  118  116  114  115  116  122  130  142  155  170  183  195  208  221  237  255
  272  288  299  306  311  312  310  306  299  293  287  284  281  279  276  277
  277  275  274  272  271  268  270  273  273
    42.5-180.0 180.0   5.0 450.0                            LAT/LON1/LON2/DLON/H
  302  301  298  291  282  270  257  244  235  225  215  207  197  188  178  169
  161  156  154  155  156  159  161  162  163  162  163  162  159  152  145  138
  133  129  124  123  126  130  137  148  161  176  190  203  217  231  251  272
  292  310  320  327  332  332  330  327  319  309  301  294  289  286  284  288
  290  292  295  295  294  293  297  300  302
    40.0-180.0 180.0   5.0 450.0                            LAT/LON1/LON2/DLON/H
  329  330  326  317  308  298  283  266  253  241  228  216  203  190  177  165
  157  153  153  156  160  164  166  169  170  171  173  175  173  169  161  153
  148  140  136  134  136  139  145  155  167  182  197  211  226  245  268  293
  315  333  342  349  353  351  349  344  334  323  313  304  296  294  293  299
  304  308  314  317  318  318  323  327  329
    37.5-180.0 180.0   5.0 450.0                            LAT/LON1/LON2/DLON/H
  354  355  351  342  333  322  308  289  274  258  244  228  212  195  177  164
  155  152  154  159  164  169  172  176  177  179  183  187  187  183  176  168
  159  152  146  145  146  149  154  162  174  188  203  220  238  260  287  315
  336  353  363  368  371  367  364  357  346  334  325  316  309  308  309  316
  321  327  334  339  343  344  347  351  354
    35.0-180.0 180.0   5.0 450.0                            LAT/LON1/LON2/DLON/H
  376  377  373  364  356  348  332  313  295  277  261  244  225  203  183  166
  156  153  156  162  168  174  178  183  185  188  193  197  198  194  186  177
  169  162  157  156  157  159  162  169  180  194  211  230  251  276  306  332
  354  371  379  383  383  380  375  368  359  350  343  335  331  332  333  339
  345  352  360  368  372  372  374  376  376
    32.5-180.0 180.0   5.0 450.0                            LAT/LON1/LON2/DLON/H
  399  396  392  384  376  369  354  333  312  296  276  256  235  214  191  172
  160  157  160  166  172  178  183  191  195  200  204  206  207  201  193  184
  177  172  168  167  167  168  171  176  187  202  220  241  264  287  317  345
  366  382  387  389  389  387  383  380  376  375  371  366  365  367  370  376
  382  390  398  406  409  406  404  403  399
    30.0-180.0 180.0   5.0 450.0                            LAT/LON1/LON2/DLON/H
  425  418  414  405  396  386  369  349  326  306  287  267  246  223  200  180
  168  164  164  169  174  179  187  197  204  212  214  214  210  205  195  188
  185  181  178  178  178  178  180  183  194  210  230  252  273  297  323  350
  370  384  388  391  390  392  393  395  398  405  407  407  410  416  421  430
  435  442  449  454  452  446  440  434  425
    27.5-180.0 180.0   5.0 450.0                            LAT/LON1/LON2/DLON/H
  456  445  437  427  417  407  391  365  339  317  297  277  256  233  210  189
  176  170  169  171  175  179  189  203  213  226  226  219  209  203  196  192
  190  188  187  188  188  189  189  190  201  216  237  259  282  303  327  351
  369  381  388  391  393  400  406  415  425  439  448  455  463  474  486  493
  500  507  511  512  507  500  486  473  456
    25.0-180.0 180.0   5.0 450.0                            LAT/LON1/LON2/DLON/H
  495  480  465  452  439  426  409  381  354  330  308  288  267  243  220  199
  185  177  174  173  175  182  193  209  222  239  238  226  209  200  196  193
  194  195  194  194  196  195  195  195  204  222  243  265  288  307  328  348
  365  378  389  396  403  412  424  437  454  474  490  506  522  538  554  563
  575  577  586  580  571  560  540  518  495
    22.5-180.0 180.0   5.0 450.0                            LAT/LON1/LON2/DLON/H
  543  521  500  481  464  449  428  400  371  347  323  300  278  255  233  213
  197  187  181  179  180  188  202  220  234  252  249  236  212  196  193  192
  196  199  198  198  198  199  199  197  205  222  243  268  291  310  327  343
  362  377  391  404  416  428  444  465  486  512  536  556  576  597  615  631
  637  642  653  648  641  623  596  572  543
    20.0-180.0 180.0   5.0 450.0                            LAT/LON1/LON2/DLON/H
  592  568  542  521  497  475  452  425  395  368  342  319  296  272  250  232
  215  200  191  188  189  199  216  237  252  262  257  239  208  186  187  189
  193  197  199  200  197  195  195  192  198  215  240  268  291  310  326  341
  360  380  398  415  430  449  469  495  520  548  573  593  614  634  656  675
  687  694  704  702  700  681  649  623  592
    17.5-180.0 180.0   5.0 450.0                            LAT/LON1/LON2/DLON/H
  639  618  590  564  535  508  482  457  427  399  371  344  318  293  273  255
  236  218  207  201  202  213  230  248  260  264  255  230  197  174  173  180
  185  192  198  200  193  186  181  179  186  205  235  265  286  305  322  341
  364  388  410  431  449  473  497  525  552  577  602  619  638  655  676  697
  710  721  725  730  734  718  692  667  639
    15.0-180.0 180.0   5.0 450.0                            LAT/LON1/LON2/DLON/H
  680  661  636  607  574  543  516  492  464  435  405  375  345  320  299  280
  260  242  227  220  218  227  240  253  258  254  238  210  182  161  157  164
  169  185  193  192  186  172  162  161  173  194  224  256  282  299  320  344
  373  404  428  451  473  500  528  557  584  608  628  642  653  667  686  703
  714  719  726  734  738  731  718  701  680
    12.5-180.0 180.0   5.0 450.0                            LAT/LON1/LON2/DLON/H
  706  692  673  642  609  577  548  524  499  471  440  408  376  350  328  309
  288  268  253  243  239  242  247  250  247  234  211  184  163  147  143  149
  158  172  181  181  172  158  149  148  160  180  212  245  271  293  318  350
  386  422  449  474  502  531  559  588  613  636  651  658  663  673  687  699
  707  708  713  723  731  733  730  719  706
    10.0-180.0 180.0   5.0 450.0                            LAT/LON1/LON2/DLON/H
  719  709  691  666  634  603  577  553  526  498  465  433  400  378  356  339
  318  297  282  271  263  258  252  241  229  207  184  158  143  135  136  143
  151  159  167  165  157  146  139  139  148  167  194  228  258  286  317  354
  397  436  466  495  528  558  590  619  643  661  670  672  674  681  689  694
  699  697  701  711  722  729  732  727  719
     7.5-180.0 180.0   5.0 450.0                            LAT/LON1/LON2/DLON/H
  722  715  703  681  655  625  597  570  542  510  475  443  417  395  380  363
  344  325  311  300  288  273  255  232  210  178  157  136  130  130  134  141
  148  151  154  152  144  136  132  132  137  154  178  211  244  275  312  353
  401  442  479  512  545  582  616  646  668  683  691  692  691  695  699  698
  695  692  696  706  717  725  729  727  722
     5.0-180.0 180.0   5.0 450.0                            LAT/LON1/LON2/DLON/H
  720  715  709  692  670  643  614  581  545  504  466  435  414  400  390  378
  362  346  334  325  309  285  254  220  190  157  136  124  123  129  136  141
  144  142  142  140  134  128  126  125  128  141  164  196  229  265  302  346
  395  443  485  523  560  600  638  669  690  703  712  715  713  716  716  713
  703  697  697  707  719  725  725  723  720
     2.5-180.0 180.0   5.0 450.0                            LAT/LON1/LON2/DLON/H
  716  712  709  699  685  660  629  588  538  485  438  407  393  388  384  378
  368  357  349  341  322  291  253  211  177  146  127  119  123  131  137  140
  136  132  130  127  124  121  119  119  122  131  151  181  217  251  290  336
  387  439  485  528  570  612  649  681  703  718  729  732  734  736  734  732
  720  708  705  712  721  725  723  719  716
