DORISInput/IGSGIM/2023/IGS0OPSFIN_20232230000_01D_02H_GIM.INX
     1.0            IONOSPHERE MAPS     MIX                 IONEX VERSION / TYPE
cmpcmb v1.2          GRL/UWM            28-aug-23 16:31     PGM / RUN BY / DATE 
ionex file containing IGS COMBINED Ionosphere maps          COMMENT             
global ionosphere maps for day 223, 2023                    DESCRIPTION         
IONEX file containing the COMBINED IGS TEC MAPS and DCBs    DESCRIPTION         
      IONEX files of the following IAACs were combined: cod DESCRIPTION         
                                                        jpl DESCRIPTION         
                                                        upc DESCRIPTION         
Contact address: Andrzej Krankowski                         DESCRIPTION
                 Geodynamics Research Laboratory            DESCRIPTION
                 University of Warmia and Mazury (GRL/UWM)  DESCRIPTION
                 Oczapowski St. 1                           DESCRIPTION
                 10-957-Olsztyn, POLAND                     DESCRIPTION
                 e-mail:  kand@uwm.edu.pl                   DESCRIPTION
                                                            DESCRIPTION         
  2023     8    11     0     0     0                        EPOCH OF FIRST MAP  
  2023     8    12     0     0     0                        EPOCH OF LAST MAP   
  7200                                                      INTERVAL            
    13                                                      # OF MAPS IN FILE   
  COSZ                                                      MAPPING FUNCTION    
     0.0                                                    ELEVATION CUTOFF    
combined TEC calculated as weighted mean of input TEC valuesOBSERVABLES USED    
   303                                                      # OF STATIONS       
    31                                                      # OF SATELLITES     
  6371.0                                                    BASE RADIUS         
     2                                                      MAP DIMENSION       
   450.0 450.0   0.0                                        HGT1 / HGT2 / DHGT  
    87.5 -87.5  -2.5                                        LAT1 / LAT2 / DLAT  
  -180.0 180.0   5.0                                        LON1 / LON2 / DLON  
    -1                                                      EXPONENT            
TEC values in 0.1 tec units;  9999, if no value available   COMMENT             
DCB values in nanoseconds, reference is Sum_of_SatDCBs = 0  COMMENT             
                                                            END OF HEADER       
[from data line 3432]
     9                                                      START OF TEC MAP    
  2023     8    11    16     0     0                        EPOCH OF CURRENT MAP
    87.5-180.0 180.0   5.0 450.0                            LAT/LON1/LON2/DLON/H
  219  220  220  221  222  223  224  224  225  226  226  227  228  228  228  228
  229  229  229  230  230  231  232  232  232  232  232  232  232  232  232  232
  231  231  231  231  231  230  230  230  229  229  228  228  227  227  226  226
  225  224  224  223  223  221  221  220  219  219  218  218  218  217  217  217
  217  217  217  217  217  218  218  218  219
    85.0-180.0 180.0   5.0 450.0                            LAT/LON1/LON2/DLON/H
  209  210  212  213  215  216  218  220  221  223  224  225  226  227  228  229
  231  231  232  232  232  233  234  234  234  234  234  234  233  233  232  232
  232  232  232  231  231  230  230  229  229  229  228  228  227  226  226  225
  224  223  222  221  220  219  218  217  216  214  213  212  211  209  208  206
  206  205  205  205  205  206  207  207  209
    82.5-180.0 180.0   5.0 450.0                            LAT/LON1/LON2/DLON/H
  198  201  203  205  208  210  212  214  215  217  218  220  221  223  224  225
  226  228  229  230  232  232  232  233  236  235  234  234  234  234  234  234
  232  232  232  230  229  229  228  227  227  226  226  225  225  224  224  224
  223  223  222  221  219  218  216  215  212  210  208  205  203  200  197  195
  194  193  192  192  193  193  194  197  198
    80.0-180.0 180.0   5.0 450.0                            LAT/LON1/LON2/DLON/H
  189  192  196  199  202  204  207  209  211  213  215  217  218  220  222  223
  223  224  224  225  225  227  229  230  230  231  231  231  232  234  233  233
  232  232  231  229  227  225  223  223  222  223  222  223  223  223  223  223
  224  224  224  223  221  220  217  215  212  208  204  200  197  192  188  185
  182  180  180  179  180  181  184  186  189
    77.5-180.0 180.0   5.0 450.0                            LAT/LON1/LON2/DLON/H
  181  186  192  195  198  201  203  206  209  212  214  217  220  220  219  220
  221  221  221  221  223  225  225  227  227  226  230  230  230  232  232  231
  230  230  228  227  225  222  220  218  216  217  218  219  220  222  223  224
  226  227  227  227  226  224  222  219  215  211  206  199  194  188  182  178
  173  170  169  168  168  170  173  177  181
    75.0-180.0 180.0   5.0 450.0                            LAT/LON1/LON2/DLON/H
  177  183  189  192  195  198  202  205  210  213  215  215  216  217  217  218
  219  221  223  225  226  226  226  229  230  231  233  234  235  235  233  233
  232  230  227  224  221  219  218  216  214  214  214  216  219  221  224  227
  229  231  232  232  231  230  227  224  221  215  208  200  194  185  179  172
  167  163  161  160  161  164  167  172  177
    72.5-180.0 180.0   5.0 450.0                            LAT/LON1/LON2/DLON/H
  176  183  188  193  197  200  204  207  209  210  213  216  216  217  218  221
  224  227  228  231  232  234  236  236  237  238  238  241  240  240  239  236
  234  231  228  225  221  218  216  215  213  212  214  216  219  222  224  228
  231  233  235  234  234  233  230  227  222  217  209  200  194  184  176  169
  163  160  157  156  157  160  164  170  176
    70.0-180.0 180.0   5.0 450.0                            LAT/LON1/LON2/DLON/H
  177  185  192  198  203  207  209  210  210  213  215  217  219  221  225  229
  232  234  238  242  245  246  249  249  249  247  247  246  247  245  244  243
  239  236  231  229  224  219  216  214  213  212  213  216  219  221  224  227
  229  232  233  234  233  231  229  224  220  214  206  198  191  182  175  167
  161  157  155  154  155  159  163  169  177
    67.5-180.0 180.0   5.0 450.0                            LAT/LON1/LON2/DLON/H
  177  184  194  201  206  211  213  213  215  216  219  223  226  229  233  238
  241  246  250  253  257  258  260  259  258  257  254  253  251  251  250  249
  246  242  238  232  227  221  218  214  213  212  213  215  218  220  222  224
  225  227  227  226  224  221  219  215  210  205  198  191  185  177  171  164
  159  156  153  152  155  158  163  169  177
    65.0-180.0 180.0   5.0 450.0                            LAT/LON1/LON2/DLON/H
  172  181  190  199  205  210  213  216  218  221  224  228  232  236  241  246
  249  254  256  260  262  263  264  263  262  262  259  257  255  254  254  253
  252  249  244  237  230  224  219  214  212  211  212  213  215  216  217  219
  219  218  217  213  210  206  203  199  196  192  187  182  178  170  164  159
  155  153  151  151  153  156  160  164  172
    62.5-180.0 180.0   5.0 450.0                            LAT/LON1/LON2/DLON/H
  164  174  184  194  203  208  212  217  219  223  226  232  236  240  246  250
  253  256  258  260  261  262  264  263  262  261  259  258  257  257  257  257
  256  254  249  242  233  226  220  215  211  210  210  211  213  214  213  213
  211  208  204  200  195  190  186  183  180  178  174  171  168  161  157  153
  151  149  148  149  150  151  152  156  164
    60.0-180.0 180.0   5.0 450.0                            LAT/LON1/LON2/DLON/H
  155  165  176  188  199  206  211  216  219  222  227  232  237  242  247  250
  252  254  255  256  257  258  260  259  259  258  257  257  258  259  260  261
  262  259  255  247  238  229  221  215  212  210  210  211  212  212  211  208
  205  201  195  189  183  178  172  169  166  165  163  161  159  154  150  148
  146  144  143  144  144  143  144  148  155
    57.5-180.0 180.0   5.0 450.0                            LAT/LON1/LON2/DLON/H
  142  154  166  180  193  203  210  215  219  223  227  231  236  241  244  246
  248  249  249  250  251  251  253  253  254  254  255  256  258  261  264  266
  268  266  261  254  244  234  225  218  214  212  212  213  213  213  211  208
  204  199  193  186  179  172  165  161  158  157  156  154  153  149  146  143
  142  140  138  137  135  133  133  137  142
    55.0-180.0 180.0   5.0 450.0                            LAT/LON1/LON2/DLON/H
  132  142  156  173  188  198  207  214  218  222  226  230  233  236  238  240
  242  243  243  243  243  244  246  248  249  252  255  257  261  265  269  273
  275  274  270  262  252  241  231  224  219  217  217  218  218  218  215  212
  207  203  196  190  183  174  168  162  158  158  156  155  153  149  146  143
  140  137  133  131  128  125  124  125  132
    52.5-180.0 180.0   5.0 450.0                            LAT/LON1/LON2/DLON/H
  121  132  147  166  182  195  206  214  219  224  227  230  231  232  233  233
  234  236  237  238  238  239  241  243  247  251  256  261  267  271  275  280
  283  284  280  272  262  251  241  232  226  224  225  227  228  227  224  220
  216  212  207  202  194  184  177  171  168  166  164  163  161  155  150  146
  141  138  133  129  125  121  118  117  121
    50.0-180.0 180.0   5.0 450.0                            LAT/LON1/LON2/DLON/H
  117  125  141  161  178  193  206  217  223  228  230  232  232  229  228  228
  230  232  234  235  236  238  240  242  247  255  261  268  274  279  284  290
  293  294  292  285  274  263  252  243  237  235  237  238  239  238  236  233
  228  224  221  217  208  199  191  184  181  179  177  176  173  166  159  153
  147  142  137  132  127  122  118  115  117
    47.5-180.0 180.0   5.0 450.0                            LAT/LON1/LON2/DLON/H
  119  124  138  156  175  193  208  220  228  235  238  238  234  229  226  225
  227  230  234  237  239  241  243  247  252  262  270  278  282  288  295  299
  303  306  306  300  289  278  266  257  251  249  249  250  251  250  248  245
  242  239  235  230  222  212  204  196  192  190  189  187  185  178  169  162
  155  149  145  140  137  130  125  120  119
    45.0-180.0 180.0   5.0 450.0                            LAT/LON1/LON2/DLON/H
  125  128  138  154  173  195  211  227  238  244  247  247  240  232  227  226
  227  232  238  242  245  247  250  255  263  273  282  290  294  300  305  310
  314  320  321  316  307  296  284  273  267  264  263  263  264  262  258  256
  254  251  245  238  230  220  211  204  200  197  196  195  194  188  180  173
  165  160  155  152  149  143  136  129  125
    42.5-180.0 180.0   5.0 450.0                            LAT/LON1/LON2/DLON/H
  136  135  141  154  173  196  217  235  248  257  261  260  253  241  234  231
  232  238  245  250  254  257  262  268  276  286  296  304  308  312  316  322
  327  335  338  334  327  316  305  293  285  280  279  277  276  273  268  265
  261  257  248  239  230  221  212  204  200  197  197  198  199  195  189  182
  177  172  169  165  161  156  149  141  136
    40.0-180.0 180.0   5.0 450.0                            LAT/LON1/LON2/DLON/H
  148  144  146  154  172  195  218  240  259  272  277  275  268  255  246  241
  240  246  253  261  265  270  275  282  290  300  310  320  324  327  331  337
  345  354  358  357  351  340  328  316  307  300  295  292  289  284  278  272
  265  256  244  235  226  217  209  200  195  194  197  199  203  200  197  191
  186  181  178  174  171  167  162  154  148
    37.5-180.0 180.0   5.0 450.0                            LAT/LON1/LON2/DLON/H
  157  151  151  156  170  192  218  243  267  287  294  294  286  274  262  256
  253  257  264  272  277  283  290  297  305  316  327  336  342  346  352  360
  368  377  383  384  379  367  353  342  333  322  316  308  303  295  287  279
  269  256  242  232  224  216  209  200  195  195  198  203  208  206  203  199
  194  189  184  180  177  174  170  164  157
    35.0-180.0 180.0   5.0 450.0                            LAT/LON1/LON2/DLON/H
  162  157  154  156  168  190  216  244  274  298  311  313  306  296  285  275
  271  271  276  284  290  297  305  312  321  331  343  353  363  371  381  387
  398  409  417  415  409  398  383  371  360  347  338  332  324  310  301  291
  278  262  250  241  232  227  221  215  208  204  206  209  214  213  211  207
  202  196  191  185  181  177  174  169  162
    32.5-180.0 180.0   5.0 450.0                            LAT/LON1/LON2/DLON/H
  164  158  154  155  165  186  212  242  276  304  321  328  326  320  310  300
  292  289  292  297  303  311  318  325  332  345  359  376  388  400  414  423
  436  448  454  451  442  433  416  405  391  374  364  359  352  335  323  311
  298  284  274  268  263  261  258  252  241  232  227  226  227  224  220  216
  210  204  197  190  183  177  173  169  164
    30.0-180.0 180.0   5.0 450.0                            LAT/LON1/LON2/DLON/H
  162  157  153  153  162  181  208  239  273  304  325  339  343  342  335  326
  314  308  307  311  316  323  330  335  344  358  377  400  420  437  452  466
  479  489  493  492  483  468  456  445  429  414  398  391  382  368  353  342
  332  324  319  319  318  321  318  310  294  279  266  256  251  242  232  225
  219  213  204  193  182  173  169  166  162
    27.5-180.0 180.0   5.0 450.0                            LAT/LON1/LON2/DLON/H
  159  155  150  150  160  178  203  234  269  300  325  342  354  360  358  350
  338  329  324  326  331  335  341  346  355  373  401  431  457  478  497  512
  524  532  535  537  527  510  504  488  474  454  435  422  411  403  397  388
  383  381  381  388  390  393  388  382  358  334  314  295  283  266  248  236
  229  223  212  198  184  171  164  162  159
    25.0-180.0 180.0   5.0 450.0                            LAT/LON1/LON2/DLON/H
  156  153  149  149  157  175  199  229  262  294  320  341  359  372  376  371
  360  350  341  342  346  350  356  361  369  389  425  464  496  521  551  564
  572  576  576  578  572  569  555  532  519  488  469  457  451  447  449  450
  445  448  450  459  464  467  464  451  419  388  361  337  319  298  269  251
  241  235  223  209  191  174  164  159  156
    22.5-180.0 180.0   5.0 450.0                            LAT/LON1/LON2/DLON/H
  154  151  149  149  156  171  195  222  253  284  311  335  359  380  388  389
  382  368  358  359  363  369  375  379  388  410  448  492  532  567  601  613
  624  618  609  604  603  607  596  575  552  522  508  505  504  497  500  506
  505  507  504  511  515  514  510  492  460  426  395  368  348  323  293  269
  256  248  235  220  200  181  168  159  154
    20.0-180.0 180.0   5.0 450.0                            LAT/LON1/LON2/DLON/H
  156  152  150  149  155  169  191  216  245  275  303  328  355  380  397  403
  398  386  377  379  384  389  395  401  413  440  476  521  573  618  651  661
  666  650  632  619  616  617  607  591  573  556  555  557  554  544  536  536
  536  533  524  518  515  514  506  489  465  434  406  382  364  339  309  285
  273  263  250  233  214  194  176  164  156
    17.5-180.0 180.0   5.0 450.0                            LAT/LON1/LON2/DLON/H
  162  155  151  150  155  167  187  212  240  267  294  322  350  377  402  413
  411  403  395  401  405  411  418  428  445  476  512  554  617  662  686  695
  690  672  647  633  628  620  605  593  585  589  598  599  590  570  547  533
  525  513  496  484  470  467  462  452  436  415  393  379  366  345  322  296
  284  276  265  250  231  210  190  172  162
    15.0-180.0 180.0   5.0 450.0                            LAT/LON1/LON2/DLON/H
  170  160  153  149  153  165  185  209  238  265  291  315  343  372  399  415
  417  413  410  417  425  433  443  458  481  513  548  588  645  682  699  705
  693  671  655  646  638  627  613  600  600  613  624  621  603  571  534  505
  483  465  438  415  397  396  396  396  389  378  367  362  355  341  324  300
  286  282  276  265  249  229  206  185  170
    12.5-180.0 180.0   5.0 450.0                            LAT/LON1/LON2/DLON/H
  180  167  156  149  150  160  180  207  237  264  288  311  336  364  391  411
  416  415  419  430  441  451  466  488  516  546  576  609  653  682  694  696
  684  669  660  655  650  642  627  613  611  620  628  622  599  555  507  469
  434  403  372  347  330  328  332  339  340  339  338  339  338  329  314  297
  284  283  280  274  263  244  222  199  180
    10.0-180.0 180.0   5.0 450.0                            LAT/LON1/LON2/DLON/H
  190  174  159  148  146  154  174  203  236  265  289  310  333  358  384  405
  414  418  427  440  453  467  488  515  546  572  597  624  653  675  684  685
  676  669  663  662  662  656  641  625  618  623  625  616  587  538  482  429
  392  361  334  312  294  288  293  305  309  312  314  316  318  311  300  287
  279  279  279  278  270  253  234  210  190
     7.5-180.0 180.0   5.0 450.0                            LAT/LON1/LON2/DLON/H
  197  179  161  145  140  148  168  198  234  267  293  314  334  357  382  403
  416  425  436  450  465  483  509  539  570  595  616  634  654  667  676  678
  676  671  670  670  671  669  656  638  629  626  623  607  574  523  461  407
  376  352  331  312  293  284  289  300  306  306  304  302  304  295  283  275
  271  271  274  275  270  256  238  217  197
     5.0-180.0 180.0   5.0 450.0                            LAT/LON1/LON2/DLON/H
  199  181  161  140  133  141  161  194  233  269  298  321  340  363  386  409
  422  433  445  459  477  500  528  561  592  614  629  641  653  663  671  674
  674  672  675  675  676  675  665  653  638  627  611  589  557  506  453  414
  394  377  359  343  325  315  317  323  324  316  308  299  298  283  271  262
  262  261  263  265  262  250  235  218  199
     2.5-180.0 180.0   5.0 450.0                            LAT/LON1/LON2/DLON/H
  196  178  158  137  129  136  157  190  232  272  305  331  353  374  399  420
  433  443  454  469  489  515  547  581  610  628  638  646  655  666  673  675
  672  669  669  671  673  671  661  651  637  613  585  560  532  491  456  438
  430  422  411  405  387  368  362  358  348  331  316  301  295  279  263  252
  247  244  245  247  245  239  227  212  196
