DORISInput/IGSGIM/2023/IGS0OPSFIN_20232280000_01D_02H_GIM.INX
     1.0            IONOSPHERE MAPS     MIX                 IONEX VERSION / TYPE
cmpcmb v1.2          GRL/UWM             4-sep-23 18:37     PGM / RUN BY / DATE 
ionex file containing IGS COMBINED Ionosphere maps          COMMENT             
global ionosphere maps for day 228, 2023                    DESCRIPTION         
IONEX file containing the COMBINED IGS TEC MAPS and DCBs    DESCRIPTION         
      IONEX files of the following IAACs were combined: cod DESCRIPTION         
                                                        jpl DESCRIPTION         
                                                        upc DESCRIPTION         
Contact address: Andrzej Krankowski                         DESCRIPTION
                 Geodynamics Research Laboratory            DESCRIPTION
                 University of Warmia and Mazury (GRL/UWM)  DESCRIPTION
                 Oczapowski St. 1                           DESCRIPTION
                 10-957-Olsztyn, POLAND                     DESCRIPTION
                 e-mail:  kand@uwm.edu.pl                   DESCRIPTION
                                                            DESCRIPTION         
  2023     8    16     0     0     0                        EPOCH OF FIRST MAP  
  2023     8    17     0     0     0                        EPOCH OF LAST MAP   
  7200                                                      INTERVAL            
    13                                                      # OF MAPS IN FILE   
  COSZ                                                      MAPPING FUNCTION    
     0.0                                                    ELEVATION CUTOFF    
combined TEC calculated as weighted mean of input TEC valuesOBSERVABLES USED    
   309                                                      # OF STATIONS       
    32                                                      # OF SATELLITES     
  6371.0                                                    BASE RADIUS         
     2                                                      MAP DIMENSION       
   450.0 450.0   0.0                                        HGT1 / HGT2 / DHGT  
    87.5 -87.5  -2.5                                        LAT1 / LAT2 / DLAT  
  -180.0 180.0   5.0                                        LON1 / LON2 / DLON  
    -1                                                      EXPONENT            
TEC values in 0.1 tec units;  9999, if no value available   COMMENT             
DCB values in nanoseconds, reference is Sum_of_SatDCBs = 0  COMMENT             
                                                            END OF HEADER       
[from data line 429]
     2                                                      START OF TEC MAP    
  2023     8    16     2     0     0                        EPOCH OF CURRENT MAP
    87.5-180.0 180.0   5.0 450.0                            LAT/LON1/LON2/DLON/H
  212  213  213  213  213  213  213  214  214  214  214  214  214  214  214  214
  214  214  213  213  213  212  211  211  211  211  210  209  208  207  206  206
  204  203  203  201  200  200  199  199  197  197  195  195  196  197  197  197
  198  197  198  198  198  199  200  200  201  202  205  205  206  207  208  209
  210  210  211  211  212  212  212  212  212
    85.0-180.0 180.0   5.0 450.0                            LAT/LON1/LON2/DLON/H
  215  215  215  216  215  215  215  215  215  215  216  216  216  217  218  218
  219  219  219  219  218  217  216  216  214  212  210  207  205  204  202  200
  197  194  193  188  186  185  183  181  180  178  177  177  178  179  181  181
  183  186  188  189  191  194  196  198  200  202  205  206  209  211  212  213
  214  215  215  216  216  216  215  216  215
    82.5-180.0 180.0   5.0 450.0                            LAT/LON1/LON2/DLON/H
  221  221  219  219  218  217  216  215  215  215  214  215  214  216  216  217
  218  220  221  220  220  219  217  215  215  212  209  204  200  195  192  188
  185  181  178  175  172  169  167  166  164  165  165  165  166  166  167  169
  171  173  177  181  186  190  194  198  202  205  209  212  215  218  220  221
  221  222  222  223  222  222  222  221  221
    80.0-180.0 180.0   5.0 450.0                            LAT/LON1/LON2/DLON/H
  227  226  225  223  221  218  216  213  210  208  208  207  208  209  210  213
  215  217  218  220  220  218  214  216  210  206  203  199  193  187  183  178
  174  169  165  161  157  156  154  153  153  152  151  151  153  155  156  158
  161  165  170  175  182  188  195  201  206  211  216  221  224  227  230  231
  232  233  232  232  232  230  230  229  227
    77.5-180.0 180.0   5.0 450.0                            LAT/LON1/LON2/DLON/H
  235  232  231  229  226  222  219  214  210  208  207  207  208  207  207  208
  208  209  210  212  214  215  213  213  208  201  194  186  180  172  167  159
  155  151  148  147  144  142  141  141  142  142  142  142  143  145  148  151
  155  160  167  173  182  189  197  204  211  217  225  230  235  239  242  244
  245  246  244  243  241  239  238  236  235
    75.0-180.0 180.0   5.0 450.0                            LAT/LON1/LON2/DLON/H
  242  240  239  236  234  231  226  220  215  211  209  207  204  201  200  198
  198  201  202  203  204  205  204  203  199  191  182  173  165  156  150  142
  138  135  134  133  133  133  134  134  134  135  136  137  138  141  144  150
  154  161  169  176  183  192  200  208  216  224  232  239  244  249  252  255
  257  257  256  254  252  249  247  245  242
    72.5-180.0 180.0   5.0 450.0                            LAT/LON1/LON2/DLON/H
  251  249  246  245  244  241  235  229  226  222  214  208  202  197  194  192
  191  190  190  192  194  192  191  189  182  177  166  156  147  137  133  126
  122  120  120  122  124  126  128  129  131  131  132  135  138  142  147  153
  159  165  173  180  187  195  203  211  220  228  238  245  251  256  260  263
  265  265  265  264  261  259  257  254  251
    70.0-180.0 180.0   5.0 450.0                            LAT/LON1/LON2/DLON/H
  260  257  254  252  250  248  245  244  239  232  224  214  206  200  194  188
  184  181  181  181  182  178  177  173  166  158  150  140  130  122  118  113
  111  109  110  113  116  120  122  125  127  129  131  135  139  146  153  160
  167  173  179  185  191  198  205  214  223  231  241  248  255  261  265  268
  271  271  271  271  270  268  265  262  260
    67.5-180.0 180.0   5.0 450.0                            LAT/LON1/LON2/DLON/H
  266  263  259  255  252  251  251  250  248  244  235  224  216  206  196  188
  181  178  174  171  170  168  166  161  154  145  135  125  119  112  109  104
  103  103  104  107  111  114  117  120  122  125  129  135  142  150  159  166
  173  181  186  191  196  202  208  216  225  233  242  250  257  263  267  271
  273  274  275  276  276  275  272  269  266
    65.0-180.0 180.0   5.0 450.0                            LAT/LON1/LON2/DLON/H
  271  266  260  254  250  249  249  250  251  250  245  236  228  218  204  194
  184  178  170  167  164  163  161  155  146  137  127  117  113  109  106  103
  101  102  102  104  107  109  110  113  116  119  126  133  142  151  161  171
  180  187  192  197  202  207  213  219  226  234  243  251  257  262  266  269
  272  274  276  278  279  279  276  274  271
    62.5-180.0 180.0   5.0 450.0                            LAT/LON1/LON2/DLON/H
  275  268  260  252  246  244  243  245  248  251  251  249  242  232  219  205
  194  183  175  171  167  163  158  152  143  134  125  117  114  111  109  107
  107  105  104  105  105  105  105  106  109  114  120  130  140  152  164  176
  186  193  199  204  209  212  218  223  229  235  243  249  257  261  264  266
  269  272  275  279  282  283  281  280  275
    60.0-180.0 180.0   5.0 450.0                            LAT/LON1/LON2/DLON/H
  280  271  261  252  244  238  237  239  243  247  251  254  251  245  235  222
  211  196  187  183  175  169  163  155  147  139  131  126  123  121  119  117
  116  112  108  107  105  103  102  102  104  109  117  127  140  153  167  181
  191  199  205  211  215  219  223  227  232  237  243  249  255  259  261  262
  266  269  273  279  283  284  284  283  280
    57.5-180.0 180.0   5.0 450.0                            LAT/LON1/LON2/DLON/H
  285  277  267  257  246  238  234  235  237  242  246  251  252  252  246  239
  228  218  209  202  195  186  179  170  160  152  146  142  139  137  135  129
  127  123  116  113  110  106  103  103  105  110  117  128  140  154  170  183
  195  204  211  217  220  223  225  229  235  239  245  250  255  258  259  261
  264  269  273  278  284  287  289  288  285
    55.0-180.0 180.0   5.0 450.0                            LAT/LON1/LON2/DLON/H
  296  289  280  269  258  246  239  235  235  237  242  247  250  252  251  249
  245  240  235  227  222  214  205  194  182  174  168  165  159  155  152  145
  138  134  129  123  118  114  112  111  113  116  122  131  142  155  170  184
  197  206  215  220  223  226  229  233  238  243  249  254  258  260  261  264
  266  271  275  280  286  291  296  297  296
    52.5-180.0 180.0   5.0 450.0                            LAT/LON1/LON2/DLON/H
  310  307  300  293  279  265  255  245  240  238  241  244  247  250  253  254
  256  256  254  251  248  241  232  220  206  197  191  185  180  174  169  160
  153  148  142  137  132  128  126  125  124  126  131  137  146  157  171  184
  196  206  216  221  225  229  232  238  243  249  255  260  263  265  265  269
  272  276  280  285  292  300  308  312  310
    50.0-180.0 180.0   5.0 450.0                            LAT/LON1/LON2/DLON/H
  333  331  327  320  309  293  279  266  256  247  244  245  248  252  255  260
  263  267  270  271  269  263  253  242  229  219  211  205  199  191  185  176
  167  161  157  152  148  145  143  141  139  139  141  143  150  159  170  183
  194  205  214  222  228  233  238  244  250  257  263  268  272  274  275  276
  280  284  290  296  305  313  325  330  333
    47.5-180.0 180.0   5.0 450.0                            LAT/LON1/LON2/DLON/H
  355  357  356  352  342  325  310  294  276  264  257  254  256  258  262  266
  270  275  281  286  285  280  270  260  249  240  231  226  219  209  202  190
  182  177  173  168  166  163  162  158  156  154  151  150  155  163  173  184
  194  204  215  224  232  239  246  253  259  267  274  279  282  284  284  286
  290  297  305  315  323  330  344  353  355
    45.0-180.0 180.0   5.0 450.0                            LAT/LON1/LON2/DLON/H
  381  384  384  380  376  358  342  326  306  288  277  270  269  271  272  274
  277  282  290  296  296  292  284  275  265  257  247  242  235  225  217  208
  198  195  191  186  183  181  179  174  170  165  160  158  160  167  177  188
  196  207  217  228  237  247  256  265  272  279  285  290  292  294  294  297
  302  312  323  334  342  352  367  377  381
    42.5-180.0 180.0   5.0 450.0                            LAT/LON1/LON2/DLON/H
  407  410  409  407  401  387  374  357  334  315  303  296  291  289  288  288
  288  291  298  303  303  301  293  285  277  270  262  254  248  239  231  223
  217  214  209  205  201  197  193  188  182  176  169  165  167  173  183  193
  203  214  224  237  247  258  268  277  284  291  297  301  303  305  307  311
  316  327  340  355  365  377  393  403  407
    40.0-180.0 180.0   5.0 450.0                            LAT/LON1/LON2/DLON/H
  431  434  431  427  421  414  403  387  364  348  334  325  320  315  310  304
  302  303  307  310  309  306  299  290  284  279  274  266  260  252  244  240
  235  233  228  225  219  213  205  200  194  187  179  173  174  179  188  199
  211  223  235  246  258  269  279  287  296  302  308  313  314  317  321  327
  333  345  362  380  396  409  423  431  431
    37.5-180.0 180.0   5.0 450.0                            LAT/LON1/LON2/DLON/H
  461  454  447  441  435  433  427  413  395  381  369  358  349  344  334  324
  317  316  317  316  315  310  303  295  291  287  284  278  272  264  258  255
  253  252  251  244  236  226  217  210  204  196  188  182  182  186  196  208
  220  232  244  257  269  279  288  296  305  312  319  324  327  330  336  344
  353  368  390  413  434  448  460  462  461
    35.0-180.0 180.0   5.0 450.0                            LAT/LON1/LON2/DLON/H
  492  481  469  455  447  445  446  437  423  412  408  394  384  374  361  346
  334  328  326  321  318  313  308  303  299  297  294  290  283  275  271  268
  270  271  270  261  250  238  227  219  213  206  198  192  190  194  203  215
  227  241  253  266  278  287  295  304  312  320  328  335  340  346  355  365
  378  396  425  453  476  490  498  497  492
    32.5-180.0 180.0   5.0 450.0                            LAT/LON1/LON2/DLON/H
  531  517  499  479  468  465  471  467  456  447  445  432  419  406  387  370
  352  341  334  325  320  314  314  311  310  310  304  299  294  285  282  281
  284  285  282  274  261  246  235  228  222  215  206  200  196  199  208  218
  231  244  259  273  284  293  301  310  318  325  333  344  353  364  376  390
  407  430  465  497  523  533  537  537  531
    30.0-180.0 180.0   5.0 450.0                            LAT/LON1/LON2/DLON/H
  581  569  547  520  501  497  502  501  494  485  479  468  453  434  413  390
  368  352  337  326  319  315  318  320  321  320  311  304  300  291  287  288
  289  290  285  278  266  251  241  236  230  222  213  205  200  201  208  218
  232  248  264  278  289  299  306  314  321  327  337  351  366  383  401  421
  442  471  512  544  569  578  582  585  581
    27.5-180.0 180.0   5.0 450.0                            LAT/LON1/LON2/DLON/H
  641  633  613  580  558  547  551  547  540  530  516  500  483  464  436  409
  382  359  339  326  317  314  320  327  328  326  315  306  298  291  286  283
  282  279  276  269  259  249  245  240  236  229  219  209  202  201  206  216
  232  252  268  282  293  301  309  316  322  329  342  360  381  404  428  454
  479  515  557  589  618  625  630  639  641
    25.0-180.0 180.0   5.0 450.0                            LAT/LON1/LON2/DLON/H
  708  711  694  663  633  618  614  607  598  578  554  536  515  491  458  427
  395  367  344  326  315  313  321  330  332  328  317  306  292  283  276  268
  262  256  254  250  242  239  242  241  239  233  224  213  203  199  203  215
  233  253  271  284  294  302  309  316  324  333  349  371  397  425  455  485
  518  559  602  638  664  670  679  694  708
    22.5-180.0 180.0   5.0 450.0                            LAT/LON1/LON2/DLON/H
  774  793  785  755  722  701  690  678  660  631  599  572  549  521  484  448
  408  378  350  329  315  314  322  333  335  328  314  299  281  265  255  241
  231  228  221  223  222  223  230  234  238  232  225  215  203  195  199  210
  229  250  268  282  291  300  309  317  328  340  360  385  416  447  481  516
  555  601  645  683  705  711  723  748  774
    20.0-180.0 180.0   5.0 450.0                            LAT/LON1/LON2/DLON/H
  833  868  877  848  813  788  769  748  719  682  644  610  583  553  515  472
  430  395  361  335  319  316  323  333  332  322  303  281  260  238  226  205
  197  196  190  193  201  205  212  218  227  225  220  212  200  190  191  202
  222  243  262  278  290  301  311  322  336  352  376  404  436  472  506  543
  587  636  679  716  736  745  753  791  833
    17.5-180.0 180.0   5.0 450.0                            LAT/LON1/LON2/DLON/H
  869  917  941  919  889  864  840  809  771  728  685  647  617  587  545  500
  456  415  375  343  327  319  321  325  320  307  283  254  230  204  191  169
  166  165  165  169  178  186  193  202  210  212  209  203  193  183  179  190
  211  236  257  275  291  303  316  331  350  371  398  426  458  493  526  565
  611  659  700  732  753  762  774  811  869
    15.0-180.0 180.0   5.0 450.0                            LAT/LON1/LON2/DLON/H
  875  934  958  948  928  909  889  853  809  764  721  682  649  617  577  531
  483  436  391  353  333  323  317  312  299  280  254  222  191  167  156  142
  143  143  149  155  163  171  179  187  192  196  195  192  182  172  165  175
  199  227  253  276  295  310  326  345  368  393  423  453  481  511  546  589
  630  671  706  731  751  759  774  812  875
    12.5-180.0 180.0   5.0 450.0                            LAT/LON1/LON2/DLON/H
  839  895  928  927  924  917  902  868  824  783  745  709  677  643  605  559
  509  458  409  368  343  325  310  296  273  247  221  191  167  138  131  129
  133  136  144  152  159  165  171  175  178  181  181  178  172  162  155  164
  187  220  251  277  299  318  338  360  385  411  444  476  505  535  566  608
  646  676  703  721  736  745  757  788  839
    10.0-180.0 180.0   5.0 450.0                            LAT/LON1/LON2/DLON/H
  780  819  849  858  868  878  876  851  815  783  753  724  695  662  624  580
  530  481  433  391  358  329  306  279  249  220  195  171  149  131  129  130
  136  141  150  158  162  163  165  164  165  167  166  165  160  152  146  154
  179  212  245  275  301  326  350  375  401  428  462  496  523  552  584  622
  656  683  705  716  726  731  736  749  780
     7.5-180.0 180.0   5.0 450.0                            LAT/LON1/LON2/DLON/H
  722  735  749  759  779  801  813  802  779  760  742  720  697  666  630  587
  543  498  455  413  374  339  306  269  236  206  182  159  141  130  133  137
  147  154  161  166  166  160  157  154  152  149  149  150  147  140  137  145
  168  201  237  271  302  331  360  388  416  444  478  513  539  566  600  634
  667  694  715  723  731  729  722  717  722
     5.0-180.0 180.0   5.0 450.0                            LAT/LON1/LON2/DLON/H
  687  671  663  665  685  713  733  732  724  718  711  698  678  649  615  577
  539  501  467  429  387  346  307  266  230  202  179  157  143  135  140  148
  158  168  173  172  165  155  148  142  137  134  135  137  135  129  126  133
  154  187  225  262  298  333  366  397  425  454  488  522  549  577  613  648
  682  713  730  739  743  740  726  708  687
     2.5-180.0 180.0   5.0 450.0                            LAT/LON1/LON2/DLON/H
  697  651  619  607  618  642  663  667  665  667  667  657  639  608  577  542
  511  482  459  430  391  349  311  268  232  207  187  163  151  145  150  156
  168  177  179  173  163  150  139  131  127  125  126  126  123  117  114  119
  140  173  211  251  292  330  367  398  427  454  487  520  551  583  623  661
  699  731  746  755  763  765  753  728  697
