DORISInput/IGSGIM/2023/IGS0OPSFIN_20232250000_01D_02H_GIM.INX
     1.0            IONOSPHERE MAPS     MIX                 IONEX VERSION / TYPE
cmpcmb v1.2          GRL/UWM             4-sep-23 18:22     PGM / RUN BY / DATE 
ionex file containing IGS COMBINED Ionosphere maps          COMMENT             
global ionosphere maps for day 225, 2023                    DESCRIPTION         
IONEX file containing the COMBINED IGS TEC MAPS and DCBs    DESCRIPTION         
      IONEX files of the following IAACs were combined: cod DESCRIPTION         
                                                        jpl DESCRIPTION         
                                                        upc DESCRIPTION         
Contact address: Andrzej Krankowski                         DESCRIPTION
                 Geodynamics Research Laboratory            DESCRIPTION
                 University of Warmia and Mazury (GRL/UWM)  DESCRIPTION
                 Oczapowski St. 1                           DESCRIPTION
                 10-957-Olsztyn, POLAND                     DESCRIPTION
                 e-mail:  kand@uwm.edu.pl                   DESCRIPTION
                                                            DESCRIPTION         
  2023     8    13     0     0     0                        EPOCH OF FIRST MAP  
  2023     8    14     0     0     0                        EPOCH OF LAST MAP   
  7200                                                      INTERVAL            
    13                                                      # OF MAPS IN FILE   
  COSZ                                                      MAPPING FUNCTION    
     0.0                                                    ELEVATION CUTOFF    
combined TEC calculated as weighted mean of input TEC valuesOBSERVABLES USED    
   310                                                      # OF STATIONS       
    31                                                      # OF SATELLITES     
  6371.0                                                    BASE RADIUS         
     2                                                      MAP DIMENSION       
   450.0 450.0   0.0                                        HGT1 / HGT2 / DHGT  
    87.5 -87.5  -2.5                                        LAT1 / LAT2 / DLAT  
  -180.0 180.0   5.0                                        LON1 / LON2 / DLON  
    -1                                                      EXPONENT            
TEC values in 0.1 tec units;  9999, if no value available   COMMENT             
DCB values in nanoseconds, reference is Sum_of_SatDCBs = 0  COMMENT             
                                                            END OF HEADER       
[from data line 3432]
     9                                                      START OF TEC MAP    
  2023     8    13    16     0     0                        EPOCH OF CURRENT MAP
    87.5-180.0 180.0   5.0 450.0                            LAT/LON1/LON2/DLON/H
  207  207  208  208  209  210  210  211  212  212  214  214  216  216  217  218
  218  219  219  220  221  221  222  222  223  223  223  224  224  223  223  223
  223  223  223  222  222  221  221  221  220  220  219  218  218  217  216  215
  214  214  214  213  213  212  211  211  210  210  208  208  208  207  207  207
  206  206  206  206  206  206  206  206  207
    85.0-180.0 180.0   5.0 450.0                            LAT/LON1/LON2/DLON/H
  200  202  202  204  206  207  209  210  211  212  214  215  217  218  220  222
  223  225  226  227  228  229  230  230  230  230  230  231  231  230  230  229
  229  229  228  227  226  225  224  224  223  223  222  222  222  220  219  218
  218  217  216  216  215  215  214  213  212  210  208  207  207  205  204  202
  201  200  199  199  199  199  199  199  200
    82.5-180.0 180.0   5.0 450.0                            LAT/LON1/LON2/DLON/H
  196  197  198  199  201  203  205  207  209  211  213  215  217  219  221  223
  225  227  229  232  234  235  234  234  234  235  236  237  237  236  235  234
  233  231  229  227  226  225  223  223  221  221  220  220  220  221  222  221
  220  220  220  220  220  220  220  219  218  216  213  210  208  206  203  200
  198  196  195  194  194  194  194  195  196
    80.0-180.0 180.0   5.0 450.0                            LAT/LON1/LON2/DLON/H
  193  194  195  197  197  199  201  204  206  209  211  214  217  219  222  224
  226  227  229  231  232  232  234  235  235  237  238  238  239  239  238  238
  236  234  232  229  226  223  221  219  218  218  218  218  218  220  220  222
  222  223  225  226  226  227  226  226  224  222  219  215  213  208  204  201
  198  195  193  192  191  190  191  191  193
    77.5-180.0 180.0   5.0 450.0                            LAT/LON1/LON2/DLON/H
  190  192  194  195  197  199  201  204  207  209  212  215  217  219  221  224
  226  227  228  229  230  231  229  229  231  234  235  235  235  235  235  235
  234  232  230  228  225  222  219  216  215  215  216  218  219  220  222  225
  228  230  232  234  235  235  235  234  232  230  226  222  218  212  208  203
  199  195  193  191  189  189  188  189  190
    75.0-180.0 180.0   5.0 450.0                            LAT/LON1/LON2/DLON/H
  190  192  194  196  198  200  202  204  207  210  213  215  218  219  222  224
  225  226  229  229  231  229  229  230  227  228  231  233  234  232  231  231
  230  229  227  225  223  220  218  216  214  215  216  218  220  223  226  230
  234  238  241  243  244  245  244  242  239  236  232  227  222  215  210  204
  199  196  192  190  188  187  186  188  190
    72.5-180.0 180.0   5.0 450.0                            LAT/LON1/LON2/DLON/H
  191  195  197  199  201  202  204  207  208  211  214  217  219  222  225  225
  228  231  230  234  234  232  232  230  228  226  228  231  230  230  229  227
  226  225  223  222  220  218  216  215  214  215  216  219  222  226  230  235
  240  244  247  249  250  250  248  245  242  237  232  226  221  214  208  202
  197  193  190  187  185  185  185  188  191
    70.0-180.0 180.0   5.0 450.0                            LAT/LON1/LON2/DLON/H
  192  197  202  204  205  207  209  210  211  213  215  218  222  225  228  232
  234  235  238  240  240  238  237  234  232  227  225  227  226  225  225  224
  223  222  222  221  219  217  216  216  215  216  218  221  224  228  233  237
  242  245  248  249  248  247  243  239  234  230  224  218  213  205  200  194
  189  185  182  180  179  181  184  187  192
    67.5-180.0 180.0   5.0 450.0                            LAT/LON1/LON2/DLON/H
  190  196  203  207  209  212  213  213  215  216  217  221  225  228  232  238
  241  244  245  246  246  245  242  237  236  232  227  224  223  222  222  221
  221  222  221  221  220  219  218  217  218  219  220  223  226  230  234  237
  240  242  242  241  239  235  231  224  219  213  208  202  197  190  185  180
  175  173  170  169  170  173  177  182  190
    65.0-180.0 180.0   5.0 450.0                            LAT/LON1/LON2/DLON/H
  182  191  199  205  209  211  214  216  217  217  219  223  226  231  237  242
  247  250  252  253  252  250  248  243  241  238  232  228  223  222  221  221
  221  221  221  221  222  221  220  220  221  222  223  225  228  230  233  235
  235  234  231  227  222  216  210  204  197  191  185  180  176  170  165  160
  156  154  153  154  157  161  166  173  182
    62.5-180.0 180.0   5.0 450.0                            LAT/LON1/LON2/DLON/H
  171  183  192  201  208  211  213  215  216  216  219  223  227  233  239  246
  251  254  257  257  257  255  254  250  247  244  238  233  227  224  222  222
  222  222  222  223  223  223  223  223  224  226  227  229  231  232  232  231
  229  224  219  212  204  197  189  182  174  168  162  157  154  149  144  140
  137  134  133  135  140  144  151  161  171
    60.0-180.0 180.0   5.0 450.0                            LAT/LON1/LON2/DLON/H
  159  172  185  196  205  210  213  214  215  215  217  220  226  233  240  247
  252  257  259  260  260  260  259  256  253  249  244  239  235  230  227  225
  224  225  225  225  225  225  225  227  228  231  232  234  235  235  233  229
  223  216  208  199  190  182  172  164  156  150  144  140  138  133  129  124
  120  117  115  117  120  126  135  147  159
    57.5-180.0 180.0   5.0 450.0                            LAT/LON1/LON2/DLON/H
  144  160  174  189  201  209  213  215  215  215  216  219  224  231  239  246
  252  256  259  260  261  261  262  261  260  257  253  249  244  239  234  231
  229  228  228  227  227  228  229  231  234  237  240  241  241  240  236  230
  223  213  204  194  184  173  163  155  147  141  135  132  130  126  122  116
  111  105  101  101  103  109  119  131  144
    55.0-180.0 180.0   5.0 450.0                            LAT/LON1/LON2/DLON/H
  132  147  164  182  196  206  213  216  215  215  216  218  223  229  237  243
  249  253  256  258  259  260  263  265  266  265  263  259  254  248  242  238
  236  234  233  231  231  232  234  237  241  245  248  250  249  248  242  235
  226  216  205  194  186  174  166  157  148  143  137  133  132  129  125  119
  111  103   96   93   92   97  106  117  132
    52.5-180.0 180.0   5.0 450.0                            LAT/LON1/LON2/DLON/H
  121  137  156  175  192  205  215  218  217  219  218  221  224  230  236  242
  247  250  252  254  255  258  262  268  271  273  273  271  266  260  252  247
  244  242  240  239  239  239  241  245  249  254  259  261  260  258  251  243
  233  222  212  204  194  184  176  168  160  154  149  145  144  141  138  132
  122  113  104   95   92   93   99  108  121
    50.0-180.0 180.0   5.0 450.0                            LAT/LON1/LON2/DLON/H
  117  130  148  170  190  204  216  222  224  225  225  226  229  232  237  243
  246  249  251  252  254  257  264  271  278  282  284  284  280  272  263  258
  254  251  249  249  249  249  252  256  260  265  269  270  270  267  261  253
  242  231  224  216  208  199  191  184  177  171  165  162  161  158  156  151
  142  131  120  110  102   99  101  108  117
    47.5-180.0 180.0   5.0 450.0                            LAT/LON1/LON2/DLON/H
  119  128  142  163  187  204  219  228  232  236  234  236  238  239  243  246
  250  252  253  254  256  260  269  278  287  293  298  298  294  286  275  267
  262  261  261  262  261  263  265  269  273  277  280  280  279  274  269  262
  253  243  236  229  221  213  206  198  191  185  180  177  177  174  172  170
  163  154  143  131  122  114  113  114  119
    45.0-180.0 180.0   5.0 450.0                            LAT/LON1/LON2/DLON/H
  126  130  141  159  182  203  222  234  242  245  246  248  249  250  252  255
  258  259  260  260  262  268  278  289  300  308  313  314  307  298  286  278
  273  274  275  276  278  281  283  285  289  292  292  289  287  281  275  269
  261  254  246  239  231  221  213  205  199  193  189  186  186  184  184  185
  182  176  166  155  146  137  130  126  126
    42.5-180.0 180.0   5.0 450.0                            LAT/LON1/LON2/DLON/H
  137  136  141  155  179  200  222  240  250  254  257  263  265  262  264  267
  269  271  271  272  273  280  291  303  317  326  330  329  321  310  300  292
  288  289  291  295  299  303  307  307  308  308  306  301  295  287  279  273
  267  259  251  243  233  223  212  204  198  194  190  186  186  186  189  192
  194  193  187  176  166  157  148  142  137
    40.0-180.0 180.0   5.0 450.0                            LAT/LON1/LON2/DLON/H
  149  143  144  151  171  195  218  242  258  263  269  275  279  277  278  281
  283  286  287  288  290  296  307  320  336  345  348  344  336  325  316  310
  306  309  311  320  326  332  335  336  334  330  322  315  306  295  285  278
  269  261  252  243  231  218  206  198  195  193  191  188  186  185  189  193
  198  199  197  189  181  173  165  157  149
    37.5-180.0 180.0   5.0 450.0                            LAT/LON1/LON2/DLON/H
  161  153  149  152  166  187  213  241  261  271  279  287  292  291  292  296
  299  303  304  307  310  316  328  342  355  365  366  364  355  345  339  333
  330  333  339  350  360  366  368  369  366  357  345  333  320  306  293  283
  273  263  253  243  229  215  202  193  194  199  201  198  194  188  188  192
  197  200  200  195  188  181  175  168  161
    35.0-180.0 180.0   5.0 450.0                            LAT/LON1/LON2/DLON/H
  169  161  155  153  162  182  208  237  260  277  291  297  302  304  305  311
  315  319  322  327  330  338  350  364  375  384  386  387  381  374  370  363
  361  365  376  386  398  406  409  409  402  390  379  364  341  320  306  292
  279  267  258  248  233  219  208  205  211  221  227  224  215  203  196  195
  197  200  202  200  194  187  181  176  169
    32.5-180.0 180.0   5.0 450.0                            LAT/LON1/LON2/DLON/H
  176  169  161  156  161  179  203  232  259  282  298  308  313  317  319  325
  330  336  341  345  349  358  372  384  394  404  406  411  411  409  408  401
  400  406  416  426  438  451  453  452  443  430  415  399  371  341  322  305
  290  281  274  265  252  242  237  242  255  269  278  273  259  237  218  208
  205  205  206  203  198  190  185  182  176
    30.0-180.0 180.0   5.0 450.0                            LAT/LON1/LON2/DLON/H
  182  176  168  161  164  178  202  230  259  284  303  316  323  329  333  339
  346  352  358  363  368  378  391  402  409  421  427  437  446  450  451  446
  446  449  458  472  486  496  504  500  488  470  458  441  408  369  343  324
  311  306  305  300  292  289  287  301  321  339  351  345  325  292  258  237
  224  218  215  208  201  192  187  185  182
    27.5-180.0 180.0   5.0 450.0                            LAT/LON1/LON2/DLON/H
  187  182  174  168  169  181  204  232  261  287  307  320  330  339  345  355
  362  368  374  379  384  397  408  417  423  436  449  466  484  496  499  496
  496  498  506  521  534  546  557  550  535  521  497  475  441  399  370  350
  340  342  346  349  346  346  350  374  400  420  432  423  399  356  311  283
  257  241  229  218  208  198  192  189  187
    25.0-180.0 180.0   5.0 450.0                            LAT/LON1/LON2/DLON/H
  191  187  181  174  175  186  207  233  262  288  308  323  338  349  358  369
  378  385  388  394  400  413  424  432  437  451  470  494  518  540  553  549
  547  547  555  572  589  601  606  595  579  563  532  504  469  428  400  383
  375  381  390  399  400  405  416  449  472  488  499  487  460  409  362  332
  298  271  250  234  219  206  198  194  191
    22.5-180.0 180.0   5.0 450.0                            LAT/LON1/LON2/DLON/H
  194  192  186  180  179  188  208  233  261  288  308  328  346  361  372  386
  393  400  402  409  417  428  440  448  452  468  490  519  551  585  599  596
  597  595  601  618  639  652  644  630  611  596  570  535  497  457  434  416
  406  415  426  439  445  449  465  492  508  521  528  515  490  442  396  363
  335  303  271  249  231  217  205  198  194
    20.0-180.0 180.0   5.0 450.0                            LAT/LON1/LON2/DLON/H
  196  194  190  184  182  190  208  231  259  286  310  331  353  371  388  403
  410  415  418  427  436  445  455  463  470  487  511  545  591  626  639  637
  636  629  638  649  670  672  664  646  624  613  596  563  519  482  454  432
  423  432  444  450  454  458  467  483  496  507  509  500  480  444  402  372
  354  325  287  263  246  228  213  202  196
    17.5-180.0 180.0   5.0 450.0                            LAT/LON1/LON2/DLON/H
  197  193  189  183  181  189  207  229  256  282  309  335  358  379  401  418
  427  432  434  446  456  464  472  480  490  510  538  574  627  655  666  669
  663  657  660  669  682  680  668  648  627  623  608  567  525  487  448  420
  415  422  427  430  428  432  434  440  446  452  453  447  435  411  384  360
  342  324  293  273  257  237  219  205  197
    15.0-180.0 180.0   5.0 450.0                            LAT/LON1/LON2/DLON/H
  193  188  183  176  174  183  202  226  253  281  309  334  359  384  408  427
  439  446  451  462  475  484  491  500  511  533  563  596  644  670  680  685
  677  671  673  681  686  682  669  646  627  618  596  559  515  472  426  398
  390  395  394  387  384  385  383  380  380  380  381  379  375  363  351  334
  319  303  284  272  258  239  220  204  193
    12.5-180.0 180.0   5.0 450.0                            LAT/LON1/LON2/DLON/H
  186  179  173  164  162  172  193  219  248  277  304  332  358  384  410  431
  445  455  464  476  490  500  507  516  531  554  584  618  653  676  684  688
  683  679  681  685  686  682  667  645  622  605  580  544  494  446  403  380
  368  364  359  351  343  338  328  322  317  315  316  315  317  313  312  306
  293  283  270  261  248  233  214  196  186
    10.0-180.0 180.0   5.0 450.0                            LAT/LON1/LON2/DLON/H
  176  168  159  148  146  157  180  208  240  271  301  329  356  383  410  432
  448  463  475  488  500  509  518  529  549  575  604  634  663  678  683  684
  683  682  683  685  685  678  664  642  617  595  569  531  485  430  390  364
  356  353  343  332  321  308  297  288  279  275  274  270  274  274  278  275
  272  263  254  246  236  221  206  186  176
     7.5-180.0 180.0   5.0 450.0                            LAT/LON1/LON2/DLON/H
  165  155  143  130  129  141  166  197  231  266  298  327  356  384  410  433
  452  470  485  498  508  517  529  544  569  598  626  651  669  678  680  680
  683  681  683  683  680  671  659  639  618  594  568  532  478  426  385  360
  358  359  350  340  329  310  296  284  272  268  264  256  257  254  254  253
  250  243  236  228  220  208  194  177  165
     5.0-180.0 180.0   5.0 450.0                            LAT/LON1/LON2/DLON/H
  154  142  128  114  112  127  151  185  224  261  296  329  356  385  413  437
  457  475  492  506  516  526  539  561  590  619  644  664  675  678  677  677
  678  677  676  672  666  656  647  636  617  594  567  529  480  432  396  376
  378  381  380  375  361  339  320  307  292  288  280  267  263  252  243  238
  230  223  216  209  203  192  180  167  154
     2.5-180.0 180.0   5.0 450.0                            LAT/LON1/LON2/DLON/H
  143  130  115  101   97  112  140  177  218  260  299  332  361  390  417  442
  462  479  496  511  523  534  551  577  607  637  658  674  681  681  678  673
  670  662  654  645  638  628  622  619  611  591  563  526  483  444  414  406
  411  418  422  421  404  379  361  347  329  323  310  292  280  262  242  229
  215  205  197  189  183  177  168  156  143
