DORISInput/IGSGIM/2023/IGS0OPSFIN_20232210000_01D_02H_GIM.INX
     1.0            IONOSPHERE MAPS     MIX                 IONEX VERSION / TYPE
cmpcmb v1.2          GRL/UWM            28-aug-23 16:21     PGM / RUN BY / DATE 
ionex file containing IGS COMBINED Ionosphere maps          COMMENT             
global ionosphere maps for day 221, 2023                    DESCRIPTION         
IONEX file containing the COMBINED IGS TEC MAPS and DCBs    DESCRIPTION         
      IONEX files of the following IAACs were combined: cod DESCRIPTION         
                                                        jpl DESCRIPTION         
                                                        upc DESCRIPTION         
Contact address: Andrzej Krankowski                         DESCRIPTION
                 Geodynamics Research Laboratory            DESCRIPTION
                 University of Warmia and Mazury (GRL/UWM)  DESCRIPTION
                 Oczapowski St. 1                           DESCRIPTION
                 10-957-Olsztyn, POLAND                     DESCRIPTION
                 e-mail:  kand@uwm.edu.pl                   DESCRIPTION
                                                            DESCRIPTION         
  2023     8     9     0     0     0                        EPOCH OF FIRST MAP  
  2023     8    10     0     0     0                        EPOCH OF LAST MAP   
  7200                                                      INTERVAL            
    13                                                      # OF MAPS IN FILE   
  COSZ                                                      MAPPING FUNCTION    
     0.0                                                    ELEVATION CUTOFF    
combined TEC calculated as weighted mean of input TEC valuesOBSERVABLES USED    
   316                                                      # OF STATIONS       
    31                                                      # OF SATELLITES     
  6371.0                                                    BASE RADIUS         
     2                                                      MAP DIMENSION       
   450.0 450.0   0.0                                        HGT1 / HGT2 / DHGT  
    87.5 -87.5  -2.5                                        LAT1 / LAT2 / DLAT  
  -180.0 180.0   5.0                                        LON1 / LON2 / DLON  
    -1                                                      EXPONENT            
TEC values in 0.1 tec units;  9999, if no value available   COMMENT             
DCB values in nanoseconds, reference is Sum_of_SatDCBs = 0  COMMENT             
                                                            END OF HEADER       
[from data line 1287]
     4                                                      START OF TEC MAP    
  2023     8     9     6     0     0                        EPOCH OF CURRENT MAP
    87.5-180.0 180.0   5.0 450.0                            LAT/LON1/LON2/DLON/H
  169  169  169  169  169  169  170  170  171  172  172  172  173  174  175  176
  176  177  177  177  177  176  176  175  175  174  174  173  172  172  171  171
  170  169  168  168  168  168  167  168  167  168  168  168  168  169  169  169
  170  171  171  172  172  172  172  172  172  172  171  171  171  171  170  170
  170  170  170  170  170  169  169  169  169
    85.0-180.0 180.0   5.0 450.0                            LAT/LON1/LON2/DLON/H
  164  163  163  163  163  164  164  165  167  168  170  172  174  176  177  180
  181  182  183  185  185  185  184  182  181  180  179  177  176  174  172  171
  169  167  166  166  165  165  165  166  166  167  169  170  171  172  173  176
  177  178  179  181  181  182  183  183  183  182  182  181  180  179  178  177
  175  174  172  171  169  167  165  164  164
    82.5-180.0 180.0   5.0 450.0                            LAT/LON1/LON2/DLON/H
  161  158  157  156  155  156  156  158  159  161  164  168  171  174  178  181
  184  187  188  190  192  191  191  189  187  184  181  177  174  171  168  165
  163  161  160  160  159  161  162  163  166  167  169  172  175  179  182  184
  188  190  192  194  196  198  199  200  200  200  200  199  198  196  194  191
  188  185  181  177  173  170  167  163  161
    80.0-180.0 180.0   5.0 450.0                            LAT/LON1/LON2/DLON/H
  161  156  153  151  150  149  149  150  152  155  159  162  168  173  178  182
  187  190  193  195  196  195  192  188  185  181  177  173  168  164  160  156
  154  152  151  151  151  153  155  158  162  167  171  176  180  184  190  194
  198  202  206  209  213  216  219  220  222  222  223  222  221  218  215  212
  208  203  197  190  184  178  172  166  161
    77.5-180.0 180.0   5.0 450.0                            LAT/LON1/LON2/DLON/H
  167  160  155  151  148  146  145  145  144  148  152  157  161  167  173  179
  184  188  190  192  192  193  187  184  178  173  165  157  153  147  145  142
  140  138  139  143  145  149  153  158  162  168  175  180  187  193  199  205
  210  215  219  224  229  233  238  241  244  246  247  247  246  244  241  237
  231  225  216  209  201  193  183  175  167
    75.0-180.0 180.0   5.0 450.0                            LAT/LON1/LON2/DLON/H
  179  171  163  155  149  145  142  140  140  142  145  149  154  160  166  172
  178  182  185  186  185  181  178  173  164  156  148  141  134  128  125  124
  126  128  131  134  140  147  155  162  169  176  182  191  197  205  211  218
  223  228  232  237  243  248  253  258  262  266  268  269  269  267  264  260
  254  247  239  230  220  209  199  188  179
    72.5-180.0 180.0   5.0 450.0                            LAT/LON1/LON2/DLON/H
  198  187  176  166  157  150  145  141  138  136  138  143  147  152  157  163
  167  171  173  173  171  168  162  155  146  137  127  120  115  111  111  113
  116  121  127  135  144  152  161  170  179  186  195  203  210  216  223  230
  234  238  243  247  252  258  264  269  274  278  282  284  284  283  281  277
  272  265  256  248  239  228  219  208  198
    70.0-180.0 180.0   5.0 450.0                            LAT/LON1/LON2/DLON/H
  217  206  194  183  171  161  153  144  138  136  136  137  139  143  147  151
  155  156  157  158  154  150  141  133  124  116  108  103   98   99  102  106
  114  122  132  142  152  160  170  180  188  197  205  212  220  226  232  238
  243  246  249  252  256  262  267  272  277  282  286  289  290  290  288  285
  280  273  266  259  252  244  236  227  217
    67.5-180.0 180.0   5.0 450.0                            LAT/LON1/LON2/DLON/H
  233  222  210  198  187  175  162  151  143  138  134  131  131  133  137  139
  141  141  141  140  136  130  120  113  104   98   93   89   90   93   99  106
  117  128  140  150  159  168  178  187  195  204  213  221  227  233  239  244
  248  249  251  253  256  260  264  269  273  277  281  284  286  286  284  281
  277  271  266  261  257  253  248  241  233
    65.0-180.0 180.0   5.0 450.0                            LAT/LON1/LON2/DLON/H
  241  232  223  211  200  189  176  163  151  142  133  129  126  126  128  128
  128  128  127  123  118  112  104   99   92   88   85   84   87   93  101  111
  123  135  146  156  164  172  180  188  198  207  216  225  233  239  244  248
  250  250  250  250  251  254  257  260  263  266  269  272  273  272  270  268
  264  260  257  256  255  253  251  248  241
    62.5-180.0 180.0   5.0 450.0                            LAT/LON1/LON2/DLON/H
  241  235  226  217  207  197  187  173  161  148  138  129  124  121  119  118
  118  115  114  109  104   99   93   90   86   83   82   84   88   95  105  117
  129  140  150  157  164  171  178  186  196  207  218  229  238  243  249  251
  251  250  249  247  247  247  248  250  252  253  255  256  256  254  251  248
  244  242  241  244  245  248  248  246  241
    60.0-180.0 180.0   5.0 450.0                            LAT/LON1/LON2/DLON/H
  235  229  222  214  207  201  193  183  170  157  144  133  123  119  114  112
  110  107  104  100   94   91   86   85   84   83   82   85   90   97  108  120
  132  142  150  156  161  167  174  184  195  207  219  231  241  247  252  254
  253  252  249  248  246  246  244  243  243  243  243  242  240  237  232  228
  224  222  224  228  234  237  239  238  235
    57.5-180.0 180.0   5.0 450.0                            LAT/LON1/LON2/DLON/H
  226  219  213  209  204  201  195  187  176  164  149  137  126  118  113  110
  107  103   99   94   90   87   84   84   83   84   84   86   90   97  109  122
  132  141  148  153  159  164  172  183  195  208  222  234  244  251  257  258
  259  258  257  255  253  251  248  244  241  239  237  235  231  227  220  213
  209  207  210  216  224  229  232  230  226
    55.0-180.0 180.0   5.0 450.0                            LAT/LON1/LON2/DLON/H
  219  212  206  203  202  201  198  191  182  170  156  142  130  121  114  110
  106  101   97   92   88   86   85   86   86   85   85   87   90   98  107  120
  131  139  146  151  156  164  172  182  196  211  225  238  248  258  263  267
  269  270  270  267  265  262  257  253  247  243  239  236  231  225  218  210
  204  202  205  212  220  226  228  225  219
    52.5-180.0 180.0   5.0 450.0                            LAT/LON1/LON2/DLON/H
  219  211  204  203  204  205  202  196  188  175  161  146  134  123  117  112
  108  104   99   93   91   90   91   91   91   91   90   90   92   98  106  117
  128  137  143  150  157  165  175  186  200  216  230  244  255  266  273  280
  283  286  288  285  281  278  272  267  261  254  249  245  239  233  226  217
  210  208  211  216  225  229  229  226  219
    50.0-180.0 180.0   5.0 450.0                            LAT/LON1/LON2/DLON/H
  228  219  212  210  212  213  210  203  193  179  164  148  136  127  121  117
  113  108  105  101   99  100  101  101  102  101   98   98   98  101  107  117
  127  135  142  150  159  169  180  194  207  222  237  250  264  276  288  297
  303  307  308  308  303  298  292  285  278  270  264  259  253  247  240  232
  226  223  225  230  237  239  238  233  228
    47.5-180.0 180.0   5.0 450.0                            LAT/LON1/LON2/DLON/H
  243  236  231  229  229  227  221  212  200  185  166  150  138  128  123  119
  117  114  113  112  111  112  114  115  115  113  110  107  107  108  113  119
  127  134  143  153  164  176  188  202  215  229  242  257  273  289  303  317
  327  332  332  332  327  320  314  304  295  286  278  273  268  263  256  251
  245  243  244  248  252  252  253  249  243
    45.0-180.0 180.0   5.0 450.0                            LAT/LON1/LON2/DLON/H
  265  260  255  253  251  245  235  224  209  190  171  153  140  131  125  121
  119  119  119  121  123  125  128  130  129  127  123  121  119  119  121  126
  130  136  145  156  169  182  196  210  222  235  249  264  282  302  322  341
  353  358  357  355  351  341  333  322  312  301  291  284  280  275  272  268
  263  262  263  266  268  268  269  268  265
    42.5-180.0 180.0   5.0 450.0                            LAT/LON1/LON2/DLON/H
  287  285  282  279  273  264  251  234  216  196  176  159  145  134  127  123
  122  122  124  128  132  137  140  142  141  139  137  135  134  134  134  135
  137  141  150  161  175  189  204  217  229  240  254  271  292  317  342  365
  378  386  382  377  370  363  350  340  329  316  302  292  287  284  282  280
  277  277  280  282  286  286  287  289  287
    40.0-180.0 180.0   5.0 450.0                            LAT/LON1/LON2/DLON/H
  308  308  305  300  292  281  263  244  225  204  183  166  152  139  131  126
  124  126  129  134  139  145  149  151  151  151  151  151  151  148  146  146
  145  147  154  167  182  197  211  223  234  245  260  279  305  334  363  387
  404  411  406  401  390  381  370  361  349  333  316  301  294  292  291  291
  289  290  294  299  303  303  306  307  308
    37.5-180.0 180.0   5.0 450.0                            LAT/LON1/LON2/DLON/H
  325  325  322  315  304  289  270  249  231  210  188  173  158  146  136  131
  129  130  134  140  145  151  156  159  161  162  165  167  167  162  159  156
  153  154  161  173  187  202  216  229  241  253  270  291  318  347  380  408
  426  432  429  420  411  405  397  390  375  354  332  312  304  302  303  305
  306  306  311  315  319  321  324  324  325
    35.0-180.0 180.0   5.0 450.0                            LAT/LON1/LON2/DLON/H
  340  337  332  323  308  289  269  250  232  213  197  181  167  155  145  137
  135  137  140  145  149  156  162  167  170  173  177  180  179  174  169  163
  160  161  168  179  193  209  223  236  249  264  282  305  332  361  396  426
  442  449  447  441  436  434  429  423  406  382  356  334  326  321  321  325
  327  331  336  339  343  343  344  343  340
    32.5-180.0 180.0   5.0 450.0                            LAT/LON1/LON2/DLON/H
  357  350  339  326  308  287  267  248  233  219  205  191  177  166  155  147
  142  144  146  151  155  160  167  174  180  183  187  191  189  182  175  169
  165  168  175  186  200  216  230  244  260  276  295  320  346  374  409  436
  453  461  462  465  469  473  471  463  446  422  393  370  361  354  354  360
  362  365  371  371  372  369  366  362  357
    30.0-180.0 180.0   5.0 450.0                            LAT/LON1/LON2/DLON/H
  376  362  349  331  309  285  264  247  235  223  211  199  186  175  165  157
  152  152  153  156  161  165  171  181  190  194  198  200  196  187  179  172
  169  173  181  193  206  221  237  252  269  291  312  338  360  389  417  441
  460  472  481  499  513  523  523  520  502  476  447  424  414  406  406  413
  414  418  418  416  413  405  397  388  376
    27.5-180.0 180.0   5.0 450.0                            LAT/LON1/LON2/DLON/H
  402  385  366  345  318  292  269  251  239  229  217  205  194  184  173  166
  162  160  159  161  165  169  176  187  199  205  209  208  200  187  179  172
  171  175  184  196  211  228  244  261  282  306  329  354  371  394  420  444
  466  489  509  539  563  578  582  586  569  541  512  490  484  474  471  477
  478  482  477  474  467  452  436  420  402
    25.0-180.0 180.0   5.0 450.0                            LAT/LON1/LON2/DLON/H
  435  416  395  372  342  311  283  265  252  240  227  215  202  193  181  174
  170  168  167  167  170  176  184  196  209  218  219  212  199  184  175  170
  168  174  184  198  215  234  253  272  294  318  342  366  378  395  416  447
  474  507  539  577  610  637  648  650  633  606  579  561  554  550  546  551
  548  553  546  542  529  509  485  460  435
    22.5-180.0 180.0   5.0 450.0                            LAT/LON1/LON2/DLON/H
  476  457  439  412  379  343  311  289  274  260  245  229  213  202  190  182
  178  177  175  175  179  187  198  211  224  231  227  214  195  178  168  163
  163  168  181  198  219  241  262  283  305  328  350  373  388  399  420  452
  484  523  562  605  646  678  698  695  678  657  638  629  623  621  617  627
  619  621  613  608  590  565  537  505  476
    20.0-180.0 180.0   5.0 450.0                            LAT/LON1/LON2/DLON/H
  516  503  485  460  425  385  348  323  303  287  267  247  227  213  199  191
  187  185  183  185  190  200  213  225  235  237  228  211  189  170  157  153
  155  160  172  192  217  244  271  293  312  333  353  373  393  407  428  460
  496  539  580  619  659  691  709  706  696  686  679  678  677  677  679  687
  681  677  671  667  647  620  581  547  516
    17.5-180.0 180.0   5.0 450.0                            LAT/LON1/LON2/DLON/H
  557  542  527  506  468  428  389  359  337  317  294  267  244  228  213  203
  198  195  192  195  202  212  224  233  238  236  221  198  176  157  143  140
  144  149  160  179  209  242  271  297  319  337  356  377  398  416  438  471
  510  554  591  624  654  678  695  701  702  702  700  701  705  710  713  717
  719  712  707  704  685  656  618  582  557
    15.0-180.0 180.0   5.0 450.0                            LAT/LON1/LON2/DLON/H
  587  575  564  543  502  457  417  390  367  346  320  293  268  249  233  221
  213  209  206  206  212  221  231  236  236  227  206  179  157  140  129  127
  132  136  145  166  199  236  269  298  322  340  359  380  405  426  452  485
  525  562  594  619  641  661  678  691  702  708  709  710  714  722  728  729
  728  723  717  713  699  672  638  608  587
    12.5-180.0 180.0   5.0 450.0                            LAT/LON1/LON2/DLON/H
  603  595  583  558  514  468  431  408  389  370  346  318  296  276  260  246
  235  227  222  220  222  228  234  234  226  211  186  158  138  125  120  117
  120  122  130  151  188  230  266  296  322  341  361  385  412  440  470  502
  537  570  594  612  628  645  661  680  699  709  713  715  719  726  732  733
  728  718  708  702  693  672  642  618  603
    10.0-180.0 180.0   5.0 450.0                            LAT/LON1/LON2/DLON/H
  606  601  582  548  499  455  425  410  397  384  364  340  321  306  291  276
  262  251  243  236  232  233  231  224  209  188  162  137  123  114  111  109
  109  109  117  140  179  223  261  291  318  340  362  389  417  451  483  520
  553  580  599  613  625  637  655  682  706  717  721  720  722  728  734  734
  724  711  696  687  679  661  639  616  606
     7.5-180.0 180.0   5.0 450.0                            LAT/LON1/LON2/DLON/H
  605  594  569  520  465  421  398  392  390  385  373  357  343  334  322  307
  291  275  265  251  243  236  226  211  190  165  140  120  110  106  105  103
  100  101  109  130  168  212  252  282  309  335  359  388  421  455  494  534
  569  595  614  626  635  647  670  704  730  742  739  733  730  732  736  733
  722  705  689  678  669  654  635  619  605
     5.0-180.0 180.0   5.0 450.0                            LAT/LON1/LON2/DLON/H
  610  590  552  493  426  379  362  364  373  376  372  364  359  357  348  334
  316  300  287  266  253  239  222  201  174  146  125  108  102  102  101   98
   95   97  103  121  157  200  238  270  300  325  352  383  415  451  495  539
  579  611  635  650  662  679  707  744  770  779  769  752  740  737  740  737
  723  704  689  678  667  654  639  625  610
     2.5-180.0 180.0   5.0 450.0                            LAT/LON1/LON2/DLON/H
  625  598  547  472  398  351  336  345  358  364  364  363  365  368  363  351
  336  318  303  280  262  243  221  194  164  136  117  103   99  100   99   95
   93   94   99  115  145  186  225  257  286  313  340  371  403  440  482  532
  583  625  658  680  697  718  751  787  814  818  801  773  755  749  748  744
  728  709  693  683  672  661  649  638  625
