DORISInput/IGSGIM/2023/IGS0OPSFIN_20232230000_01D_02H_GIM.INX
     1.0            IONOSPHERE MAPS     MIX                 IONEX VERSION / TYPE
cmpcmb v1.2          GRL/UWM            28-aug-23 16:31     PGM / RUN BY / DATE 
ionex file containing IGS COMBINED Ionosphere maps          COMMENT             
global ionosphere maps for day 223, 2023                    DESCRIPTION         
IONEX file containing the COMBINED IGS TEC MAPS and DCBs    DESCRIPTION         
      IONEX files of the following IAACs were combined: cod DESCRIPTION         
                                                        jpl DESCRIPTION         
                                                        upc DESCRIPTION         
Contact address: Andrzej Krankowski                         DESCRIPTION
                 Geodynamics Research Laboratory            DESCRIPTION
                 University of Warmia and Mazury (GRL/UWM)  DESCRIPTION
                 Oczapowski St. 1                           DESCRIPTION
                 10-957-Olsztyn, POLAND                     DESCRIPTION
                 e-mail:  kand@uwm.edu.pl                   DESCRIPTION
                                                            DESCRIPTION         
  2023     8    11     0     0     0                        EPOCH OF FIRST MAP  
  2023     8    12     0     0     0                        EPOCH OF LAST MAP   
  7200                                                      INTERVAL            
    13                                                      # OF MAPS IN FILE   
  COSZ                                                      MAPPING FUNCTION    
     0.0                                                    ELEVATION CUTOFF    
combined TEC calculated as weighted mean of input TEC valuesOBSERVABLES USED    
   303                                                      # OF STATIONS       
    31                                                      # OF SATELLITES     
  6371.0                                                    BASE RADIUS         
     2                                                      MAP DIMENSION       
   450.0 450.0   0.0                                        HGT1 / HGT2 / DHGT  
    87.5 -87.5  -2.5                                        LAT1 / LAT2 / DLAT  
  -180.0 180.0   5.0                                        LON1 / LON2 / DLON  
    -1                                                      EXPONENT            
TEC values in 0.1 tec units;  9999, if no value available   COMMENT             
DCB values in nanoseconds, reference is Sum_of_SatDCBs = 0  COMMENT             
                                                            END OF HEADER       
[from data line 4290]
    11                                                      START OF TEC MAP    
  2023     8    11    20     0     0                        EPOCH OF CURRENT MAP
    87.5-180.0 180.0   5.0 450.0                            LAT/LON1/LON2/DLON/H
  190  190  191  190  191  190  191  191  191  191  191  191  192  192  192  192
  192  191  191  191  191  191  191  191  190  190  189  189  189  188  188  187
  187  187  186  186  186  186  186  186  186  186  186  186  186  186  187  187
  187  187  188  188  189  189  189  189  189  189  189  189  189  190  189  189
  189  189  190  190  190  190  190  190  190
    85.0-180.0 180.0   5.0 450.0                            LAT/LON1/LON2/DLON/H
  190  190  190  190  190  191  191  192  192  193  193  194  195  195  196  196
  196  196  196  195  194  194  193  193  192  191  191  191  190  189  189  188
  188  187  187  187  186  185  184  184  184  183  184  183  184  185  184  186
  186  186  186  187  186  187  187  188  188  189  189  189  189  189  189  189
  190  190  190  190  190  190  190  190  190
    82.5-180.0 180.0   5.0 450.0                            LAT/LON1/LON2/DLON/H
  189  189  189  190  191  192  193  195  195  197  198  199  200  201  201  201
  202  201  201  200  199  197  193  192  193  194  196  197  196  195  195  195
  195  196  195  196  196  196  194  192  190  188  186  184  183  184  184  184
  184  185  185  185  185  185  185  186  187  187  189  189  189  189  189  190
  190  189  189  190  190  190  190  190  189
    80.0-180.0 180.0   5.0 450.0                            LAT/LON1/LON2/DLON/H
  188  188  189  190  192  194  196  198  200  203  205  207  208  208  208  208
  208  208  208  208  207  206  198  208  210  206  203  202  203  202  202  202
  202  201  201  200  199  199  198  197  195  193  189  187  186  185  186  186
  186  186  185  185  184  184  184  185  186  187  188  189  190  189  189  189
  189  189  189  190  191  190  190  189  188
    77.5-180.0 180.0   5.0 450.0                            LAT/LON1/LON2/DLON/H
  191  191  191  192  194  197  201  204  207  210  212  216  218  219  219  219
  221  220  219  218  214  215  218  214  214  213  211  208  207  209  209  208
  208  207  207  206  205  203  200  198  197  195  191  187  185  184  184  185
  185  184  185  185  185  183  183  184  185  187  187  187  187  187  187  187
  188  188  190  191  192  192  191  191  191
    75.0-180.0 180.0   5.0 450.0                            LAT/LON1/LON2/DLON/H
  198  198  198  198  201  205  209  214  218  221  227  228  229  233  235  236
  236  235  233  231  229  227  227  225  221  222  220  221  220  220  220  219
  218  217  216  214  211  208  205  201  197  194  192  187  185  183  182  181
  181  180  181  183  184  183  181  182  182  183  182  182  182  182  182  183
  185  187  190  193  195  196  197  198  198
    72.5-180.0 180.0   5.0 450.0                            LAT/LON1/LON2/DLON/H
  210  210  210  211  211  215  219  223  228  234  239  243  249  254  255  254
  257  254  251  247  242  240  239  236  234  231  230  228  227  228  229  227
  225  222  221  219  215  210  206  202  197  193  190  186  184  182  181  180
  179  176  175  177  178  177  176  175  175  174  174  174  174  174  176  179
  184  187  192  196  200  203  206  208  210
    70.0-180.0 180.0   5.0 450.0                            LAT/LON1/LON2/DLON/H
  224  225  225  224  224  225  228  232  238  245  253  258  263  267  270  273
  270  272  266  260  256  255  252  249  245  244  239  236  234  233  233  232
  229  226  224  220  216  212  205  200  196  192  188  185  182  180  178  177
  175  173  171  169  169  165  164  162  162  162  162  163  165  166  170  176
  182  188  195  202  207  213  218  222  224
    67.5-180.0 180.0   5.0 450.0                            LAT/LON1/LON2/DLON/H
  239  240  239  238  237  236  237  242  248  253  259  266  272  276  278  279
  280  279  274  271  268  267  263  259  255  255  249  243  241  239  238  237
  235  232  229  224  218  213  206  199  193  190  187  183  180  177  174  171
  168  167  162  157  154  151  148  147  147  147  148  152  154  158  164  170
  179  188  198  208  216  225  231  237  239
    65.0-180.0 180.0   5.0 450.0                            LAT/LON1/LON2/DLON/H
  253  254  253  249  248  246  247  249  253  257  262  268  273  276  278  279
  278  278  277  277  275  274  273  269  265  263  257  253  249  249  247  246
  244  240  237  230  222  215  206  198  191  186  183  180  177  173  169  163
  159  153  147  141  137  133  131  130  131  132  135  139  144  150  156  165
  177  188  201  213  225  235  243  250  253
    62.5-180.0 180.0   5.0 450.0                            LAT/LON1/LON2/DLON/H
  262  263  262  259  256  253  253  253  255  258  261  265  269  272  274  274
  274  274  275  276  277  277  278  275  273  270  265  262  259  259  258  257
  255  250  244  236  227  216  206  196  187  183  179  176  172  167  162  155
  149  139  132  125  120  117  116  116  118  120  124  129  134  141  150  162
  174  189  203  217  230  242  251  258  262
    60.0-180.0 180.0   5.0 450.0                            LAT/LON1/LON2/DLON/H
  264  266  266  264  261  258  256  255  255  256  257  261  264  267  268  269
  268  269  270  272  274  277  278  277  275  274  271  269  267  268  268  268
  266  261  253  244  232  220  206  194  185  180  175  172  168  163  155  148
  140  128  119  113  108  105  105  105  108  112  116  121  127  134  144  158
  172  188  203  218  233  245  254  260  264
    57.5-180.0 180.0   5.0 450.0                            LAT/LON1/LON2/DLON/H
  263  266  267  267  264  262  259  256  255  254  254  255  258  260  261  263
  264  265  266  268  270  273  276  275  275  275  275  275  275  277  280  281
  279  274  265  254  240  225  209  195  185  178  174  170  166  160  153  143
  134  122  113  106  102  100   99  101  103  107  112  117  123  131  141  155
  173  186  203  218  233  244  252  258  263
    55.0-180.0 180.0   5.0 450.0                            LAT/LON1/LON2/DLON/H
  263  268  270  273  272  269  266  262  258  254  252  251  252  255  257  259
  261  262  263  266  268  270  272  273  274  276  278  281  284  288  291  294
  293  288  279  265  250  232  216  200  188  180  175  170  166  160  151  142
  133  121  112  107  102  101  101  103  105  109  113  118  123  132  144  156
  174  188  203  220  232  242  250  256  263
    52.5-180.0 180.0   5.0 450.0                            LAT/LON1/LON2/DLON/H
  266  272  278  281  283  282  277  273  266  259  253  250  250  252  254  257
  259  261  263  265  266  267  268  270  274  277  282  288  293  298  303  306
  305  301  290  275  259  241  224  207  194  185  179  174  169  162  153  144
  136  125  117  113  109  109  109  111  114  117  120  124  130  136  148  161
  177  193  207  221  232  241  250  259  266
    50.0-180.0 180.0   5.0 450.0                            LAT/LON1/LON2/DLON/H
  275  283  289  293  299  299  295  288  279  270  261  256  253  254  255  257
  260  262  264  265  266  266  267  269  274  279  285  293  300  307  312  315
  314  308  296  282  266  248  232  216  203  192  186  180  173  167  159  150
  142  133  127  123  121  121  122  124  126  128  130  133  138  144  155  169
  183  199  214  226  237  247  257  266  275
    47.5-180.0 180.0   5.0 450.0                            LAT/LON1/LON2/DLON/H
  291  300  307  312  319  320  316  309  299  288  277  269  264  261  261  262
  263  264  267  268  268  268  268  271  275  283  290  299  306  312  317  319
  316  309  298  284  270  255  240  223  210  199  191  185  180  173  166  159
  153  144  139  136  133  133  134  136  138  140  141  143  147  152  163  178
  191  208  223  236  248  260  272  281  291
    45.0-180.0 180.0   5.0 450.0                            LAT/LON1/LON2/DLON/H
  310  322  328  335  340  344  341  334  323  313  300  290  282  276  272  270
  269  270  271  273  273  272  273  276  281  288  296  303  310  314  316  317
  313  305  294  283  272  260  246  230  216  205  198  191  187  182  175  169
  164  157  152  147  144  143  143  145  147  149  151  152  155  159  169  184
  201  216  233  249  263  277  290  302  310
    42.5-180.0 180.0   5.0 450.0                            LAT/LON1/LON2/DLON/H
  332  344  351  358  366  367  367  361  352  342  329  316  305  296  289  283
  280  278  279  281  281  280  281  284  288  295  301  307  311  312  313  313
  308  301  293  284  276  267  252  236  221  211  204  198  195  190  184  179
  174  167  161  156  151  148  148  150  152  156  158  159  161  166  174  188
  207  224  242  260  277  293  308  320  332
    40.0-180.0 180.0   5.0 450.0                            LAT/LON1/LON2/DLON/H
  347  361  371  379  385  389  392  389  381  373  361  348  336  324  312  302
  295  291  290  292  292  291  292  295  298  304  308  310  312  312  311  310
  307  302  297  291  285  277  263  244  228  216  210  207  203  199  192  186
  182  175  167  160  153  149  149  150  154  159  163  165  167  170  176  189
  209  230  249  267  286  306  321  335  347
    37.5-180.0 180.0   5.0 450.0                            LAT/LON1/LON2/DLON/H
  357  373  383  393  401  405  412  413  411  404  398  385  372  358  343  328
  316  309  306  307  306  306  306  308  311  315  316  315  315  315  314  315
  316  315  312  307  303  294  278  257  241  228  220  216  213  207  199  191
  187  179  170  161  153  149  147  150  156  162  169  173  174  176  179  191
  210  232  253  271  291  312  330  344  357
    35.0-180.0 180.0   5.0 450.0                            LAT/LON1/LON2/DLON/H
  364  378  390  401  411  420  427  433  438  438  437  426  413  397  380  362
  344  333  327  326  324  322  322  322  323  325  324  323  322  324  327  332
  337  340  338  336  331  321  300  279  260  243  234  227  220  215  205  196
  193  184  174  164  156  152  151  153  161  169  177  183  184  183  184  192
  209  231  252  271  290  311  331  348  364
    32.5-180.0 180.0   5.0 450.0                            LAT/LON1/LON2/DLON/H
  364  380  394  407  417  427  439  449  461  471  472  468  456  440  421  402
  379  365  354  349  345  341  337  334  333  333  333  332  334  341  351  361
  371  376  377  378  368  354  328  304  279  262  247  235  227  220  208  200
  199  191  183  176  169  164  163  166  174  183  189  195  195  190  188  192
  206  226  247  266  286  306  327  346  364
    30.0-180.0 180.0   5.0 450.0                            LAT/LON1/LON2/DLON/H
  360  378  394  410  421  433  447  462  481  494  505  505  497  484  463  444
  422  403  388  378  367  360  352  343  341  342  343  345  351  363  381  399
  416  422  426  427  411  387  358  322  294  278  259  240  229  220  210  205
  207  203  202  198  194  189  189  191  197  204  207  209  205  198  192  192
  202  220  240  259  280  300  320  340  360
    27.5-180.0 180.0   5.0 450.0                            LAT/LON1/LON2/DLON/H
  356  375  394  411  424  438  454  472  495  513  528  534  531  524  508  489
  466  445  425  408  393  380  366  353  349  352  357  362  375  395  421  446
  464  467  479  477  446  411  390  343  306  290  268  248  230  217  212  215
  221  224  229  229  228  224  223  223  225  229  227  223  215  205  195  192
  199  214  232  252  272  293  315  336  356
    25.0-180.0 180.0   5.0 450.0                            LAT/LON1/LON2/DLON/H
  355  375  395  413  427  442  460  480  506  526  545  555  558  557  549  531
  510  489  464  442  421  400  382  368  364  368  375  386  406  434  467  499
  520  517  514  499  469  418  395  360  312  294  273  257  238  220  223  233
  244  252  262  268  269  264  261  258  256  251  243  234  223  210  198  192
  195  208  225  246  267  289  312  333  355
    22.5-180.0 180.0   5.0 450.0                            LAT/LON1/LON2/DLON/H
  358  378  399  418  434  449  465  487  514  536  556  570  580  583  583  571
  553  535  510  479  451  425  404  390  386  391  401  419  443  480  517  550
  562  542  518  480  447  401  368  336  297  285  270  260  246  234  242  256
  270  290  299  307  308  301  296  288  277  265  252  238  224  210  197  188
  189  202  221  243  267  289  313  336  358
    20.0-180.0 180.0   5.0 450.0                            LAT/LON1/LON2/DLON/H
  364  384  405  424  440  455  471  493  520  542  563  580  596  607  609  608
  594  579  551  520  488  457  432  419  418  423  434  454  479  522  559  580
  571  527  477  422  387  355  315  287  266  263  262  257  254  255  268  285
  300  322  329  333  331  325  314  300  282  265  247  230  215  202  191  183
  182  196  217  244  270  295  319  342  364
    17.5-180.0 180.0   5.0 450.0                            LAT/LON1/LON2/DLON/H
  374  393  413  431  447  462  477  498  522  543  564  583  602  618  627  633
  627  611  585  560  528  494  467  454  456  463  474  492  518  551  578  578
  550  497  428  356  308  279  246  232  228  239  255  262  266  275  290  308
  320  336  339  337  334  325  312  293  272  252  234  216  202  190  182  175
  174  188  214  245  274  303  327  353  374
    15.0-180.0 180.0   5.0 450.0                            LAT/LON1/LON2/DLON/H
  387  404  424  442  457  470  485  503  524  545  564  582  601  619  634  645
  648  633  614  595  566  534  505  490  493  501  512  528  550  567  578  564
  529  478  398  307  244  207  186  186  200  224  254  272  284  297  310  322
  328  335  331  327  324  315  299  279  253  233  216  200  187  177  170  165
  165  182  210  245  281  312  341  365  387
    12.5-180.0 180.0   5.0 450.0                            LAT/LON1/LON2/DLON/H
  401  420  438  455  471  484  497  513  529  546  564  581  600  617  636  650
  656  647  636  625  601  570  543  529  529  533  543  559  575  577  569  549
  516  460  379  288  208  170  159  168  191  224  260  286  304  320  330  334
  333  324  316  311  306  296  280  261  233  212  196  182  168  160  156  153
  157  176  206  245  285  320  352  379  401
    10.0-180.0 180.0   5.0 450.0                            LAT/LON1/LON2/DLON/H
  417  437  456  473  490  504  517  527  539  553  567  583  600  616  633  649
  658  659  655  650  630  602  578  565  562  563  571  585  594  587  567  543
  511  458  378  287  210  174  167  182  208  243  275  299  323  341  347  339
  330  312  301  294  284  273  261  244  219  194  177  162  151  145  143  142
  149  168  201  243  285  325  360  391  417
     7.5-180.0 180.0   5.0 450.0                            LAT/LON1/LON2/DLON/H
  433  456  478  495  517  532  542  547  553  563  574  587  601  615  630  646
  659  668  670  667  651  629  611  598  593  593  598  609  610  598  577  549
  518  468  398  316  245  214  210  225  254  280  301  316  336  352  353  338
  324  300  287  277  266  255  240  225  205  181  162  146  136  132  131  132
  139  158  192  237  282  325  366  403  433
     5.0-180.0 180.0   5.0 450.0                            LAT/LON1/LON2/DLON/H
  450  478  503  524  550  567  574  574  575  576  583  595  605  616  628  642
  657  672  680  678  665  649  637  627  621  621  624  626  622  609  590  563
  536  495  440  373  316  285  281  291  314  330  333  331  340  349  345  329
  314  286  273  262  252  240  222  206  189  170  152  136  125  122  123  124
  129  147  181  227  276  323  369  413  450
     2.5-180.0 180.0   5.0 450.0                            LAT/LON1/LON2/DLON/H
  465  501  532  559  590  607  611  607  601  594  595  604  612  619  627  639
  653  670  682  683  672  661  654  648  641  640  640  637  630  617  597  574
  555  530  493  442  397  383  381  363  372  374  358  334  332  333  323  305
  294  268  257  248  238  225  206  190  174  159  143  128  119  116  117  118
  121  137  169  217  267  321  370  420  465
