DORISInput/IGSGIM/2023/IGS0OPSFIN_20232270000_01D_02H_GIM.INX
     1.0            IONOSPHERE MAPS     MIX                 IONEX VERSION / TYPE
cmpcmb v1.2          GRL/UWM             4-sep-23 18:32     PGM / RUN BY / DATE 
ionex file containing IGS COMBINED Ionosphere maps          COMMENT             
global ionosphere maps for day 227, 2023                    DESCRIPTION         
IONEX file containing the COMBINED IGS TEC MAPS and DCBs    DESCRIPTION         
      IONEX files of the following IAACs were combined: cod DESCRIPTION         
                                                        jpl DESCRIPTION         
                                                        upc DESCRIPTION         
Contact address: Andrzej Krankowski                         DESCRIPTION
                 Geodynamics Research Laboratory            DESCRIPTION
                 University of Warmia and Mazury (GRL/UWM)  DESCRIPTION
                 Oczapowski St. 1                           DESCRIPTION
                 10-957-Olsztyn, POLAND                     DESCRIPTION
                 e-mail:  kand@uwm.edu.pl                   DESCRIPTION
                                                            DESCRIPTION         
  2023     8    15     0     0     0                        EPOCH OF FIRST MAP  
  2023     8    16     0     0     0                        EPOCH OF LAST MAP   
  7200                                                      INTERVAL            
    13                                                      # OF MAPS IN FILE   
  COSZ                                                      MAPPING FUNCTION    
     0.0                                                    ELEVATION CUTOFF    
combined TEC calculated as weighted mean of input TEC valuesOBSERVABLES USED    
   308                                                      # OF STATIONS       
    32                                                      # OF SATELLITES     
  6371.0                                                    BASE RADIUS         
     2                                                      MAP DIMENSION       
   450.0 450.0   0.0                                        HGT1 / HGT2 / DHGT  
    87.5 -87.5  -2.5                                        LAT1 / LAT2 / DLAT  
  -180.0 180.0   5.0                                        LON1 / LON2 / DLON  
    -1                                                      EXPONENT            
TEC values in 0.1 tec units;  9999, if no value available   COMMENT             
DCB values in nanoseconds, reference is Sum_of_SatDCBs = 0  COMMENT             
                                                            END OF HEADER       
     1                                                      START OF TEC MAP    
  2023     8    15     0     0     0                        EPOCH OF CURRENT MAP
    87.5-180.0 180.0   5.0 450.0                            LAT/LON1/LON2/DLON/H
  200  201  201  203  204  205  206  206  207  209  208  209  210  210  210  210
  209  209  208  208  207  206  205  204  203  201  199  198  196  194  193  192
  190  189  187  185  185  184  183  183  182  181  181  180  180  180  180  180
  181  181  182  182  182  184  184  186  186  188  188  189  190  192  192  193
  194  195  196  196  197  198  198  200  200
    85.0-180.0 180.0   5.0 450.0                            LAT/LON1/LON2/DLON/H
  209  210  212  215  216  218  220  223  224  227  228  229  230  231  231  231
  231  230  229  227  225  222  219  216  214  209  206  202  199  196  193  190
  187  184  182  179  177  175  173  171  171  171  170  170  171  172  173  174
  175  176  178  180  182  184  186  187  190  192  194  196  197  199  200  201
  202  203  204  204  205  205  207  208  209
    82.5-180.0 180.0   5.0 450.0                            LAT/LON1/LON2/DLON/H
  218  219  221  224  226  229  235  236  241  244  247  249  249  250  249  249
  248  246  244  242  240  236  231  227  222  219  215  210  207  201  195  189
  185  181  179  174  172  170  169  168  168  168  167  167  167  168  171  173
  175  178  181  184  188  191  194  196  199  202  205  207  210  211  213  214
  215  216  215  214  215  215  216  216  218
    80.0-180.0 180.0   5.0 450.0                            LAT/LON1/LON2/DLON/H
  224  225  228  231  237  241  247  251  254  257  260  262  264  266  265  264
  262  258  254  250  247  246  240  233  229  223  217  212  205  199  194  188
  182  177  173  169  167  166  165  164  166  166  167  168  169  171  172  175
  179  182  186  190  194  198  203  207  211  215  218  222  225  228  230  230
  230  230  229  227  226  225  224  224  224
    77.5-180.0 180.0   5.0 450.0                            LAT/LON1/LON2/DLON/H
  232  232  233  237  241  244  249  254  259  265  271  275  278  280  280  277
  276  275  270  267  262  254  245  240  234  228  221  214  210  203  196  191
  186  182  175  170  169  167  166  166  167  168  169  171  173  175  177  179
  183  186  190  194  199  203  209  215  221  226  230  235  238  241  243  243
  243  242  241  238  236  234  233  233  232
    75.0-180.0 180.0   5.0 450.0                            LAT/LON1/LON2/DLON/H
  237  235  234  235  238  242  249  255  262  267  271  275  279  279  279  278
  278  275  269  265  257  249  241  239  232  227  221  215  209  202  196  190
  183  180  178  173  172  169  168  168  170  172  174  176  177  180  182  185
  188  191  193  196  201  205  212  219  227  232  237  242  246  248  250  251
  252  251  250  248  246  243  241  239  237
    72.5-180.0 180.0   5.0 450.0                            LAT/LON1/LON2/DLON/H
  242  238  236  236  238  241  247  254  259  265  271  275  278  279  277  276
  271  266  264  256  247  241  235  230  225  221  217  210  205  199  194  189
  184  178  176  174  174  172  170  171  173  175  179  181  181  183  187  189
  191  193  194  196  200  208  214  220  226  233  238  243  247  251  254  257
  258  259  258  256  254  252  249  246  242
    70.0-180.0 180.0   5.0 450.0                            LAT/LON1/LON2/DLON/H
  250  247  243  241  241  243  246  251  257  263  269  276  277  276  274  270
  265  261  253  246  239  235  228  222  219  213  211  206  200  196  189  185
  181  176  175  175  175  172  172  173  174  177  178  179  178  178  182  186
  185  186  187  192  196  201  210  215  220  227  233  239  245  250  254  258
  261  263  264  264  262  260  257  253  250
    67.5-180.0 180.0   5.0 450.0                            LAT/LON1/LON2/DLON/H
  261  258  254  250  248  247  248  250  254  260  267  275  276  275  272  267
  263  255  247  241  236  232  224  221  216  211  208  202  193  188  183  178
  177  172  170  171  171  170  168  168  169  169  168  167  165  164  164  166
  168  171  175  179  187  193  199  205  211  217  224  230  237  244  250  255
  260  264  266  268  269  268  266  264  261
    65.0-180.0 180.0   5.0 450.0                            LAT/LON1/LON2/DLON/H
  274  272  268  263  258  255  252  252  254  258  265  271  274  275  273  268
  263  254  249  244  242  234  228  225  217  212  207  201  190  182  175  170
  168  168  167  167  167  166  161  157  155  152  153  149  146  147  146  149
  150  156  161  169  176  183  189  196  201  207  213  220  228  236  243  249
  255  260  267  272  273  275  275  276  274
    62.5-180.0 180.0   5.0 450.0                            LAT/LON1/LON2/DLON/H
  285  284  280  277  271  264  259  257  255  257  261  265  270  273  273  269
  265  261  256  251  251  243  238  236  224  217  209  200  191  184  175  169
  166  166  165  164  163  159  154  147  142  138  136  133  132  132  132  133
  138  144  152  160  168  177  183  190  196  201  206  213  221  228  235  241
  248  254  263  271  275  277  281  284  285
    60.0-180.0 180.0   5.0 450.0                            LAT/LON1/LON2/DLON/H
  294  295  294  290  283  275  269  263  259  257  258  260  263  267  270  271
  271  270  267  264  262  258  254  251  240  232  222  212  200  192  183  177
  173  169  167  165  163  155  149  142  135  130  127  125  124  123  123  124
  129  135  145  153  164  173  183  190  196  201  206  212  218  224  230  236
  242  250  260  268  273  278  285  289  294
    57.5-180.0 180.0   5.0 450.0                            LAT/LON1/LON2/DLON/H
  299  303  303  301  295  287  278  271  264  259  258  258  260  263  267  271
  274  276  279  278  279  279  275  271  263  254  244  234  218  206  195  188
  181  175  173  168  166  158  150  142  136  131  127  125  123  121  120  120
  123  130  139  151  165  177  189  197  205  210  212  216  220  225  229  236
  241  247  258  264  271  277  284  292  299
    55.0-180.0 180.0   5.0 450.0                            LAT/LON1/LON2/DLON/H
  301  307  310  311  306  299  291  280  273  265  260  259  259  262  265  269
  274  279  284  288  293  297  295  289  282  274  264  252  236  222  210  198
  190  184  180  175  173  165  157  149  142  138  135  133  129  126  124  123
  125  128  139  154  170  187  201  211  218  223  224  225  228  233  237  243
  246  250  258  263  268  274  282  292  301
    52.5-180.0 180.0   5.0 450.0                            LAT/LON1/LON2/DLON/H
  305  313  318  318  316  312  305  296  285  275  268  263  262  263  265  268
  272  279  285  293  300  307  308  302  296  287  277  267  251  239  225  212
  201  193  188  184  181  174  167  160  154  150  148  145  140  136  132  129
  129  131  140  159  178  200  217  229  236  240  242  241  242  247  251  255
  256  258  261  263  266  272  282  293  305
    50.0-180.0 180.0   5.0 450.0                            LAT/LON1/LON2/DLON/H
  311  320  325  328  330  328  321  311  301  291  280  272  269  267  268  270
  274  279  287  296  306  313  316  312  307  298  288  278  264  253  239  223
  212  204  198  194  191  185  178  170  167  164  161  159  154  149  144  139
  136  136  146  163  190  215  232  248  257  261  262  262  263  265  268  270
  270  270  269  268  270  275  286  299  311
    47.5-180.0 180.0   5.0 450.0                            LAT/LON1/LON2/DLON/H
  321  330  337  342  351  349  341  332  322  311  298  287  281  278  277  276
  277  282  288  300  312  319  323  321  316  306  296  285  274  262  249  234
  221  212  208  205  203  196  188  182  179  177  175  172  168  163  157  151
  146  146  155  173  200  227  247  266  277  282  283  282  282  283  284  285
  286  286  283  281  280  283  293  308  321
    45.0-180.0 180.0   5.0 450.0                            LAT/LON1/LON2/DLON/H
  336  348  355  365  372  374  365  356  345  334  320  308  302  296  290  287
  285  288  293  307  318  327  330  328  321  310  301  289  279  267  254  239
  227  220  218  215  213  207  198  191  188  187  186  184  181  177  171  165
  159  158  165  182  207  234  257  278  293  301  303  301  299  298  299  299
  301  303  303  300  299  300  310  324  336
    42.5-180.0 180.0   5.0 450.0                            LAT/LON1/LON2/DLON/H
  361  372  381  389  397  401  394  383  372  362  346  333  326  318  311  306
  299  299  304  315  328  337  338  335  326  314  304  294  281  270  258  245
  234  229  227  227  224  216  206  199  196  195  196  195  194  191  185  179
  173  170  174  189  212  236  261  284  303  313  319  318  313  310  310  310
  314  318  322  323  322  322  333  347  361
    40.0-180.0 180.0   5.0 450.0                            LAT/LON1/LON2/DLON/H
  387  399  408  415  426  430  424  413  401  392  375  359  351  346  337  328
  320  316  319  330  341  349  349  344  333  320  307  298  285  274  264  254
  246  240  240  240  237  226  215  207  204  205  205  206  206  204  199  192
  184  181  182  193  212  236  262  285  306  318  325  327  320  317  316  316
  321  329  337  343  348  350  363  374  387
    37.5-180.0 180.0   5.0 450.0                            LAT/LON1/LON2/DLON/H
  415  428  435  443  452  456  455  444  431  419  405  391  383  376  366  354
  343  336  339  347  357  363  362  356  341  327  313  304  292  281  274  266
  259  258  255  256  253  241  226  219  217  217  217  218  218  217  211  203
  194  187  186  194  209  231  258  283  303  317  325  327  323  319  319  321
  327  339  351  360  370  380  392  404  415
    35.0-180.0 180.0   5.0 450.0                            LAT/LON1/LON2/DLON/H
  442  455  462  470  478  485  488  478  466  452  437  425  417  407  396  383
  367  357  358  365  374  379  377  368  351  336  324  316  304  295  290  282
  276  275  274  274  270  254  240  234  233  234  234  234  233  229  220  207
  196  188  187  190  201  222  248  276  298  313  322  323  322  319  318  326
  335  349  364  376  390  404  419  432  442
    32.5-180.0 180.0   5.0 450.0                            LAT/LON1/LON2/DLON/H
  468  480  489  498  505  516  521  511  496  482  467  458  451  444  430  413
  393  378  376  383  393  395  390  379  363  349  341  331  321  313  308  298
  294  292  290  289  284  269  257  251  252  254  256  255  251  240  226  206
  194  186  182  184  193  212  238  267  291  307  317  320  319  318  318  327
  342  359  378  394  410  423  440  456  468
    30.0-180.0 180.0   5.0 450.0                            LAT/LON1/LON2/DLON/H
  488  501  513  522  529  539  549  537  522  509  498  494  485  478  461  442
  417  401  395  402  411  408  400  388  374  363  359  348  339  331  323  313
  309  308  304  298  294  286  277  270  272  275  277  275  268  253  231  206
  191  183  178  178  188  206  232  260  284  301  311  314  315  316  320  330
  346  369  394  414  429  441  457  474  488
    27.5-180.0 180.0   5.0 450.0                            LAT/LON1/LON2/DLON/H
  505  519  531  540  551  563  571  565  553  541  537  531  523  511  490  468
  441  423  414  420  424  417  408  396  384  379  377  369  353  343  335  324
  319  315  309  306  304  303  306  296  296  295  296  291  277  260  232  205
  191  182  175  175  184  203  228  258  279  294  304  307  310  315  322  335
  355  382  411  433  448  461  476  490  505
    25.0-180.0 180.0   5.0 450.0                            LAT/LON1/LON2/DLON/H
  520  535  548  558  569  580  589  590  586  575  573  568  562  546  521  494
  464  445  433  433  432  425  416  406  399  397  393  383  364  347  339  327
  320  311  306  311  313  327  342  330  316  309  304  292  271  252  225  203
  190  181  174  172  180  196  222  250  272  288  296  300  307  316  328  346
  369  400  430  456  471  484  494  508  520
    22.5-180.0 180.0   5.0 450.0                            LAT/LON1/LON2/DLON/H
  538  549  565  575  585  595  605  610  613  607  606  604  598  578  553  521
  489  468  453  448  441  432  422  415  410  408  401  386  364  344  335  321
  305  295  297  308  314  338  362  346  324  317  304  282  255  233  211  197
  186  177  170  166  173  189  212  240  263  280  290  297  308  322  340  361
  390  421  454  481  497  508  517  526  538
    20.0-180.0 180.0   5.0 450.0                            LAT/LON1/LON2/DLON/H
  560  571  581  592  601  612  618  625  632  630  631  633  626  609  584  551
  520  497  481  470  458  441  429  421  415  406  395  375  351  330  319  303
  278  268  277  284  293  313  343  326  313  316  298  265  239  215  196  184
  177  169  165  161  166  179  202  227  254  274  287  299  316  335  358  382
  415  449  485  508  526  535  542  555  560
    17.5-180.0 180.0   5.0 450.0                            LAT/LON1/LON2/DLON/H
  585  594  603  611  617  625  631  637  644  647  651  653  650  637  612  581
  551  529  512  495  477  455  436  422  407  391  376  349  324  301  285  271
  246  239  243  239  250  264  288  281  289  300  282  246  216  196  181  172
  167  162  160  156  159  169  191  218  248  272  292  311  333  358  385  414
  444  478  515  536  553  563  570  582  585
    15.0-180.0 180.0   5.0 450.0                            LAT/LON1/LON2/DLON/H
  611  619  626  630  633  637  641  645  651  658  665  668  668  656  636  608
  582  558  539  517  493  465  437  414  388  365  342  311  285  262  242  227
  217  214  223  226  236  244  250  250  254  267  251  216  192  178  168  163
  161  159  157  152  150  159  181  211  246  275  301  327  356  386  416  445
  475  511  541  564  581  589  594  606  611
    12.5-180.0 180.0   5.0 450.0                            LAT/LON1/LON2/DLON/H
  633  642  648  649  650  651  652  653  657  665  674  680  682  672  656  631
  609  586  561  535  508  473  432  396  363  330  302  268  242  221  205  197
  198  206  219  228  237  239  238  229  224  230  211  186  172  164  158  160
  161  161  155  148  141  148  169  205  245  280  311  342  377  412  444  471
  502  535  564  588  602  608  615  625  633
    10.0-180.0 180.0   5.0 450.0                            LAT/LON1/LON2/DLON/H
  652  661  667  667  667  666  664  661  662  669  680  688  692  685  673  652
  632  611  584  553  521  476  423  374  331  293  259  229  203  188  181  188
  201  215  233  242  247  246  238  226  213  202  183  167  159  153  151  157
  165  162  153  144  134  138  160  199  243  283  318  355  395  435  468  496
  526  557  584  606  619  628  634  644  652
     7.5-180.0 180.0   5.0 450.0                            LAT/LON1/LON2/DLON/H
  676  681  685  686  685  682  678  672  668  671  682  691  698  694  685  667
  649  632  607  573  532  474  411  352  301  254  218  194  175  169  170  192
  217  235  254  264  267  258  244  229  207  188  171  158  152  147  145  151
  158  158  149  136  126  129  153  193  239  283  323  367  411  455  490  517
  546  577  602  620  634  646  657  667  676
     5.0-180.0 180.0   5.0 450.0                            LAT/LON1/LON2/DLON/H
  703  705  706  705  706  702  694  683  676  674  681  691  697  696  688  673
  656  641  619  582  532  464  396  331  274  224  187  168  163  165  176  208
  238  258  278  283  284  265  249  231  207  183  166  155  147  140  140  142
  145  143  134  122  114  121  146  188  234  279  323  372  423  469  505  531
  561  592  614  632  645  661  677  693  703
     2.5-180.0 180.0   5.0 450.0                            LAT/LON1/LON2/DLON/H
  726  729  727  725  727  722  715  701  691  681  681  687  690  690  682  667
  650  635  614  575  520  449  378  309  252  205  176  163  168  183  200  250
  268  280  296  290  291  275  257  235  209  183  166  154  143  135  133  130
  130  124  116  107  103  112  137  180  227  272  317  368  421  470  506  534
  568  602  622  640  654  672  690  712  726
