DORISInput/IGSGIM/2023/IGS0OPSFIN_20232260000_01D_02H_GIM.INX
     1.0            IONOSPHERE MAPS     MIX                 IONEX VERSION / TYPE
cmpcmb v1.2          GRL/UWM             4-sep-23 18:27     PGM / RUN BY / DATE 
ionex file containing IGS COMBINED Ionosphere maps          COMMENT             
global ionosphere maps for day 226, 2023                    DESCRIPTION         
IONEX file containing the COMBINED IGS TEC MAPS and DCBs    DESCRIPTION         
      IONEX files of the following IAACs were combined: cod DESCRIPTION         
                                                        jpl DESCRIPTION         
                                                        upc DESCRIPTION         
Contact address: Andrzej Krankowski                         DESCRIPTION
                 Geodynamics Research Laboratory            DESCRIPTION
                 University of Warmia and Mazury (GRL/UWM)  DESCRIPTION
                 Oczapowski St. 1                           DESCRIPTION
                 10-957-Olsztyn, POLAND                     DESCRIPTION
                 e-mail:  kand@uwm.edu.pl                   DESCRIPTION
                                                            DESCRIPTION         
  2023     8    14     0     0     0                        EPOCH OF FIRST MAP  
  2023     8    15     0     0     0                        EPOCH OF LAST MAP   
  7200                                                      INTERVAL            
    13                                                      # OF MAPS IN FILE   
  COSZ                                                      MAPPING FUNCTION    
     0.0                                                    ELEVATION CUTOFF    
combined TEC calculated as weighted mean of input TEC valuesOBSERVABLES USED    
   309                                                      # OF STATIONS       
    32                                                      # OF SATELLITES     
  6371.0                                                    BASE RADIUS         
     2                                                      MAP DIMENSION       
   450.0 450.0   0.0                                        HGT1 / HGT2 / DHGT  
    87.5 -87.5  -2.5                                        LAT1 / LAT2 / DLAT  
  -180.0 180.0   5.0                                        LON1 / LON2 / DLON  
    -1                                                      EXPONENT            
TEC values in 0.1 tec units;  9999, if no value available   COMMENT             
DCB values in nanoseconds, reference is Sum_of_SatDCBs = 0  COMMENT             
                                                            END OF HEADER       
[from data line 1287]
     4                                                      START OF TEC MAP    
  2023     8    14     6     0     0                        EPOCH OF CURRENT MAP
    87.5-180.0 180.0   5.0 450.0                            LAT/LON1/LON2/DLON/H
  236  236  236  235  235  234  234  235  234  235  234  234  233  233  233  233
  233  233  233  232  232  232  231  231  231  231  231  232  233  233  234  234
  234  235  236  237  237  238  238  239  239  240  240  240  241  241  241  241
  241  241  242  242  242  242  242  242  242  241  241  241  241  241  241  241
  240  239  239  239  238  238  238  237  236
    85.0-180.0 180.0   5.0 450.0                            LAT/LON1/LON2/DLON/H
  241  240  238  239  238  237  237  236  236  234  235  234  234  233  233  232
  231  230  230  229  228  227  226  226  226  226  226  227  227  226  228  228
  229  230  230  232  234  235  236  238  240  241  242  244  245  246  247  248
  249  248  249  249  250  251  251  250  250  250  250  249  249  248  247  247
  246  246  245  244  243  242  241  241  241
    82.5-180.0 180.0   5.0 450.0                            LAT/LON1/LON2/DLON/H
  238  236  234  232  232  232  232  232  231  231  230  230  229  229  228  227
  227  226  226  225  224  223  222  221  219  218  217  217  217  217  218  220
  220  223  225  228  230  233  235  238  239  242  244  246  248  249  251  253
  255  255  256  257  258  260  261  261  261  261  261  260  259  258  257  255
  255  253  251  249  247  246  243  241  238
    80.0-180.0 180.0   5.0 450.0                            LAT/LON1/LON2/DLON/H
  234  232  229  228  227  226  226  225  225  224  223  222  223  223  223  223
  222  220  219  218  215  215  215  211  208  206  207  207  209  211  213  215
  217  220  222  225  228  232  235  239  241  243  245  248  251  253  255  257
  258  261  262  263  265  267  269  270  271  271  272  270  269  268  266  264
  262  258  256  253  249  246  242  239  234
    77.5-180.0 180.0   5.0 450.0                            LAT/LON1/LON2/DLON/H
  233  229  226  224  222  221  219  218  216  215  215  214  214  215  215  214
  213  212  213  209  207  204  198  200  197  195  194  196  198  202  205  208
  212  216  221  226  230  234  237  241  244  247  249  252  254  257  259  262
  263  264  267  269  271  273  276  278  280  281  282  281  280  279  276  273
  269  266  261  257  251  247  242  238  233
    75.0-180.0 180.0   5.0 450.0                            LAT/LON1/LON2/DLON/H
  235  230  225  222  219  217  214  212  208  206  204  203  203  203  203  203
  203  203  203  199  197  193  190  191  188  184  184  185  186  190  196  202
  209  214  220  226  231  236  240  244  247  251  253  256  258  262  264  266
  268  269  271  272  275  278  280  284  286  289  290  291  290  289  286  282
  278  273  267  262  256  251  245  240  235
    72.5-180.0 180.0   5.0 450.0                            LAT/LON1/LON2/DLON/H
  240  235  230  226  221  216  211  207  201  195  194  194  193  192  191  192
  193  193  194  187  185  182  180  179  175  173  171  174  177  181  188  196
  204  212  219  226  232  237  241  245  249  253  257  260  262  265  268  271
  272  272  273  275  276  280  283  286  289  292  294  296  296  294  292  288
  284  278  273  267  261  255  249  244  240
    70.0-180.0 180.0   5.0 450.0                            LAT/LON1/LON2/DLON/H
  246  242  237  233  226  219  213  204  196  191  186  184  182  180  179  180
  180  180  181  175  174  170  168  166  162  163  161  163  166  173  180  190
  200  209  218  224  231  236  241  245  249  254  259  262  265  268  272  273
  273  274  274  275  276  278  281  284  288  290  293  295  295  295  293  290
  285  280  274  269  264  258  253  250  246
    67.5-180.0 180.0   5.0 450.0                            LAT/LON1/LON2/DLON/H
  249  247  242  238  231  224  216  206  198  188  181  176  171  169  169  167
  167  165  166  163  161  158  156  154  152  150  150  153  158  166  175  185
  195  205  213  220  226  231  236  241  247  252  259  264  268  271  274  275
  275  274  274  273  274  275  276  278  281  284  287  289  290  291  289  286
  282  276  272  267  263  259  256  253  249
    65.0-180.0 180.0   5.0 450.0                            LAT/LON1/LON2/DLON/H
  250  247  244  240  233  226  218  209  201  190  181  172  165  162  158  156
  155  153  153  151  148  146  145  142  142  141  142  145  152  160  169  179
  189  199  207  214  219  223  228  235  242  250  257  265  271  275  277  278
  276  275  273  272  271  271  271  271  272  275  277  279  280  280  280  277
  273  268  264  260  258  256  254  252  250
    62.5-180.0 180.0   5.0 450.0                            LAT/LON1/LON2/DLON/H
  246  243  241  236  231  225  218  210  202  192  183  172  163  155  149  145
  143  141  141  138  137  136  134  133  134  135  136  139  144  153  162  172
  181  190  198  204  208  214  220  228  238  248  258  267  275  280  282  282
  279  275  273  270  269  268  266  266  266  266  267  269  269  269  268  265
  261  258  254  251  249  248  247  247  246
    60.0-180.0 180.0   5.0 450.0                            LAT/LON1/LON2/DLON/H
  238  236  233  229  225  219  212  206  198  191  183  173  162  152  143  138
  134  131  129  127  127  126  125  126  130  130  132  135  139  145  154  162
  171  179  188  194  200  206  214  224  235  249  261  272  281  287  288  287
  283  280  276  273  270  268  267  265  262  261  260  260  260  260  258  255
  251  247  244  241  240  239  239  239  238
    57.5-180.0 180.0   5.0 450.0                            LAT/LON1/LON2/DLON/H
  229  227  225  223  219  212  205  200  194  188  180  171  161  150  141  133
  128  123  120  117  118  118  120  123  127  129  131  133  135  138  145  152
  160  169  177  185  193  202  212  225  239  253  268  280  289  295  297  295
  292  287  283  281  277  274  271  268  264  261  259  258  257  254  251  248
  244  240  237  235  234  234  233  231  229
    55.0-180.0 180.0   5.0 450.0                            LAT/LON1/LON2/DLON/H
  225  222  219  218  214  207  201  194  187  181  174  164  155  147  137  130
  123  118  116  112  112  114  119  123  129  131  133  133  133  134  138  143
  150  158  169  180  190  202  215  229  246  262  277  290  300  307  308  307
  304  300  297  293  289  285  281  276  270  267  263  261  259  255  252  248
  244  240  237  236  235  233  231  228  225
    52.5-180.0 180.0   5.0 450.0                            LAT/LON1/LON2/DLON/H
  228  224  220  217  214  209  200  190  182  174  166  156  148  139  133  126
  120  116  114  111  111  117  124  129  133  137  138  136  133  132  133  137
  143  153  165  178  192  207  223  240  256  273  289  303  314  322  323  322
  318  316  314  311  305  301  296  289  282  277  273  270  267  263  258  254
  250  246  244  242  242  239  236  232  228
    50.0-180.0 180.0   5.0 450.0                            LAT/LON1/LON2/DLON/H
  240  235  231  226  222  217  206  192  182  170  158  149  140  132  126  121
  118  114  113  114  117  124  133  139  144  147  146  143  138  135  134  135
  142  152  164  179  196  213  231  249  267  285  301  315  328  336  340  341
  338  337  336  332  326  321  314  306  298  292  287  284  281  276  270  265
  261  258  257  256  254  252  248  244  240
    47.5-180.0 180.0   5.0 450.0                            LAT/LON1/LON2/DLON/H
  259  253  248  243  240  233  219  202  187  171  156  144  136  128  122  119
  117  115  117  120  127  135  145  152  159  160  158  152  147  142  140  140
  145  155  168  183  200  219  239  260  278  295  312  327  341  352  359  364
  364  362  358  356  351  344  335  326  317  310  305  301  297  290  283  277
  273  272  271  271  272  268  267  265  259
    45.0-180.0 180.0   5.0 450.0                            LAT/LON1/LON2/DLON/H
  282  276  271  266  261  254  238  216  197  177  159  144  134  128  122  119
  119  120  123  130  139  150  162  169  174  175  171  166  159  156  152  152
  155  163  173  187  203  223  243  264  284  303  320  337  354  369  380  388
  391  389  385  382  376  367  358  348  338  330  324  318  312  303  294  287
  285  285  287  289  291  289  288  287  282
    42.5-180.0 180.0   5.0 450.0                            LAT/LON1/LON2/DLON/H
  302  297  292  288  282  273  255  231  209  187  167  150  139  131  126  123
  124  127  132  141  152  166  179  186  191  193  187  180  175  172  170  168
  169  174  181  191  206  224  246  267  287  307  327  345  366  386  401  411
  415  415  411  408  403  393  382  372  362  351  343  335  326  313  302  295
  294  298  303  307  311  309  310  308  302
    40.0-180.0 180.0   5.0 450.0                            LAT/LON1/LON2/DLON/H
  321  313  307  301  295  285  267  242  219  197  177  160  149  140  134  131
  132  136  142  152  164  179  194  204  211  211  203  198  194  192  189  187
  186  186  189  195  207  224  245  267  289  310  332  354  377  401  420  435
  437  439  435  433  427  418  408  400  391  377  365  353  341  327  314  307
  306  310  319  326  330  329  330  326  321
    37.5-180.0 180.0   5.0 450.0                            LAT/LON1/LON2/DLON/H
  335  326  317  307  298  288  270  247  225  205  187  174  163  153  146  142
  142  146  152  161  174  190  208  221  231  231  222  218  214  210  209  206
  202  197  195  198  207  221  242  265  288  312  337  361  386  412  433  448
  454  457  457  455  453  449  439  430  419  406  392  375  362  348  336  328
  325  330  339  345  351  348  348  342  335
    35.0-180.0 180.0   5.0 450.0                            LAT/LON1/LON2/DLON/H
  349  339  324  309  295  281  264  245  227  209  197  187  179  170  162  155
  152  157  161  167  179  201  219  238  252  252  243  237  232  229  227  221
  214  206  201  201  208  222  242  265  291  317  343  367  392  416  439  455
  462  468  472  476  480  480  474  462  450  437  424  408  395  382  370  364
  359  362  370  373  377  373  367  360  349
    32.5-180.0 180.0   5.0 450.0                            LAT/LON1/LON2/DLON/H
  371  357  335  313  293  274  256  238  223  212  205  199  193  186  178  169
  162  162  165  170  184  207  229  253  273  272  264  253  247  242  239  232
  221  212  205  204  210  223  243  269  297  322  345  368  391  417  441  455
  462  471  481  493  506  513  510  503  490  477  465  453  441  432  422  418
  411  410  414  412  412  404  395  386  371
    30.0-180.0 180.0   5.0 450.0                            LAT/LON1/LON2/DLON/H
  407  386  359  327  299  275  252  234  221  213  208  204  204  200  190  180
  170  165  165  172  187  212  238  269  292  292  281  268  259  252  246  237
  224  213  205  204  212  226  246  273  299  323  344  363  387  411  434  448
  457  468  485  507  530  546  550  548  538  526  516  508  502  499  491  487
  479  473  466  461  457  446  434  424  407
    27.5-180.0 180.0   5.0 450.0                            LAT/LON1/LON2/DLON/H
  459  436  403  365  324  290  263  242  228  218  211  211  213  210  201  190
  178  170  167  174  192  216  246  279  303  305  292  275  263  252  243  232
  217  206  199  201  211  228  250  274  300  322  337  354  377  400  423  439
  450  468  493  524  554  578  588  593  587  578  573  571  572  576  569  568
  557  548  534  525  516  500  487  475  459
    25.0-180.0 180.0   5.0 450.0                            LAT/LON1/LON2/DLON/H
  525  505  471  423  374  332  297  274  253  237  227  221  222  221  210  199
  186  177  172  180  200  225  254  285  308  311  297  274  257  242  229  216
  200  187  185  192  209  229  250  276  300  316  330  346  365  387  416  431
  446  470  501  538  574  604  623  633  631  628  628  633  645  653  647  651
  640  627  608  596  577  562  552  540  525
    22.5-180.0 180.0   5.0 450.0                            LAT/LON1/LON2/DLON/H
  599  585  553  502  446  397  359  331  302  275  255  241  237  235  222  211
  197  188  183  194  212  239  269  296  313  309  291  264  243  224  207  191
  174  161  163  179  202  225  247  273  296  310  323  340  355  378  407  429
  445  473  508  547  588  624  645  659  662  668  674  686  704  719  717  727
  719  703  680  665  643  628  612  605  599
    20.0-180.0 180.0   5.0 450.0                            LAT/LON1/LON2/DLON/H
  665  657  637  588  528  478  441  408  372  334  300  273  262  256  243  228
  214  206  199  211  230  256  284  304  312  299  276  246  221  198  179  164
  147  137  139  161  189  214  238  264  285  302  315  332  353  375  406  430
  450  481  515  553  593  630  651  664  673  685  700  718  738  756  763  770
  770  757  737  721  697  679  664  660  665
    17.5-180.0 180.0   5.0 450.0                            LAT/LON1/LON2/DLON/H
  710  716  698  658  601  554  527  498  457  407  359  320  300  287  273  255
  240  231  224  231  249  272  292  304  303  283  253  218  191  167  150  136
  122  114  118  138  172  200  227  252  274  294  308  329  355  383  414  440
  465  496  526  558  595  625  644  658  671  689  708  729  750  770  784  787
  781  774  760  745  724  704  695  697  710
    15.0-180.0 180.0   5.0 450.0                            LAT/LON1/LON2/DLON/H
  720  735  729  696  646  609  593  576  543  489  430  381  349  331  315  296
  279  267  258  256  267  285  298  300  288  261  223  184  156  136  123  111
  100   93   98  120  151  185  216  244  267  287  307  332  364  397  431  462
  488  517  541  565  591  617  634  650  668  691  711  729  749  771  785  787
  774  759  744  737  721  700  694  702  720
    12.5-180.0 180.0   5.0 450.0                            LAT/LON1/LON2/DLON/H
  688  707  708  681  641  620  624  626  603  556  497  443  406  384  369  350
  332  313  301  283  285  294  298  289  267  233  193  157  129  113  101   92
   83   76   83  105  137  172  206  237  264  287  313  343  379  416  453  486
  515  537  556  574  591  611  626  644  668  690  709  727  746  765  777  775
  760  738  720  713  697  678  668  669  688
    10.0-180.0 180.0   5.0 450.0                            LAT/LON1/LON2/DLON/H
  631  643  637  606  579  575  600  625  622  590  539  489  454  436  421  403
  383  346  330  309  303  299  292  273  242  204  167  134  110   96   87   81
   74   69   76   96  126  162  198  232  263  290  320  355  393  433  472  508
  538  560  576  589  599  614  629  650  672  693  710  727  743  759  768  762
  746  720  700  689  674  652  633  627  631
     7.5-180.0 180.0   5.0 450.0                            LAT/LON1/LON2/DLON/H
  577  568  540  502  472  479  519  565  589  579  545  508  483  470  458  442
  415  374  354  328  314  301  285  258  222  182  149  121  101   87   79   75
   71   70   74   90  117  151  190  226  260  292  325  361  402  442  483  526
  558  582  600  610  618  632  651  672  691  707  719  731  744  758  766  758
  737  711  690  676  658  634  609  589  577
     5.0-180.0 180.0   5.0 450.0                            LAT/LON1/LON2/DLON/H
  544  510  460  401  359  359  405  461  505  521  509  492  484  479  474  456
  426  386  363  333  314  294  274  244  207  170  140  115   96   83   78   75
   75   74   76   87  108  141  177  218  257  291  323  361  402  442  485  532
  568  598  622  633  645  663  685  708  724  732  737  742  750  764  771  763
  740  711  690  675  657  633  604  574  544
     2.5-180.0 180.0   5.0 450.0                            LAT/LON1/LON2/DLON/H
  550  494  416  332  266  254  291  351  400  431  441  446  454  463  460  446
  414  373  350  323  302  279  256  227  194  164  138  115   96   85   79   78
   80   79   79   85  104  132  169  210  249  283  317  353  390  430  473  525
  566  603  635  654  674  696  720  742  758  760  757  758  764  776  783  777
  751  720  697  681  667  647  618  586  550
