DORISInput/IGSGIM/2023/IGS0OPSFIN_20232280000_01D_02H_GIM.INX
     1.0            IONOSPHERE MAPS     MIX                 IONEX VERSION / TYPE
cmpcmb v1.2          GRL/UWM             4-sep-23 18:37     PGM / RUN BY / DATE 
ionex file containing IGS COMBINED Ionosphere maps          COMMENT             
global ionosphere maps for day 228, 2023                    DESCRIPTION         
IONEX file containing the COMBINED IGS TEC MAPS and DCBs    DESCRIPTION         
      IONEX files of the following IAACs were combined: cod DESCRIPTION         
                                                        jpl DESCRIPTION         
                                                        upc DESCRIPTION         
Contact address: Andrzej Krankowski                         DESCRIPTION
                 Geodynamics Research Laboratory            DESCRIPTION
                 University of Warmia and Mazury (GRL/UWM)  DESCRIPTION
                 Oczapowski St. 1                           DESCRIPTION
                 10-957-Olsztyn, POLAND                     DESCRIPTION
                 e-mail:  kand@uwm.edu.pl                   DESCRIPTION
                                                            DESCRIPTION         
  2023     8    16     0     0     0                        EPOCH OF FIRST MAP  
  2023     8    17     0     0     0                        EPOCH OF LAST MAP   
  7200                                                      INTERVAL            
    13                                                      # OF MAPS IN FILE   
  COSZ                                                      MAPPING FUNCTION    
     0.0                                                    ELEVATION CUTOFF    
combined TEC calculated as weighted mean of input TEC valuesOBSERVABLES USED    
   309                                                      # OF STATIONS       
    32                                                      # OF SATELLITES     
  6371.0                                                    BASE RADIUS         
     2                                                      MAP DIMENSION       
   450.0 450.0   0.0                                        HGT1 / HGT2 / DHGT  
    87.5 -87.5  -2.5                                        LAT1 / LAT2 / DLAT  
  -180.0 180.0   5.0                                        LON1 / LON2 / DLON  
    -1                                                      EXPONENT            
TEC values in 0.1 tec units;  9999, if no value available   COMMENT             
DCB values in nanoseconds, reference is Sum_of_SatDCBs = 0  COMMENT             
                                                            END OF HEADER       
[from data line 3432]
     9                                                      START OF TEC MAP    
  2023     8    16    16     0     0                        EPOCH OF CURRENT MAP
    87.5-180.0 180.0   5.0 450.0                            LAT/LON1/LON2/DLON/H
  224  226  226  227  228  230  231  232  233  234  235  236  237  237  238  238
  239  239  239  240  240  240  240  241  241  240  240  240  239  239  237  237
  235  235  234  233  232  231  231  230  228  228  227  226  225  224  223  223
  222  222  221  220  220  220  220  220  219  219  219  218  218  218  218  219
  219  220  220  220  221  222  223  223  224
    85.0-180.0 180.0   5.0 450.0                            LAT/LON1/LON2/DLON/H
  218  221  223  224  226  228  229  232  233  235  237  238  240  242  243  245
  246  247  247  248  248  248  249  249  248  248  247  246  244  243  241  240
  238  236  234  233  231  230  229  228  227  225  224  223  222  221  220  219
  218  217  216  215  214  213  212  212  211  210  209  208  207  206  206  206
  206  206  207  208  210  212  214  216  218
    82.5-180.0 180.0   5.0 450.0                            LAT/LON1/LON2/DLON/H
  209  211  213  216  218  220  223  224  226  227  231  233  235  237  241  244
  247  249  251  252  251  252  252  252  251  250  248  246  244  242  240  238
  236  233  231  229  227  226  224  223  222  221  220  220  219  219  219  218
  218  217  216  214  213  211  209  207  206  204  202  199  198  196  195  195
  195  195  197  199  201  204  205  207  209
    80.0-180.0 180.0   5.0 450.0                            LAT/LON1/LON2/DLON/H
  201  204  206  208  210  212  214  216  218  220  223  225  228  231  235  237
  241  244  246  248  249  254  253  252  251  251  249  246  243  239  236  233
  230  227  225  223  221  219  217  217  217  217  217  217  218  219  220  221
  221  221  219  218  216  213  210  207  204  201  198  194  191  188  187  186
  186  186  187  189  191  192  195  197  201
    77.5-180.0 180.0   5.0 450.0                            LAT/LON1/LON2/DLON/H
  196  198  201  204  206  208  208  208  208  210  212  214  215  218  221  225
  230  235  240  242  247  246  246  250  250  248  244  241  238  234  229  225
  223  220  218  218  216  214  213  211  212  213  214  216  218  219  221  223
  225  226  227  225  223  219  215  211  207  202  197  192  188  184  182  181
  179  179  181  181  183  185  189  191  196
    75.0-180.0 180.0   5.0 450.0                            LAT/LON1/LON2/DLON/H
  191  194  197  200  201  202  201  202  202  202  202  203  205  208  212  214
  217  224  229  238  237  241  245  245  247  247  243  239  233  228  225  222
  218  216  213  211  209  208  207  206  207  208  212  215  218  221  224  227
  229  231  234  233  231  227  223  217  211  204  198  191  186  182  179  176
  175  176  177  178  180  183  185  189  191
    72.5-180.0 180.0   5.0 450.0                            LAT/LON1/LON2/DLON/H
  189  192  195  196  198  198  197  198  197  196  195  197  200  203  203  205
  210  215  226  231  236  244  247  246  246  245  241  236  231  225  221  218
  214  211  209  208  206  205  204  203  204  206  209  212  217  221  225  229
  232  235  239  239  236  232  226  220  212  204  197  190  184  178  175  172
  171  172  174  175  178  180  181  185  189
    70.0-180.0 180.0   5.0 450.0                            LAT/LON1/LON2/DLON/H
  186  189  192  192  194  195  194  195  194  194  196  198  200  199  199  202
  206  214  226  234  241  248  250  251  248  245  239  233  228  223  218  216
  213  211  209  208  206  205  204  203  204  205  209  212  216  220  224  229
  233  236  238  238  235  230  223  216  208  198  191  184  179  174  170  168
  167  168  170  172  174  175  177  181  186
    67.5-180.0 180.0   5.0 450.0                            LAT/LON1/LON2/DLON/H
  181  183  185  189  189  191  193  195  196  197  199  199  199  199  201  206
  211  220  232  240  249  254  258  258  254  250  241  233  228  224  221  218
  217  215  215  214  211  209  208  206  207  208  210  213  216  221  225  228
  231  232  232  230  226  220  214  205  197  189  182  177  172  168  165  163
  163  163  165  167  168  169  172  176  181
    65.0-180.0 180.0   5.0 450.0                            LAT/LON1/LON2/DLON/H
  174  177  179  182  186  189  192  197  200  204  204  204  205  208  212  215
  220  229  238  248  257  263  267  266  261  257  246  238  229  227  226  223
  223  224  222  220  218  216  215  213  212  213  213  215  218  220  224  226
  227  225  222  217  212  206  200  191  185  179  172  167  163  159  156  155
  155  156  159  160  162  164  167  171  174
    62.5-180.0 180.0   5.0 450.0                            LAT/LON1/LON2/DLON/H
  168  170  173  177  182  186  191  198  204  209  210  213  215  219  224  227
  233  241  249  257  266  271  276  274  268  261  251  242  233  230  227  227
  227  227  227  225  223  220  219  218  218  218  217  218  219  221  222  222
  220  216  211  205  198  193  186  180  174  169  163  159  155  149  146  144
  145  146  149  152  154  157  161  164  168
    60.0-180.0 180.0   5.0 450.0                            LAT/LON1/LON2/DLON/H
  159  163  167  172  178  184  191  198  205  211  215  219  224  228  235  241
  249  256  265  270  276  280  282  278  272  263  254  246  238  234  230  228
  229  229  228  227  225  222  222  222  222  222  222  222  222  222  222  219
  215  210  203  195  188  181  175  170  166  161  156  151  148  142  137  135
  135  135  138  141  145  148  151  155  159
    57.5-180.0 180.0   5.0 450.0                            LAT/LON1/LON2/DLON/H
  149  155  162  169  176  183  192  199  205  211  216  221  228  235  245  254
  264  275  282  285  287  287  286  283  277  268  261  252  244  239  234  231
  230  229  227  225  225  224  224  226  228  228  228  229  228  227  225  222
  217  209  201  193  184  177  170  166  161  157  152  147  143  136  131  128
  126  126  128  132  136  139  141  144  149
    55.0-180.0 180.0   5.0 450.0                            LAT/LON1/LON2/DLON/H
  144  151  159  168  176  185  194  202  205  212  217  223  232  242  255  267
  281  291  297  299  297  292  289  288  285  278  270  261  254  247  239  234
  233  231  226  225  225  227  228  231  234  236  237  237  236  235  232  229
  224  216  207  198  190  182  175  170  164  160  154  149  144  137  131  127
  123  121  122  125  129  131  133  137  144
    52.5-180.0 180.0   5.0 450.0                            LAT/LON1/LON2/DLON/H
  139  148  159  170  177  186  196  204  209  215  221  229  238  251  265  282
  298  308  313  312  307  300  294  291  292  289  282  274  266  257  245  239
  236  233  229  227  228  231  234  238  242  245  247  247  246  246  243  240
  234  227  218  209  202  195  190  184  177  172  164  158  152  145  138  132
  127  124  122  123  125  127  129  133  139
    50.0-180.0 180.0   5.0 450.0                            LAT/LON1/LON2/DLON/H
  138  146  158  173  181  190  200  207  214  222  229  239  250  263  281  299
  315  327  330  324  316  308  301  298  300  300  298  291  282  268  253  244
  239  235  233  231  234  239  243  248  252  256  257  257  258  258  256  253
  246  240  231  223  216  210  206  201  195  189  180  171  166  158  150  144
  138  133  131  130  129  129  130  134  138
    47.5-180.0 180.0   5.0 450.0                            LAT/LON1/LON2/DLON/H
  142  148  160  175  185  195  207  214  223  233  242  253  268  282  298  318
  335  345  344  335  325  316  311  310  312  314  315  310  298  279  262  249
  242  240  237  239  242  249  255  259  263  266  268  269  270  270  269  267
  261  251  243  233  226  221  218  215  211  204  196  187  182  174  166  162
  155  149  147  145  143  140  139  140  142
    45.0-180.0 180.0   5.0 450.0                            LAT/LON1/LON2/DLON/H
  148  151  161  177  189  200  214  224  236  250  263  277  292  305  320  339
  353  361  358  349  337  328  325  327  328  332  332  326  311  290  269  255
  246  244  244  246  255  263  269  272  275  277  280  281  281  282  281  278
  270  259  249  239  231  226  225  222  219  214  207  199  195  190  185  182
  177  171  168  164  161  156  152  149  148
    42.5-180.0 180.0   5.0 450.0                            LAT/LON1/LON2/DLON/H
  156  156  162  176  191  205  221  237  254  273  289  304  320  331  345  360
  370  375  371  363  353  345  344  345  346  350  348  339  322  299  278  263
  251  248  250  258  271  280  287  287  288  290  292  294  296  295  292  286
  275  263  249  240  232  227  225  223  221  216  211  206  205  203  202  202
  200  193  188  183  179  172  167  161  156
    40.0-180.0 180.0   5.0 450.0                            LAT/LON1/LON2/DLON/H
  165  160  164  176  191  207  226  250  275  298  318  334  348  359  368  379
  384  386  382  377  370  366  365  365  367  369  362  350  329  307  289  275
  262  261  265  278  293  302  307  306  307  307  306  309  313  312  304  294
  279  264  249  237  228  222  219  217  217  214  210  209  211  214  216  217
  216  211  205  198  193  187  180  173  165
    37.5-180.0 180.0   5.0 450.0                            LAT/LON1/LON2/DLON/H
  173  166  166  174  189  205  230  262  293  323  346  364  376  385  389  392
  395  394  391  390  388  388  388  387  388  389  382  365  342  321  306  293
  284  282  287  305  322  330  332  331  329  326  326  330  333  330  320  305
  285  266  249  236  225  218  213  210  211  211  209  212  215  220  225  227
  226  223  218  210  205  198  191  182  173
    35.0-180.0 180.0   5.0 450.0                            LAT/LON1/LON2/DLON/H
  177  171  167  171  183  203  232  269  308  343  370  388  398  405  405  405
  403  402  402  405  407  412  413  411  411  413  407  391  368  347  332  319
  313  315  322  339  356  364  364  363  357  353  356  357  359  352  340  319
  296  274  256  243  230  221  214  211  211  209  210  215  219  224  230  234
  235  232  228  220  214  206  198  188  177
    32.5-180.0 180.0   5.0 450.0                            LAT/LON1/LON2/DLON/H
  180  172  167  167  178  198  229  269  313  354  383  401  410  417  415  413
  410  410  413  421  428  436  438  436  436  440  435  422  405  383  367  355
  355  357  369  380  395  407  404  400  392  388  390  393  390  378  362  336
  313  291  277  265  253  244  233  228  223  219  218  220  223  229  234  240
  243  240  233  226  218  210  201  192  180
    30.0-180.0 180.0   5.0 450.0                            LAT/LON1/LON2/DLON/H
  182  173  166  166  174  194  224  266  311  354  386  407  415  419  419  417
  417  419  426  438  448  458  461  461  463  470  470  464  451  428  413  405
  407  411  418  434  449  458  455  445  434  425  427  434  426  408  388  361
  340  325  315  308  298  287  271  260  249  241  235  232  233  237  242  248
  250  247  238  228  219  211  201  192  182
    27.5-180.0 180.0   5.0 450.0                            LAT/LON1/LON2/DLON/H
  183  174  167  165  172  190  219  259  305  348  380  400  411  416  417  419
  423  431  441  455  469  477  481  485  492  507  515  519  514  496  477  469
  471  475  480  493  501  508  508  495  479  468  467  470  460  441  417  398
  376  370  367  367  355  342  320  303  284  270  261  254  253  253  255  260
  261  256  245  231  218  210  200  192  183
    25.0-180.0 180.0   5.0 450.0                            LAT/LON1/LON2/DLON/H
  183  176  169  166  171  186  213  250  294  334  365  387  401  410  415  422
  430  444  459  474  488  496  501  510  525  551  571  585  579  569  551  539
  540  543  545  556  563  570  569  545  523  512  502  501  487  469  452  434
  420  421  423  427  413  396  374  349  322  305  292  283  279  273  272  274
  273  266  253  235  219  207  197  191  183
    22.5-180.0 180.0   5.0 450.0                            LAT/LON1/LON2/DLON/H
  184  177  170  167  170  184  209  241  281  319  349  372  389  404  416  425
  436  456  478  496  508  516  526  542  568  605  635  655  651  640  628  614
  611  610  608  616  624  625  620  586  558  545  534  530  511  495  484  467
  460  469  475  479  461  444  418  391  361  342  328  317  313  302  294  293
  288  277  260  241  222  205  196  190  184
    20.0-180.0 180.0   5.0 450.0                            LAT/LON1/LON2/DLON/H
  183  178  171  167  171  182  205  235  270  304  334  359  379  399  417  430
  445  469  497  519  533  540  555  583  621  668  698  722  717  707  697  681
  676  664  661  661  665  660  650  615  590  575  567  556  535  516  500  479
  479  494  500  497  483  469  451  422  396  378  365  355  350  336  324  314
  304  289  268  248  227  208  195  189  183
    17.5-180.0 180.0   5.0 450.0                            LAT/LON1/LON2/DLON/H
  180  174  170  167  170  182  202  232  266  298  324  349  372  396  417  435
  455  483  515  541  558  568  590  630  677  725  758  779  771  759  752  737
  721  701  694  688  683  672  661  636  618  610  597  576  549  521  488  460
  463  469  465  463  454  455  445  429  415  402  392  386  380  365  354  337
  320  302  278  254  231  209  194  186  180
    15.0-180.0 180.0   5.0 450.0                            LAT/LON1/LON2/DLON/H
  174  168  162  160  165  179  201  230  262  293  319  344  369  395  420  441
  464  496  531  559  581  597  627  677  728  776  807  814  800  786  778  764
  739  716  708  697  685  677  667  650  644  639  618  589  554  513  463  428
  418  407  397  400  398  407  411  413  413  410  404  399  393  376  365  348
  331  311  289  260  233  209  191  180  174
    12.5-180.0 180.0   5.0 450.0                            LAT/LON1/LON2/DLON/H
  164  156  151  148  156  171  196  225  259  290  318  344  371  397  423  447
  471  505  539  573  599  622  660  712  760  801  826  815  794  778  768  759
  735  716  707  694  687  683  674  660  651  644  624  592  549  500  442  396
  363  354  340  336  344  358  373  388  399  403  401  394  386  370  355  342
  331  313  289  259  230  204  186  172  164
    10.0-180.0 180.0   5.0 450.0                            LAT/LON1/LON2/DLON/H
  151  143  136  134  142  159  186  218  256  289  320  347  375  401  427  451
  475  510  544  578  609  641  683  733  773  802  809  787  761  742  737  733
  717  704  696  689  688  684  675  658  643  633  616  582  539  484  427  374
  333  315  308  308  318  332  352  375  391  399  394  382  370  352  334  321
  313  297  276  249  220  196  178  163  151
     7.5-180.0 180.0   5.0 450.0                            LAT/LON1/LON2/DLON/H
  139  128  121  118  125  144  172  209  249  287  321  351  379  406  431  456
  481  512  547  582  616  653  697  741  771  781  772  745  722  705  703  701
  696  687  681  680  682  680  669  652  637  619  597  570  528  476  419  363
  330  313  309  314  327  338  359  383  402  406  395  376  358  332  312  296
  284  270  252  231  207  186  168  152  139
     5.0-180.0 180.0   5.0 450.0                            LAT/LON1/LON2/DLON/H
  128  116  108  104  110  129  159  195  242  287  322  354  384  410  437  461
  485  513  548  585  621  658  699  734  753  748  725  696  679  673  675  677
  675  668  662  662  666  666  658  643  627  604  580  553  517  468  417  375
  355  344  342  351  365  373  392  408  422  419  401  373  349  315  289  269
  253  241  226  209  192  173  158  142  128
     2.5-180.0 180.0   5.0 450.0                            LAT/LON1/LON2/DLON/H
  120  108   99   93   96  113  144  187  234  282  322  355  387  416  442  466
  489  516  548  584  620  657  692  716  724  708  680  658  650  653  658  657
  652  646  637  635  640  640  635  621  605  581  553  530  500  460  423  399
  396  390  394  415  424  421  432  434  438  429  405  365  336  297  266  242
  224  212  199  185  172  158  146  133  120
