DORISInput/IGSGIM/2023/IGS0OPSFIN_20232220000_01D_02H_GIM.INX
     1.0            IONOSPHERE MAPS     MIX                 IONEX VERSION / TYPE
cmpcmb v1.2          GRL/UWM            28-aug-23 16:26     PGM / RUN BY / DATE 
ionex file containing IGS COMBINED Ionosphere maps          COMMENT             
global ionosphere maps for day 222, 2023                    DESCRIPTION         
IONEX file containing the COMBINED IGS TEC MAPS and DCBs    DESCRIPTION         
      IONEX files of the following IAACs were combined: cod DESCRIPTION         
                                                        jpl DESCRIPTION         
                                                        upc DESCRIPTION         
Contact address: Andrzej Krankowski                         DESCRIPTION
                 Geodynamics Research Laboratory            DESCRIPTION
                 University of Warmia and Mazury (GRL/UWM)  DESCRIPTION
                 Oczapowski St. 1                           DESCRIPTION
                 10-957-Olsztyn, POLAND                     DESCRIPTION
                 e-mail:  kand@uwm.edu.pl                   DESCRIPTION
                                                            DESCRIPTION         
  2023     8    10     0     0     0                        EPOCH OF FIRST MAP  
  2023     8    11     0     0     0                        EPOCH OF LAST MAP   
  7200                                                      INTERVAL            
    13                                                      # OF MAPS IN FILE   
  COSZ                                                      MAPPING FUNCTION    
     0.0                                                    ELEVATION CUTOFF    
combined TEC calculated as weighted mean of input TEC valuesOBSERVABLES USED    
   309                                                      # OF STATIONS       
    31                                                      # OF SATELLITES     
  6371.0                                                    BASE RADIUS         
     2                                                      MAP DIMENSION       
   450.0 450.0   0.0                                        HGT1 / HGT2 / DHGT  
    87.5 -87.5  -2.5                                        LAT1 / LAT2 / DLAT  
  -180.0 180.0   5.0                                        LON1 / LON2 / DLON  
    -1                                                      EXPONENT            
TEC values in 0.1 tec units;  9999, if no value available   COMMENT             
DCB values in nanoseconds, reference is Sum_of_SatDCBs = 0  COMMENT             
                                                            END OF HEADER       
[from data line 3861]
    10                                                      START OF TEC MAP    
  2023     8    10    18     0     0                        EPOCH OF CURRENT MAP
    87.5-180.0 180.0   5.0 450.0                            LAT/LON1/LON2/DLON/H
  183  182  182  182  181  181  181  181  181  181  180  180  180  180  180  180
  181  181  182  183  183  184  184  185  185  186  186  186  186  187  188  188
  189  189  190  191  192  193  193  193  195  196  197  197  198  198  198  198
  198  198  198  198  199  198  198  197  196  195  194  193  192  191  190  188
  188  187  186  185  185  184  184  183  183
    85.0-180.0 180.0   5.0 450.0                            LAT/LON1/LON2/DLON/H
  173  172  172  171  170  171  170  170  170  169  170  170  170  170  170  171
  171  171  172  172  173  174  175  175  176  177  179  179  181  183  185  187
  189  191  193  196  197  199  201  203  204  205  206  207  205  204  204  204
  203  203  203  203  201  200  199  196  194  192  189  187  184  182  181  179
  178  178  177  177  176  175  174  174  173
    82.5-180.0 180.0   5.0 450.0                            LAT/LON1/LON2/DLON/H
  158  158  157  157  157  158  157  157  157  158  158  159  159  160  161  161
  161  161  162  163  164  166  165  166  166  169  172  176  178  181  183  186
  188  191  193  198  199  202  204  204  207  208  209  210  210  209  208  206
  203  201  201  200  199  196  194  191  187  183  179  176  173  170  168  167
  166  165  164  163  162  160  159  159  158
    80.0-180.0 180.0   5.0 450.0                            LAT/LON1/LON2/DLON/H
  146  146  146  146  147  147  148  148  148  148  149  150  151  151  152  152
  152  153  153  153  153  156  159  167  173  176  178  179  181  183  185  187
  189  190  191  190  192  193  195  197  200  203  205  206  206  206  205  204
  201  198  195  194  192  190  186  181  177  172  168  164  160  158  155  153
  152  150  149  148  147  146  146  146  146
    77.5-180.0 180.0   5.0 450.0                            LAT/LON1/LON2/DLON/H
  139  139  141  143  144  144  145  145  145  147  148  149  151  152  153  154
  154  152  153  158  163  165  166  169  168  175  179  181  182  183  185  188
  188  188  187  188  189  189  189  191  193  195  196  198  199  199  198  198
  196  193  189  187  183  181  177  172  167  162  156  153  149  146  144  142
  141  138  137  136  136  137  138  138  139
    75.0-180.0 180.0   5.0 450.0                            LAT/LON1/LON2/DLON/H
  138  141  144  146  147  148  147  149  150  152  154  156  158  159  158  157
  157  159  161  162  166  171  177  177  180  180  182  185  186  189  190  191
  191  191  191  190  188  187  186  186  187  188  190  190  191  191  192  191
  190  186  183  180  177  172  168  162  158  153  147  143  139  136  135  135
  133  133  132  132  133  134  135  137  138
    72.5-180.0 180.0   5.0 450.0                            LAT/LON1/LON2/DLON/H
  147  150  153  154  155  156  157  159  161  163  164  167  168  168  168  169
  169  169  172  178  181  187  192  192  197  196  195  196  199  199  199  199
  198  197  195  193  191  187  186  184  184  185  185  185  185  185  185  185
  183  180  176  172  168  163  158  152  147  142  138  134  131  129  131  132
  132  133  134  135  137  140  142  144  147
    70.0-180.0 180.0   5.0 450.0                            LAT/LON1/LON2/DLON/H
  162  165  166  168  168  169  171  172  174  176  179  180  180  181  184  185
  185  186  193  196  203  208  213  212  214  215  214  211  213  211  210  209
  207  205  203  199  196  193  189  186  185  184  184  183  182  180  179  178
  176  173  168  163  158  153  148  141  136  131  128  126  124  126  128  131
  134  138  140  145  148  152  156  160  162
    67.5-180.0 180.0   5.0 450.0                            LAT/LON1/LON2/DLON/H
  178  181  182  183  184  185  185  185  187  190  192  194  196  198  199  202
  203  206  211  217  224  230  235  233  231  231  230  228  225  224  223  220
  218  216  214  209  203  200  196  191  189  187  186  184  182  178  175  172
  168  164  160  156  150  144  138  131  125  120  118  117  118  121  125  130
  136  142  148  154  160  165  170  175  178
    65.0-180.0 180.0   5.0 450.0                            LAT/LON1/LON2/DLON/H
  190  194  196  197  198  198  196  196  198  202  204  206  208  211  213  213
  215  219  224  231  238  244  249  249  245  244  243  240  237  236  236  233
  231  229  226  221  215  209  205  200  197  194  192  189  185  180  175  170
  164  158  154  150  144  137  132  123  115  111  109  109  112  115  122  128
  135  143  151  159  166  174  180  185  190
    62.5-180.0 180.0   5.0 450.0                            LAT/LON1/LON2/DLON/H
  196  201  204  207  207  207  206  205  206  209  212  215  217  220  220  220
  222  225  230  237  243  248  253  255  253  252  249  249  247  248  247  246
  245  242  238  234  229  224  217  215  210  205  203  198  193  186  179  171
  163  157  152  147  139  132  126  117  110  106  104  105  107  111  117  124
  133  141  149  158  168  175  183  189  196
    60.0-180.0 180.0   5.0 450.0                            LAT/LON1/LON2/DLON/H
  197  203  208  211  212  212  211  211  211  213  215  219  223  224  225  225
  225  227  231  236  241  245  249  252  251  251  250  249  251  253  254  257
  257  255  252  248  244  238  233  230  226  222  218  212  204  195  185  175
  168  159  154  146  138  128  122  115  109  105  102  102  103  108  113  119
  127  135  144  152  162  172  179  189  197
    57.5-180.0 180.0   5.0 450.0                            LAT/LON1/LON2/DLON/H
  194  203  209  213  214  215  214  214  214  215  218  222  225  227  228  226
  226  227  229  233  236  239  242  243  244  243  245  246  250  256  260  265
  269  269  266  263  259  254  250  246  242  237  233  226  216  206  194  183
  173  164  156  146  139  129  123  116  111  107  104  103  104  106  109  113
  120  128  135  144  154  163  174  183  194
    55.0-180.0 180.0   5.0 450.0                            LAT/LON1/LON2/DLON/H
  191  201  209  214  218  218  217  217  217  219  222  226  229  230  229  228
  226  226  227  229  231  232  233  233  234  235  238  243  250  260  267  273
  279  281  281  278  274  270  266  261  257  252  247  241  230  219  204  191
  179  168  157  149  140  131  126  120  116  112  110  109  108  107  107  109
  113  120  127  135  144  154  166  179  191
    52.5-180.0 180.0   5.0 450.0                            LAT/LON1/LON2/DLON/H
  190  202  211  219  223  225  225  225  227  227  231  233  236  235  234  231
  228  226  225  225  226  226  226  226  227  230  235  242  251  263  275  282
  288  292  292  291  289  286  282  277  271  267  261  253  243  231  214  199
  186  172  162  153  144  138  134  128  125  122  120  118  115  113  110  110
  112  116  123  128  137  148  162  176  190
    50.0-180.0 180.0   5.0 450.0                            LAT/LON1/LON2/DLON/H
  195  207  218  225  231  235  237  239  243  244  246  248  249  246  242  238
  234  230  227  224  223  222  221  221  223  228  235  244  254  266  277  286
  293  298  300  302  302  301  297  293  286  279  273  265  254  239  222  206
  191  177  167  159  152  147  143  140  138  135  132  129  126  123  120  118
  117  118  123  129  136  147  165  179  195
    47.5-180.0 180.0   5.0 450.0                            LAT/LON1/LON2/DLON/H
  203  217  227  236  244  251  255  260  263  268  271  271  269  263  256  250
  242  237  232  227  224  222  221  221  224  229  238  247  257  268  277  287
  294  300  305  308  313  314  313  308  301  293  283  273  260  245  227  210
  195  182  172  165  160  157  156  153  152  149  145  142  138  136  132  130
  127  126  129  135  142  153  170  188  203
    45.0-180.0 180.0   5.0 450.0                            LAT/LON1/LON2/DLON/H
  215  230  241  250  261  270  276  283  290  297  299  298  293  285  275  266
  257  250  242  236  231  228  226  226  230  236  244  253  261  269  275  283
  291  298  305  313  321  326  328  323  315  304  291  279  265  248  230  212
  197  185  176  170  167  166  166  165  165  162  159  155  151  148  146  144
  141  140  142  146  153  166  182  199  215
    42.5-180.0 180.0   5.0 450.0                            LAT/LON1/LON2/DLON/H
  229  244  256  268  279  290  299  308  317  325  330  328  319  310  298  286
  275  267  258  250  243  238  236  236  240  247  253  260  266  272  275  281
  288  299  309  319  330  338  342  338  329  316  300  284  269  251  232  215
  199  189  181  177  174  172  173  175  175  173  169  166  162  160  159  158
  156  156  157  161  168  179  196  213  229
    40.0-180.0 180.0   5.0 450.0                            LAT/LON1/LON2/DLON/H
  241  257  270  283  297  311  322  333  344  354  359  356  349  335  321  308
  298  288  278  269  260  254  251  251  254  259  266  272  276  277  281  287
  295  307  319  332  344  354  357  355  344  329  310  292  275  256  238  221
  205  194  186  182  179  177  179  181  181  179  175  172  171  171  172  172
  172  171  173  176  181  190  205  224  241
    37.5-180.0 180.0   5.0 450.0                            LAT/LON1/LON2/DLON/H
  248  267  281  296  310  328  342  354  367  377  384  380  372  359  345  333
  320  311  299  290  280  274  270  269  270  275  281  288  292  294  300  307
  318  331  345  356  368  375  377  374  362  344  325  305  290  268  250  230
  214  201  193  189  186  182  185  186  185  183  180  179  180  182  186  186
  187  186  187  187  190  196  210  228  248
    35.0-180.0 180.0   5.0 450.0                            LAT/LON1/LON2/DLON/H
  248  269  288  304  320  339  354  369  384  394  403  402  394  382  368  356
  345  334  324  313  304  296  291  288  288  294  302  311  319  324  334  343
  360  374  386  393  401  405  404  397  383  365  346  327  310  287  266  244
  226  212  203  197  193  189  191  191  190  188  186  186  189  194  199  200
  201  200  198  195  193  198  209  226  248
    32.5-180.0 180.0   5.0 450.0                            LAT/LON1/LON2/DLON/H
  241  265  288  307  324  343  360  377  394  407  418  421  415  404  391  380
  369  358  348  337  327  318  310  305  305  314  327  343  358  367  384  400
  421  435  439  448  448  442  436  424  408  389  370  352  332  310  286  261
  242  226  215  206  202  199  200  199  198  195  193  196  201  208  212  215
  213  210  206  199  194  193  203  219  241
    30.0-180.0 180.0   5.0 450.0                            LAT/LON1/LON2/DLON/H
  234  258  285  307  326  344  361  379  397  415  432  439  435  426  416  407
  395  384  373  362  349  339  329  322  323  336  357  385  409  426  449  477
  496  509  507  509  500  483  467  448  428  405  385  365  349  330  310  283
  261  243  232  223  217  213  212  210  207  204  205  208  215  223  227  228
  224  218  210  200  191  187  193  210  234
    27.5-180.0 180.0   5.0 450.0                            LAT/LON1/LON2/DLON/H
  224  252  281  307  328  344  363  381  400  424  445  455  454  450  442  436
  426  411  398  387  372  361  349  342  344  360  390  433  469  494  532  558
  577  590  579  571  554  542  505  465  437  409  388  372  364  348  332  307
  281  265  255  247  238  229  226  220  217  217  218  221  229  237  241  238
  231  223  212  200  189  181  184  199  224
    25.0-180.0 180.0   5.0 450.0                            LAT/LON1/LON2/DLON/H
  215  245  278  306  329  349  366  382  406  433  455  469  472  471  468  465
  455  442  426  411  398  384  372  364  370  391  425  476  521  566  606  625
  655  660  642  616  591  567  530  477  435  402  385  376  373  361  352  327
  302  288  279  270  259  247  243  233  229  230  231  235  242  249  251  246
  236  225  212  200  187  179  178  191  215
    22.5-180.0 180.0   5.0 450.0                            LAT/LON1/LON2/DLON/H
  209  240  276  306  331  351  367  384  410  439  464  483  489  492  493  493
  485  471  451  436  423  409  397  390  399  426  467  517  569  622  659  672
  696  694  679  642  608  565  525  470  420  389  374  370  368  363  357  336
  319  309  299  287  277  266  261  248  244  244  245  249  254  259  259  251
  238  224  210  197  185  176  175  186  209
    20.0-180.0 180.0   5.0 450.0                            LAT/LON1/LON2/DLON/H
  205  236  274  306  333  353  369  386  411  441  470  495  505  510  513  516
  512  497  475  462  449  432  424  420  432  464  508  553  608  653  678  688
  704  693  677  640  603  551  505  452  400  368  359  355  352  350  344  334
  328  323  314  300  291  281  276  267  264  262  261  262  263  264  260  250
  236  220  205  191  182  173  172  180  205
    17.5-180.0 180.0   5.0 450.0                            LAT/LON1/LON2/DLON/H
  202  236  272  307  334  355  371  388  411  441  472  501  517  522  527  534
  534  521  501  488  475  459  454  454  467  501  544  585  629  660  671  680
  685  673  654  615  574  528  480  428  384  352  338  332  328  326  322  323
  328  327  323  313  303  294  291  286  285  282  278  272  269  264  256  244
  231  215  199  187  176  166  165  176  202
    15.0-180.0 180.0   5.0 450.0                            LAT/LON1/LON2/DLON/H
  197  231  271  306  336  358  374  390  412  439  468  500  519  528  536  545
  547  539  524  513  501  487  486  487  500  534  573  607  635  650  651  651
  649  639  619  585  547  507  462  415  377  340  316  305  301  299  296  304
  319  329  328  321  310  304  302  300  301  298  289  279  274  263  252  239
  223  206  190  179  170  160  161  173  197
    12.5-180.0 180.0   5.0 450.0                            LAT/LON1/LON2/DLON/H
  194  226  264  303  335  359  378  395  415  440  466  493  515  527  538  548
  555  550  542  534  523  515  515  520  536  567  599  624  638  639  627  618
  610  599  584  560  534  501  461  416  375  335  303  284  278  274  274  285
  308  328  333  326  316  310  309  308  312  308  296  283  275  262  246  231
  210  192  178  168  161  155  158  170  194
    10.0-180.0 180.0   5.0 450.0                            LAT/LON1/LON2/DLON/H
  187  217  255  295  331  359  382  400  420  441  464  487  507  523  537  550
  559  561  558  554  548  543  544  555  575  601  625  640  644  633  613  596
  585  575  564  550  534  512  482  437  390  346  307  280  262  255  260  276
  301  328  340  336  323  314  313  315  320  314  300  285  273  258  240  222
  200  180  164  156  152  149  154  165  187
     7.5-180.0 180.0   5.0 450.0                            LAT/LON1/LON2/DLON/H
  175  206  246  288  328  360  387  409  429  448  467  487  504  520  535  551
  565  573  575  576  573  574  578  593  613  634  649  655  651  633  610  591
  581  573  567  559  550  538  517  476  425  376  328  293  268  256  264  289
  309  341  355  353  337  320  317  322  325  319  301  283  268  253  233  214
  192  171  153  145  144  143  147  154  175
     5.0-180.0 180.0   5.0 450.0                            LAT/LON1/LON2/DLON/H
  163  197  237  283  327  363  396  423  444  461  478  494  507  521  537  555
  571  585  593  596  597  602  611  628  647  665  671  668  659  639  619  604
  598  593  591  588  585  579  560  518  469  415  364  328  297  282  295  331
  342  366  379  374  355  331  325  324  327  320  301  278  260  245  228  208
  183  158  145  138  136  136  138  144  163
     2.5-180.0 180.0   5.0 450.0                            LAT/LON1/LON2/DLON/H
  155  190  234  280  328  371  409  441  466  483  498  511  519  532  545  563
  580  596  606  611  618  626  639  657  675  686  686  677  666  652  641  635
  634  632  632  630  627  626  608  562  507  455  413  376  346  331  353  384
  384  392  398  388  363  331  322  320  323  314  292  267  249  236  220  199
  172  147  136  130  129  129  131  138  155
