DORISInput/IGSGIM/2023/IGS0OPSFIN_20232260000_01D_02H_GIM.INX
     1.0            IONOSPHERE MAPS     MIX                 IONEX VERSION / TYPE
cmpcmb v1.2          GRL/UWM             4-sep-23 18:27     PGM / RUN BY / DATE 
ionex file containing IGS COMBINED Ionosphere maps          COMMENT             
global ionosphere maps for day 226, 2023                    DESCRIPTION         
IONEX file containing the COMBINED IGS TEC MAPS and DCBs    DESCRIPTION         
      IONEX files of the following IAACs were combined: cod DESCRIPTION         
                                                        jpl DESCRIPTION         
                                                        upc DESCRIPTION         
Contact address: Andrzej Krankowski                         DESCRIPTION
                 Geodynamics Research Laboratory            DESCRIPTION
                 University of Warmia and Mazury (GRL/UWM)  DESCRIPTION
                 Oczapowski St. 1                           DESCRIPTION
                 10-957-Olsztyn, POLAND                     DESCRIPTION
                 e-mail:  kand@uwm.edu.pl                   DESCRIPTION
                                                            DESCRIPTION         
  2023     8    14     0     0     0                        EPOCH OF FIRST MAP  
  2023     8    15     0     0     0                        EPOCH OF LAST MAP   
  7200                                                      INTERVAL            
    13                                                      # OF MAPS IN FILE   
  COSZ                                                      MAPPING FUNCTION    
     0.0                                                    ELEVATION CUTOFF    
combined TEC calculated as weighted mean of input TEC valuesOBSERVABLES USED    
   309                                                      # OF STATIONS       
    32                                                      # OF SATELLITES     
  6371.0                                                    BASE RADIUS         
     2                                                      MAP DIMENSION       
   450.0 450.0   0.0                                        HGT1 / HGT2 / DHGT  
    87.5 -87.5  -2.5                                        LAT1 / LAT2 / DLAT  
  -180.0 180.0   5.0                                        LON1 / LON2 / DLON  
    -1                                                      EXPONENT            
TEC values in 0.1 tec units;  9999, if no value available   COMMENT             
DCB values in nanoseconds, reference is Sum_of_SatDCBs = 0  COMMENT             
                                                            END OF HEADER       
[from data line 5148]
    13                                                      START OF TEC MAP    
  2023     8    15     0     0     0                        EPOCH OF CURRENT MAP
    87.5-180.0 180.0   5.0 450.0                            LAT/LON1/LON2/DLON/H
  213  213  214  214  215  215  216  216  217  216  216  216  216  216  215  215
  214  213  212  211  209  208  207  204  203  200  199  197  195  194  193  192
  191  190  188  187  186  185  184  184  184  184  184  184  184  185  186  187
  188  189  190  192  192  194  195  196  197  199  200  201  202  203  204  205
  206  207  208  209  209  211  211  212  213
    85.0-180.0 180.0   5.0 450.0                            LAT/LON1/LON2/DLON/H
  221  223  222  221  222  222  222  223  224  223  224  225  227  226  227  229
  228  227  226  226  223  221  218  214  209  205  202  199  196  193  190  187
  184  182  179  177  176  173  172  171  170  170  170  171  171  172  174  176
  179  181  184  187  190  193  195  198  200  202  204  206  208  210  211  212
  213  215  216  217  218  220  221  221  221
    82.5-180.0 180.0   5.0 450.0                            LAT/LON1/LON2/DLON/H
  222  223  223  226  226  229  232  231  234  237  239  242  242  244  243  243
  242  241  240  239  237  236  233  225  220  218  213  209  204  199  195  190
  187  182  179  174  172  170  169  169  169  169  170  171  172  174  176  177
  180  183  186  190  194  197  201  204  207  210  213  215  218  220  221  223
  224  225  225  226  226  226  225  223  222
    80.0-180.0 180.0   5.0 450.0                            LAT/LON1/LON2/DLON/H
  230  231  233  234  238  240  245  251  256  260  262  263  264  263  260  260
  258  257  255  253  250  246  243  240  235  230  223  218  212  207  202  198
  192  188  182  176  174  170  168  168  169  170  171  174  176  178  181  184
  187  190  193  197  200  205  209  213  217  221  224  226  229  232  234  235
  236  236  236  234  233  232  230  230  230
    77.5-180.0 180.0   5.0 450.0                            LAT/LON1/LON2/DLON/H
  237  236  237  240  244  249  256  261  269  273  277  280  279  275  272  269
  272  271  268  264  265  255  251  245  242  240  233  226  222  213  206  201
  198  196  193  188  186  177  172  172  174  176  178  180  182  185  187  191
  193  196  200  203  207  211  216  221  226  230  234  237  240  243  246  248
  249  249  248  246  244  242  240  238  237
    75.0-180.0 180.0   5.0 450.0                            LAT/LON1/LON2/DLON/H
  243  240  240  241  244  251  258  265  272  278  281  281  280  281  280  274
  272  269  268  265  253  245  246  243  236  232  226  223  219  215  213  202
  194  194  195  192  192  184  179  178  178  181  185  187  189  191  193  195
  198  201  203  207  210  214  219  224  230  235  240  244  249  253  257  259
  262  263  260  258  255  251  248  246  243
    72.5-180.0 180.0   5.0 450.0                            LAT/LON1/LON2/DLON/H
  252  248  245  246  248  252  258  264  270  277  281  283  284  283  280  276
  271  266  261  255  245  242  240  235  230  226  219  214  211  210  206  205
  197  192  191  192  192  190  184  183  184  186  189  191  192  194  195  197
  198  201  202  205  208  212  217  222  228  234  241  247  253  259  263  268
  273  273  270  268  264  262  259  255  252
    70.0-180.0 180.0   5.0 450.0                            LAT/LON1/LON2/DLON/H
  265  261  256  254  253  255  257  262  268  276  281  285  286  285  279  271
  265  259  254  249  241  239  235  228  225  223  214  208  204  204  201  197
  195  192  192  193  193  188  187  187  185  186  187  189  189  190  192  193
  194  196  197  199  202  206  210  216  222  229  237  244  252  259  265  275
  279  280  278  277  277  276  271  268  265
    67.5-180.0 180.0   5.0 450.0                            LAT/LON1/LON2/DLON/H
  279  276  270  265  261  260  259  261  265  272  279  284  287  283  276  268
  262  255  252  246  239  236  231  225  221  221  213  204  200  196  192  189
  186  185  187  189  189  185  183  183  181  180  180  181  181  181  181  182
  184  186  188  190  193  197  201  207  213  221  229  238  247  256  266  275
  280  283  284  284  287  288  286  283  279
    65.0-180.0 180.0   5.0 450.0                            LAT/LON1/LON2/DLON/H
  293  291  285  278  272  268  264  263  264  268  274  281  283  286  280  273
  267  259  256  250  245  239  235  228  223  220  213  204  198  190  184  181
  179  178  179  182  182  177  175  173  172  169  168  167  165  165  165  168
  169  173  175  179  184  188  192  198  204  213  221  231  242  252  263  272
  277  282  286  290  293  297  296  296  293
    62.5-180.0 180.0   5.0 450.0                            LAT/LON1/LON2/DLON/H
  306  303  298  293  286  278  272  266  265  266  270  275  279  284  284  281
  274  270  267  262  258  253  251  243  234  226  218  208  200  188  180  176
  175  174  175  175  174  168  162  160  156  154  152  149  147  147  148  150
  153  158  163  169  175  181  186  192  198  206  214  224  237  248  260  269
  273  277  285  290  296  300  302  304  306
    60.0-180.0 180.0   5.0 450.0                            LAT/LON1/LON2/DLON/H
  315  315  313  307  299  289  280  272  269  267  268  271  275  279  283  283
  282  280  280  279  276  274  271  263  254  242  229  219  206  193  184  178
  175  173  170  168  167  158  152  145  140  141  137  133  133  131  131  135
  139  144  152  160  169  177  185  191  197  204  212  223  233  247  257  267
  273  276  283  289  296  301  306  310  315
    57.5-180.0 180.0   5.0 450.0                            LAT/LON1/LON2/DLON/H
  322  324  323  319  311  301  289  281  274  270  268  269  271  274  279  282
  284  286  290  293  293  294  291  285  276  263  248  237  221  208  196  188
  180  176  169  165  163  156  147  139  133  131  127  125  122  121  121  124
  127  134  143  155  168  179  190  197  204  211  216  225  234  249  258  269
  275  277  283  288  297  305  309  315  322
    55.0-180.0 180.0   5.0 450.0                            LAT/LON1/LON2/DLON/H
  324  330  332  331  323  312  301  290  281  275  271  269  270  272  276  279
  285  290  296  302  307  309  307  302  295  282  265  253  238  223  211  200
  191  184  176  171  168  159  150  142  136  132  130  128  125  122  118  118
  120  128  140  156  172  188  201  209  217  222  227  235  243  257  267  276
  280  283  287  291  297  305  312  316  324
    52.5-180.0 180.0   5.0 450.0                            LAT/LON1/LON2/DLON/H
  326  335  340  339  336  327  316  304  293  283  276  273  272  273  276  279
  284  291  300  307  315  319  318  314  307  294  280  266  251  238  225  213
  202  192  185  179  176  166  157  150  145  142  141  139  135  131  124  120
  122  129  143  162  181  202  217  227  235  240  244  251  257  270  281  287
  289  291  294  298  302  309  318  319  326
    50.0-180.0 180.0   5.0 450.0                            LAT/LON1/LON2/DLON/H
  331  343  349  351  351  344  333  321  308  299  288  282  279  277  279  282
  287  293  303  312  321  327  327  326  319  305  293  277  262  250  237  223
  211  201  195  188  185  175  167  160  157  155  154  153  149  142  136  130
  130  137  153  171  196  219  234  246  256  261  266  269  273  281  290  294
  298  302  304  307  312  318  328  330  331
    47.5-180.0 180.0   5.0 450.0                            LAT/LON1/LON2/DLON/H
  346  356  365  367  369  363  355  344  334  320  307  297  291  288  286  287
  291  297  306  317  327  334  336  335  328  313  301  286  272  259  245  231
  218  208  203  197  195  186  178  172  168  165  166  165  160  155  150  145
  143  150  164  183  209  234  251  264  277  282  284  285  287  290  296  302
  306  312  317  320  325  333  342  347  346
    45.0-180.0 180.0   5.0 450.0                            LAT/LON1/LON2/DLON/H
  369  377  386  391  389  387  379  370  359  347  331  319  311  304  299  297
  298  304  312  324  335  342  346  342  334  316  305  291  277  263  249  235
  223  215  211  207  205  196  189  181  176  176  176  175  172  168  164  160
  159  163  174  193  219  243  261  277  292  299  300  300  302  303  307  313
  317  325  331  335  341  348  359  366  369
    42.5-180.0 180.0   5.0 450.0                            LAT/LON1/LON2/DLON/H
  393  401  411  417  417  415  408  398  387  375  358  345  335  326  320  314
  311  314  321  333  345  353  354  347  337  320  305  295  278  265  250  237
  226  221  218  217  214  205  196  189  185  185  186  184  185  183  180  176
  174  173  182  199  222  245  266  287  304  312  315  316  317  317  321  327
  332  338  346  352  359  367  377  388  393
    40.0-180.0 180.0   5.0 450.0                            LAT/LON1/LON2/DLON/H
  420  429  438  443  448  445  441  431  418  405  389  373  362  352  345  337
  330  330  335  348  359  365  364  356  342  326  309  297  281  266  252  240
  232  228  229  228  225  213  204  197  195  195  197  197  200  199  195  190
  184  182  187  201  220  243  266  290  309  319  325  327  327  327  333  339
  343  351  359  367  376  386  397  409  420
    37.5-180.0 180.0   5.0 450.0                            LAT/LON1/LON2/DLON/H
  444  456  465  471  475  473  474  465  450  434  422  407  396  383  373  363
  353  350  355  366  375  380  376  365  348  331  314  301  286  270  257  248
  242  241  242  240  237  225  214  207  206  208  210  212  214  211  206  199
  190  186  188  199  216  238  263  289  308  322  329  332  332  332  341  348
  352  360  371  381  392  404  417  431  444
    35.0-180.0 180.0   5.0 450.0                            LAT/LON1/LON2/DLON/H
  468  482  492  497  503  504  506  498  485  468  455  441  431  415  402  390
  378  373  377  386  393  395  390  376  357  339  323  308  294  279  270  261
  257  256  257  256  251  239  228  221  221  225  227  227  225  219  211  201
  192  185  185  193  207  231  257  284  304  319  328  332  333  335  341  348
  356  368  382  394  408  421  436  452  468
    32.5-180.0 180.0   5.0 450.0                            LAT/LON1/LON2/DLON/H
  491  507  519  528  533  539  537  530  517  504  490  475  464  450  433  417
  402  396  398  404  408  409  402  388  367  349  333  320  308  295  288  278
  273  271  271  270  266  255  244  239  241  244  244  239  233  223  212  200
  190  182  180  185  200  225  251  278  300  314  323  326  328  331  335  345
  359  376  393  408  423  436  452  471  491
    30.0-180.0 180.0   5.0 450.0                            LAT/LON1/LON2/DLON/H
  508  528  546  558  564  568  568  561  549  538  524  511  497  481  462  443
  424  417  416  419  420  421  413  399  378  359  346  335  325  314  306  296
  290  288  285  281  277  270  261  257  260  263  260  250  238  225  211  199
  187  180  177  182  195  219  246  274  296  310  318  320  322  325  333  348
  366  387  406  423  438  451  468  487  508
    27.5-180.0 180.0   5.0 450.0                            LAT/LON1/LON2/DLON/H
  522  545  566  584  595  599  594  595  586  572  561  545  527  509  490  469
  445  434  430  430  431  430  421  407  387  370  360  353  342  331  322  310
  304  299  294  295  293  282  280  277  278  277  272  259  242  225  210  199
  187  179  175  180  192  215  242  270  292  305  312  316  319  325  337  355
  377  401  423  441  455  468  482  501  522
    25.0-180.0 180.0   5.0 450.0                            LAT/LON1/LON2/DLON/H
  534  557  583  604  619  625  622  623  619  608  597  578  556  536  515  491
  465  450  443  442  440  434  423  409  393  384  376  369  356  343  331  319
  312  304  304  304  306  290  295  295  293  286  276  263  244  225  209  197
  187  179  174  178  190  212  237  263  285  300  306  311  319  329  344  366
  392  420  445  463  475  485  497  514  534
    22.5-180.0 180.0   5.0 450.0                            LAT/LON1/LON2/DLON/H
  546  570  592  617  636  646  650  647  646  641  630  611  589  562  537  512
  486  469  461  458  450  437  421  408  400  400  392  387  367  348  331  318
  310  303  312  310  317  288  299  305  304  291  275  261  242  223  206  194
  185  176  172  175  187  205  229  256  279  294  300  309  322  338  359  383
  413  443  470  488  497  504  512  527  546
    20.0-180.0 180.0   5.0 450.0                            LAT/LON1/LON2/DLON/H
  558  578  602  625  646  660  665  664  665  666  659  639  614  591  564  535
  510  492  483  475  462  442  422  412  409  408  400  401  374  345  325  304
  294  291  304  296  306  278  290  301  303  286  271  255  234  215  200  188
  178  171  170  171  180  194  218  243  270  285  296  310  330  353  378  403
  437  471  502  516  523  526  530  541  558
    17.5-180.0 180.0   5.0 450.0                            LAT/LON1/LON2/DLON/H
  571  588  607  629  650  666  675  676  681  685  680  666  643  623  595  563
  535  516  506  494  477  452  427  417  413  395  386  380  349  320  299  277
  260  264  273  260  271  268  275  284  289  273  258  240  221  203  189  178
  172  168  167  166  169  181  205  234  263  283  299  319  345  373  400  428
  461  496  527  543  548  549  550  559  571
    15.0-180.0 180.0   5.0 450.0                            LAT/LON1/LON2/DLON/H
  590  602  617  635  654  670  679  684  692  701  703  694  673  651  621  588
  562  542  530  514  491  460  428  406  396  369  353  331  299  273  256  239
  227  236  246  248  259  263  267  270  267  254  239  221  201  188  176  169
  167  166  163  159  157  168  194  225  258  286  309  335  367  398  427  453
  484  517  546  564  573  573  574  581  590
    12.5-180.0 180.0   5.0 450.0                            LAT/LON1/LON2/DLON/H
  615  622  633  646  661  674  681  688  700  714  721  721  707  680  644  615
  591  572  557  536  503  465  421  385  360  327  307  279  248  227  212  206
  205  216  231  247  256  261  261  259  245  231  215  201  185  174  167  165
  165  162  158  152  147  157  179  214  252  288  319  353  390  425  455  482
  509  538  566  587  595  597  601  607  615
    10.0-180.0 180.0   5.0 450.0                            LAT/LON1/LON2/DLON/H
  642  649  656  664  672  679  684  689  702  720  732  739  737  710  673  646
  620  601  583  556  516  467  410  359  316  279  260  237  208  192  186  193
  203  215  235  254  259  263  255  242  224  211  198  188  175  165  163  163
  162  159  151  142  135  142  166  204  246  287  327  368  409  448  481  507
  533  561  586  608  620  626  627  635  642
     7.5-180.0 180.0   5.0 450.0                            LAT/LON1/LON2/DLON/H
  674  679  681  684  687  689  688  689  699  719  731  740  748  732  695  672
  647  627  604  573  526  465  395  334  278  237  218  199  182  175  184  198
  212  232  251  267  270  267  251  229  212  197  187  182  170  162  160  159
  157  152  140  128  122  129  154  195  241  284  329  374  419  463  498  525
  552  579  605  627  643  651  655  662  674
     5.0-180.0 180.0   5.0 450.0                            LAT/LON1/LON2/DLON/H
  703  707  708  704  705  701  695  692  695  711  723  732  741  736  719  691
  667  642  616  580  526  456  380  311  250  209  191  181  180  186  205  220
  228  255  272  282  283  270  252  229  209  190  183  181  168  160  156  153
  147  139  127  116  111  120  147  188  235  280  326  373  420  468  504  531
  560  589  615  640  659  671  679  689  703
     2.5-180.0 180.0   5.0 450.0                            LAT/LON1/LON2/DLON/H
  725  729  730  725  723  716  707  697  690  699  712  718  727  734  728  700
  667  640  614  574  517  443  367  294  234  201  192  192  204  224  241  255
  262  281  299  290  291  273  256  232  209  189  181  178  165  154  147  141
  133  124  114  105  101  112  140  181  228  272  317  366  415  461  497  525
  557  588  616  644  666  682  697  712  725
