DORISInput/IGSGIM/2023/IGS0OPSFIN_20232280000_01D_02H_GIM.INX
     1.0            IONOSPHERE MAPS     MIX                 IONEX VERSION / TYPE
cmpcmb v1.2          GRL/UWM             4-sep-23 18:37     PGM / RUN BY / DATE 
ionex file containing IGS COMBINED Ionosphere maps          COMMENT             
global ionosphere maps for day 228, 2023                    DESCRIPTION         
IONEX file containing the COMBINED IGS TEC MAPS and DCBs    DESCRIPTION         
      IONEX files of the following IAACs were combined: cod DESCRIPTION         
                                                        jpl DESCRIPTION         
                                                        upc DESCRIPTION         
Contact address: Andrzej Krankowski                         DESCRIPTION
                 Geodynamics Research Laboratory            DESCRIPTION
                 University of Warmia and Mazury (GRL/UWM)  DESCRIPTION
                 Oczapowski St. 1                           DESCRIPTION
                 10-957-Olsztyn, POLAND                     DESCRIPTION
                 e-mail:  kand@uwm.edu.pl                   DESCRIPTION
                                                            DESCRIPTION         
  2023     8    16     0     0     0                        EPOCH OF FIRST MAP  
  2023     8    17     0     0     0                        EPOCH OF LAST MAP   
  7200                                                      INTERVAL            
    13                                                      # OF MAPS IN FILE   
  COSZ                                                      MAPPING FUNCTION    
     0.0                                                    ELEVATION CUTOFF    
combined TEC calculated as weighted mean of input TEC valuesOBSERVABLES USED    
   309                                                      # OF STATIONS       
    32                                                      # OF SATELLITES     
  6371.0                                                    BASE RADIUS         
     2                                                      MAP DIMENSION       
   450.0 450.0   0.0                                        HGT1 / HGT2 / DHGT  
    87.5 -87.5  -2.5                                        LAT1 / LAT2 / DLAT  
  -180.0 180.0   5.0                                        LON1 / LON2 / DLON  
    -1                                                      EXPONENT            
TEC values in 0.1 tec units;  9999, if no value available   COMMENT             
DCB values in nanoseconds, reference is Sum_of_SatDCBs = 0  COMMENT             
                                                            END OF HEADER       
[from data line 3861]
    10                                                      START OF TEC MAP    
  2023     8    16    18     0     0                        EPOCH OF CURRENT MAP
    87.5-180.0 180.0   5.0 450.0                            LAT/LON1/LON2/DLON/H
  247  248  248  250  250  252  253  254  254  255  257  259  260  260  262  262
  263  264  264  265  265  264  263  263  262  262  261  260  259  259  258  258
  257  256  255  255  254  254  253  252  252  252  251  250  250  250  249  249
  249  248  248  247  247  247  246  246  246  245  245  245  244  243  244  243
  243  243  244  245  244  245  245  246  247
    85.0-180.0 180.0   5.0 450.0                            LAT/LON1/LON2/DLON/H
  233  234  235  237  239  242  243  246  248  252  254  255  258  260  261  263
  265  266  266  266  267  266  264  260  257  255  254  254  252  250  248  248
  247  245  244  244  244  243  243  243  242  242  242  240  240  240  239  237
  237  237  236  235  235  233  232  231  230  229  228  227  226  226  225  225
  225  225  226  227  228  229  231  232  233
    82.5-180.0 180.0   5.0 450.0                            LAT/LON1/LON2/DLON/H
  217  217  219  220  222  224  227  230  234  236  241  243  248  250  254  255
  258  259  260  260  261  262  259  249  244  244  243  242  240  238  237  234
  233  231  230  228  228  229  228  230  229  230  230  230  229  228  227  226
  225  224  224  223  221  219  218  216  214  213  211  210  209  208  207  207
  207  207  209  210  212  213  215  216  217
    80.0-180.0 180.0   5.0 450.0                            LAT/LON1/LON2/DLON/H
  199  200  201  202  202  205  208  212  218  223  228  235  241  246  250  252
  254  256  256  255  252  249  250  237  238  236  230  227  223  219  218  215
  215  214  214  215  215  214  215  215  216  217  219  220  220  219  217  215
  214  214  214  213  211  209  207  203  200  199  197  195  195  193  193  192
  191  191  193  194  196  197  197  198  199
    77.5-180.0 180.0   5.0 450.0                            LAT/LON1/LON2/DLON/H
  184  184  183  183  185  190  194  200  207  213  219  226  228  234  239  242
  244  246  246  241  240  237  232  225  215  215  215  210  205  202  202  202
  202  200  200  200  202  203  204  205  206  208  208  210  210  210  210  208
  206  205  205  205  203  201  199  194  191  189  186  185  184  183  181  180
  180  181  182  182  183  183  184  184  184
    75.0-180.0 180.0   5.0 450.0                            LAT/LON1/LON2/DLON/H
  172  171  169  171  175  180  183  188  192  198  203  210  217  225  230  235
  238  237  236  235  228  223  220  216  208  202  197  192  190  188  186  187
  188  189  189  190  190  192  195  197  199  200  201  201  203  203  203  202
  201  200  198  198  197  193  191  187  185  183  179  178  176  174  174  173
  174  175  175  175  174  174  173  174  172
    72.5-180.0 180.0   5.0 450.0                            LAT/LON1/LON2/DLON/H
  168  167  168  171  172  173  175  178  181  187  194  203  210  218  225  231
  234  235  238  230  225  218  216  211  201  195  186  183  180  177  176  179
  181  183  184  185  186  187  189  190  193  195  196  197  198  199  200  200
  198  197  194  192  190  187  184  181  178  176  173  171  170  168  169  169
  170  172  171  170  170  169  169  168  168
    70.0-180.0 180.0   5.0 450.0                            LAT/LON1/LON2/DLON/H
  170  173  174  176  175  173  174  175  180  185  193  199  207  215  224  231
  235  241  239  234  229  222  220  211  198  192  185  180  177  177  176  177
  181  182  183  186  187  188  189  189  191  193  196  196  197  197  198  196
  194  192  189  186  183  179  176  173  171  168  166  164  163  163  164  164
  166  167  168  168  169  169  170  170  170
    67.5-180.0 180.0   5.0 450.0                            LAT/LON1/LON2/DLON/H
  179  183  186  187  186  183  182  183  187  191  196  203  209  218  227  233
  242  249  249  251  242  234  230  219  207  199  192  188  185  185  186  187
  188  190  191  192  194  194  194  194  194  196  198  199  197  196  194  192
  187  185  180  177  174  170  167  164  161  159  157  155  155  155  157  159
  160  163  165  166  169  171  173  175  179
    65.0-180.0 180.0   5.0 450.0                            LAT/LON1/LON2/DLON/H
  189  196  201  203  202  200  197  198  198  202  206  211  218  227  235  242
  252  261  270  273  264  259  252  241  228  219  212  206  201  202  204  202
  204  206  205  205  205  204  202  201  202  202  202  203  201  196  192  186
  181  175  171  167  163  159  155  152  149  147  145  145  145  146  148  150
  152  156  159  164  167  172  177  183  189
    62.5-180.0 180.0   5.0 450.0                            LAT/LON1/LON2/DLON/H
  200  208  216  219  218  216  214  211  211  213  218  224  232  241  250  256
  268  278  288  294  292  290  281  270  258  248  239  235  229  229  228  225
  224  223  220  220  218  215  213  211  212  211  209  208  203  197  191  182
  174  168  162  157  151  146  143  138  135  134  133  133  134  135  137  139
  144  147  152  158  165  172  180  190  200
    60.0-180.0 180.0   5.0 450.0                            LAT/LON1/LON2/DLON/H
  209  220  229  233  232  231  228  224  223  225  231  238  247  256  266  274
  286  296  306  311  315  313  307  296  285  276  268  264  258  254  250  247
  243  238  236  234  230  227  224  223  223  222  219  214  209  201  191  180
  173  164  157  150  143  137  134  129  127  124  123  124  124  125  126  129
  133  137  144  151  159  169  181  195  209
    57.5-180.0 180.0   5.0 450.0                            LAT/LON1/LON2/DLON/H
  213  229  238  245  245  243  239  237  235  236  243  252  261  269  282  292
  302  312  322  327  330  328  324  316  308  300  291  286  282  277  271  264
  258  253  248  244  239  236  234  234  233  232  228  222  215  204  192  182
  172  163  155  147  141  134  131  127  124  121  119  119  119  118  118  121
  126  131  136  144  153  163  178  194  213
    55.0-180.0 180.0   5.0 450.0                            LAT/LON1/LON2/DLON/H
  212  230  244  251  255  254  253  252  250  251  256  266  275  285  297  308
  319  328  336  340  341  338  335  329  324  317  309  305  300  292  286  276
  266  261  257  252  246  245  245  244  244  243  238  232  222  210  196  185
  174  165  155  147  141  136  134  131  128  124  122  121  118  116  115  118
  122  127  131  137  147  157  172  193  212
    52.5-180.0 180.0   5.0 450.0                            LAT/LON1/LON2/DLON/H
  212  231  246  258  265  267  268  268  269  270  277  282  292  301  311  324
  336  343  347  350  348  344  340  337  334  329  324  321  314  302  293  284
  271  264  260  258  255  254  255  256  255  253  250  241  230  217  203  190
  180  169  159  153  147  144  142  139  137  135  132  130  125  121  119  122
  126  129  132  136  144  155  170  190  212
    50.0-180.0 180.0   5.0 450.0                            LAT/LON1/LON2/DLON/H
  213  233  251  265  275  281  284  288  294  297  301  306  313  319  328  340
  350  356  357  357  353  349  345  344  342  340  338  338  330  313  299  288
  275  266  263  262  261  263  265  267  267  266  261  251  240  225  212  199
  187  177  169  162  158  155  155  153  151  148  146  143  140  136  132  132
  135  137  139  142  148  157  172  191  213
    47.5-180.0 180.0   5.0 450.0                            LAT/LON1/LON2/DLON/H
  218  240  260  275  289  297  305  314  321  330  334  335  338  341  347  357
  364  368  368  364  359  355  352  352  352  353  353  352  344  329  307  292
  276  267  265  265  268  274  278  280  281  278  271  260  248  234  220  208
  196  187  180  175  172  170  169  167  166  164  162  160  157  154  149  148
  148  149  149  151  156  163  177  195  218
    45.0-180.0 180.0   5.0 450.0                            LAT/LON1/LON2/DLON/H
  223  249  272  290  305  317  328  344  359  367  372  368  366  366  368  375
  380  383  380  374  367  363  362  364  365  368  368  366  355  338  314  296
  279  270  268  270  278  287  294  296  295  291  282  270  256  242  228  216
  205  198  191  187  185  184  184  180  180  179  177  175  173  171  167  166
  166  165  163  163  166  174  183  200  223
    42.5-180.0 180.0   5.0 450.0                            LAT/LON1/LON2/DLON/H
  231  259  284  307  324  339  359  379  393  403  411  408  399  393  390  395
  398  399  393  387  380  376  376  381  381  384  382  377  365  340  319  302
  286  275  275  280  292  304  313  315  312  306  293  279  264  248  234  223
  213  207  201  197  194  192  192  188  187  187  186  185  184  185  183  183
  182  181  179  177  177  181  192  208  231
    40.0-180.0 180.0   5.0 450.0                            LAT/LON1/LON2/DLON/H
  241  268  297  321  341  358  380  408  427  441  447  443  433  420  415  416
  417  416  410  403  396  393  395  399  401  401  394  382  368  343  324  310
  296  288  287  297  312  327  334  336  332  322  306  289  273  256  243  232
  220  212  205  201  198  196  195  190  188  187  189  191  193  197  198  198
  197  195  194  190  188  189  198  216  241
    37.5-180.0 180.0   5.0 450.0                            LAT/LON1/LON2/DLON/H
  247  277  308  336  355  374  396  425  451  469  477  474  461  448  438  437
  438  435  429  423  417  414  416  419  422  420  408  387  367  347  332  323
  312  307  311  323  340  353  360  360  353  339  320  300  284  268  254  240
  227  217  209  203  200  196  195  190  187  186  189  193  199  206  209  209
  208  206  203  198  194  195  203  221  247
    35.0-180.0 180.0   5.0 450.0                            LAT/LON1/LON2/DLON/H
  250  281  313  344  367  387  407  437  465  487  500  498  486  471  460  456
  458  456  452  447  442  440  440  443  445  443  431  412  382  364  355  342
  337  334  341  355  371  384  388  385  373  355  335  314  298  281  266  251
  234  222  213  207  203  200  198  193  189  188  189  194  201  208  213  215
  215  213  209  203  197  196  204  223  250
    32.5-180.0 180.0   5.0 450.0                            LAT/LON1/LON2/DLON/H
  249  281  314  345  370  390  412  439  469  494  511  513  506  491  478  479
  480  480  480  474  469  465  466  469  471  469  461  447  418  398  389  373
  369  373  379  393  405  416  417  410  394  372  349  330  312  293  281  265
  245  232  221  216  213  211  209  204  198  195  194  196  201  208  213  216
  217  215  209  202  195  193  202  222  249
    30.0-180.0 180.0   5.0 450.0                            LAT/LON1/LON2/DLON/H
  246  277  312  342  367  388  409  436  466  492  513  522  521  508  499  502
  504  508  508  505  497  490  492  497  496  498  495  488  468  444  430  417
  415  421  425  437  446  447  443  433  413  390  365  344  325  306  298  282
  262  250  240  235  233  232  230  224  217  210  204  201  202  205  210  213
  214  212  206  198  188  185  194  215  246
    27.5-180.0 180.0   5.0 450.0                            LAT/LON1/LON2/DLON/H
  238  272  307  338  363  382  403  429  459  485  508  527  534  528  522  526
  529  534  538  536  527  517  520  526  526  532  536  534  520  496  483  481
  476  480  482  491  494  483  469  454  430  402  375  353  336  324  314  302
  285  274  267  264  261  260  257  250  241  229  219  211  207  206  206  207
  207  205  200  192  180  177  185  206  238
    25.0-180.0 180.0   5.0 450.0                            LAT/LON1/LON2/DLON/H
  229  263  300  329  355  376  398  422  450  478  501  525  542  545  544  548
  553  562  568  568  561  553  556  563  568  579  588  593  579  561  550  551
  546  547  541  546  546  536  498  473  436  402  374  354  347  341  334  323
  310  300  295  295  294  289  285  278  265  251  238  224  215  210  205  203
  201  199  194  185  173  169  176  196  229
    22.5-180.0 180.0   5.0 450.0                            LAT/LON1/LON2/DLON/H
  219  254  290  321  347  369  392  416  442  470  495  521  545  557  564  571
  580  594  601  604  599  595  601  611  623  639  654  659  648  634  629  623
  620  615  609  600  592  571  527  485  440  399  368  355  354  354  347  338
  329  322  320  321  322  316  310  305  291  276  259  241  229  217  208  201
  197  193  186  176  166  162  167  188  219
    20.0-180.0 180.0   5.0 450.0                            LAT/LON1/LON2/DLON/H
  211  244  282  313  341  365  389  412  437  463  491  520  546  568  582  593
  606  625  637  642  641  643  654  669  688  709  723  729  720  711  707  696
  691  677  665  648  619  590  540  496  445  391  363  356  361  359  351  346
  341  339  341  342  345  338  331  331  316  300  283  265  248  229  215  203
  194  187  179  168  159  153  160  180  211
    17.5-180.0 180.0   5.0 450.0                            LAT/LON1/LON2/DLON/H
  202  238  274  308  338  363  389  413  436  460  489  521  549  577  600  615
  634  657  673  681  682  691  707  730  757  780  789  788  782  774  766  752
  746  730  698  665  630  593  546  497  441  390  361  357  363  358  350  350
  352  351  355  360  362  353  346  349  335  320  308  292  270  246  226  211
  197  186  174  162  152  146  152  172  202
    15.0-180.0 180.0   5.0 450.0                            LAT/LON1/LON2/DLON/H
  190  227  267  303  335  365  392  416  441  464  488  520  551  582  611  634
  658  684  705  716  723  740  760  785  814  833  831  824  813  802  791  781
  770  740  701  667  631  594  551  502  441  390  366  358  352  343  335  337
  348  356  361  368  369  359  351  351  339  329  324  312  291  264  240  223
  205  187  172  158  148  141  145  162  190
    12.5-180.0 180.0   5.0 450.0                            LAT/LON1/LON2/DLON/H
  178  214  256  294  330  364  396  423  445  466  489  516  547  582  616  647
  675  705  728  742  757  777  798  823  847  854  841  822  807  791  781  773
  758  725  694  665  631  598  560  507  442  396  371  350  332  316  307  315
  328  345  358  366  366  357  349  343  332  326  323  315  297  273  248  227
  204  184  168  156  145  138  139  153  178
    10.0-180.0 180.0   5.0 450.0                            LAT/LON1/LON2/DLON/H
  168  202  243  285  324  361  396  426  450  469  489  513  543  580  617  653
  686  719  744  762  782  800  814  831  845  843  820  792  772  757  751  742
  730  707  684  660  633  607  573  515  452  407  372  344  315  296  284  289
  308  333  353  361  359  352  344  334  323  317  313  305  288  267  243  222
  200  180  165  153  143  135  135  145  168
     7.5-180.0 180.0   5.0 450.0                            LAT/LON1/LON2/DLON/H
  161  192  233  278  317  356  395  428  455  474  492  514  541  577  615  653
  690  726  755  776  793  803  809  815  816  802  775  747  729  720  715  711
  703  684  667  650  632  612  585  537  471  423  382  346  311  292  277  276
  298  330  353  365  364  358  350  332  318  307  299  288  273  254  232  212
  189  171  158  148  139  133  132  139  161
     5.0-180.0 180.0   5.0 450.0                            LAT/LON1/LON2/DLON/H
  156  189  230  272  315  354  394  434  461  482  498  517  540  573  610  648
  684  722  752  775  785  790  791  786  774  750  721  697  686  686  686  681
  671  656  644  634  623  607  584  544  491  438  394  361  330  315  296  289
  307  344  367  378  378  371  363  339  315  298  285  272  254  236  216  198
  176  159  149  142  136  132  131  138  156
     2.5-180.0 180.0   5.0 450.0                            LAT/LON1/LON2/DLON/H
  156  186  226  272  315  357  398  439  472  494  511  524  544  571  604  637
  672  704  732  755  763  764  760  746  726  701  673  657  657  665  667  657
  641  628  618  612  606  593  574  540  497  447  411  384  362  342  327  318
  336  370  385  391  387  378  371  344  314  290  271  254  234  213  194  177
  162  147  140  138  136  133  133  139  156
