DORISInput/IGSGIM/2023/IGS0OPSFIN_20232220000_01D_02H_GIM.INX
     1.0            IONOSPHERE MAPS     MIX                 IONEX VERSION / TYPE
cmpcmb v1.2          GRL/UWM            28-aug-23 16:26     PGM / RUN BY / DATE 
ionex file containing IGS COMBINED Ionosphere maps          COMMENT             
global ionosphere maps for day 222, 2023                    DESCRIPTION         
IONEX file containing the COMBINED IGS TEC MAPS and DCBs    DESCRIPTION         
      IONEX files of the following IAACs were combined: cod DESCRIPTION         
                                                        jpl DESCRIPTION         
                                                        upc DESCRIPTION         
Contact address: Andrzej Krankowski                         DESCRIPTION
                 Geodynamics Research Laboratory            DESCRIPTION
                 University of Warmia and Mazury (GRL/UWM)  DESCRIPTION
                 Oczapowski St. 1                           DESCRIPTION
                 10-957-Olsztyn, POLAND                     DESCRIPTION
                 e-mail:  kand@uwm.edu.pl                   DESCRIPTION
                                                            DESCRIPTION         
  2023     8    10     0     0     0                        EPOCH OF FIRST MAP  
  2023     8    11     0     0     0                        EPOCH OF LAST MAP   
  7200                                                      INTERVAL            
    13                                                      # OF MAPS IN FILE   
  COSZ                                                      MAPPING FUNCTION    
     0.0                                                    ELEVATION CUTOFF    
combined TEC calculated as weighted mean of input TEC valuesOBSERVABLES USED    
   309                                                      # OF STATIONS       
    31                                                      # OF SATELLITES     
  6371.0                                                    BASE RADIUS         
     2                                                      MAP DIMENSION       
   450.0 450.0   0.0                                        HGT1 / HGT2 / DHGT  
    87.5 -87.5  -2.5                                        LAT1 / LAT2 / DLAT  
  -180.0 180.0   5.0                                        LON1 / LON2 / DLON  
    -1                                                      EXPONENT            
TEC values in 0.1 tec units;  9999, if no value available   COMMENT             
DCB values in nanoseconds, reference is Sum_of_SatDCBs = 0  COMMENT             
                                                            END OF HEADER       
[from data line 2574]
     7                                                      START OF TEC MAP    
  2023     8    10    12     0     0                        EPOCH OF CURRENT MAP
    87.5-180.0 180.0   5.0 450.0                            LAT/LON1/LON2/DLON/H
  187  188  188  189  189  189  189  190  190  191  191  192  192  192  192  193
  194  194  195  196  196  197  197  198  198  198  199  199  198  199  198  198
  197  197  197  197  196  195  195  194  193  192  192  191  190  190  188  188
  186  186  185  184  184  183  183  183  183  183  183  183  183  183  183  184
  184  185  185  185  186  187  187  187  187
    85.0-180.0 180.0   5.0 450.0                            LAT/LON1/LON2/DLON/H
  185  185  185  186  186  187  187  187  188  187  188  188  189  189  189  190
  191  192  193  194  195  196  197  199  199  199  199  201  201  201  202  202
  201  202  201  201  200  199  198  196  195  193  191  189  188  186  186  185
  184  183  182  181  180  180  179  178  178  178  179  179  179  180  180  180
  181  181  182  182  183  183  184  184  185
    82.5-180.0 180.0   5.0 450.0                            LAT/LON1/LON2/DLON/H
  183  182  183  183  184  184  185  186  186  186  186  186  186  186  185  185
  184  184  185  186  188  189  192  192  192  194  196  199  201  204  205  206
  206  207  207  206  205  203  201  199  196  194  192  190  188  186  185  184
  184  184  183  184  183  183  182  183  182  182  182  182  182  182  182  182
  182  182  181  181  182  182  182  182  183
    80.0-180.0 180.0   5.0 450.0                            LAT/LON1/LON2/DLON/H
  180  179  179  180  179  180  179  180  180  179  179  179  178  178  177  177
  176  175  174  174  173  176  180  182  185  186  188  191  195  199  201  205
  208  209  210  209  208  207  204  201  198  195  192  190  189  188  187  187
  188  189  190  192  193  194  195  196  195  195  194  193  192  191  190  189
  187  186  185  183  182  181  180  180  180
    77.5-180.0 180.0   5.0 450.0                            LAT/LON1/LON2/DLON/H
  177  176  177  176  176  176  175  175  175  175  175  174  172  170  169  166
  164  163  163  161  162  164  166  167  169  173  178  184  189  195  203  209
  212  214  215  215  214  213  210  207  204  200  197  195  194  194  194  196
  198  200  204  207  210  213  215  216  216  215  214  211  209  205  202  199
  195  192  189  185  182  181  178  177  177
    75.0-180.0 180.0   5.0 450.0                            LAT/LON1/LON2/DLON/H
  173  173  173  173  173  172  172  172  173  172  170  167  165  162  158  156
  154  152  150  148  151  153  154  157  161  164  170  177  183  191  199  207
  216  222  225  226  224  222  220  216  213  210  207  206  205  206  208  212
  215  220  224  229  233  236  238  239  239  237  235  230  226  221  215  208
  203  197  191  186  182  179  177  175  173
    72.5-180.0 180.0   5.0 450.0                            LAT/LON1/LON2/DLON/H
  169  168  168  168  169  170  170  170  170  169  166  163  159  155  152  148
  144  141  140  141  143  145  146  149  154  160  166  174  182  191  198  208
  219  226  232  234  235  234  231  228  225  223  222  221  221  224  227  230
  235  241  246  251  255  259  260  260  258  255  250  245  239  230  222  214
  206  199  190  184  180  177  174  171  169
    70.0-180.0 180.0   5.0 450.0                            LAT/LON1/LON2/DLON/H
  159  160  160  161  162  163  165  166  166  165  162  160  155  151  146  142
  141  138  137  138  140  142  143  148  153  160  166  173  184  192  203  213
  223  232  239  243  245  245  244  242  240  239  238  237  239  241  246  249
  253  260  265  269  271  274  274  271  268  263  257  250  242  233  224  214
  204  195  187  179  175  171  166  162  159
    67.5-180.0 180.0   5.0 450.0                            LAT/LON1/LON2/DLON/H
  144  145  147  149  150  153  156  158  159  160  158  156  153  149  145  143
  141  139  139  139  142  143  146  151  157  163  169  176  186  196  207  217
  228  238  246  251  254  257  257  257  255  255  255  255  255  258  261  263
  267  270  273  275  276  277  274  271  266  260  252  244  234  226  217  207
  199  188  180  172  165  159  152  148  144
    65.0-180.0 180.0   5.0 450.0                            LAT/LON1/LON2/DLON/H
  129  128  128  131  134  138  143  147  151  152  152  153  151  149  147  145
  144  143  143  145  148  150  154  156  162  168  173  181  189  200  211  221
  232  243  251  257  262  266  268  268  268  269  269  270  270  270  271  272
  273  271  271  271  270  266  263  258  252  245  237  228  219  212  203  195
  188  179  172  163  155  147  140  134  129
    62.5-180.0 180.0   5.0 450.0                            LAT/LON1/LON2/DLON/H
  119  112  110  111  113  120  126  132  138  142  145  147  148  148  147  148
  148  149  149  151  154  157  160  163  167  172  178  185  192  204  216  227
  238  248  256  263  269  273  275  276  279  281  281  282  281  279  278  276
  272  266  262  258  254  249  244  239  232  225  217  210  202  195  188  182
  175  171  165  160  150  142  133  125  119
    60.0-180.0 180.0   5.0 450.0                            LAT/LON1/LON2/DLON/H
  115  103   98   94   96  100  106  114  122  128  132  137  141  143  145  148
  150  152  153  155  158  160  163  166  170  174  180  187  195  207  219  232
  245  254  262  269  274  278  282  285  288  291  292  292  290  287  283  276
  269  260  252  245  237  231  226  220  214  208  202  195  188  182  175  170
  166  163  161  155  149  140  132  122  115
    57.5-180.0 180.0   5.0 450.0                            LAT/LON1/LON2/DLON/H
  115  102   92   86   83   85   90   96  103  110  117  123  129  135  141  145
  148  151  154  156  158  160  163  166  169  174  181  189  197  208  223  237
  251  261  269  276  281  284  288  293  297  300  302  301  298  293  286  277
  267  256  247  237  228  219  213  208  203  199  194  190  183  177  171  166
  163  161  160  156  150  144  135  123  115
    55.0-180.0 180.0   5.0 450.0                            LAT/LON1/LON2/DLON/H
  121  105   94   85   79   78   80   84   89   94  101  108  115  123  131  139
  143  148  151  153  155  157  160  164  167  173  181  189  198  210  226  242
  257  267  276  283  288  293  297  302  306  309  311  311  307  301  291  282
  270  258  247  236  228  218  212  208  205  203  200  196  191  184  179  174
  170  166  163  161  155  148  141  130  121
    52.5-180.0 180.0   5.0 450.0                            LAT/LON1/LON2/DLON/H
  131  114  102   94   86   82   81   82   84   87   92   96  103  112  122  130
  137  143  147  149  152  154  157  162  166  172  179  187  198  209  227  246
  262  274  285  293  300  305  310  314  317  320  322  321  318  312  301  290
  278  267  255  246  238  231  226  222  219  218  216  214  210  204  198  192
  185  179  173  167  163  156  149  140  131
    50.0-180.0 180.0   5.0 450.0                            LAT/LON1/LON2/DLON/H
  141  128  116  107  101   95   90   87   87   88   91   93   98  104  113  123
  131  139  145  148  151  153  158  163  166  173  179  187  198  212  231  251
  268  282  294  305  313  320  326  330  332  334  334  333  330  324  313  302
  292  281  271  263  255  249  244  242  241  240  239  237  233  228  221  213
  204  195  187  179  172  167  159  150  141
    47.5-180.0 180.0   5.0 450.0                            LAT/LON1/LON2/DLON/H
  152  141  131  123  116  109  102   97   95   96   96   97   99  103  110  120
  131  139  146  151  155  158  163  168  172  179  184  191  201  214  234  256
  272  288  304  317  328  338  345  350  351  352  351  348  344  336  326  316
  307  297  290  282  274  267  262  260  260  260  259  259  255  250  242  234
  223  211  200  190  183  176  168  160  152
    45.0-180.0 180.0   5.0 450.0                            LAT/LON1/LON2/DLON/H
  160  151  143  136  129  123  116  110  107  106  106  105  105  107  112  121
  133  144  152  159  164  168  174  178  182  187  192  197  207  218  236  259
  275  293  312  330  346  360  369  373  375  375  371  366  361  353  341  332
  321  314  306  298  289  280  275  273  273  273  272  272  271  267  260  251
  240  226  213  201  192  184  176  168  160
    42.5-180.0 180.0   5.0 450.0                            LAT/LON1/LON2/DLON/H
  165  157  150  144  139  135  129  124  121  120  118  116  115  114  118  126
  137  152  163  171  177  182  187  191  195  199  202  207  213  224  239  258
  276  297  322  344  366  383  397  401  402  399  395  388  381  372  359  346
  335  327  318  309  298  286  280  277  277  276  275  276  277  276  271  262
  252  238  224  209  199  190  181  173  165
    40.0-180.0 180.0   5.0 450.0                            LAT/LON1/LON2/DLON/H
  170  160  155  150  146  144  140  136  134  133  131  129  126  125  125  132
  144  160  173  185  192  198  203  206  209  212  214  216  221  230  244  261
  280  302  330  361  387  409  425  432  433  430  422  415  405  393  379  365
  351  341  329  319  303  290  282  279  277  275  272  274  277  278  275  269
  261  249  235  219  208  196  188  177  170
    37.5-180.0 180.0   5.0 450.0                            LAT/LON1/LON2/DLON/H
  175  163  158  153  150  150  148  145  144  145  145  143  139  134  133  139
  151  168  183  198  207  214  218  221  223  224  225  227  230  237  250  268
  289  314  344  376  407  433  452  463  467  463  458  445  433  418  401  386
  370  359  347  331  313  298  289  285  281  276  273  274  277  280  279  278
  273  263  250  233  217  203  194  182  175
    35.0-180.0 180.0   5.0 450.0                            LAT/LON1/LON2/DLON/H
  182  169  163  158  155  153  153  151  151  154  157  156  151  146  142  145
  157  174  191  208  219  227  232  233  233  234  234  235  238  245  258  276
  302  328  360  394  430  459  481  496  500  498  493  481  466  447  432  413
  399  388  373  356  336  320  309  304  297  290  285  284  286  290  291  292
  290  282  271  253  236  219  206  192  182
    32.5-180.0 180.0   5.0 450.0                            LAT/LON1/LON2/DLON/H
  195  182  173  165  161  158  157  155  155  159  164  165  161  156  150  151
  160  179  199  216  228  236  240  241  240  239  240  242  247  253  269  289
  316  347  379  417  452  486  510  527  531  531  526  514  501  484  467  449
  440  431  417  400  379  365  352  345  335  322  311  306  308  311  313  316
  315  308  297  279  261  242  225  207  195
    30.0-180.0 180.0   5.0 450.0                            LAT/LON1/LON2/DLON/H
  220  199  188  177  169  166  163  160  159  163  168  171  169  164  157  155
  163  182  203  220  233  241  244  244  243  241  244  249  256  266  282  306
  336  369  403  441  477  505  534  553  560  559  557  548  537  525  508  495
  497  492  481  467  447  434  417  408  392  372  354  343  341  343  345  348
  346  339  326  311  293  273  253  234  220
    27.5-180.0 180.0   5.0 450.0                            LAT/LON1/LON2/DLON/H
  250  225  207  194  183  176  172  168  165  167  172  175  175  170  163  158
  164  183  204  221  233  242  246  244  243  243  248  258  268  281  300  328
  362  398  433  469  500  528  553  574  584  585  580  573  569  563  558  554
  565  569  565  555  535  519  499  486  460  432  405  388  381  379  379  382
  377  368  357  345  331  310  288  267  250
    25.0-180.0 180.0   5.0 450.0                            LAT/LON1/LON2/DLON/H
  285  258  237  217  203  193  185  180  176  175  177  179  179  174  166  159
  165  184  204  220  231  240  245  243  243  246  255  268  282  299  323  356
  394  432  465  498  525  550  572  589  599  600  597  593  595  598  610  626
  643  656  656  652  633  613  587  569  532  493  456  431  418  413  410  410
  400  390  381  376  365  347  325  303  285
    22.5-180.0 180.0   5.0 450.0                            LAT/LON1/LON2/DLON/H
  319  293  268  243  226  214  204  196  190  185  184  184  181  175  166  161
  166  182  201  218  230  236  240  241  244  252  265  282  299  321  349  385
  429  467  499  528  552  574  587  601  609  611  613  614  617  631  656  687
  712  734  739  738  724  691  670  641  598  546  499  469  449  438  428  424
  408  398  391  392  388  377  356  337  319
    20.0-180.0 180.0   5.0 450.0                            LAT/LON1/LON2/DLON/H
  344  322  296  270  251  237  225  214  204  196  191  187  183  174  166  162
  166  180  198  215  227  232  237  240  248  262  279  299  322  349  380  417
  460  496  532  555  571  587  598  609  616  618  623  631  640  659  689  725
  752  782  793  789  772  739  715  684  641  580  524  487  460  442  429  416
  395  382  380  386  393  390  376  358  344
    17.5-180.0 180.0   5.0 450.0                            LAT/LON1/LON2/DLON/H
  360  341  316  291  271  257  245  231  219  207  198  190  183  173  164  161
  163  176  194  212  224  231  236  244  257  275  298  323  350  379  410  447
  490  527  554  572  586  596  602  610  618  621  627  642  657  679  710  741
  765  792  802  799  780  749  719  686  642  581  523  479  444  423  408  387
  365  345  345  361  378  386  381  369  360
    15.0-180.0 180.0   5.0 450.0                            LAT/LON1/LON2/DLON/H
  359  349  327  305  288  274  259  245  230  215  203  193  183  171  163  158
  160  170  188  206  219  227  236  249  267  292  319  347  378  409  441  478
  516  549  571  584  594  600  604  611  619  622  631  651  671  692  716  738
  755  768  772  764  746  723  692  658  615  559  503  455  414  389  370  346
  316  299  300  320  347  363  367  362  359
    12.5-180.0 180.0   5.0 450.0                            LAT/LON1/LON2/DLON/H
  343  344  328  310  296  284  269  253  237  223  208  196  183  170  159  153
  154  162  179  199  211  222  236  255  279  308  338  373  407  438  471  505
  539  568  586  596  604  609  615  619  625  629  643  662  680  697  709  718
  723  723  720  708  694  677  653  623  589  540  484  432  386  355  330  304
  273  253  253  277  306  330  339  342  343
    10.0-180.0 180.0   5.0 450.0                            LAT/LON1/LON2/DLON/H
  325  326  314  300  292  283  270  254  239  224  211  197  183  168  156  148
  146  154  170  190  204  218  237  261  291  325  358  393  426  463  496  528
  560  587  601  611  618  623  632  636  642  647  659  673  688  698  699  694
  686  678  671  659  648  637  621  601  574  533  480  426  377  337  307  282
  248  228  227  249  276  301  316  322  325
     7.5-180.0 180.0   5.0 450.0                            LAT/LON1/LON2/DLON/H
  307  299  289  278  277  273  262  246  234  222  209  196  182  166  153  142
  139  146  162  183  200  218  240  269  303  339  376  409  443  479  514  547
  577  600  616  626  631  640  650  654  660  667  674  684  695  698  691  677
  665  652  643  633  624  617  609  597  575  541  493  442  393  349  317  291
  262  238  232  246  269  293  307  308  307
     5.0-180.0 180.0   5.0 450.0                            LAT/LON1/LON2/DLON/H
  303  283  271  259  259  258  247  234  223  214  203  191  180  163  148  135
  132  138  155  177  199  220  245  278  315  353  389  423  456  490  525  558
  583  604  620  630  638  647  660  670  678  685  687  695  701  698  687  674
  663  650  642  632  625  620  617  611  594  568  528  479  429  386  357  334
  303  274  263  270  284  305  316  309  303
     2.5-180.0 180.0   5.0 450.0                            LAT/LON1/LON2/DLON/H
  318  283  263  251  247  243  234  221  211  203  193  184  172  157  143  130
  124  130  148  173  198  224  253  287  325  364  399  431  462  495  527  558
  582  602  616  626  634  645  658  671  684  692  694  698  699  694  687  679
  673  668  660  650  643  637  638  635  625  603  570  527  479  438  413  392
  359  331  317  317  320  336  344  331  318
