DORISInput/IGSGIM/2023/IGS0OPSFIN_20232270000_01D_02H_GIM.INX
     1.0            IONOSPHERE MAPS     MIX                 IONEX VERSION / TYPE
cmpcmb v1.2          GRL/UWM             4-sep-23 18:32     PGM / RUN BY / DATE 
ionex file containing IGS COMBINED Ionosphere maps          COMMENT             
global ionosphere maps for day 227, 2023                    DESCRIPTION         
IONEX file containing the COMBINED IGS TEC MAPS and DCBs    DESCRIPTION         
      IONEX files of the following IAACs were combined: cod DESCRIPTION         
                                                        jpl DESCRIPTION         
                                                        upc DESCRIPTION         
Contact address: Andrzej Krankowski                         DESCRIPTION
                 Geodynamics Research Laboratory            DESCRIPTION
                 University of Warmia and Mazury (GRL/UWM)  DESCRIPTION
                 Oczapowski St. 1                           DESCRIPTION
                 10-957-Olsztyn, POLAND                     DESCRIPTION
                 e-mail:  kand@uwm.edu.pl                   DESCRIPTION
                                                            DESCRIPTION         
  2023     8    15     0     0     0                        EPOCH OF FIRST MAP  
  2023     8    16     0     0     0                        EPOCH OF LAST MAP   
  7200                                                      INTERVAL            
    13                                                      # OF MAPS IN FILE   
  COSZ                                                      MAPPING FUNCTION    
     0.0                                                    ELEVATION CUTOFF    
combined TEC calculated as weighted mean of input TEC valuesOBSERVABLES USED    
   308                                                      # OF STATIONS       
    32                                                      # OF SATELLITES     
  6371.0                                                    BASE RADIUS         
     2                                                      MAP DIMENSION       
   450.0 450.0   0.0                                        HGT1 / HGT2 / DHGT  
    87.5 -87.5  -2.5                                        LAT1 / LAT2 / DLAT  
  -180.0 180.0   5.0                                        LON1 / LON2 / DLON  
    -1                                                      EXPONENT            
TEC values in 0.1 tec units;  9999, if no value available   COMMENT             
DCB values in nanoseconds, reference is Sum_of_SatDCBs = 0  COMMENT             
                                                            END OF HEADER       
[from data line 3003]
     8                                                      START OF TEC MAP    
  2023     8    15    14     0     0                        EPOCH OF CURRENT MAP
    87.5-180.0 180.0   5.0 450.0                            LAT/LON1/LON2/DLON/H
  211  211  210  210  210  210  210  210  211  210  212  212  212  213  213  214
  214  215  216  216  217  218  218  219  219  220  220  220  220  220  220  220
  220  219  219  218  218  218  218  217  218  217  217  217  217  216  217  217
  217  217  218  217  217  217  217  217  217  217  217  216  216  216  214  214
  213  213  212  212  211  211  211  211  211
    85.0-180.0 180.0   5.0 450.0                            LAT/LON1/LON2/DLON/H
  205  205  204  203  203  203  203  204  205  205  206  207  208  208  210  211
  213  214  216  219  220  221  222  223  224  224  225  225  225  225  226  226
  226  227  227  227  227  227  226  226  224  223  222  222  221  220  220  220
  220  222  222  223  223  224  224  224  224  223  223  222  221  219  218  217
  216  215  214  212  210  209  208  206  205
    82.5-180.0 180.0   5.0 450.0                            LAT/LON1/LON2/DLON/H
  201  200  200  199  199  200  200  201  202  203  204  206  208  209  211  212
  214  215  217  218  221  224  227  227  227  228  228  228  229  230  231  231
  231  231  231  231  231  230  229  228  228  227  227  226  226  226  225  226
  226  228  230  231  233  234  235  236  236  236  234  233  231  229  228  225
  222  219  217  213  210  208  206  203  201
    80.0-180.0 180.0   5.0 450.0                            LAT/LON1/LON2/DLON/H
  200  199  198  198  198  199  201  203  205  207  208  209  210  211  212  213
  214  215  216  217  219  222  228  226  228  230  231  232  233  234  234  236
  237  238  237  235  233  233  231  231  230  229  227  227  227  228  229  230
  233  235  238  242  245  248  250  251  252  252  250  248  245  242  239  235
  231  227  222  217  212  208  205  202  200
    77.5-180.0 180.0   5.0 450.0                            LAT/LON1/LON2/DLON/H
  199  196  196  194  196  199  201  204  206  209  210  212  214  215  216  217
  218  219  220  220  220  222  225  229  229  231  234  235  237  238  240  241
  241  241  239  238  236  233  231  228  228  227  227  227  228  229  232  235
  239  244  248  253  258  262  266  269  269  269  268  265  261  256  252  246
  240  234  228  220  214  208  204  200  199
    75.0-180.0 180.0   5.0 450.0                            LAT/LON1/LON2/DLON/H
  194  192  190  191  192  196  201  206  209  213  215  218  220  221  221  221
  221  221  222  222  224  225  227  230  232  233  235  239  240  244  246  245
  245  245  243  240  237  234  231  229  227  227  227  228  229  232  236  241
  246  252  258  264  270  276  280  283  285  285  283  279  273  267  260  253
  246  238  230  221  213  206  201  198  194
    72.5-180.0 180.0   5.0 450.0                            LAT/LON1/LON2/DLON/H
  186  186  187  187  190  194  201  207  212  216  219  223  224  225  224  224
  225  225  224  227  228  228  231  233  236  236  239  241  243  245  246  248
  248  247  245  243  240  236  233  231  230  229  230  232  234  238  242  248
  254  259  265  271  278  283  288  292  294  294  291  288  280  272  263  254
  245  237  228  215  207  200  196  190  186
    70.0-180.0 180.0   5.0 450.0                            LAT/LON1/LON2/DLON/H
  176  176  179  180  183  189  196  204  210  216  220  224  226  226  226  228
  227  228  228  230  231  235  236  236  239  240  241  243  244  245  247  248
  248  248  247  245  243  240  238  236  234  234  236  238  240  244  248  252
  258  263  268  273  278  284  288  292  293  292  289  283  275  266  256  245
  235  227  219  204  197  188  181  177  176
    67.5-180.0 180.0   5.0 450.0                            LAT/LON1/LON2/DLON/H
  163  164  165  168  171  178  187  195  203  210  216  221  224  225  227  228
  229  229  231  232  234  240  242  241  242  244  244  244  245  245  246  248
  248  248  248  248  246  245  243  242  241  241  242  244  247  249  252  256
  259  262  265  268  272  276  279  281  281  279  275  267  259  249  238  227
  218  207  200  188  180  173  168  164  163
    65.0-180.0 180.0   5.0 450.0                            LAT/LON1/LON2/DLON/H
  150  149  150  152  155  160  169  181  191  200  209  216  219  222  224  227
  228  231  232  235  237  242  244  244  243  245  246  245  245  246  247  248
  249  250  250  250  250  249  248  247  247  248  250  251  253  255  256  257
  257  258  258  259  260  262  263  263  261  257  252  243  234  223  213  204
  195  188  184  172  165  161  155  152  150
    62.5-180.0 180.0   5.0 450.0                            LAT/LON1/LON2/DLON/H
  140  138  137  137  140  144  151  163  176  188  197  206  211  216  220  224
  228  231  233  236  239  242  244  245  245  246  247  247  247  248  250  251
  253  253  253  253  253  253  253  252  254  255  257  259  260  260  260  258
  255  252  249  248  247  247  247  244  240  235  228  218  208  198  189  180
  174  166  164  157  154  149  146  143  140
    60.0-180.0 180.0   5.0 450.0                            LAT/LON1/LON2/DLON/H
  134  130  128  126  127  130  136  146  158  172  182  192  201  209  215  220
  225  230  234  237  239  243  245  246  247  249  249  251  252  255  257  259
  260  259  258  258  257  257  258  258  260  262  264  266  267  265  263  258
  253  247  243  240  238  236  234  231  226  218  210  199  189  178  169  161
  156  151  151  147  144  143  140  138  134
    57.5-180.0 180.0   5.0 450.0                            LAT/LON1/LON2/DLON/H
  131  126  122  121  120  121  126  132  145  157  170  181  191  200  209  216
  222  228  233  237  241  245  248  248  249  251  254  257  260  264  267  269
  268  267  265  264  262  262  263  265  267  269  272  274  273  270  266  260
  254  248  242  238  235  234  232  227  221  212  202  191  180  168  159  150
  145  142  143  141  140  139  138  135  131
    55.0-180.0 180.0   5.0 450.0                            LAT/LON1/LON2/DLON/H
  131  126  122  120  118  118  121  126  136  150  163  174  186  196  206  214
  222  228  234  239  245  249  251  252  253  256  259  264  269  276  280  281
  280  277  275  271  270  269  271  273  275  278  281  282  279  276  271  264
  257  251  246  243  241  241  239  235  227  218  208  197  187  174  161  152
  146  142  143  141  141  141  139  136  131
    52.5-180.0 180.0   5.0 450.0                            LAT/LON1/LON2/DLON/H
  133  128  124  122  120  119  120  125  133  146  159  173  185  195  206  216
  224  232  239  244  251  255  257  259  260  263  268  273  280  289  294  296
  293  290  286  282  279  279  281  283  286  289  291  290  288  282  275  269
  263  258  255  253  255  256  254  251  243  234  225  215  204  192  180  168
  159  153  151  149  147  146  144  139  133
    50.0-180.0 180.0   5.0 450.0                            LAT/LON1/LON2/DLON/H
  138  132  129  127  125  123  125  129  136  148  160  174  188  200  210  220
  230  239  247  253  259  265  268  269  271  273  278  285  294  302  309  311
  307  304  300  296  293  293  295  297  300  303  304  303  297  291  283  276
  270  268  268  267  269  271  269  266  258  250  244  235  226  217  205  191
  180  170  165  161  158  155  151  145  138
    47.5-180.0 180.0   5.0 450.0                            LAT/LON1/LON2/DLON/H
  145  138  134  133  132  132  131  136  142  153  165  181  194  205  216  228
  238  248  258  266  273  279  283  285  285  288  292  300  309  317  323  327
  322  318  314  310  309  310  312  314  317  320  319  316  310  301  291  285
  281  281  281  281  281  280  277  273  266  259  255  250  244  237  226  213
  199  188  181  174  169  164  159  152  145
    45.0-180.0 180.0   5.0 450.0                            LAT/LON1/LON2/DLON/H
  152  146  142  140  140  139  137  140  148  160  173  187  202  214  226  237
  249  262  272  283  291  298  302  304  305  307  308  315  323  329  336  340
  337  334  331  330  328  330  333  337  339  341  339  333  325  314  303  297
  293  293  293  293  289  283  276  269  262  257  255  253  250  246  237  226
  212  201  193  184  179  173  168  160  152
    42.5-180.0 180.0   5.0 450.0                            LAT/LON1/LON2/DLON/H
  161  154  151  149  149  145  142  143  151  166  179  195  210  224  236  250
  264  277  288  302  311  319  324  327  328  328  328  330  336  341  347  353
  352  352  351  349  351  353  354  358  363  365  362  354  344  330  319  311
  307  306  305  301  291  279  267  256  248  244  244  242  242  243  237  228
  216  205  199  191  187  181  177  168  161
    40.0-180.0 180.0   5.0 450.0                            LAT/LON1/LON2/DLON/H
  170  165  161  158  155  151  146  146  153  169  185  203  220  234  248  264
  280  295  310  322  330  338  344  349  350  350  348  347  350  355  360  365
  368  370  372  372  374  376  380  383  388  390  388  381  370  356  341  330
  325  323  317  308  293  274  257  241  231  226  227  228  229  231  230  223
  213  204  199  193  192  190  188  179  170
    37.5-180.0 180.0   5.0 450.0                            LAT/LON1/LON2/DLON/H
  180  174  169  165  160  153  149  147  154  170  189  210  229  247  265  282
  299  317  330  340  347  354  360  368  370  368  365  365  366  370  375  384
  386  392  395  396  398  400  405  409  418  420  414  409  400  386  368  355
  347  341  333  319  300  278  254  236  225  219  217  219  222  225  225  219
  212  205  201  197  200  200  197  188  180
    35.0-180.0 180.0   5.0 450.0                            LAT/LON1/LON2/DLON/H
  189  182  175  169  163  156  150  147  153  169  192  216  240  261  280  299
  317  335  347  355  359  365  372  381  383  381  380  383  384  386  393  403
  407  414  419  421  422  425  429  438  447  449  445  442  433  421  406  390
  377  369  359  344  324  299  274  256  244  236  231  230  231  232  229  225
  218  213  210  207  211  212  209  200  189
    32.5-180.0 180.0   5.0 450.0                            LAT/LON1/LON2/DLON/H
  199  189  182  174  166  158  152  148  153  168  193  222  251  275  295  316
  333  351  360  365  367  371  378  387  389  389  394  398  400  403  411  423
  431  441  447  449  448  451  456  465  476  480  476  475  471  458  446  432
  417  410  400  388  371  347  329  313  300  291  281  274  268  264  256  249
  238  231  227  223  226  225  220  211  199
    30.0-180.0 180.0   5.0 450.0                            LAT/LON1/LON2/DLON/H
  211  199  190  181  171  162  155  150  154  166  190  221  253  281  306  328
  348  361  367  368  368  371  377  384  389  392  400  405  413  419  428  443
  459  472  477  479  478  479  483  494  504  512  514  515  512  501  493  481
  470  468  465  454  446  426  417  406  392  384  364  351  337  323  306  291
  278  266  260  251  249  243  236  224  211
    27.5-180.0 180.0   5.0 450.0                            LAT/LON1/LON2/DLON/H
  224  211  200  188  178  168  159  153  155  164  187  218  251  282  311  336
  355  366  368  366  363  367  373  379  383  388  398  408  423  435  448  467
  487  502  512  515  509  508  513  525  536  540  548  555  555  550  548  544
  538  544  548  545  541  526  526  521  513  494  467  447  426  403  376  350
  335  317  310  294  284  270  255  241  224
    25.0-180.0 180.0   5.0 450.0                            LAT/LON1/LON2/DLON/H
  239  224  210  197  186  176  166  158  157  163  183  211  245  280  310  335
  354  364  365  361  358  361  367  372  375  381  395  412  434  453  472  494
  519  539  547  548  543  537  543  555  564  572  583  593  600  602  614  619
  623  625  636  641  638  624  626  624  615  596  567  539  511  483  450  416
  394  376  367  342  322  301  278  259  239
    22.5-180.0 180.0   5.0 450.0                            LAT/LON1/LON2/DLON/H
  256  237  221  207  195  186  175  165  160  162  178  205  239  273  302  327
  347  358  362  359  355  356  362  366  369  381  397  422  446  474  499  525
  553  575  584  582  577  574  577  587  598  605  619  633  645  654  680  687
  700  712  710  710  697  679  675  671  658  639  619  589  560  534  504  472
  442  425  417  389  359  330  301  279  256
    20.0-180.0 180.0   5.0 450.0                            LAT/LON1/LON2/DLON/H
  270  249  231  217  205  194  183  174  165  164  175  196  226  259  290  316
  338  352  359  360  356  357  361  365  371  386  406  434  462  496  528  558
  587  609  619  617  613  612  611  624  635  645  656  672  689  707  736  753
  758  758  741  719  690  659  650  640  621  597  586  567  549  530  511  486
  461  448  441  419  385  352  320  294  270
    17.5-180.0 180.0   5.0 450.0                            LAT/LON1/LON2/DLON/H
  278  256  239  223  210  200  190  181  171  166  171  187  213  244  276  305
  329  345  355  359  359  360  365  373  382  399  421  449  480  516  551  587
  618  638  648  649  646  646  650  663  674  677  689  705  715  736  756  768
  766  751  721  675  631  591  568  544  525  504  498  495  494  485  474  455
  440  429  426  412  389  359  330  303  278
    15.0-180.0 180.0   5.0 450.0                            LAT/LON1/LON2/DLON/H
  280  257  241  225  212  202  193  184  174  167  168  180  201  229  261  292
  319  336  350  358  363  368  375  385  398  416  440  469  505  541  577  608
  636  657  668  671  670  675  686  698  698  699  705  716  728  737  745  746
  736  707  666  606  550  505  471  437  411  402  401  410  423  424  418  405
  398  385  383  381  371  349  322  302  280
    12.5-180.0 180.0   5.0 450.0                            LAT/LON1/LON2/DLON/H
  270  249  232  216  204  198  191  182  173  165  164  174  193  219  252  281
  308  328  345  358  368  378  388  400  414  435  462  496  533  570  603  628
  652  671  682  686  686  695  707  714  711  706  705  710  711  716  714  706
  690  652  600  534  468  415  376  340  315  308  315  333  355  366  367  360
  354  342  341  341  340  325  307  290  270
    10.0-180.0 180.0   5.0 450.0                            LAT/LON1/LON2/DLON/H
  252  233  215  202  193  187  182  176  167  160  159  168  188  214  244  274
  300  323  343  360  375  389  403  417  435  459  489  525  562  598  628  648
  666  681  692  696  697  705  713  714  706  696  690  689  686  685  679  667
  647  600  539  475  406  352  316  281  258  250  261  285  311  330  336  329
  320  310  308  308  309  302  289  273  252
     7.5-180.0 180.0   5.0 450.0                            LAT/LON1/LON2/DLON/H
  233  214  197  184  176  174  169  164  157  152  152  162  183  210  240  271
  298  323  346  366  383  400  417  436  458  489  520  558  591  623  650  667
  680  689  697  699  696  698  697  691  678  672  666  663  658  655  647  639
  615  567  500  440  380  332  296  269  250  244  257  281  306  324  327  321
  308  296  292  291  291  284  272  254  233
     5.0-180.0 180.0   5.0 450.0                            LAT/LON1/LON2/DLON/H
  216  196  179  167  160  159  154  149  142  138  141  153  176  206  237  269
  298  326  350  372  393  413  433  456  485  519  552  585  617  646  670  680
  685  688  688  685  676  670  659  650  639  637  635  632  631  628  625  621
  600  554  495  435  386  350  320  303  290  286  294  313  334  345  339  328
  315  299  293  289  285  275  259  240  216
     2.5-180.0 180.0   5.0 450.0                            LAT/LON1/LON2/DLON/H
  203  181  164  151  145  145  140  133  125  122  127  142  168  200  234  269
  300  327  353  378  402  425  449  476  508  543  575  606  635  658  676  678
  673  668  662  654  639  621  604  604  599  604  606  604  604  604  606  608
  589  552  503  452  416  392  377  368  363  361  361  365  380  389  370  352
  333  315  306  297  288  270  251  229  203
