DORISInput/IGSGIM/2023/IGS0OPSFIN_20232260000_01D_02H_GIM.INX
     1.0            IONOSPHERE MAPS     MIX                 IONEX VERSION / TYPE
cmpcmb v1.2          GRL/UWM             4-sep-23 18:27     PGM / RUN BY / DATE 
ionex file containing IGS COMBINED Ionosphere maps          COMMENT             
global ionosphere maps for day 226, 2023                    DESCRIPTION         
IONEX file containing the COMBINED IGS TEC MAPS and DCBs    DESCRIPTION         
      IONEX files of the following IAACs were combined: cod DESCRIPTION         
                                                        jpl DESCRIPTION         
                                                        upc DESCRIPTION         
Contact address: Andrzej Krankowski                         DESCRIPTION
                 Geodynamics Research Laboratory            DESCRIPTION
                 University of Warmia and Mazury (GRL/UWM)  DESCRIPTION
                 Oczapowski St. 1                           DESCRIPTION
                 10-957-Olsztyn, POLAND                     DESCRIPTION
                 e-mail:  kand@uwm.edu.pl                   DESCRIPTION
                                                            DESCRIPTION         
  2023     8    14     0     0     0                        EPOCH OF FIRST MAP  
  2023     8    15     0     0     0                        EPOCH OF LAST MAP   
  7200                                                      INTERVAL            
    13                                                      # OF MAPS IN FILE   
  COSZ                                                      MAPPING FUNCTION    
     0.0                                                    ELEVATION CUTOFF    
combined TEC calculated as weighted mean of input TEC valuesOBSERVABLES USED    
   309                                                      # OF STATIONS       
    32                                                      # OF SATELLITES     
  6371.0                                                    BASE RADIUS         
     2                                                      MAP DIMENSION       
   450.0 450.0   0.0                                        HGT1 / HGT2 / DHGT  
    87.5 -87.5  -2.5                                        LAT1 / LAT2 / DLAT  
  -180.0 180.0   5.0                                        LON1 / LON2 / DLON  
    -1                                                      EXPONENT            
TEC values in 0.1 tec units;  9999, if no value available   COMMENT             
DCB values in nanoseconds, reference is Sum_of_SatDCBs = 0  COMMENT             
                                                            END OF HEADER       
[from data line 2574]
     7                                                      START OF TEC MAP    
  2023     8    14    12     0     0                        EPOCH OF CURRENT MAP
    87.5-180.0 180.0   5.0 450.0                            LAT/LON1/LON2/DLON/H
  230  231  232  232  233  233  234  234  235  236  237  237  238  238  239  240
  240  240  241  241  241  242  242  242  242  243  242  243  243  243  243  243
  243  242  242  243  242  242  241  242  241  241  241  241  240  241  240  239
  238  238  237  237  237  235  235  233  233  233  232  232  231  231  231  230
  230  230  230  230  230  230  230  230  230
    85.0-180.0 180.0   5.0 450.0                            LAT/LON1/LON2/DLON/H
  225  226  228  228  229  231  232  234  235  236  238  240  241  242  243  243
  245  245  245  246  246  247  249  250  250  251  251  251  250  250  249  249
  248  248  247  247  246  245  245  244  243  242  243  243  243  243  244  245
  245  245  244  243  243  241  240  239  238  237  236  235  234  233  232  230
  229  228  227  226  225  225  225  225  225
    82.5-180.0 180.0   5.0 450.0                            LAT/LON1/LON2/DLON/H
  217  218  220  221  223  225  227  230  233  236  237  240  243  245  247  249
  250  251  250  250  249  249  253  256  257  256  256  255  254  253  252  251
  250  249  248  248  248  249  248  248  248  246  246  245  245  245  247  248
  250  251  252  252  252  252  251  251  250  249  248  246  244  242  238  235
  232  229  226  224  223  220  218  218  217
    80.0-180.0 180.0   5.0 450.0                            LAT/LON1/LON2/DLON/H
  208  211  213  214  216  218  221  224  228  232  236  240  243  245  248  250
  251  251  252  253  253  252  253  256  257  256  255  254  254  254  254  253
  253  253  252  252  251  250  248  247  247  247  247  247  247  247  248  252
  256  259  262  264  266  266  267  267  267  266  264  262  259  255  250  245
  239  234  228  224  219  214  211  209  208
    77.5-180.0 180.0   5.0 450.0                            LAT/LON1/LON2/DLON/H
  197  200  202  202  205  206  210  216  220  226  230  235  239  243  245  247
  248  248  249  250  251  250  247  249  250  251  251  252  252  254  256  257
  257  258  257  256  255  254  252  249  247  246  246  246  248  250  252  255
  260  266  272  277  281  283  285  286  286  286  284  282  278  272  266  257
  249  241  232  224  215  209  204  200  197
    75.0-180.0 180.0   5.0 450.0                            LAT/LON1/LON2/DLON/H
  188  187  186  188  189  193  201  208  215  220  224  228  232  235  236  239
  241  241  242  240  241  241  240  238  240  243  246  247  249  253  256  259
  261  263  263  262  261  259  256  253  251  249  249  248  250  253  257  262
  267  273  280  287  292  296  299  301  303  303  301  298  294  287  278  269
  259  249  237  227  216  205  196  192  188
    72.5-180.0 180.0   5.0 450.0                            LAT/LON1/LON2/DLON/H
  179  175  174  174  178  184  193  201  205  207  213  217  219  223  229  230
  229  230  228  229  229  230  231  230  233  233  239  244  246  251  256  260
  264  267  268  268  267  264  261  258  256  254  252  252  254  257  261  266
  272  278  285  291  297  301  305  309  310  311  310  307  302  296  287  277
  266  253  242  230  217  204  193  185  179
    70.0-180.0 180.0   5.0 450.0                            LAT/LON1/LON2/DLON/H
  175  167  165  165  168  174  182  186  190  194  198  203  207  212  214  214
  213  213  214  216  219  218  222  225  227  232  235  241  246  251  256  261
  266  270  273  274  272  269  266  263  259  257  257  257  258  261  264  268
  273  278  284  289  294  298  301  305  307  308  307  304  300  294  286  275
  264  253  241  230  218  204  193  182  175
    67.5-180.0 180.0   5.0 450.0                            LAT/LON1/LON2/DLON/H
  171  161  157  155  155  158  164  170  172  177  183  187  191  192  195  193
  195  198  200  205  209  211  218  224  227  233  237  242  247  252  258  263
  268  273  276  278  276  274  271  266  262  260  260  260  261  264  266  268
  271  274  278  280  283  285  288  290  292  294  293  291  287  283  275  265
  256  247  238  227  215  204  191  179  171
    65.0-180.0 180.0   5.0 450.0                            LAT/LON1/LON2/DLON/H
  165  153  147  144  141  140  145  150  154  159  165  169  171  170  173  175
  178  183  187  195  201  209  219  228  233  239  242  246  250  255  260  266
  272  276  279  281  279  276  272  268  265  263  262  262  263  264  265  265
  266  266  266  265  265  267  268  270  271  273  272  270  267  263  256  250
  242  237  230  221  211  201  188  175  165
    62.5-180.0 180.0   5.0 450.0                            LAT/LON1/LON2/DLON/H
  161  147  137  131  127  127  128  133  137  141  144  148  150  150  153  157
  161  168  176  187  198  211  222  232  240  248  251  254  258  261  265  270
  275  279  281  282  280  276  272  269  266  265  264  264  264  265  264  263
  261  257  253  250  248  248  248  250  251  251  251  248  245  241  236  231
  227  225  219  214  207  198  185  171  161
    60.0-180.0 180.0   5.0 450.0                            LAT/LON1/LON2/DLON/H
  162  144  132  123  117  115  114  116  121  124  126  129  131  134  139  144
  148  156  169  182  197  212  226  238  248  256  260  264  266  268  271  274
  278  281  283  283  280  277  273  270  268  266  266  267  267  267  265  261
  256  250  244  239  235  234  234  235  236  236  235  233  229  223  220  216
  214  212  211  207  203  195  185  172  162
    57.5-180.0 180.0   5.0 450.0                            LAT/LON1/LON2/DLON/H
  161  145  131  120  111  106  104  104  106  107  110  111  115  120  126  134
  140  153  166  180  197  213  229  243  255  264  269  273  275  276  277  279
  282  283  284  284  282  279  276  273  271  270  271  271  272  270  266  262
  255  247  240  235  230  229  229  230  231  231  230  227  222  216  212  209
  207  206  206  205  200  194  185  172  161
    55.0-180.0 180.0   5.0 450.0                            LAT/LON1/LON2/DLON/H
  166  149  135  122  112  104  100   98   95   95   96   98  102  109  117  126
  137  150  165  181  197  214  230  245  258  269  276  281  284  283  284  284
  285  286  286  287  285  283  281  280  278  277  277  277  277  275  272  267
  260  252  246  240  236  235  236  237  238  238  237  234  230  224  218  213
  208  207  206  204  200  194  187  176  166
    52.5-180.0 180.0   5.0 450.0                            LAT/LON1/LON2/DLON/H
  172  156  143  130  120  110  103   98   92   89   89   90   94  101  111  122
  134  149  164  181  198  213  230  244  258  271  281  286  290  290  290  289
  289  290  291  291  291  291  290  289  288  287  287  286  285  284  279  276
  269  262  257  253  251  252  252  254  255  255  254  253  249  242  235  228
  219  215  210  205  200  196  190  180  172
    50.0-180.0 180.0   5.0 450.0                            LAT/LON1/LON2/DLON/H
  177  163  152  142  131  121  112  103   97   92   89   89   92   98  109  120
  134  150  166  184  200  214  229  243  258  272  283  292  295  297  296  294
  294  295  297  298  300  302  302  303  301  300  299  298  296  295  291  288
  281  276  272  270  269  270  271  273  274  275  275  273  270  264  254  245
  235  224  217  210  204  199  193  184  177
    47.5-180.0 180.0   5.0 450.0                            LAT/LON1/LON2/DLON/H
  182  169  161  153  143  133  123  115  107  100   95   93   93   99  108  121
  136  154  172  189  205  219  232  245  259  274  287  296  300  302  301  300
  299  301  303  308  312  317  319  320  318  318  316  312  311  308  305  302
  297  293  290  287  286  285  286  288  291  292  292  292  288  281  271  260
  248  236  225  217  208  201  195  187  182
    45.0-180.0 180.0   5.0 450.0                            LAT/LON1/LON2/DLON/H
  183  174  167  160  152  144  134  125  117  110  104  101  101  103  109  122
  138  158  178  198  214  228  240  250  263  279  292  300  305  306  306  305
  305  307  311  317  326  334  338  339  339  339  335  331  327  325  320  318
  314  311  305  302  298  296  296  298  300  302  303  302  299  291  280  269
  257  244  232  222  211  203  195  188  183
    42.5-180.0 180.0   5.0 450.0                            LAT/LON1/LON2/DLON/H
  183  175  171  166  159  152  144  136  129  122  116  113  111  110  114  123
  140  164  186  209  227  241  252  261  272  286  297  304  309  309  310  312
  313  317  322  331  342  353  359  362  364  362  358  354  349  345  340  336
  332  328  320  314  306  301  299  299  300  302  303  302  299  291  280  269
  258  248  236  223  213  203  196  187  183
    40.0-180.0 180.0   5.0 450.0                            LAT/LON1/LON2/DLON/H
  184  175  172  167  163  157  152  146  141  135  130  125  122  119  120  127
  143  168  194  221  242  259  268  275  283  294  302  307  310  313  315  319
  324  329  336  347  362  374  384  388  391  390  384  380  376  371  364  358
  352  345  334  323  312  303  299  298  296  298  299  297  292  285  274  263
  254  248  238  226  214  205  196  188  184
    37.5-180.0 180.0   5.0 450.0                            LAT/LON1/LON2/DLON/H
  186  176  172  167  163  159  157  154  151  149  147  141  135  129  127  131
  145  170  200  232  257  276  284  289  295  303  308  311  312  315  321  328
  336  344  353  367  384  399  409  417  421  420  416  412  407  400  393  386
  375  364  351  336  322  311  306  302  299  298  298  293  285  277  267  258
  252  248  243  231  221  210  201  190  186
    35.0-180.0 180.0   5.0 450.0                            LAT/LON1/LON2/DLON/H
  190  180  173  168  165  161  161  161  161  161  162  157  149  141  136  136
  148  173  207  241  271  291  298  301  305  310  313  313  315  320  328  340
  350  361  373  389  408  425  438  448  452  453  449  447  440  432  425  416
  403  390  376  358  344  332  327  322  319  314  308  298  286  275  264  257
  256  255  252  243  233  221  208  197  190
    32.5-180.0 180.0   5.0 450.0                            LAT/LON1/LON2/DLON/H
  203  191  181  173  169  166  165  165  166  169  170  167  161  152  144  140
  151  175  209  246  279  302  309  310  312  313  315  314  318  325  337  352
  367  381  399  414  433  453  468  478  482  486  488  486  481  470  462  449
  436  426  413  398  385  377  370  365  360  348  334  317  300  284  271  264
  265  269  268  262  251  238  225  212  203
    30.0-180.0 180.0   5.0 450.0                            LAT/LON1/LON2/DLON/H
  222  206  195  185  178  176  172  169  169  170  172  171  168  158  149  144
  151  175  208  247  284  307  312  310  311  310  314  316  322  333  348  368
  387  404  426  444  462  483  498  509  513  515  523  525  519  508  497  486
  478  473  463  454  446  443  438  433  419  398  373  349  327  306  291  283
  283  289  291  285  275  262  248  234  222
    27.5-180.0 180.0   5.0 450.0                            LAT/LON1/LON2/DLON/H
  250  233  221  208  198  190  183  177  172  170  170  170  167  159  150  145
  152  172  204  245  282  305  308  303  303  303  310  317  327  343  364  387
  411  433  454  472  489  509  524  534  539  550  560  557  552  544  535  530
  531  531  527  523  520  525  521  512  487  457  424  392  365  343  321  311
  308  316  321  317  306  293  279  264  250
    25.0-180.0 180.0   5.0 450.0                            LAT/LON1/LON2/DLON/H
  287  269  256  241  227  213  200  188  177  170  166  163  160  154  147  142
  148  165  198  240  276  296  299  294  293  297  306  318  333  356  384  411
  439  463  483  501  519  539  557  561  567  587  583  577  576  576  574  576
  587  594  597  601  601  611  604  597  557  516  478  440  410  386  360  345
  338  343  348  348  338  327  314  300  287
    22.5-180.0 180.0   5.0 450.0                            LAT/LON1/LON2/DLON/H
  324  310  298  282  263  243  223  203  185  171  162  155  149  145  141  138
  143  158  191  231  266  282  285  284  285  294  306  323  345  374  407  439
  470  496  516  533  549  568  588  583  583  598  592  589  594  599  607  624
  640  654  664  674  674  680  675  660  614  562  519  482  451  427  399  378
  367  365  367  370  365  358  347  334  324
    20.0-180.0 180.0   5.0 450.0                            LAT/LON1/LON2/DLON/H
  359  348  339  323  300  275  246  219  194  175  160  148  139  135  132  132
  136  152  182  220  254  268  272  274  282  295  312  334  363  399  433  467
  502  531  550  566  575  590  605  593  587  600  600  604  614  623  639  659
  677  697  713  718  719  721  711  687  641  586  539  507  479  454  431  406
  387  379  377  381  381  378  371  363  359
    17.5-180.0 180.0   5.0 450.0                            LAT/LON1/LON2/DLON/H
  385  377  370  358  334  302  268  235  206  181  160  145  134  128  125  126
  131  147  175  214  242  256  263  269  282  301  324  352  386  427  462  497
  529  554  575  589  593  599  608  601  593  601  610  623  639  648  662  679
  696  714  727  725  726  724  708  677  635  585  539  508  485  464  443  417
  391  376  376  379  383  385  384  382  385
    15.0-180.0 180.0   5.0 450.0                            LAT/LON1/LON2/DLON/H
  392  389  389  379  356  323  286  250  219  192  168  149  134  125  122  122
  126  140  167  202  229  246  256  268  286  311  339  374  411  452  490  523
  551  574  588  600  606  610  613  611  606  609  625  643  661  667  675  684
  698  708  713  709  703  698  679  650  609  563  522  491  472  454  433  405
  382  364  357  362  371  378  382  384  392
    12.5-180.0 180.0   5.0 450.0                            LAT/LON1/LON2/DLON/H
  376  381  387  381  362  331  294  259  229  203  179  159  142  132  125  122
  123  135  158  190  217  237  252  270  293  322  358  395  436  478  515  546
  570  587  599  609  619  625  631  629  623  627  645  663  675  677  678  681
  687  692  690  685  673  663  644  616  578  534  497  470  451  435  415  387
  364  340  332  338  347  356  363  364  376
    10.0-180.0 180.0   5.0 450.0                            LAT/LON1/LON2/DLON/H
  345  359  366  362  350  323  290  259  233  211  190  171  154  141  131  124
  122  129  151  179  207  230  250  273  302  337  378  417  458  498  535  565
  588  604  612  621  635  646  654  654  650  653  667  679  685  681  675  674
  672  673  667  655  642  633  619  594  558  516  481  456  437  420  403  379
  350  325  313  318  327  332  337  335  345
     7.5-180.0 180.0   5.0 450.0                            LAT/LON1/LON2/DLON/H
  317  329  334  332  322  301  275  248  228  212  196  180  165  150  138  128
  121  126  146  173  200  227  253  281  315  354  396  437  476  514  550  580
  601  616  624  634  648  663  677  681  677  679  683  690  690  680  671  666
  661  657  650  636  624  619  611  592  558  518  483  460  439  421  403  383
  352  326  316  317  319  319  317  312  317
     5.0-180.0 180.0   5.0 450.0                            LAT/LON1/LON2/DLON/H
  303  299  301  300  291  274  250  228  214  203  192  181  169  156  143  131
  123  127  145  171  198  227  258  291  328  370  410  450  486  526  558  587
  608  620  629  638  651  673  692  700  699  695  692  691  686  672  662  658
  651  647  640  627  620  621  622  609  578  539  507  485  460  442  422  403
  375  350  340  338  332  326  317  305  303
     2.5-180.0 180.0   5.0 450.0                            LAT/LON1/LON2/DLON/H
  308  289  282  275  265  248  227  208  195  187  181  175  167  157  146  134
  125  129  147  170  199  230  263  301  340  382  422  460  493  526  557  585
  603  615  622  630  646  668  690  706  707  700  689  681  669  654  646  643
  639  639  633  624  625  636  645  636  608  573  543  521  498  484  460  443
  419  396  380  375  367  354  337  318  308
