DORISInput/IGSGIM/2023/IGS0OPSFIN_20232270000_01D_02H_GIM.INX
     1.0            IONOSPHERE MAPS     MIX                 IONEX VERSION / TYPE
cmpcmb v1.2          GRL/UWM             4-sep-23 18:32     PGM / RUN BY / DATE 
ionex file containing IGS COMBINED Ionosphere maps          COMMENT             
global ionosphere maps for day 227, 2023                    DESCRIPTION         
IONEX file containing the COMBINED IGS TEC MAPS and DCBs    DESCRIPTION         
      IONEX files of the following IAACs were combined: cod DESCRIPTION         
                                                        jpl DESCRIPTION         
                                                        upc DESCRIPTION         
Contact address: Andrzej Krankowski                         DESCRIPTION
                 Geodynamics Research Laboratory            DESCRIPTION
                 University of Warmia and Mazury (GRL/UWM)  DESCRIPTION
                 Oczapowski St. 1                           DESCRIPTION
                 10-957-Olsztyn, POLAND                     DESCRIPTION
                 e-mail:  kand@uwm.edu.pl                   DESCRIPTION
                                                            DESCRIPTION         
  2023     8    15     0     0     0                        EPOCH OF FIRST MAP  
  2023     8    16     0     0     0                        EPOCH OF LAST MAP   
  7200                                                      INTERVAL            
    13                                                      # OF MAPS IN FILE   
  COSZ                                                      MAPPING FUNCTION    
     0.0                                                    ELEVATION CUTOFF    
combined TEC calculated as weighted mean of input TEC valuesOBSERVABLES USED    
   308                                                      # OF STATIONS       
    32                                                      # OF SATELLITES     
  6371.0                                                    BASE RADIUS         
     2                                                      MAP DIMENSION       
   450.0 450.0   0.0                                        HGT1 / HGT2 / DHGT  
    87.5 -87.5  -2.5                                        LAT1 / LAT2 / DLAT  
  -180.0 180.0   5.0                                        LON1 / LON2 / DLON  
    -1                                                      EXPONENT            
TEC values in 0.1 tec units;  9999, if no value available   COMMENT             
DCB values in nanoseconds, reference is Sum_of_SatDCBs = 0  COMMENT             
                                                            END OF HEADER       
[from data line 3861]
    10                                                      START OF TEC MAP    
  2023     8    15    18     0     0                        EPOCH OF CURRENT MAP
    87.5-180.0 180.0   5.0 450.0                            LAT/LON1/LON2/DLON/H
  240  241  241  242  242  243  243  244  245  245  246  247  247  248  249  250
  251  251  252  252  252  252  252  252  252  253  252  252  252  251  250  250
  249  249  248  247  247  246  245  244  244  243  241  241  241  240  240  240
  239  238  238  237  236  236  236  236  236  236  236  235  235  235  235  235
  236  237  237  237  238  238  239  240  240
    85.0-180.0 180.0   5.0 450.0                            LAT/LON1/LON2/DLON/H
  236  237  238  239  239  241  242  242  244  245  247  248  248  250  251  252
  252  254  254  255  255  255  254  254  254  253  252  251  250  248  246  245
  244  242  241  240  239  238  238  237  236  236  235  234  233  233  232  231
  230  230  229  228  228  226  226  225  225  225  226  225  225  225  225  226
  227  229  230  231  232  233  234  235  236
    82.5-180.0 180.0   5.0 450.0                            LAT/LON1/LON2/DLON/H
  230  231  231  233  234  236  238  240  242  245  247  248  250  252  253  254
  255  257  257  258  257  258  255  253  252  251  250  247  246  243  242  239
  238  235  235  233  232  231  230  230  229  229  228  228  227  226  225  225
  224  223  222  221  221  219  219  218  218  218  218  218  218  219  219  221
  221  222  223  224  226  228  229  229  230
    80.0-180.0 180.0   5.0 450.0                            LAT/LON1/LON2/DLON/H
  222  223  223  225  227  229  232  235  237  240  242  244  247  251  253  255
  258  259  260  261  261  260  256  252  250  247  244  242  240  238  236  233
  232  231  230  228  227  225  225  224  223  223  223  222  222  222  221  219
  218  217  217  217  216  215  215  213  213  213  214  214  214  215  216  216
  217  218  218  220  220  220  221  222  222
    77.5-180.0 180.0   5.0 450.0                            LAT/LON1/LON2/DLON/H
  215  216  217  217  219  220  223  226  229  233  236  240  241  245  248  253
  256  259  260  258  258  256  253  248  244  241  239  236  233  231  230  227
  226  223  222  221  221  220  219  219  218  219  218  217  216  216  216  215
  215  214  213  213  212  212  212  211  210  210  211  211  212  213  214  214
  215  215  216  215  215  215  215  215  215
    75.0-180.0 180.0   5.0 450.0                            LAT/LON1/LON2/DLON/H
  212  212  211  210  211  213  217  219  223  226  230  234  238  242  246  254
  258  259  260  260  258  255  252  248  243  239  234  229  228  224  221  219
  217  214  213  212  212  211  212  213  212  211  211  211  211  210  212  210
  211  210  210  210  210  209  209  207  207  207  207  208  209  210  212  213
  214  215  214  215  214  214  213  212  212
    72.5-180.0 180.0   5.0 450.0                            LAT/LON1/LON2/DLON/H
  213  212  211  210  211  212  213  216  219  224  229  233  237  243  249  253
  257  261  263  263  262  257  253  249  243  239  231  227  222  219  217  213
  211  209  208  208  208  207  206  206  206  206  206  205  206  207  208  208
  207  208  207  206  206  203  202  200  200  200  202  203  204  205  208  209
  210  212  213  213  213  214  213  213  213
    70.0-180.0 180.0   5.0 450.0                            LAT/LON1/LON2/DLON/H
  216  217  216  217  217  217  218  221  225  230  234  238  244  248  253  259
  261  266  268  268  268  264  259  254  248  241  234  227  223  219  217  216
  213  212  211  210  210  209  208  206  205  204  204  204  204  204  205  204
  203  203  202  200  198  195  194  190  190  190  191  192  194  197  198  200
  202  204  207  209  211  212  214  216  216
    67.5-180.0 180.0   5.0 450.0                            LAT/LON1/LON2/DLON/H
  221  222  224  225  225  226  229  233  236  238  242  249  254  258  263  266
  269  272  274  274  276  274  268  262  257  251  243  237  231  227  226  224
  222  222  220  219  218  217  215  212  210  208  207  205  203  202  201  200
  198  196  194  191  187  182  180  176  174  174  175  176  178  180  183  184
  187  192  197  202  207  211  215  218  221
    65.0-180.0 180.0   5.0 450.0                            LAT/LON1/LON2/DLON/H
  224  228  232  234  235  237  241  245  245  249  254  259  263  268  272  274
  276  278  280  281  283  282  278  273  268  262  256  250  243  242  240  237
  237  237  235  232  230  227  224  219  217  214  210  208  205  202  199  195
  191  187  183  178  173  168  164  159  156  154  154  155  157  158  161  163
  169  176  183  192  199  206  213  219  224
    62.5-180.0 180.0   5.0 450.0                            LAT/LON1/LON2/DLON/H
  228  235  241  244  247  250  253  255  257  259  263  267  271  275  279  280
  283  284  285  285  286  285  284  282  276  272  266  263  257  255  254  251
  250  249  247  244  241  236  232  229  225  222  217  213  209  204  198  191
  185  178  171  165  158  153  148  142  138  135  134  133  134  136  138  142
  149  156  166  177  188  198  209  219  228
    60.0-180.0 180.0   5.0 450.0                            LAT/LON1/LON2/DLON/H
  232  242  250  255  259  262  266  267  268  270  271  274  277  279  283  285
  287  288  287  287  288  287  286  286  281  278  274  271  267  266  264  263
  262  259  258  255  252  247  243  240  236  232  227  222  216  209  201  191
  183  172  164  154  147  140  135  130  125  121  118  117  117  117  119  124
  131  138  149  161  175  189  203  219  232
    57.5-180.0 180.0   5.0 450.0                            LAT/LON1/LON2/DLON/H
  232  246  256  264  270  275  278  280  280  279  280  281  282  284  287  289
  290  291  291  290  289  288  287  287  284  282  278  277  276  275  274  274
  272  271  269  266  262  258  255  253  248  244  239  233  226  217  206  195
  185  172  160  149  142  135  131  125  120  116  113  110  109  108  109  113
  118  126  135  149  164  179  197  214  232
    55.0-180.0 180.0   5.0 450.0                            LAT/LON1/LON2/DLON/H
  229  246  260  271  279  286  291  293  292  291  289  289  289  290  293  294
  295  296  295  294  292  290  287  287  286  284  281  281  281  283  284  283
  282  281  280  278  274  273  270  267  263  259  254  247  238  229  216  203
  188  175  159  147  140  134  132  129  126  122  119  117  113  111  110  111
  116  121  128  139  154  170  190  211  229
    52.5-180.0 180.0   5.0 450.0                            LAT/LON1/LON2/DLON/H
  228  246  262  275  287  297  305  308  308  306  303  300  299  298  299  301
  302  301  299  298  295  292  290  289  287  286  285  286  287  289  291  291
  291  291  291  291  289  288  287  285  279  275  269  262  253  241  227  211
  196  180  164  153  146  143  142  139  139  137  135  133  130  126  123  123
  124  126  129  137  150  167  185  207  228
    50.0-180.0 180.0   5.0 450.0                            LAT/LON1/LON2/DLON/H
  228  246  264  280  296  309  319  325  329  327  321  317  314  310  308  309
  310  309  306  303  300  296  293  292  291  290  291  293  295  297  300  301
  301  302  304  305  305  306  305  303  297  292  285  276  265  251  237  222
  205  190  177  166  159  156  156  156  157  156  156  155  153  149  144  142
  140  138  138  143  153  168  187  207  228
    47.5-180.0 180.0   5.0 450.0                            LAT/LON1/LON2/DLON/H
  231  250  267  286  306  323  335  345  350  352  347  340  333  326  322  321
  321  319  315  312  307  304  302  300  300  300  301  303  305  308  310  312
  313  316  320  322  324  327  328  323  317  310  299  287  273  260  245  231
  216  202  190  180  175  172  172  171  173  174  174  174  173  171  166  162
  156  153  150  151  160  173  191  210  231
    45.0-180.0 180.0   5.0 450.0                            LAT/LON1/LON2/DLON/H
  235  255  276  296  317  337  352  365  377  380  376  366  355  346  340  337
  335  332  327  323  319  316  315  314  314  315  315  317  318  320  323  327
  328  332  336  338  344  350  351  347  338  325  311  296  281  266  252  239
  226  214  203  194  189  185  183  181  182  185  185  186  184  184  181  178
  173  167  162  161  167  181  196  213  235
    42.5-180.0 180.0   5.0 450.0                            LAT/LON1/LON2/DLON/H
  239  262  285  308  330  352  370  387  400  406  406  395  381  369  359  356
  352  347  341  337  334  332  332  332  334  335  334  335  336  337  339  344
  347  352  356  360  368  374  377  371  360  344  324  305  288  270  257  246
  234  224  214  205  197  190  186  181  182  185  187  188  187  188  187  185
  182  178  173  171  173  184  200  218  239
    40.0-180.0 180.0   5.0 450.0                            LAT/LON1/LON2/DLON/H
  246  268  293  316  339  363  385  405  421  433  433  422  409  394  383  378
  373  366  358  353  351  351  352  354  357  358  356  358  357  356  360  365
  369  374  377  385  394  402  402  397  383  363  339  317  296  279  264  253
  242  232  222  212  200  190  184  176  175  180  185  186  186  187  187  186
  186  182  179  177  179  186  201  222  246
    37.5-180.0 180.0   5.0 450.0                            LAT/LON1/LON2/DLON/H
  247  274  298  323  344  368  393  416  436  452  456  447  433  421  409  402
  395  387  376  370  370  372  375  378  381  383  382  383  381  380  386  392
  396  400  407  413  422  429  427  420  403  381  355  329  309  291  276  263
  250  240  229  217  203  188  181  175  173  180  186  189  189  189  188  188
  188  186  183  180  180  187  202  223  247
    35.0-180.0 180.0   5.0 450.0                            LAT/LON1/LON2/DLON/H
  248  273  299  325  347  369  393  420  445  464  475  470  460  448  435  428
  422  411  397  390  389  394  398  402  406  409  409  410  409  409  416  420
  426  429  436  442  450  455  452  441  421  396  372  349  329  308  290  275
  261  250  238  225  210  195  189  184  185  194  200  204  202  199  195  193
  194  192  188  184  182  188  201  223  248
    32.5-180.0 180.0   5.0 450.0                            LAT/LON1/LON2/DLON/H
  245  271  296  321  341  363  387  416  445  470  486  487  483  474  461  460
  452  438  423  413  411  416  419  425  429  433  434  437  441  441  450  454
  458  459  463  472  475  479  474  460  437  412  390  372  352  329  306  290
  277  265  252  238  225  215  212  212  217  227  234  237  231  223  216  211
  206  202  196  189  185  188  201  221  245
    30.0-180.0 180.0   5.0 450.0                            LAT/LON1/LON2/DLON/H
  242  266  293  316  335  355  378  409  441  470  491  500  502  499  492  494
  485  468  449  438  434  436  441  447  450  455  457  464  473  478  485  490
  493  492  493  499  502  499  490  476  452  429  408  393  375  350  326  311
  297  287  275  264  254  252  253  259  267  277  285  289  281  265  251  241
  230  220  211  199  191  189  198  217  242
    27.5-180.0 180.0   5.0 450.0                            LAT/LON1/LON2/DLON/H
  235  261  288  312  332  347  371  402  436  468  494  512  522  526  526  530
  519  498  477  463  457  456  461  466  469  475  479  489  503  512  521  531
  529  525  522  527  527  519  507  488  461  439  420  409  394  372  350  336
  323  316  306  300  295  300  306  317  329  340  348  351  339  318  297  281
  261  247  231  215  204  194  197  212  235
    25.0-180.0 180.0   5.0 450.0                            LAT/LON1/LON2/DLON/H
  228  253  282  306  326  343  366  395  432  467  495  520  538  551  558  565
  552  531  507  490  483  480  482  483  486  493  499  511  531  550  562  570
  566  559  552  556  556  545  521  496  462  438  426  419  407  388  371  362
  351  349  342  342  346  349  359  376  392  404  409  405  388  368  343  322
  294  275  255  236  221  205  198  207  228
    22.5-180.0 180.0   5.0 450.0                            LAT/LON1/LON2/DLON/H
  219  245  274  300  320  338  361  389  425  461  494  523  550  570  585  596
  587  567  541  523  512  507  506  503  505  513  523  537  561  586  601  607
  603  590  587  584  585  566  534  496  456  432  423  421  413  399  386  383
  379  381  375  374  385  394  407  423  437  446  447  440  421  400  374  349
  323  300  277  257  236  214  199  201  219
    20.0-180.0 180.0   5.0 450.0                            LAT/LON1/LON2/DLON/H
  210  236  269  296  316  335  357  385  419  455  490  525  557  587  610  622
  618  599  576  559  547  538  534  530  530  539  549  564  587  617  638  642
  636  625  620  609  603  580  538  493  451  422  412  412  413  405  397  394
  398  401  395  391  396  411  424  439  449  450  447  438  419  395  377  351
  332  312  289  267  245  218  196  193  210
    17.5-180.0 180.0   5.0 450.0                            LAT/LON1/LON2/DLON/H
  200  229  262  292  315  333  356  385  416  449  486  525  560  596  626  640
  639  625  607  594  583  572  565  558  559  568  575  585  605  639  668  671
  665  658  645  625  611  585  540  490  445  414  400  398  399  398  392  390
  397  402  397  388  385  398  409  425  430  424  414  403  389  369  356  334
  320  307  289  266  241  213  189  184  200
    15.0-180.0 180.0   5.0 450.0                            LAT/LON1/LON2/DLON/H
  189  220  257  289  314  336  358  385  417  449  480  522  560  598  630  649
  652  646  635  625  616  605  593  584  585  594  602  607  623  655  684  689
  682  672  655  634  618  591  549  497  448  408  387  379  366  363  363  371
  381  390  386  372  365  373  381  396  395  383  367  353  341  329  319  308
  299  290  278  256  228  201  179  174  189
    12.5-180.0 180.0   5.0 450.0                            LAT/LON1/LON2/DLON/H
  179  210  249  284  312  337  363  391  419  448  479  514  553  591  624  648
  658  659  655  648  643  632  616  607  607  616  622  628  640  667  688  693
  687  673  658  641  624  598  561  509  452  407  378  356  340  329  330  342
  359  375  370  358  349  350  355  365  360  341  320  303  291  284  280  276
  270  267  258  240  216  192  172  166  179
    10.0-180.0 180.0   5.0 450.0                            LAT/LON1/LON2/DLON/H
  170  200  241  278  309  337  367  396  424  450  477  508  544  581  613  639
  657  667  670  667  663  650  634  626  627  634  641  647  659  675  689  692
  685  671  656  640  622  603  572  519  463  415  378  351  326  316  314  323
  348  366  362  351  340  335  338  340  331  308  283  264  253  245  242  243
  241  241  232  220  202  182  164  158  170
     7.5-180.0 180.0   5.0 450.0                            LAT/LON1/LON2/DLON/H
  162  192  233  274  307  340  373  404  433  457  480  506  536  569  600  628
  651  669  681  682  676  662  647  640  642  651  659  664  672  677  683  683
  676  662  645  629  613  598  572  528  473  430  391  362  339  327  319  326
  353  370  370  360  343  334  334  330  320  292  263  242  230  222  218  217
  216  216  211  202  187  170  154  148  162
     5.0-180.0 180.0   5.0 450.0                            LAT/LON1/LON2/DLON/H
  156  189  229  268  309  345  382  418  447  470  490  510  533  558  585  613
  639  663  680  685  680  668  657  652  656  665  674  677  676  672  670  665
  657  642  622  603  588  574  555  524  485  447  412  386  365  353  346  356
  375  392  394  381  357  344  343  335  323  293  260  236  221  210  204  200
  197  194  192  185  173  159  146  143  156
     2.5-180.0 180.0   5.0 450.0                            LAT/LON1/LON2/DLON/H
  153  184  224  268  312  355  396  434  467  491  510  523  534  552  573  597
  624  650  668  676  674  667  661  661  667  676  683  680  671  659  649  639
  626  607  584  565  552  537  526  509  488  462  440  416  401  395  389  396
  403  413  413  395  371  355  351  342  329  302  269  242  221  204  194  187
  180  176  174  170  162  151  142  140  153
