DORISInput/IGSGIM/2023/IGS0OPSFIN_20232250000_01D_02H_GIM.INX
     1.0            IONOSPHERE MAPS     MIX                 IONEX VERSION / TYPE
cmpcmb v1.2          GRL/UWM             4-sep-23 18:22     PGM / RUN BY / DATE 
ionex file containing IGS COMBINED Ionosphere maps          COMMENT             
global ionosphere maps for day 225, 2023                    DESCRIPTION         
IONEX file containing the COMBINED IGS TEC MAPS and DCBs    DESCRIPTION         
      IONEX files of the following IAACs were combined: cod DESCRIPTION         
                                                        jpl DESCRIPTION         
                                                        upc DESCRIPTION         
Contact address: Andrzej Krankowski                         DESCRIPTION
                 Geodynamics Research Laboratory            DESCRIPTION
                 University of Warmia and Mazury (GRL/UWM)  DESCRIPTION
                 Oczapowski St. 1                           DESCRIPTION
                 10-957-Olsztyn, POLAND                     DESCRIPTION
                 e-mail:  kand@uwm.edu.pl                   DESCRIPTION
                                                            DESCRIPTION         
  2023     8    13     0     0     0                        EPOCH OF FIRST MAP  
  2023     8    14     0     0     0                        EPOCH OF LAST MAP   
  7200                                                      INTERVAL            
    13                                                      # OF MAPS IN FILE   
  COSZ                                                      MAPPING FUNCTION    
     0.0                                                    ELEVATION CUTOFF    
combined TEC calculated as weighted mean of input TEC valuesOBSERVABLES USED    
   310                                                      # OF STATIONS       
    31                                                      # OF SATELLITES     
  6371.0                                                    BASE RADIUS         
     2                                                      MAP DIMENSION       
   450.0 450.0   0.0                                        HGT1 / HGT2 / DHGT  
    87.5 -87.5  -2.5                                        LAT1 / LAT2 / DLAT  
  -180.0 180.0   5.0                                        LON1 / LON2 / DLON  
    -1                                                      EXPONENT            
TEC values in 0.1 tec units;  9999, if no value available   COMMENT             
DCB values in nanoseconds, reference is Sum_of_SatDCBs = 0  COMMENT             
                                                            END OF HEADER       
[from data line 2574]
     7                                                      START OF TEC MAP    
  2023     8    13    12     0     0                        EPOCH OF CURRENT MAP
    87.5-180.0 180.0   5.0 450.0                            LAT/LON1/LON2/DLON/H
  199  199  198  198  198  198  198  198  198  199  199  200  199  200  201  201
  202  203  204  204  205  206  207  208  208  209  209  209  209  209  210  210
  210  211  211  212  212  212  211  212  212  212  212  212  211  212  211  211
  210  210  210  209  209  208  208  207  207  207  206  206  205  205  204  203
  203  202  202  201  200  200  199  199  199
    85.0-180.0 180.0   5.0 450.0                            LAT/LON1/LON2/DLON/H
  195  193  193  193  193  193  194  194  194  194  195  196  196  197  198  199
  201  201  203  204  205  207  209  210  209  209  209  211  211  211  212  212
  213  214  214  214  215  215  216  217  218  218  219  219  219  219  220  220
  220  219  219  217  217  217  216  215  214  214  213  213  211  210  209  207
  206  204  203  201  200  198  197  196  195
    82.5-180.0 180.0   5.0 450.0                            LAT/LON1/LON2/DLON/H
  194  192  191  188  188  188  188  190  190  190  191  193  194  196  197  198
  200  201  203  204  205  206  208  208  207  208  210  209  210  210  211  212
  212  215  215  218  219  220  221  221  221  222  223  224  225  225  226  227
  228  229  230  230  230  229  229  229  229  228  228  226  224  223  220  218
  215  212  209  207  204  201  198  196  194
    80.0-180.0 180.0   5.0 450.0                            LAT/LON1/LON2/DLON/H
  193  188  185  184  182  182  180  182  182  183  185  187  189  191  192  194
  196  198  199  200  202  205  207  204  206  206  208  208  209  211  211  213
  214  216  217  219  221  223  224  224  225  225  226  226  227  229  230  233
  236  239  242  243  245  245  247  247  248  248  247  245  243  240  236  232
  228  224  219  215  210  205  200  196  193
    77.5-180.0 180.0   5.0 450.0                            LAT/LON1/LON2/DLON/H
  194  189  184  181  178  176  175  177  176  178  180  180  182  185  188  191
  192  194  195  195  197  200  201  203  205  207  207  208  210  212  214  214
  215  218  220  222  224  224  226  226  227  229  230  230  231  233  236  239
  243  249  255  259  262  265  267  269  270  271  271  269  265  261  255  249
  244  239  233  225  219  212  205  198  194
    75.0-180.0 180.0   5.0 450.0                            LAT/LON1/LON2/DLON/H
  198  190  185  180  175  171  169  169  171  172  173  176  179  181  182  185
  187  188  190  191  196  195  197  198  201  204  207  208  209  211  214  216
  217  219  221  223  225  227  228  229  230  231  233  235  237  240  243  248
  253  260  266  273  278  283  287  290  292  292  291  289  286  280  272  266
  260  253  246  239  231  221  212  204  198
    72.5-180.0 180.0   5.0 450.0                            LAT/LON1/LON2/DLON/H
  203  193  185  177  170  166  165  165  165  165  167  170  171  173  177  179
  180  182  184  189  190  192  195  197  200  202  204  209  210  211  213  216
  218  220  221  223  225  228  230  231  233  235  237  239  242  245  249  255
  262  269  276  283  289  295  300  303  305  305  304  301  298  291  284  278
  271  263  256  249  241  231  222  211  203
    70.0-180.0 180.0   5.0 450.0                            LAT/LON1/LON2/DLON/H
  203  191  181  174  167  162  160  158  158  159  161  162  164  167  167  170
  172  175  178  181  186  190  195  197  202  206  207  209  212  213  215  216
  218  220  222  224  226  228  230  233  236  238  240  242  246  249  254  260
  266  274  281  288  294  300  304  307  308  307  306  303  297  292  285  278
  272  265  259  252  245  235  225  213  203
    67.5-180.0 180.0   5.0 450.0                            LAT/LON1/LON2/DLON/H
  200  187  177  169  160  154  150  149  148  150  151  151  155  156  158  160
  164  166  170  177  184  190  197  202  206  210  211  213  216  217  218  219
  219  221  223  225  227  228  231  233  237  240  242  245  249  252  256  261
  267  273  281  286  291  295  298  300  300  299  297  292  287  281  275  268
  262  256  252  246  239  231  221  209  200
    65.0-180.0 180.0   5.0 450.0                            LAT/LON1/LON2/DLON/H
  192  179  169  160  149  138  136  136  136  136  138  141  144  144  148  151
  155  159  164  174  182  191  201  207  212  217  217  219  221  222  222  224
  223  224  224  225  227  229  231  233  237  241  244  247  250  253  257  261
  265  270  275  279  281  283  284  285  285  283  280  275  269  263  256  250
  243  240  237  232  227  220  211  201  192
    62.5-180.0 180.0   5.0 450.0                            LAT/LON1/LON2/DLON/H
  182  168  157  146  134  126  121  120  121  122  124  129  131  133  137  141
  145  152  160  171  181  193  204  212  218  223  224  226  227  227  228  228
  228  228  226  226  226  228  230  234  238  242  246  249  252  254  257  260
  263  265  267  269  269  269  269  268  267  265  262  257  250  243  236  230
  223  219  215  212  209  205  198  189  182
    60.0-180.0 180.0   5.0 450.0                            LAT/LON1/LON2/DLON/H
  173  159  146  133  123  114  107  105  106  107  109  112  116  119  125  131
  136  145  156  167  181  194  207  217  224  229  231  233  233  234  233  233
  232  230  228  226  227  228  231  235  240  245  249  253  255  258  259  260
  262  262  261  260  258  257  256  255  254  252  249  244  237  228  220  211
  204  197  195  192  191  189  186  179  173
    57.5-180.0 180.0   5.0 450.0                            LAT/LON1/LON2/DLON/H
  163  151  138  126  113  104   97   94   93   92   95   95  100  106  112  121
  129  141  153  166  180  195  209  220  229  236  238  240  240  239  238  237
  236  233  231  228  227  229  232  239  244  250  255  259  261  262  263  264
  264  261  259  256  253  250  249  249  249  249  247  242  235  224  214  203
  193  185  180  178  177  175  174  167  163
    55.0-180.0 180.0   5.0 450.0                            LAT/LON1/LON2/DLON/H
  160  147  135  123  110   99   92   86   83   82   83   83   86   93  103  113
  125  137  152  166  181  195  210  222  233  241  245  246  246  244  241  240
  239  237  234  231  230  233  238  245  252  258  264  267  269  270  270  270
  269  267  263  258  254  251  251  252  254  256  256  252  244  234  222  209
  195  185  177  173  169  166  165  163  160
    52.5-180.0 180.0   5.0 450.0                            LAT/LON1/LON2/DLON/H
  159  148  138  126  115  103   94   86   80   77   76   75   78   86   96  108
  122  138  151  166  180  195  211  224  235  245  251  251  250  249  245  244
  242  241  239  237  237  241  248  255  263  269  275  278  279  280  279  280
  278  275  271  267  262  260  261  265  268  271  272  270  263  254  242  227
  211  197  185  174  168  164  162  160  159
    50.0-180.0 180.0   5.0 450.0                            LAT/LON1/LON2/DLON/H
  159  152  144  135  124  111  100   92   85   80   76   75   76   82   94  107
  122  139  154  168  183  196  211  226  237  248  255  257  256  255  251  250
  248  246  245  245  248  254  261  269  276  283  288  289  292  292  291  291
  288  286  282  277  274  273  274  279  284  288  289  288  284  276  264  249
  232  214  200  186  175  169  164  160  159
    47.5-180.0 180.0   5.0 450.0                            LAT/LON1/LON2/DLON/H
  165  159  153  145  134  123  111  103   96   90   83   80   78   83   93  108
  125  142  157  171  185  199  214  229  242  254  261  264  264  263  259  257
  254  253  253  256  261  269  277  285  292  299  304  305  306  305  303  303
  302  298  294  289  285  284  286  292  297  302  303  303  299  292  281  267
  250  232  214  199  186  177  170  166  165
    45.0-180.0 180.0   5.0 450.0                            LAT/LON1/LON2/DLON/H
  170  166  162  155  144  134  123  115  109  102   95   89   86   88   96  111
  128  146  162  176  191  205  220  233  248  260  268  272  273  272  268  266
  264  263  264  268  276  286  294  301  309  316  321  322  321  320  317  316
  315  312  305  300  295  294  296  301  307  309  309  308  304  298  288  276
  261  243  224  210  197  187  177  171  170
    42.5-180.0 180.0   5.0 450.0                            LAT/LON1/LON2/DLON/H
  174  173  170  165  154  144  133  126  120  115  108  101   98   97  103  115
  131  151  168  186  200  214  228  241  255  267  274  278  280  281  279  278
  276  277  278  283  294  302  312  318  326  333  339  342  341  339  335  332
  329  325  316  310  305  302  304  308  310  309  306  302  298  292  283  271
  259  245  229  214  204  194  186  176  174
    40.0-180.0 180.0   5.0 450.0                            LAT/LON1/LON2/DLON/H
  182  177  175  170  162  152  142  135  132  128  121  115  109  107  110  120
  137  156  175  195  211  226  238  248  261  271  279  284  286  289  291  292
  293  295  296  302  313  322  330  337  346  354  358  363  365  363  358  356
  347  340  330  322  315  312  314  316  314  308  302  293  286  279  269  258
  247  237  227  216  209  201  193  185  182
    37.5-180.0 180.0   5.0 450.0                            LAT/LON1/LON2/DLON/H
  188  182  180  174  165  156  147  142  141  141  138  129  122  117  119  127
  141  160  182  204  222  238  248  256  265  274  280  286  290  296  301  307
  311  314  316  324  334  342  348  357  366  375  383  391  395  393  390  384
  374  362  351  343  335  332  334  334  328  317  306  291  279  268  257  247
  236  229  222  216  213  207  200  191  188
    35.0-180.0 180.0   5.0 450.0                            LAT/LON1/LON2/DLON/H
  194  188  184  177  168  157  150  147  149  152  152  145  137  130  128  134
  147  166  191  214  233  249  257  262  267  273  279  286  293  302  312  322
  330  335  339  347  355  364  370  379  388  400  415  422  429  429  429  422
  409  396  384  375  370  371  372  372  364  349  329  306  288  273  258  245
  235  227  222  219  218  214  207  198  194
    32.5-180.0 180.0   5.0 450.0                            LAT/LON1/LON2/DLON/H
  205  196  190  182  172  160  152  149  153  158  160  156  150  143  140  141
  153  173  198  222  243  258  263  264  264  268  274  282  293  306  322  336
  350  358  368  372  378  387  395  406  415  430  445  458  468  473  476  470
  457  447  433  428  428  435  438  444  431  409  378  347  320  300  278  260
  247  237  231  229  228  225  220  212  205
    30.0-180.0 180.0   5.0 450.0                            LAT/LON1/LON2/DLON/H
  221  208  201  191  179  166  155  152  155  160  163  162  160  152  148  148
  158  178  203  229  250  262  264  262  258  259  267  277  294  311  331  352
  372  385  396  404  406  414  422  437  447  458  477  497  512  521  528  525
  521  512  507  507  512  526  533  541  525  494  452  410  378  352  322  296
  276  264  254  249  246  242  238  230  221
    27.5-180.0 180.0   5.0 450.0                            LAT/LON1/LON2/DLON/H
  244  228  219  207  192  176  162  157  158  161  164  165  164  158  152  151
  161  181  206  232  252  262  262  256  250  251  261  276  295  318  345  373
  399  417  430  437  439  442  451  463  477  492  512  536  555  567  580  587
  590  596  598  607  614  634  645  657  630  590  541  492  453  413  378  351
  323  305  292  282  275  270  264  255  244
    25.0-180.0 180.0   5.0 450.0                            LAT/LON1/LON2/DLON/H
  274  256  243  228  212  194  176  167  165  164  165  165  164  159  154  153
  162  178  204  229  248  258  256  248  244  248  261  280  302  330  364  398
  430  453  465  471  475  479  490  495  510  534  549  575  598  615  637  648
  664  682  694  708  714  729  740  750  724  679  628  574  531  490  444  413
  378  354  338  326  311  303  296  286  274
    22.5-180.0 180.0   5.0 450.0                            LAT/LON1/LON2/DLON/H
  305  288  272  254  236  218  197  183  175  170  167  164  161  157  153  152
  158  173  197  221  240  245  243  239  241  252  268  289  315  349  386  429
  465  491  502  509  514  516  531  530  542  567  583  611  630  653  681  703
  723  753  772  783  787  794  800  803  776  726  671  616  573  536  492  459
  428  405  386  371  352  340  326  316  305
    20.0-180.0 180.0   5.0 450.0                            LAT/LON1/LON2/DLON/H
  336  320  302  281  263  245  223  202  189  179  170  164  157  153  148  147
  152  166  189  212  228  232  231  234  242  260  281  306  336  375  416  458
  501  526  542  548  551  558  563  562  570  591  611  637  662  684  709  728
  750  781  803  805  801  799  802  792  763  707  646  593  554  524  496  464
  445  435  422  403  384  369  353  344  336
    17.5-180.0 180.0   5.0 450.0                            LAT/LON1/LON2/DLON/H
  365  349  326  307  290  270  249  223  203  187  175  164  156  148  143  141
  145  159  180  201  216  221  225  233  248  273  299  329  364  406  447  489
  528  554  567  574  578  585  590  593  593  609  632  658  681  697  712  725
  743  766  781  776  762  758  746  731  697  641  578  524  487  465  450  438
  430  429  427  411  394  382  372  369  365
    15.0-180.0 180.0   5.0 450.0                            LAT/LON1/LON2/DLON/H
  379  368  349  332  316  296  270  242  219  200  182  168  155  144  138  135
  138  150  168  190  204  213  222  235  257  286  319  358  396  438  477  517
  550  573  583  589  598  606  612  614  613  623  647  670  686  692  696  701
  714  723  724  719  697  687  668  647  610  557  497  442  409  396  391  394
  400  406  402  398  382  376  375  378  379
    12.5-180.0 180.0   5.0 450.0                            LAT/LON1/LON2/DLON/H
  381  378  362  347  335  315  286  257  231  209  189  171  156  143  135  131
  131  140  157  177  194  207  221  238  267  301  341  382  425  465  504  539
  567  584  594  601  612  623  631  631  627  635  655  672  677  677  673  673
  673  676  667  653  634  615  591  563  524  471  417  372  346  342  345  349
  366  380  384  378  363  361  366  376  381
    10.0-180.0 180.0   5.0 450.0                            LAT/LON1/LON2/DLON/H
  376  374  360  348  340  322  293  263  237  214  193  174  157  142  132  125
  125  133  148  167  188  205  224  246  278  317  361  405  448  487  524  555
  580  598  604  612  625  635  642  639  633  639  651  661  663  657  652  647
  639  632  621  606  583  558  530  501  459  407  359  326  309  311  322  330
  346  363  369  365  354  352  360  371  376
     7.5-180.0 180.0   5.0 450.0                            LAT/LON1/LON2/DLON/H
  375  367  352  339  330  316  288  259  234  213  192  173  156  141  129  121
  120  126  143  164  186  207  230  258  292  333  376  421  463  503  536  565
  589  605  611  619  630  638  640  634  625  626  633  645  646  639  633  627
  621  614  603  584  557  528  501  471  428  378  336  312  306  312  326  338
  347  360  366  365  355  354  361  370  375
     5.0-180.0 180.0   5.0 450.0                            LAT/LON1/LON2/DLON/H
  383  366  347  330  317  300  275  247  223  203  184  168  153  137  126  117
  114  121  139  163  188  212  239  271  308  349  391  435  471  512  540  569
  589  603  611  615  622  625  622  615  606  604  612  623  629  626  624  621
  622  619  609  587  560  531  504  475  434  386  350  336  338  348  355  360
  365  376  376  375  369  373  378  383  383
     2.5-180.0 180.0   5.0 450.0                            LAT/LON1/LON2/DLON/H
  402  375  348  325  306  287  260  231  207  187  171  158  145  133  121  113
  109  116  136  161  190  217  247  281  320  361  402  442  477  510  539  564
  581  593  598  600  604  602  595  584  577  577  589  605  614  621  628  628
  636  637  627  610  586  558  535  512  475  430  398  387  392  406  400  391
  392  403  395  393  390  402  409  408  402
