DORISInput/IGSGIM/2023/IGS0OPSFIN_20232250000_01D_02H_GIM.INX
     1.0            IONOSPHERE MAPS     MIX                 IONEX VERSION / TYPE
cmpcmb v1.2          GRL/UWM             4-sep-23 18:22     PGM / RUN BY / DATE 
ionex file containing IGS COMBINED Ionosphere maps          COMMENT             
global ionosphere maps for day 225, 2023                    DESCRIPTION         
IONEX file containing the COMBINED IGS TEC MAPS and DCBs    DESCRIPTION         
      IONEX files of the following IAACs were combined: cod DESCRIPTION         
                                                        jpl DESCRIPTION         
                                                        upc DESCRIPTION         
Contact address: Andrzej Krankowski                         DESCRIPTION
                 Geodynamics Research Laboratory            DESCRIPTION
                 University of Warmia and Mazury (GRL/UWM)  DESCRIPTION
                 Oczapowski St. 1                           DESCRIPTION
                 10-957-Olsztyn, POLAND                     DESCRIPTION
                 e-mail:  kand@uwm.edu.pl                   DESCRIPTION
                                                            DESCRIPTION         
  2023     8    13     0     0     0                        EPOCH OF FIRST MAP  
  2023     8    14     0     0     0                        EPOCH OF LAST MAP   
  7200                                                      INTERVAL            
    13                                                      # OF MAPS IN FILE   
  COSZ                                                      MAPPING FUNCTION    
     0.0                                                    ELEVATION CUTOFF    
combined TEC calculated as weighted mean of input TEC valuesOBSERVABLES USED    
   310                                                      # OF STATIONS       
    31                                                      # OF SATELLITES     
  6371.0                                                    BASE RADIUS         
     2                                                      MAP DIMENSION       
   450.0 450.0   0.0                                        HGT1 / HGT2 / DHGT  
    87.5 -87.5  -2.5                                        LAT1 / LAT2 / DLAT  
  -180.0 180.0   5.0                                        LON1 / LON2 / DLON  
    -1                                                      EXPONENT            
TEC values in 0.1 tec units;  9999, if no value available   COMMENT             
DCB values in nanoseconds, reference is Sum_of_SatDCBs = 0  COMMENT             
                                                            END OF HEADER       
[from data line 3861]
    10                                                      START OF TEC MAP    
  2023     8    13    18     0     0                        EPOCH OF CURRENT MAP
    87.5-180.0 180.0   5.0 450.0                            LAT/LON1/LON2/DLON/H
  206  207  207  207  207  208  208  209  209  209  211  211  212  212  213  213
  214  214  214  215  215  215  216  216  216  216  216  216  216  216  216  216
  216  216  215  215  214  214  214  213  213  213  212  212  212  212  211  212
  212  212  212  211  211  211  210  210  209  209  208  208  208  207  207  207
  207  207  207  207  206  206  206  206  206
    85.0-180.0 180.0   5.0 450.0                            LAT/LON1/LON2/DLON/H
  202  203  203  204  204  205  206  207  208  209  210  212  213  214  215  217
  218  220  220  220  220  220  221  223  224  225  224  224  223  222  221  220
  219  218  217  216  215  215  213  213  212  211  211  211  210  209  209  209
  209  210  210  210  211  211  211  211  210  210  209  209  208  207  206  206
  204  203  202  201  201  201  201  201  202
    82.5-180.0 180.0   5.0 450.0                            LAT/LON1/LON2/DLON/H
  199  200  200  200  201  202  203  205  206  208  211  213  215  217  220  221
  223  223  225  225  226  225  228  234  234  232  229  227  226  226  225  224
  223  222  221  220  218  217  216  214  214  212  212  213  212  212  212  211
  211  211  212  212  213  213  213  213  213  212  211  211  210  208  207  206
  204  203  202  200  200  200  199  199  199
    80.0-180.0 180.0   5.0 450.0                            LAT/LON1/LON2/DLON/H
  197  197  196  197  198  199  200  203  205  208  211  214  218  221  223  225
  228  230  231  233  234  230  233  233  232  232  232  231  230  230  228  227
  225  223  221  220  219  218  217  216  216  216  216  216  215  215  215  214
  214  213  213  214  214  215  215  215  214  213  213  212  211  210  208  207
  206  204  203  202  201  200  199  198  197
    77.5-180.0 180.0   5.0 450.0                            LAT/LON1/LON2/DLON/H
  197  196  196  196  198  199  201  202  206  210  214  218  222  225  228  232
  236  236  235  236  237  237  236  240  239  237  237  235  234  232  230  227
  224  222  221  220  217  216  215  214  214  214  215  215  216  216  217  217
  216  215  215  215  214  215  214  214  213  212  211  210  209  209  208  208
  207  207  206  205  203  202  200  198  197
    75.0-180.0 180.0   5.0 450.0                            LAT/LON1/LON2/DLON/H
  202  200  200  201  202  202  203  205  209  213  218  224  229  233  236  238
  240  244  245  245  244  243  240  240  240  239  237  234  233  230  227  225
  222  220  217  216  214  213  212  213  212  212  213  213  214  215  216  217
  217  216  216  215  215  213  212  210  208  207  205  204  204  204  204  205
  207  208  209  209  208  207  206  205  202
    72.5-180.0 180.0   5.0 450.0                            LAT/LON1/LON2/DLON/H
  212  211  211  211  209  209  210  211  215  221  227  233  238  242  246  251
  254  254  253  252  250  250  244  242  244  241  237  235  231  229  225  222
  220  218  215  214  213  212  210  210  211  211  211  212  212  214  216  217
  216  216  214  213  211  208  205  202  199  197  195  193  193  193  195  197
  200  204  208  210  212  213  213  212  212
    70.0-180.0 180.0   5.0 450.0                            LAT/LON1/LON2/DLON/H
  223  223  223  222  220  219  220  221  225  230  236  242  248  255  259  261
  263  265  263  259  257  256  250  247  246  243  239  235  232  228  225  222
  220  218  216  214  213  212  211  210  210  211  212  212  213  214  215  215
  214  212  209  206  202  198  194  188  184  181  178  176  175  177  179  183
  188  195  201  207  212  216  219  222  223
    67.5-180.0 180.0   5.0 450.0                            LAT/LON1/LON2/DLON/H
  233  235  235  234  232  231  231  233  235  239  245  251  258  263  266  270
  272  271  269  265  264  263  258  253  250  246  243  237  233  229  226  223
  220  219  217  215  214  213  212  211  211  212  213  213  214  214  212  211
  209  205  200  195  189  182  177  170  164  160  157  155  154  155  157  163
  170  179  191  200  210  219  224  231  233
    65.0-180.0 180.0   5.0 450.0                            LAT/LON1/LON2/DLON/H
  239  243  245  245  244  243  242  243  244  247  252  257  263  267  272  274
  276  275  274  271  270  268  264  259  254  251  247  241  235  231  228  225
  222  220  219  217  216  215  214  213  213  213  214  215  214  214  211  207
  202  196  188  180  172  165  158  149  142  138  135  132  132  132  135  141
  149  162  175  190  203  216  226  235  239
    62.5-180.0 180.0   5.0 450.0                            LAT/LON1/LON2/DLON/H
  242  248  253  254  254  254  253  252  250  252  255  259  265  269  272  275
  278  278  277  275  273  272  269  264  260  256  251  246  240  235  231  227
  225  223  222  220  219  218  216  216  216  217  217  217  216  213  209  202
  194  186  175  165  156  147  141  131  124  120  116  113  112  112  115  121
  131  142  157  173  191  206  221  232  242
    60.0-180.0 180.0   5.0 450.0                            LAT/LON1/LON2/DLON/H
  241  250  256  262  263  263  262  258  255  254  255  258  263  266  271  275
  276  278  277  276  275  273  272  269  265  260  257  251  245  240  236  232
  230  228  226  225  224  223  222  222  222  224  224  223  220  215  208  199
  189  176  165  153  144  133  127  120  114  109  105  101   99   99  101  105
  114  124  139  154  173  193  211  227  241
    57.5-180.0 180.0   5.0 450.0                            LAT/LON1/LON2/DLON/H
  235  247  258  267  270  272  269  264  259  255  253  255  258  262  266  270
  273  275  276  275  274  274  273  272  269  265  261  257  252  248  244  240
  237  235  233  232  232  230  230  230  230  231  232  230  226  220  210  198
  185  171  157  145  136  127  123  117  112  108  104  100   97   95   95   98
  104  113  124  140  157  176  197  216  235
    55.0-180.0 180.0   5.0 450.0                            LAT/LON1/LON2/DLON/H
  225  243  259  272  279  280  277  270  262  256  253  252  254  257  262  266
  270  272  273  273  273  272  272  273  272  270  266  264  260  256  253  250
  246  244  243  242  241  242  242  242  242  242  242  240  234  226  214  200
  184  169  153  141  133  126  124  120  118  115  113  111  107  104  101  100
  103  109  117  127  143  160  182  205  225
    52.5-180.0 180.0   5.0 450.0                            LAT/LON1/LON2/DLON/H
  216  239  259  277  285  290  287  275  266  260  254  252  253  256  260  264
  268  270  271  270  269  270  271  272  274  274  272  270  268  264  261  258
  255  254  253  254  254  255  255  255  254  255  253  250  243  234  219  203
  187  170  154  144  137  133  132  131  131  131  130  129  126  122  118  114
  113  114  117  122  133  151  170  192  216
    50.0-180.0 180.0   5.0 450.0                            LAT/LON1/LON2/DLON/H
  210  235  259  276  288  298  296  285  275  267  261  258  257  258  260  265
  267  269  269  268  267  268  270  273  276  278  278  278  277  274  271  267
  264  264  264  267  268  270  270  271  269  267  265  260  252  240  225  209
  192  176  164  155  148  146  146  146  146  146  147  147  147  145  140  136
  131  127  125  126  133  147  166  186  210
    47.5-180.0 180.0   5.0 450.0                            LAT/LON1/LON2/DLON/H
  211  233  258  275  291  305  306  294  286  280  274  269  267  265  265  268
  271  271  270  268  267  268  272  277  281  284  286  287  286  283  281  277
  273  274  277  279  283  286  288  286  284  280  275  268  258  246  231  216
  200  186  175  167  163  162  161  159  158  158  159  161  164  164  162  158
  151  144  138  136  140  149  166  186  211
    45.0-180.0 180.0   5.0 450.0                            LAT/LON1/LON2/DLON/H
  212  237  261  278  294  309  316  308  304  297  291  285  280  276  275  276
  278  278  276  274  272  274  279  286  290  294  295  296  296  292  289  286
  282  285  289  294  300  305  306  304  299  292  283  275  265  252  237  223
  209  197  186  181  177  175  172  167  166  165  166  168  172  176  176  174
  168  161  153  148  148  158  171  189  212
    42.5-180.0 180.0   5.0 450.0                            LAT/LON1/LON2/DLON/H
  217  241  265  284  302  314  325  321  319  316  311  305  296  291  287  289
  290  289  287  285  283  286  292  298  303  307  307  307  306  301  298  295
  294  299  305  312  320  325  326  322  314  305  292  282  271  258  243  231
  217  207  199  193  188  183  177  170  166  164  165  168  172  178  181  181
  179  174  167  162  159  165  179  195  217
    40.0-180.0 180.0   5.0 450.0                            LAT/LON1/LON2/DLON/H
  226  247  271  292  309  321  333  337  336  336  332  325  318  309  305  305
  305  306  303  301  300  303  308  315  320  322  321  320  316  310  307  307
  309  315  324  336  344  349  347  341  332  320  304  290  277  265  252  240
  227  218  210  202  195  185  179  169  163  161  162  166  171  177  180  182
  182  179  175  171  170  173  185  203  226
    37.5-180.0 180.0   5.0 450.0                            LAT/LON1/LON2/DLON/H
  230  254  276  298  316  329  342  352  354  354  352  346  338  330  326  325
  325  325  322  321  320  324  329  335  339  340  337  334  329  323  322  323
  328  339  354  365  374  376  372  363  351  336  319  300  288  274  262  250
  238  226  217  208  199  186  179  170  164  166  168  172  176  179  180  181
  182  181  179  177  175  179  190  208  230
    35.0-180.0 180.0   5.0 450.0                            LAT/LON1/LON2/DLON/H
  233  256  279  301  321  336  349  364  368  371  371  368  362  354  349  347
  347  348  345  346  346  349  353  357  360  359  356  354  348  342  342  343
  354  368  387  401  408  407  398  385  371  354  335  316  302  285  272  259
  246  234  222  213  204  191  185  180  179  186  191  194  193  190  186  183
  183  183  181  178  177  181  192  210  233
    32.5-180.0 180.0   5.0 450.0                            LAT/LON1/LON2/DLON/H
  231  255  277  301  321  339  354  371  381  388  390  390  387  381  374  375
  373  374  372  374  375  377  379  381  382  380  377  377  373  368  369  373
  387  404  423  442  448  439  425  409  392  373  354  334  319  299  280  265
  253  242  228  220  215  207  205  205  212  225  234  237  228  216  202  193
  188  186  183  180  177  179  191  209  231
    30.0-180.0 180.0   5.0 450.0                            LAT/LON1/LON2/DLON/H
  228  250  275  298  320  340  359  378  393  404  410  412  414  410  405  405
  404  403  401  403  406  407  406  407  404  401  400  404  404  401  401  409
  426  446  465  483  487  471  450  430  410  391  368  347  334  309  287  272
  259  248  238  235  234  230  234  245  261  279  294  298  281  256  231  214
  201  193  188  182  177  176  186  205  228
    27.5-180.0 180.0   5.0 450.0                            LAT/LON1/LON2/DLON/H
  220  244  270  295  318  341  365  387  405  420  430  436  443  444  439  439
  437  434  430  434  437  437  434  431  426  423  425  432  438  437  442  455
  470  493  511  528  532  511  477  446  418  391  368  355  340  316  293  280
  269  261  256  258  258  260  269  287  315  342  360  363  339  302  267  241
  217  205  196  186  177  173  180  197  220
    25.0-180.0 180.0   5.0 450.0                            LAT/LON1/LON2/DLON/H
  211  236  264  291  318  345  372  397  420  439  449  461  472  479  477  475
  468  466  462  465  468  465  460  455  449  448  452  462  473  480  486  502
  520  541  557  571  575  563  505  457  416  384  366  361  344  319  299  288
  282  280  282  286  288  290  303  325  361  397  418  415  383  341  301  266
  237  218  204  192  180  172  174  188  211
    22.5-180.0 180.0   5.0 450.0                            LAT/LON1/LON2/DLON/H
  202  228  258  287  316  346  376  404  431  454  469  484  499  514  514  512
  501  501  495  497  498  491  486  480  474  477  483  496  512  525  536  550
  572  584  605  612  604  583  523  456  404  372  357  354  344  321  301  293
  296  300  303  306  312  317  331  353  388  425  446  436  399  360  320  281
  251  230  210  196  183  172  170  180  202
    20.0-180.0 180.0   5.0 450.0                            LAT/LON1/LON2/DLON/H
  195  222  254  284  314  346  378  409  436  462  485  504  522  543  548  545
  537  534  529  530  527  519  513  508  504  509  518  531  556  572  586  601
  619  630  639  637  613  577  516  443  386  350  339  339  334  320  302  300
  309  315  317  320  324  332  344  361  388  418  434  421  387  348  314  280
  254  235  214  198  185  171  164  172  195
    17.5-180.0 180.0   5.0 450.0                            LAT/LON1/LON2/DLON/H
  189  219  250  282  315  345  378  409  437  464  490  517  540  562  574  574
  569  567  563  563  559  549  546  538  535  543  554  568  593  609  630  644
  654  661  657  639  605  557  499  420  363  330  319  321  324  317  306  310
  320  328  330  328  330  336  343  351  369  386  392  377  345  312  286  261
  246  231  216  201  184  168  160  167  189
    15.0-180.0 180.0   5.0 450.0                            LAT/LON1/LON2/DLON/H
  185  214  248  280  314  347  377  407  436  464  488  521  549  572  589  595
  595  594  594  594  589  580  573  563  563  574  586  598  615  633  655  667
  673  669  655  632  596  543  479  403  350  317  304  310  314  310  307  315
  327  340  343  337  333  332  332  336  343  344  337  320  291  268  248  233
  228  223  215  202  184  167  159  165  185
    12.5-180.0 180.0   5.0 450.0                            LAT/LON1/LON2/DLON/H
  182  210  243  278  312  345  377  405  432  457  485  515  546  572  591  604
  610  615  619  620  616  605  594  585  589  601  609  619  629  647  662  672
  675  665  648  628  592  537  472  396  339  308  297  305  311  309  308  319
  336  353  355  346  334  326  322  320  318  308  290  265  238  218  211  208
  208  210  207  198  183  168  159  164  182
    10.0-180.0 180.0   5.0 450.0                            LAT/LON1/LON2/DLON/H
  178  205  238  274  310  343  375  402  428  452  477  506  537  564  586  604
  617  629  638  642  637  627  614  609  613  623  628  634  640  652  663  670
  670  660  642  624  589  540  483  407  346  313  305  312  314  315  318  328
  348  367  366  353  335  321  315  309  302  283  257  226  199  183  181  185
  190  194  192  188  177  164  157  160  178
     7.5-180.0 180.0   5.0 450.0                            LAT/LON1/LON2/DLON/H
  172  199  234  273  309  344  375  403  428  451  473  499  526  552  576  598
  619  637  652  659  654  644  634  629  631  638  643  645  648  651  657  662
  662  651  635  617  589  550  503  439  371  336  326  335  333  331  334  343
  364  380  378  363  342  324  318  311  301  275  241  207  179  164  162  169
  174  177  176  174  166  157  152  154  172
     5.0-180.0 180.0   5.0 450.0                            LAT/LON1/LON2/DLON/H
  166  197  231  271  312  347  380  410  435  456  477  498  519  542  566  590
  615  638  656  665  663  655  647  643  645  650  654  653  650  651  654  653
  649  637  623  609  589  560  521  463  409  372  363  370  364  361  361  370
  380  392  389  375  351  333  331  323  310  280  240  206  177  159  154  158
  159  159  161  159  154  149  145  150  166
     2.5-180.0 180.0   5.0 450.0                            LAT/LON1/LON2/DLON/H
  159  190  228  270  315  356  390  421  450  471  490  508  522  540  559  583
  608  633  651  661  661  657  653  652  656  660  661  656  651  648  646  640
  632  619  607  598  590  570  537  483  437  408  401  400  398  403  402  399
  391  389  387  373  350  335  337  333  318  291  252  216  185  161  150  147
  143  142  143  142  141  139  138  143  159
