DORISInput/IGSGIM/2023/IGS0OPSFIN_20232240000_01D_02H_GIM.INX
     1.0            IONOSPHERE MAPS     MIX                 IONEX VERSION / TYPE
cmpcmb v1.2          GRL/UWM            28-aug-23 16:36     PGM / RUN BY / DATE 
ionex file containing IGS COMBINED Ionosphere maps          COMMENT             
global ionosphere maps for day 224, 2023                    DESCRIPTION         
IONEX file containing the COMBINED IGS TEC MAPS and DCBs    DESCRIPTION         
      IONEX files of the following IAACs were combined: cod DESCRIPTION         
                                                        jpl DESCRIPTION         
                                                        upc DESCRIPTION         
Contact address: Andrzej Krankowski                         DESCRIPTION
                 Geodynamics Research Laboratory            DESCRIPTION
                 University of Warmia and Mazury (GRL/UWM)  DESCRIPTION
                 Oczapowski St. 1                           DESCRIPTION
                 10-957-Olsztyn, POLAND                     DESCRIPTION
                 e-mail:  kand@uwm.edu.pl                   DESCRIPTION
                                                            DESCRIPTION         
  2023     8    12     0     0     0                        EPOCH OF FIRST MAP  
  2023     8    13     0     0     0                        EPOCH OF LAST MAP   
  7200                                                      INTERVAL            
    13                                                      # OF MAPS IN FILE   
  COSZ                                                      MAPPING FUNCTION    
     0.0                                                    ELEVATION CUTOFF    
combined TEC calculated as weighted mean of input TEC valuesOBSERVABLES USED    
   302                                                      # OF STATIONS       
    31                                                      # OF SATELLITES     
  6371.0                                                    BASE RADIUS         
     2                                                      MAP DIMENSION       
   450.0 450.0   0.0                                        HGT1 / HGT2 / DHGT  
    87.5 -87.5  -2.5                                        LAT1 / LAT2 / DLAT  
  -180.0 180.0   5.0                                        LON1 / LON2 / DLON  
    -1                                                      EXPONENT            
TEC values in 0.1 tec units;  9999, if no value available   COMMENT             
DCB values in nanoseconds, reference is Sum_of_SatDCBs = 0  COMMENT             
                                                            END OF HEADER       
[from data line 3003]
     8                                                      START OF TEC MAP    
  2023     8    12    14     0     0                        EPOCH OF CURRENT MAP
    87.5-180.0 180.0   5.0 450.0                            LAT/LON1/LON2/DLON/H
  228  229  229  229  229  230  230  231  231  231  233  233  233  233  234  235
  235  236  236  235  235  235  235  235  235  233  233  232  231  230  229  229
  228  227  227  226  226  225  225  224  224  224  224  223  223  223  224  224
  225  225  225  225  225  226  226  226  226  226  226  226  227  227  227  227
  227  228  228  228  228  227  227  228  228
    85.0-180.0 180.0   5.0 450.0                            LAT/LON1/LON2/DLON/H
  220  221  222  223  224  225  227  228  229  231  232  233  234  235  236  236
  237  238  238  239  239  239  239  239  238  236  236  234  233  233  232  232
  231  230  229  227  227  226  225  224  224  224  222  222  222  221  221  221
  221  221  222  223  223  223  224  224  223  223  223  222  221  221  221  220
  220  219  220  219  219  219  219  219  220
    82.5-180.0 180.0   5.0 450.0                            LAT/LON1/LON2/DLON/H
  211  213  215  216  219  221  222  225  227  229  231  233  235  236  238  239
  240  240  240  240  240  239  241  242  241  240  238  237  236  233  232  230
  229  227  225  224  223  221  221  220  219  219  219  220  221  221  222  222
  222  222  223  223  224  224  223  223  223  221  220  219  217  216  215  214
  212  211  210  209  209  208  209  210  211
    80.0-180.0 180.0   5.0 450.0                            LAT/LON1/LON2/DLON/H
  199  201  202  205  207  211  213  217  221  224  228  230  232  233  234  236
  237  239  240  240  242  244  241  243  242  240  238  237  235  233  231  230
  228  226  223  221  220  219  219  218  217  217  217  218  219  221  222  223
  225  226  226  227  227  227  226  225  224  222  220  217  214  211  208  206
  203  201  199  198  196  196  197  198  199
    77.5-180.0 180.0   5.0 450.0                            LAT/LON1/LON2/DLON/H
  185  187  190  193  197  201  207  212  216  219  221  223  226  229  230  232
  232  234  236  238  240  242  239  242  243  240  238  239  239  238  236  233
  230  227  224  221  219  218  217  216  216  216  217  218  220  222  224  227
  229  230  232  232  232  232  231  229  227  224  221  216  211  206  202  197
  193  190  187  184  182  182  182  183  185
    75.0-180.0 180.0   5.0 450.0                            LAT/LON1/LON2/DLON/H
  171  175  179  184  189  194  199  204  208  211  214  216  218  221  224  226
  227  230  231  233  237  239  238  243  243  245  244  244  242  242  241  238
  236  232  229  226  221  218  216  215  216  216  218  220  223  226  228  232
  234  235  237  238  238  237  235  232  228  225  220  214  208  200  195  189
  182  176  173  169  168  167  167  169  171
    72.5-180.0 180.0   5.0 450.0                            LAT/LON1/LON2/DLON/H
  157  164  169  174  180  186  192  199  203  207  209  213  216  218  220  220
  221  222  225  229  232  236  238  244  247  246  249  249  249  248  246  244
  241  238  234  230  226  223  219  217  217  218  221  224  227  230  233  236
  238  239  240  241  240  238  235  232  228  223  218  212  204  197  191  182
  174  166  162  155  152  152  151  154  157
    70.0-180.0 180.0   5.0 450.0                            LAT/LON1/LON2/DLON/H
  144  150  157  165  171  178  183  190  196  200  203  206  210  213  212  214
  215  216  219  222  228  232  238  243  248  250  252  253  253  253  252  250
  246  243  240  235  231  227  224  222  220  221  223  226  230  234  236  238
  240  240  239  238  237  235  231  229  225  220  215  209  201  194  186  177
  168  159  153  141  138  135  136  137  144
    67.5-180.0 180.0   5.0 450.0                            LAT/LON1/LON2/DLON/H
  130  134  143  151  157  165  173  178  185  191  196  199  203  205  207  208
  209  211  213  217  223  230  238  243  247  252  254  254  255  254  254  253
  250  247  244  239  235  231  227  224  223  223  225  227  230  233  235  237
  237  235  234  232  229  227  225  222  219  215  212  205  199  192  182  173
  163  151  145  132  125  122  122  124  130
    65.0-180.0 180.0   5.0 450.0                            LAT/LON1/LON2/DLON/H
  119  123  129  137  143  150  158  168  174  182  189  194  197  199  202  203
  204  207  210  215  221  229  236  242  245  250  253  253  254  254  255  254
  253  251  247  244  239  234  230  226  223  223  225  226  229  231  232  232
  231  228  225  222  219  217  215  213  212  210  207  203  197  191  182  173
  162  152  145  130  121  117  116  116  119
    62.5-180.0 180.0   5.0 450.0                            LAT/LON1/LON2/DLON/H
  113  115  119  123  128  136  142  153  163  171  181  187  191  195  197  199
  202  205  208  214  220  228  234  240  245  249  252  253  253  254  255  256
  255  254  251  248  242  237  232  228  224  223  225  226  228  229  229  228
  224  220  216  212  209  207  207  206  207  206  205  202  198  191  183  174
  165  154  148  133  124  118  114  113  113
    60.0-180.0 180.0   5.0 450.0                            LAT/LON1/LON2/DLON/H
  112  111  111  112  117  122  128  137  149  159  169  178  184  191  194  196
  199  202  206  212  219  226  232  239  245  249  252  253  254  256  257  258
  259  259  256  252  247  241  235  230  226  225  225  226  227  228  227  224
  220  215  211  208  204  204  203  204  205  206  206  203  200  193  186  177
  168  157  151  139  130  122  116  113  112
    57.5-180.0 180.0   5.0 450.0                            LAT/LON1/LON2/DLON/H
  114  110  108  109  110  113  118  125  135  147  159  168  177  185  189  192
  196  200  204  211  216  223  232  238  244  248  251  254  256  259  261  264
  266  266  264  260  254  247  240  234  230  228  228  228  229  230  228  224
  220  215  212  210  208  208  207  209  210  211  210  208  204  197  190  181
  171  163  157  146  137  129  122  117  114
    55.0-180.0 180.0   5.0 450.0                            LAT/LON1/LON2/DLON/H
  118  113  109  107  106  108  112  117  126  138  151  161  171  180  186  190
  194  198  203  208  214  222  230  237  243  248  252  256  260  264  267  271
  274  275  274  270  264  256  249  243  237  234  233  234  234  234  232  229
  225  222  220  219  219  219  220  221  221  220  218  215  211  203  195  186
  175  168  162  152  146  138  131  124  118
    52.5-180.0 180.0   5.0 450.0                            LAT/LON1/LON2/DLON/H
  125  118  113  109  107  107  110  112  121  133  146  158  170  179  186  190
  193  197  201  205  212  220  227  235  242  248  254  259  265  271  276  281
  284  286  285  281  275  268  261  254  248  244  243  242  243  243  241  239
  236  234  233  234  236  239  239  240  237  234  231  226  220  213  203  194
  182  172  167  158  153  147  140  132  125
    50.0-180.0 180.0   5.0 450.0                            LAT/LON1/LON2/DLON/H
  133  127  121  117  114  113  113  115  122  134  148  162  175  184  190  193
  195  197  201  204  211  218  226  234  241  250  256  263  271  279  287  293
  296  298  298  294  290  284  277  268  262  257  255  255  255  256  254  252
  250  250  251  253  255  258  259  257  253  247  243  236  229  221  212  202
  190  179  173  165  160  155  149  142  133
    47.5-180.0 180.0   5.0 450.0                            LAT/LON1/LON2/DLON/H
  144  137  131  127  125  123  121  122  127  139  153  168  184  193  197  198
  198  200  203  206  212  219  226  235  243  252  259  268  278  289  298  305
  310  312  311  309  308  304  298  290  281  274  271  269  271  271  269  268
  266  268  269  270  271  273  272  269  264  257  250  243  236  229  220  210
  199  188  182  173  167  163  158  151  144
    45.0-180.0 180.0   5.0 450.0                            LAT/LON1/LON2/DLON/H
  153  147  141  138  137  135  132  130  135  147  161  178  194  203  207  205
  204  206  208  212  217  223  230  239  247  257  265  275  287  299  309  317
  321  325  328  329  328  327  323  315  305  296  290  287  287  287  286  285
  283  285  285  286  285  283  279  274  269  263  257  249  244  239  231  220
  208  197  189  179  174  170  165  159  153
    42.5-180.0 180.0   5.0 450.0                            LAT/LON1/LON2/DLON/H
  161  155  151  149  148  146  140  137  140  153  169  187  205  215  216  213
  212  214  217  221  226  231  237  245  253  263  272  282  295  309  319  329
  334  340  345  349  355  357  354  343  333  321  312  307  308  307  304  302
  302  301  298  297  292  287  280  274  269  265  262  257  253  250  243  232
  218  205  197  187  180  176  172  167  161
    40.0-180.0 180.0   5.0 450.0                            LAT/LON1/LON2/DLON/H
  168  161  158  158  157  153  146  142  144  156  175  197  215  225  225  221
  220  223  228  233  237  241  246  253  261  270  280  291  305  320  332  343
  351  357  367  376  387  391  389  377  365  349  338  332  331  329  323  320
  317  315  310  304  296  287  277  271  267  264  262  262  261  260  254  244
  229  215  205  194  186  182  179  174  168
    37.5-180.0 180.0   5.0 450.0                            LAT/LON1/LON2/DLON/H
  176  168  162  163  161  155  147  142  145  156  175  201  221  233  234  230
  229  234  240  246  250  253  256  263  271  280  291  303  318  334  349  361
  371  380  392  409  425  430  429  419  403  385  367  362  359  355  345  340
  333  330  323  314  302  289  275  268  265  264  264  266  268  268  265  256
  242  227  216  202  195  190  186  182  176
    35.0-180.0 180.0   5.0 450.0                            LAT/LON1/LON2/DLON/H
  184  177  169  166  162  153  142  137  140  151  169  197  222  238  241  238
  238  245  253  261  264  265  268  274  283  293  304  317  334  351  368  383
  395  410  426  447  466  475  470  460  444  425  404  396  393  387  373  364
  355  350  343  331  318  300  283  274  270  269  270  271  274  275  273  266
  254  240  229  214  205  199  196  191  184
    32.5-180.0 180.0   5.0 450.0                            LAT/LON1/LON2/DLON/H
  196  187  177  170  163  148  135  127  130  139  158  188  219  238  245  247
  248  257  266  275  278  278  280  285  295  307  318  333  351  370  390  408
  427  447  468  492  510  521  516  503  487  469  446  436  440  421  408  396
  384  379  374  362  347  326  307  294  286  281  280  280  282  280  277  273
  264  253  241  225  216  210  207  203  196
    30.0-180.0 180.0   5.0 450.0                            LAT/LON1/LON2/DLON/H
  211  202  187  174  162  146  131  121  120  128  146  176  209  232  245  253
  260  269  279  288  290  290  290  297  308  322  336  352  372  394  416  438
  466  490  520  542  560  569  561  546  527  512  494  483  480  460  449  436
  427  424  421  409  391  367  346  326  311  300  293  289  289  286  282  278
  272  263  253  238  229  224  221  218  211
    27.5-180.0 180.0   5.0 450.0                            LAT/LON1/LON2/DLON/H
  228  218  200  181  166  151  134  121  114  118  136  163  196  221  239  255
  268  280  290  297  299  299  301  309  322  338  356  375  399  424  450  474
  504  534  563  597  612  608  604  587  566  545  533  525  516  502  497  487
  486  484  480  469  447  419  391  362  338  318  306  299  295  291  286  283
  279  271  264  253  244  240  238  234  228
    25.0-180.0 180.0   5.0 450.0                            LAT/LON1/LON2/DLON/H
  247  234  214  195  177  162  146  130  119  118  132  153  182  210  235  255
  272  286  297  303  304  305  308  319  335  357  379  404  432  462  491  515
  545  578  612  642  652  644  635  619  594  574  569  563  553  549  546  543
  546  552  546  529  503  475  435  397  364  336  319  309  301  294  288  284
  281  276  271  267  263  260  257  254  247
    22.5-180.0 180.0   5.0 450.0                            LAT/LON1/LON2/DLON/H
  266  248  229  209  191  176  161  144  129  123  130  147  173  202  228  251
  270  286  299  305  308  311  317  330  351  378  406  437  466  504  534  559
  589  621  657  678  675  668  655  641  619  610  602  601  598  599  595  593
  607  612  599  573  543  514  473  435  391  356  335  321  308  298  288  281
  279  277  275  279  281  282  280  277  266
    20.0-180.0 180.0   5.0 450.0                            LAT/LON1/LON2/DLON/H
  281  264  242  222  204  188  174  156  137  128  129  144  169  196  221  244
  264  281  298  308  313  319  327  345  371  403  436  472  504  542  571  601
  627  654  686  694  681  670  659  648  632  636  633  642  638  641  639  643
  657  660  636  597  562  529  493  458  416  383  361  343  325  310  293  283
  277  276  276  285  292  298  298  292  281
    17.5-180.0 180.0   5.0 450.0                            LAT/LON1/LON2/DLON/H
  285  271  253  234  216  199  184  167  147  131  130  142  164  189  214  237
  257  277  297  309  319  328  341  363  393  431  467  507  542  578  607  627
  647  669  694  698  679  662  654  643  636  645  652  668  677  676  673  678
  687  685  652  598  557  521  492  469  434  409  392  372  351  331  309  294
  281  276  278  286  293  302  305  297  285
    15.0-180.0 180.0   5.0 450.0                            LAT/LON1/LON2/DLON/H
  277  266  252  234  218  204  191  176  154  136  131  140  160  185  210  232
  252  274  295  311  325  339  357  383  417  460  500  542  578  612  633  642
  653  673  692  693  676  657  650  639  633  645  661  682  697  694  691  694
  691  679  639  577  529  495  474  454  434  421  412  394  374  350  325  309
  296  284  286  287  290  298  298  286  277
    12.5-180.0 180.0   5.0 450.0                            LAT/LON1/LON2/DLON/H
  257  249  237  220  207  198  188  175  157  140  134  141  159  184  208  229
  251  273  295  315  333  352  375  406  444  491  533  576  611  638  649  650
  655  669  682  682  669  654  646  636  637  648  669  688  697  696  694  693
  679  652  606  547  492  464  444  431  424  422  419  404  386  362  338  322
  313  304  304  296  293  292  285  268  257
    10.0-180.0 180.0   5.0 450.0                            LAT/LON1/LON2/DLON/H
  236  226  215  201  187  181  175  165  152  139  135  143  159  184  209  232
  255  279  302  324  346  369  396  432  473  522  563  604  634  650  653  651
  656  667  676  673  663  653  649  643  649  660  677  688  689  688  686  680
  660  627  575  523  471  441  425  421  424  429  428  416  397  377  355  337
  328  319  317  305  297  286  270  250  236
     7.5-180.0 180.0   5.0 450.0                            LAT/LON1/LON2/DLON/H
  220  205  192  177  164  159  157  148  140  132  133  143  163  187  213  240
  265  291  314  339  364  391  421  458  501  545  587  620  645  654  654  653
  658  666  671  671  666  661  661  660  666  673  681  681  679  674  670  662
  641  608  564  513  467  442  432  436  445  452  452  437  416  398  378  360
  347  335  331  312  302  283  263  240  220
     5.0-180.0 180.0   5.0 450.0                            LAT/LON1/LON2/DLON/H
  209  189  172  156  144  139  136  132  125  123  127  140  163  190  220  251
  280  307  331  357  385  415  445  483  525  566  606  632  648  654  654  655
  658  664  667  670  671  674  678  675  677  679  677  671  664  656  650  640
  623  596  561  521  483  463  461  472  484  492  487  466  441  422  405  392
  373  354  347  324  310  287  261  234  209
     2.5-180.0 180.0   5.0 450.0                            LAT/LON1/LON2/DLON/H
  205  181  159  141  131  127  123  118  112  111  118  134  159  190  226  263
  296  324  350  377  407  438  469  504  544  581  614  637  648  649  647  649
  650  653  656  665  674  683  688  684  681  676  665  653  643  631  623  616
  606  587  563  536  510  496  500  518  530  527  514  489  461  442  431  419
  397  372  364  337  322  297  266  234  205
