DORISInput/IGSGIM/2023/IGS0OPSFIN_20232220000_01D_02H_GIM.INX
     1.0            IONOSPHERE MAPS     MIX                 IONEX VERSION / TYPE
cmpcmb v1.2          GRL/UWM            28-aug-23 16:26     PGM / RUN BY / DATE 
ionex file containing IGS COMBINED Ionosphere maps          COMMENT             
global ionosphere maps for day 222, 2023                    DESCRIPTION         
IONEX file containing the COMBINED IGS TEC MAPS and DCBs    DESCRIPTION         
      IONEX files of the following IAACs were combined: cod DESCRIPTION         
                                                        jpl DESCRIPTION         
                                                        upc DESCRIPTION         
Contact address: Andrzej Krankowski                         DESCRIPTION
                 Geodynamics Research Laboratory            DESCRIPTION
                 University of Warmia and Mazury (GRL/UWM)  DESCRIPTION
                 Oczapowski St. 1                           DESCRIPTION
                 10-957-Olsztyn, POLAND                     DESCRIPTION
                 e-mail:  kand@uwm.edu.pl                   DESCRIPTION
                                                            DESCRIPTION         
  2023     8    10     0     0     0                        EPOCH OF FIRST MAP  
  2023     8    11     0     0     0                        EPOCH OF LAST MAP   
  7200                                                      INTERVAL            
    13                                                      # OF MAPS IN FILE   
  COSZ                                                      MAPPING FUNCTION    
     0.0                                                    ELEVATION CUTOFF    
combined TEC calculated as weighted mean of input TEC valuesOBSERVABLES USED    
   309                                                      # OF STATIONS       
    31                                                      # OF SATELLITES     
  6371.0                                                    BASE RADIUS         
     2                                                      MAP DIMENSION       
   450.0 450.0   0.0                                        HGT1 / HGT2 / DHGT  
    87.5 -87.5  -2.5                                        LAT1 / LAT2 / DLAT  
  -180.0 180.0   5.0                                        LON1 / LON2 / DLON  
    -1                                                      EXPONENT            
TEC values in 0.1 tec units;  9999, if no value available   COMMENT             
DCB values in nanoseconds, reference is Sum_of_SatDCBs = 0  COMMENT             
                                                            END OF HEADER       
[from data line 858]
     3                                                      START OF TEC MAP    
  2023     8    10     4     0     0                        EPOCH OF CURRENT MAP
    87.5-180.0 180.0   5.0 450.0                            LAT/LON1/LON2/DLON/H
  192  192  193  193  194  194  195  195  195  196  195  195  196  195  195  195
  194  193  192  192  191  190  188  187  186  184  183  181  180  179  178  177
  176  175  174  173  172  172  172  171  171  171  171  172  172  172  173  174
  174  174  176  176  178  178  179  180  181  183  183  184  185  186  187  187
  188  188  189  190  190  191  192  192  192
    85.0-180.0 180.0   5.0 450.0                            LAT/LON1/LON2/DLON/H
  196  196  196  197  197  198  198  199  200  200  201  202  202  203  204  203
  203  203  203  202  200  198  194  192  190  186  184  181  178  176  172  169
  167  164  163  160  159  158  158  157  157  157  159  159  161  163  163  165
  167  169  171  172  175  177  178  181  182  184  185  187  188  190  191  192
  192  193  194  194  195  195  195  196  196
    82.5-180.0 180.0   5.0 450.0                            LAT/LON1/LON2/DLON/H
  196  195  194  193  193  193  194  195  196  198  199  201  203  204  207  208
  210  211  212  211  208  205  201  197  194  189  184  178  173  167  163  158
  155  151  148  146  145  144  144  145  146  147  148  150  152  155  157  159
  162  164  168  171  173  177  180  183  185  187  189  191  193  194  196  197
  198  198  199  199  199  198  197  197  196
    80.0-180.0 180.0   5.0 450.0                            LAT/LON1/LON2/DLON/H
  197  193  190  189  189  189  189  189  189  189  191  192  196  199  202  205
  207  210  211  212  211  212  207  202  197  187  183  178  169  160  154  147
  143  140  137  137  136  135  135  137  139  141  145  147  150  154  157  160
  163  167  169  173  176  179  183  187  189  192  194  197  200  201  204  205
  207  207  207  207  206  204  202  200  197
    77.5-180.0 180.0   5.0 450.0                            LAT/LON1/LON2/DLON/H
  202  198  193  191  188  186  184  182  181  182  182  184  187  191  194  198
  202  205  207  209  210  210  207  201  196  188  178  170  161  152  145  138
  134  131  129  128  129  130  133  135  138  141  145  149  153  157  162  166
  169  174  176  179  183  186  189  193  196  199  201  205  208  210  213  215
  217  217  218  217  216  214  211  208  202
    75.0-180.0 180.0   5.0 450.0                            LAT/LON1/LON2/DLON/H
  214  207  202  197  192  186  182  178  175  174  173  174  177  180  185  189
  193  199  203  206  207  208  205  200  194  184  172  162  154  145  138  132
  128  125  125  126  128  131  134  138  142  146  150  155  159  164  169  173
  178  182  185  188  190  193  196  199  203  206  209  213  217  220  223  225
  228  229  230  229  228  226  223  219  214
    72.5-180.0 180.0   5.0 450.0                            LAT/LON1/LON2/DLON/H
  225  219  213  205  198  191  184  177  173  169  167  166  166  169  173  177
  182  187  192  195  200  200  199  194  188  177  167  155  145  137  131  125
  123  122  123  126  129  134  139  144  149  154  158  162  168  174  179  183
  188  192  194  196  198  200  202  205  207  211  215  219  223  227  231  234
  236  239  239  239  239  237  234  230  225
    70.0-180.0 180.0   5.0 450.0                            LAT/LON1/LON2/DLON/H
  236  231  225  217  208  199  190  182  175  169  163  160  159  159  163  164
  168  173  178  183  188  189  187  182  177  168  157  148  138  132  126  122
  120  122  124  127  132  137  144  149  156  162  167  171  177  181  187  191
  196  200  203  204  205  207  207  209  211  214  217  221  225  230  234  238
  242  245  247  248  248  247  245  241  236
    67.5-180.0 180.0   5.0 450.0                            LAT/LON1/LON2/DLON/H
  246  241  235  228  220  210  200  191  181  171  164  158  153  151  151  150
  153  158  164  170  174  175  173  169  164  155  145  137  130  125  120  118
  118  119  123  128  134  140  146  152  159  165  170  176  182  188  194  200
  204  208  211  212  212  212  210  210  211  213  216  220  224  229  234  238
  243  247  250  252  253  254  253  250  246
    65.0-180.0 180.0   5.0 450.0                            LAT/LON1/LON2/DLON/H
  252  248  242  236  229  220  211  202  189  181  170  160  151  145  142  139
  141  146  150  156  160  160  158  153  149  141  134  128  123  118  115  114
  116  118  121  126  133  140  145  151  158  163  170  178  185  193  200  208
  214  218  221  221  220  218  214  211  209  209  211  214  219  223  228  233
  238  243  247  251  254  256  256  254  252
    62.5-180.0 180.0   5.0 450.0                            LAT/LON1/LON2/DLON/H
  252  249  244  238  233  227  221  213  202  192  180  166  155  145  139  135
  134  136  139  144  146  146  143  139  135  129  125  120  117  113  111  110
  111  113  117  122  129  135  141  147  154  161  170  179  188  198  208  218
  226  231  233  231  228  223  217  211  206  203  204  207  211  215  219  224
  228  233  238  244  248  252  254  254  252
    60.0-180.0 180.0   5.0 450.0                            LAT/LON1/LON2/DLON/H
  247  245  241  236  232  229  225  220  212  203  192  177  163  151  141  134
  131  131  132  135  136  134  130  126  122  119  116  113  110  107  106  105
  105  107  110  115  121  128  134  142  149  159  170  182  193  206  219  231
  240  246  246  243  238  231  222  212  205  199  199  200  204  207  210  213
  217  221  225  231  237  243  246  248  247
    57.5-180.0 180.0   5.0 450.0                            LAT/LON1/LON2/DLON/H
  239  238  234  230  227  225  223  222  219  213  202  191  177  163  150  140
  134  131  130  129  129  126  121  118  114  110  108  106  105  103  102  100
  100  101  104  108  114  122  129  137  148  160  173  187  202  218  233  246
  256  263  264  260  252  242  227  215  206  199  196  196  199  200  201  203
  205  208  212  217  225  231  236  239  239
    55.0-180.0 180.0   5.0 450.0                            LAT/LON1/LON2/DLON/H
  232  230  228  226  223  221  222  222  222  219  212  204  192  178  163  151
  141  136  132  130  127  123  118  115  112  108  107  106  104  103  101   98
   97   97   99  103  110  118  126  138  150  165  182  199  215  233  250  264
  276  283  282  278  266  253  236  222  210  202  197  195  196  196  196  195
  196  198  202  206  214  220  226  230  232
    52.5-180.0 180.0   5.0 450.0                            LAT/LON1/LON2/DLON/H
  228  228  227  225  223  221  221  223  225  224  220  212  203  191  180  166
  154  146  141  136  131  128  125  120  117  114  113  111  110  106  103   99
   97   97   98  102  107  116  127  141  158  175  194  212  231  250  266  282
  296  303  302  294  280  265  247  232  219  210  204  199  199  197  196  194
  192  194  197  202  210  216  222  226  228
    50.0-180.0 180.0   5.0 450.0                            LAT/LON1/LON2/DLON/H
  233  235  233  231  229  228  227  228  230  230  227  220  212  202  190  178
  166  159  151  148  144  140  137  132  129  126  124  121  118  114  107  102
  100   99  101  104  110  118  130  145  164  185  206  229  248  265  283  300
  313  320  321  311  297  281  262  247  232  221  215  210  207  205  202  199
  197  198  201  206  214  220  227  231  233
    47.5-180.0 180.0   5.0 450.0                            LAT/LON1/LON2/DLON/H
  247  249  247  246  243  240  239  239  239  238  234  227  218  209  197  185
  175  167  163  161  159  157  154  149  146  141  138  134  128  121  113  108
  105  105  106  109  115  123  134  150  171  195  220  241  262  281  298  316
  327  335  334  328  314  299  282  268  251  239  230  224  220  217  212  209
  208  209  213  218  226  233  240  244  247
    45.0-180.0 180.0   5.0 450.0                            LAT/LON1/LON2/DLON/H
  267  268  267  265  262  260  257  255  252  250  243  234  224  213  200  189
  180  173  171  172  172  174  172  167  164  157  151  146  139  129  119  114
  111  111  112  116  121  128  139  155  176  201  227  252  274  294  311  326
  339  346  346  342  332  321  307  293  276  261  248  240  234  229  225  224
  224  225  230  237  245  251  258  264  267
    42.5-180.0 180.0   5.0 450.0                            LAT/LON1/LON2/DLON/H
  288  289  289  288  287  283  279  274  269  262  254  243  230  216  203  190
  181  177  176  180  184  188  187  183  179  171  163  157  149  138  129  123
  119  119  120  122  127  133  142  156  177  205  233  259  282  301  319  335
  348  357  358  356  350  341  332  320  303  285  269  258  248  243  240  241
  240  243  250  256  265  271  279  283  288
    40.0-180.0 180.0   5.0 450.0                            LAT/LON1/LON2/DLON/H
  308  310  310  309  309  308  302  293  285  276  264  250  236  221  206  192
  184  181  182  188  193  199  200  197  192  184  176  168  160  151  142  134
  130  128  129  131  134  139  146  158  179  207  237  263  286  306  325  341
  354  365  370  370  366  360  353  341  324  305  289  276  266  259  259  261
  259  260  267  275  282  290  297  303  308
    37.5-180.0 180.0   5.0 450.0                            LAT/LON1/LON2/DLON/H
  326  329  329  328  328  326  321  311  301  288  275  259  243  226  209  196
  188  185  187  194  202  209  211  212  207  200  191  183  174  166  159  152
  144  141  140  141  143  146  151  161  180  206  236  265  287  308  327  343
  357  369  378  381  380  375  369  358  340  323  309  296  287  283  282  283
  280  280  283  290  299  306  314  321  326
    35.0-180.0 180.0   5.0 450.0                            LAT/LON1/LON2/DLON/H
  345  347  346  343  342  342  335  324  311  299  284  268  252  233  215  201
  192  190  193  201  209  217  222  225  222  217  208  201  194  187  180  171
  163  158  154  155  156  157  158  166  182  207  237  265  288  308  326  342
  356  370  381  387  390  388  383  375  359  345  331  319  312  310  308  307
  304  301  301  308  316  323  333  341  345
    32.5-180.0 180.0   5.0 450.0                            LAT/LON1/LON2/DLON/H
  367  367  365  358  353  352  346  333  318  305  291  276  259  243  224  208
  199  196  199  208  215  224  233  239  240  238  231  221  218  212  207  196
  186  178  172  171  170  169  169  173  186  209  238  265  287  304  322  337
  352  366  377  387  394  397  396  392  381  371  359  349  343  343  339  338
  333  329  327  332  338  345  355  364  367
    30.0-180.0 180.0   5.0 450.0                            LAT/LON1/LON2/DLON/H
  396  394  388  378  368  361  352  341  324  309  297  284  268  253  234  218
  208  203  205  212  221  231  246  254  259  262  256  247  244  241  234  222
  212  200  192  189  186  185  183  182  192  212  238  265  284  302  316  330
  345  360  372  384  396  405  409  408  403  400  392  385  381  381  380  378
  372  365  360  362  364  374  385  394  396
    27.5-180.0 180.0   5.0 450.0                            LAT/LON1/LON2/DLON/H
  435  431  421  406  391  380  369  352  334  317  305  292  280  266  247  231
  218  211  212  215  226  239  256  270  280  290  283  275  270  267  261  250
  237  222  213  208  203  201  198  190  196  212  238  262  282  297  311  325
  339  355  369  383  399  415  425  428  429  430  427  424  424  426  426  423
  421  411  404  403  405  416  428  436  435
    25.0-180.0 180.0   5.0 450.0                            LAT/LON1/LON2/DLON/H
  485  480  465  445  424  407  391  373  353  335  320  307  295  283  265  247
  231  221  219  220  232  247  265  287  302  316  310  300  292  287  284  272
  257  239  225  217  215  212  207  194  195  212  235  260  280  295  307  320
  336  352  370  387  407  428  442  448  454  460  464  470  475  477  478  478
  479  466  461  454  455  468  479  486  485
    22.5-180.0 180.0   5.0 450.0                            LAT/LON1/LON2/DLON/H
  542  534  519  496  471  447  426  404  384  363  344  327  318  306  289  269
  249  236  234  230  240  256  277  303  321  335  329  318  305  296  292  281
  263  244  228  217  217  213  206  191  192  207  231  257  279  294  305  317
  334  353  374  395  419  443  462  474  484  495  506  520  529  533  535  540
  536  525  522  512  512  526  536  544  542
    20.0-180.0 180.0   5.0 450.0                            LAT/LON1/LON2/DLON/H
  599  594  576  557  529  501  473  448  424  399  376  360  350  339  319  298
  274  259  253  248  254  271  293  319  335  341  331  313  296  283  279  272
  254  238  223  212  207  200  193  181  184  199  224  254  277  294  307  319
  338  360  382  407  436  465  487  505  520  536  551  567  579  584  588  595
  595  586  582  570  571  583  593  600  599
    17.5-180.0 180.0   5.0 450.0                            LAT/LON1/LON2/DLON/H
  648  649  634  618  591  561  529  502  474  446  418  398  384  372  354  331
  306  285  276  271  275  288  307  327  337  332  316  290  268  252  246  244
  234  223  210  197  187  179  173  165  172  188  216  248  273  294  309  328
  349  373  396  425  457  490  515  538  557  578  595  610  620  628  632  640
  641  638  627  619  629  634  642  648  648
    15.0-180.0 180.0   5.0 450.0                            LAT/LON1/LON2/DLON/H
  684  687  682  670  647  616  584  556  527  495  463  437  418  403  386  365
  339  318  304  298  298  306  316  327  327  310  285  253  227  209  204  208
  205  204  191  177  167  157  152  148  155  175  205  240  271  294  316  340
  364  392  417  447  481  515  543  567  589  611  631  646  653  659  664  671
  672  668  663  661  663  668  676  681  684
    12.5-180.0 180.0   5.0 450.0                            LAT/LON1/LON2/DLON/H
  696  704  709  702  686  660  629  601  571  538  502  471  448  431  417  398
  376  353  336  327  323  323  323  318  307  277  244  206  181  166  165  170
  175  178  171  161  149  140  136  133  142  162  193  232  267  296  322  349
  379  411  439  469  505  540  567  589  610  636  656  669  674  676  680  684
  686  684  683  684  686  689  691  691  696
    10.0-180.0 180.0   5.0 450.0                            LAT/LON1/LON2/DLON/H
  694  704  712  710  700  680  656  629  600  566  526  493  468  452  441  429
  410  388  370  360  350  339  327  302  280  240  203  165  144  134  135  143
  151  155  155  146  136  128  123  122  131  151  183  223  262  294  323  354
  389  425  456  486  525  560  584  601  622  650  669  680  684  683  684  685
  688  689  692  695  696  695  693  690  694
     7.5-180.0 180.0   5.0 450.0                            LAT/LON1/LON2/DLON/H
  689  697  705  705  700  682  659  633  605  569  528  493  470  458  453  448
  434  417  401  390  375  354  327  290  258  206  168  135  121  114  116  125
  135  140  142  137  130  122  118  117  123  141  172  213  253  288  319  352
  392  430  464  495  531  569  592  606  624  650  671  683  685  682  681  682
  684  686  691  695  697  693  691  688  689
     5.0-180.0 180.0   5.0 450.0                            LAT/LON1/LON2/DLON/H
  689  693  698  696  689  671  648  619  586  547  506  472  452  445  447  449
  442  430  420  410  391  360  321  273  234  179  142  120  109  106  108  116
  125  131  133  131  125  119  116  114  117  132  161  202  240  276  308  346
  385  426  463  496  532  568  588  600  616  641  663  678  680  676  672  671
  674  675  679  685  690  689  690  689  689
     2.5-180.0 180.0   5.0 450.0                            LAT/LON1/LON2/DLON/H
  698  699  699  691  679  659  632  596  555  508  463  429  413  412  420  429
  429  424  421  413  391  355  307  255  214  161  131  115  109  107  108  112
  118  125  126  125  121  117  114  112  113  125  148  186  227  261  294  332
  373  414  452  489  525  555  570  582  597  620  645  663  667  660  655  656
  659  660  660  667  676  684  690  696  698
