DORISInput/IGSGIM/2023/IGS0OPSFIN_20232230000_01D_02H_GIM.INX
     1.0            IONOSPHERE MAPS     MIX                 IONEX VERSION / TYPE
cmpcmb v1.2          GRL/UWM            28-aug-23 16:31     PGM / RUN BY / DATE 
ionex file containing IGS COMBINED Ionosphere maps          COMMENT             
global ionosphere maps for day 223, 2023                    DESCRIPTION         
IONEX file containing the COMBINED IGS TEC MAPS and DCBs    DESCRIPTION         
      IONEX files of the following IAACs were combined: cod DESCRIPTION         
                                                        jpl DESCRIPTION         
                                                        upc DESCRIPTION         
Contact address: Andrzej Krankowski                         DESCRIPTION
                 Geodynamics Research Laboratory            DESCRIPTION
                 University of Warmia and Mazury (GRL/UWM)  DESCRIPTION
                 Oczapowski St. 1                           DESCRIPTION
                 10-957-Olsztyn, POLAND                     DESCRIPTION
                 e-mail:  kand@uwm.edu.pl                   DESCRIPTION
                                                            DESCRIPTION         
  2023     8    11     0     0     0                        EPOCH OF FIRST MAP  
  2023     8    12     0     0     0                        EPOCH OF LAST MAP   
  7200                                                      INTERVAL            
    13                                                      # OF MAPS IN FILE   
  COSZ                                                      MAPPING FUNCTION    
     0.0                                                    ELEVATION CUTOFF    
combined TEC calculated as weighted mean of input TEC valuesOBSERVABLES USED    
   303                                                      # OF STATIONS       
    31                                                      # OF SATELLITES     
  6371.0                                                    BASE RADIUS         
     2                                                      MAP DIMENSION       
   450.0 450.0   0.0                                        HGT1 / HGT2 / DHGT  
    87.5 -87.5  -2.5                                        LAT1 / LAT2 / DLAT  
  -180.0 180.0   5.0                                        LON1 / LON2 / DLON  
    -1                                                      EXPONENT            
TEC values in 0.1 tec units;  9999, if no value available   COMMENT             
DCB values in nanoseconds, reference is Sum_of_SatDCBs = 0  COMMENT             
                                                            END OF HEADER       
[from data line 4719]
    12                                                      START OF TEC MAP    
  2023     8    11    22     0     0                        EPOCH OF CURRENT MAP
    87.5-180.0 180.0   5.0 450.0                            LAT/LON1/LON2/DLON/H
  185  184  184  183  183  183  183  182  182  181  181  180  180  179  179  179
  178  178  177  177  176  176  176  175  174  174  174  173  173  172  173  172
  172  172  172  172  172  173  173  173  174  174  174  175  175  176  177  177
  178  179  179  180  181  181  182  183  183  183  184  185  185  185  185  186
  186  185  185  186  186  186  185  185  185
    85.0-180.0 180.0   5.0 450.0                            LAT/LON1/LON2/DLON/H
  189  189  189  189  189  188  188  188  188  186  186  186  184  184  183  182
  181  180  179  178  177  177  176  175  174  173  172  172  171  171  171  171
  171  171  171  171  171  172  172  172  173  174  174  175  176  177  178  179
  180  181  182  183  185  186  188  188  189  190  190  191  191  191  191  192
  192  192  192  191  191  190  190  189  189
    82.5-180.0 180.0   5.0 450.0                            LAT/LON1/LON2/DLON/H
  194  194  194  194  194  195  195  195  195  195  194  194  192  192  190  188
  187  185  184  182  182  180  178  176  174  173  172  171  172  171  171  171
  172  172  173  174  175  175  176  176  176  176  177  176  177  177  179  181
  183  184  186  187  188  190  192  194  195  195  196  196  197  197  197  197
  197  196  196  195  195  194  194  194  194
    80.0-180.0 180.0   5.0 450.0                            LAT/LON1/LON2/DLON/H
  199  200  201  201  202  203  203  203  203  203  203  202  202  201  200  198
  196  194  192  190  191  189  184  174  176  179  179  179  179  180  180  181
  180  179  178  178  178  180  181  181  180  178  178  177  177  178  179  181
  183  185  187  189  191  192  194  196  197  199  199  199  199  200  200  201
  200  200  200  199  198  198  198  199  199
    77.5-180.0 180.0   5.0 450.0                            LAT/LON1/LON2/DLON/H
  206  207  208  210  211  212  215  216  218  220  219  220  223  220  219  217
  212  208  204  202  200  198  196  194  186  185  184  185  186  187  188  189
  190  192  192  190  188  184  182  183  182  181  180  177  175  176  177  179
  181  183  185  188  189  191  193  195  197  198  199  199  200  201  202  202
  203  203  204  203  203  203  204  205  206
    75.0-180.0 180.0   5.0 450.0                            LAT/LON1/LON2/DLON/H
  213  216  217  219  223  225  227  231  234  235  242  244  244  241  238  237
  231  226  221  217  216  213  209  207  205  200  195  195  193  192  197  199
  201  201  201  198  195  192  190  188  185  182  179  175  173  172  173  175
  176  178  180  182  185  186  189  191  193  194  195  197  198  199  201  203
  205  207  208  209  210  211  212  212  213
    72.5-180.0 180.0   5.0 450.0                            LAT/LON1/LON2/DLON/H
  224  226  228  230  231  234  238  241  245  251  256  259  260  263  261  256
  251  245  239  236  232  229  224  222  218  216  214  211  210  209  206  207
  208  205  204  202  197  192  190  188  185  182  178  172  168  167  167  168
  169  170  172  174  177  180  182  184  186  188  188  191  193  196  200  204
  208  211  215  218  220  221  223  223  224
    70.0-180.0 180.0   5.0 450.0                            LAT/LON1/LON2/DLON/H
  235  236  237  238  238  240  243  247  252  258  263  268  270  272  273  269
  265  261  256  253  245  243  240  234  231  229  227  225  223  220  217  215
  212  209  203  199  195  190  186  183  180  174  170  167  162  159  158  158
  158  159  161  163  166  169  171  173  175  177  179  183  187  192  199  205
  212  218  223  227  230  233  234  234  235
    67.5-180.0 180.0   5.0 450.0                            LAT/LON1/LON2/DLON/H
  245  245  245  245  244  244  246  249  253  259  264  269  272  274  275  275
  274  270  267  261  257  255  254  248  242  241  237  235  231  227  224  221
  216  209  202  196  191  185  180  176  172  164  160  157  152  150  145  143
  143  146  147  150  154  155  158  159  161  165  169  174  181  189  198  207
  217  224  230  237  240  244  244  245  245
    65.0-180.0 180.0   5.0 450.0                            LAT/LON1/LON2/DLON/H
  252  252  252  251  249  248  248  250  253  256  261  265  269  271  273  273
  273  272  271  268  264  265  264  259  254  251  248  246  240  237  233  228
  223  215  204  195  187  180  173  168  162  157  154  148  143  139  134  131
  130  131  134  136  140  140  143  144  148  152  158  166  176  188  199  210
  221  229  237  243  248  251  252  253  252
    62.5-180.0 180.0   5.0 450.0                            LAT/LON1/LON2/DLON/H
  259  258  258  257  254  251  250  249  250  252  255  259  263  265  266  267
  267  270  271  271  270  272  272  269  266  263  260  259  255  253  248  243
  236  225  210  197  186  176  167  159  153  149  146  141  135  130  124  121
  119  119  121  123  125  127  127  130  133  141  149  160  173  188  201  214
  224  233  241  248  253  257  258  258  259
    60.0-180.0 180.0   5.0 450.0                            LAT/LON1/LON2/DLON/H
  264  264  265  263  258  254  250  247  247  247  249  251  255  257  259  260
  261  264  268  271  273  276  278  276  274  274  273  273  271  269  264  258
  248  235  216  200  186  174  163  154  147  143  141  135  131  126  119  115
  112  111  112  113  114  114  115  118  122  131  142  157  173  190  205  217
  228  237  245  251  257  261  262  264  264
    57.5-180.0 180.0   5.0 450.0                            LAT/LON1/LON2/DLON/H
  270  270  272  269  264  258  254  249  245  243  243  245  247  250  252  255
  257  260  264  268  273  276  278  279  278  281  281  283  284  283  279  271
  260  244  224  205  188  173  159  149  143  138  138  134  130  125  120  115
  111  108  107  106  106  105  106  110  116  127  140  158  175  194  210  223
  234  241  249  254  259  263  267  269  270
    55.0-180.0 180.0   5.0 450.0                            LAT/LON1/LON2/DLON/H
  280  280  280  279  274  268  261  255  248  243  240  240  242  245  248  251
  254  258  263  268  273  276  280  281  282  285  287  292  294  294  290  282
  270  251  230  211  191  174  159  148  143  139  139  136  134  130  124  117
  112  107  105  103  102  101  103  108  115  129  144  164  183  200  217  230
  242  249  253  259  264  269  275  278  280
    52.5-180.0 180.0   5.0 450.0                            LAT/LON1/LON2/DLON/H
  291  292  292  291  289  284  276  267  256  247  241  239  240  243  246  250
  254  259  264  270  274  278  280  283  285  289  293  299  302  302  298  289
  274  255  236  216  196  177  163  152  146  143  144  142  141  137  130  122
  115  110  107  104  104  105  107  111  121  138  154  174  193  210  225  240
  249  257  261  267  274  280  287  292  291
    50.0-180.0 180.0   5.0 450.0                            LAT/LON1/LON2/DLON/H
  310  309  308  310  308  303  296  284  272  259  249  243  242  244  247  251
  256  262  267  273  276  279  281  284  289  294  299  305  307  306  299  289
  275  256  237  217  200  182  168  159  152  150  150  150  148  145  137  129
  122  117  112  111  111  113  115  121  133  149  167  187  206  221  235  248
  255  263  271  278  287  297  305  309  310
    47.5-180.0 180.0   5.0 450.0                            LAT/LON1/LON2/DLON/H
  332  331  329  329  328  327  319  307  294  277  263  254  250  250  252  255
  260  265  272  278  280  282  284  287  293  300  307  311  311  304  295  282
  268  251  235  219  204  188  176  166  160  157  157  156  155  152  145  138
  131  125  122  120  121  123  125  132  145  163  181  200  218  232  244  255
  262  270  281  293  303  316  326  329  332
    45.0-180.0 180.0   5.0 450.0                            LAT/LON1/LON2/DLON/H
  353  353  351  352  353  354  347  336  320  303  285  272  265  261  261  263
  265  271  278  283  286  287  289  294  300  309  314  316  311  298  285  272
  259  245  231  219  207  195  183  174  167  163  163  161  160  158  154  148
  141  135  132  129  130  131  133  140  154  173  192  212  228  241  252  263
  271  279  291  307  319  333  345  351  353
    42.5-180.0 180.0   5.0 450.0                            LAT/LON1/LON2/DLON/H
  374  374  373  374  381  383  377  365  351  334  313  295  284  279  276  275
  275  279  284  289  292  294  297  303  310  318  323  320  309  293  277  264
  253  242  232  223  213  202  190  181  174  170  169  166  166  165  162  157
  150  145  140  137  136  135  137  143  157  178  199  220  236  249  260  271
  282  292  305  322  336  352  364  371  374
    40.0-180.0 180.0   5.0 450.0                            LAT/LON1/LON2/DLON/H
  394  393  393  397  404  409  406  396  385  366  346  325  311  303  296  291
  288  289  293  299  301  304  306  312  321  329  332  326  311  294  279  266
  257  249  242  235  225  213  200  189  181  176  175  172  173  172  169  165
  159  152  146  141  138  137  139  144  158  181  204  226  243  257  269  281
  293  306  321  337  353  368  381  389  394
    37.5-180.0 180.0   5.0 450.0                            LAT/LON1/LON2/DLON/H
  409  410  413  417  424  434  437  428  419  403  384  361  344  331  320  312
  305  303  307  312  315  316  319  325  332  338  339  332  317  302  291  283
  279  273  267  258  246  229  213  199  189  183  181  179  179  178  176  172
  165  158  149  143  138  137  139  145  160  182  205  229  248  265  279  291
  304  319  333  348  366  382  395  405  409
    35.0-180.0 180.0   5.0 450.0                            LAT/LON1/LON2/DLON/H
  422  425  430  435  442  453  459  456  451  443  423  401  383  368  351  338
  327  324  325  329  330  330  332  337  343  346  346  339  330  319  316  317
  317  316  307  295  276  253  230  212  200  192  190  186  184  183  180  176
  169  160  151  145  140  140  143  149  162  181  205  230  252  272  287  302
  314  329  343  359  374  390  404  415  422
    32.5-180.0 180.0   5.0 450.0                            LAT/LON1/LON2/DLON/H
  433  439  447  453  461  469  476  479  479  474  461  444  428  412  390  372
  356  348  346  349  348  346  346  349  352  353  351  348  346  345  352  364
  370  371  360  342  312  283  250  229  213  202  200  191  187  184  182  179
  172  163  154  149  148  148  150  154  164  179  204  230  256  277  295  310
  323  336  349  363  377  392  408  423  433
    30.0-180.0 180.0   5.0 450.0                            LAT/LON1/LON2/DLON/H
  443  453  465  471  478  485  494  501  505  505  500  487  475  459  434  412
  391  376  370  371  368  362  357  356  357  357  356  357  363  376  396  417
  429  434  418  389  349  311  271  250  226  212  209  196  190  186  184  182
  176  167  162  161  162  162  162  163  168  182  205  230  257  280  300  316
  330  341  351  364  378  394  411  429  443
    27.5-180.0 180.0   5.0 450.0                            LAT/LON1/LON2/DLON/H
  455  469  483  490  495  502  510  520  529  535  538  532  523  508  481  455
  432  412  401  397  391  378  366  361  360  360  360  365  381  414  447  467
  485  484  462  424  374  321  284  266  236  221  217  202  194  191  188  186
  181  178  177  177  181  181  180  178  180  189  208  230  256  281  302  319
  335  345  356  367  382  399  418  437  455
    25.0-180.0 180.0   5.0 450.0                            LAT/LON1/LON2/DLON/H
  468  486  501  510  513  518  527  539  550  564  576  577  569  555  532  503
  475  453  437  426  414  398  378  367  364  364  366  374  406  456  495  505
  511  501  463  434  378  316  276  259  239  223  220  206  201  198  195  194
  192  194  195  199  203  203  202  197  194  198  210  230  254  280  303  321
  337  350  363  374  392  411  429  450  468
    22.5-180.0 180.0   5.0 450.0                            LAT/LON1/LON2/DLON/H
  483  501  517  527  532  536  541  555  572  590  610  617  615  605  581  556
  523  497  475  456  439  417  391  376  371  373  376  382  427  481  503  498
  505  491  439  415  366  289  251  234  224  219  217  207  207  205  206  209
  211  212  218  223  225  224  221  213  204  202  209  225  250  276  301  320
  338  355  371  387  407  426  445  466  483
    20.0-180.0 180.0   5.0 450.0                            LAT/LON1/LON2/DLON/H
  499  515  530  542  548  551  557  570  590  616  639  652  652  647  628  603
  570  539  512  488  463  433  403  385  382  387  391  394  419  461  463  455
  463  449  402  379  331  264  227  211  210  210  211  212  215  218  222  223
  231  238  241  244  242  238  231  219  207  199  201  215  239  266  295  318
  339  361  382  403  425  444  465  483  499
    17.5-180.0 180.0   5.0 450.0                            LAT/LON1/LON2/DLON/H
  513  528  540  552  560  564  570  582  603  632  661  674  679  680  666  644
  612  581  551  525  493  453  416  397  395  399  402  401  406  414  405  395
  389  371  337  311  271  235  207  195  200  208  212  221  225  230  236  241
  249  254  254  254  249  244  232  216  201  190  188  201  225  256  289  316
  341  367  394  420  444  465  484  500  513
    15.0-180.0 180.0   5.0 450.0                            LAT/LON1/LON2/DLON/H
  526  536  548  559  568  574  582  593  614  642  671  687  696  702  696  674
  644  614  584  558  523  478  435  411  407  408  407  399  387  369  346  330
  306  291  252  231  202  187  180  184  194  207  215  231  239  243  246  254
  257  257  255  252  248  242  226  206  190  178  175  187  212  246  282  314
  343  376  408  438  463  483  500  513  526
    12.5-180.0 180.0   5.0 450.0                            LAT/LON1/LON2/DLON/H
  535  543  555  565  575  584  593  606  624  648  673  691  706  713  712  694
  668  639  610  582  546  502  458  431  421  419  415  403  379  340  304  278
  251  228  185  168  157  152  161  177  193  208  217  243  250  249  256  261
  257  254  248  244  240  230  212  190  176  164  160  171  197  235  273  310
  346  385  422  455  480  499  515  525  535
    10.0-180.0 180.0   5.0 450.0                            LAT/LON1/LON2/DLON/H
  546  552  559  568  581  593  606  619  635  656  673  694  708  717  717  705
  683  658  630  603  568  526  484  455  440  434  428  416  385  337  290  253
  223  195  158  138  139  146  162  184  201  218  226  247  245  252  265  260
  253  249  239  232  225  212  195  174  159  148  145  156  183  222  265  306
  347  391  434  471  499  518  530  539  546
     7.5-180.0 180.0   5.0 450.0                            LAT/LON1/LON2/DLON/H
  563  566  572  579  593  606  620  633  647  662  678  693  706  715  715  707
  691  672  649  624  590  552  512  484  464  453  446  430  395  350  307  272
  244  216  184  163  158  164  184  208  223  236  240  241  245  254  259  247
  243  239  228  218  206  190  175  157  144  134  131  142  168  210  257  299
  344  393  441  485  517  539  552  559  563
     5.0-180.0 180.0   5.0 450.0                            LAT/LON1/LON2/DLON/H
  588  590  594  599  610  623  637  649  661  671  680  690  701  707  707  702
  691  678  662  641  610  575  538  512  491  474  460  440  409  375  343  323
  309  286  252  224  207  205  226  248  259  252  248  237  243  245  235  228
  221  220  210  200  186  171  155  142  131  124  121  130  158  199  250  294
  340  388  444  492  533  561  578  585  588
     2.5-180.0 180.0   5.0 450.0                            LAT/LON1/LON2/DLON/H
  623  624  625  630  636  645  659  668  679  682  683  686  690  693  692  689
  681  672  662  647  624  593  560  536  514  491  472  448  422  399  385  387
  388  370  338  305  281  260  272  284  281  258  247  232  231  221  210  203
  193  192  188  176  166  153  138  128  120  116  114  121  147  192  242  289
  334  384  439  496  543  581  604  620  623
