DORISInput/IGSGIM/2023/IGS0OPSFIN_20232270000_01D_02H_GIM.INX
     1.0            IONOSPHERE MAPS     MIX                 IONEX VERSION / TYPE
cmpcmb v1.2          GRL/UWM             4-sep-23 18:32     PGM / RUN BY / DATE 
ionex file containing IGS COMBINED Ionosphere maps          COMMENT             
global ionosphere maps for day 227, 2023                    DESCRIPTION         
IONEX file containing the COMBINED IGS TEC MAPS and DCBs    DESCRIPTION         
      IONEX files of the following IAACs were combined: cod DESCRIPTION         
                                                        jpl DESCRIPTION         
                                                        upc DESCRIPTION         
Contact address: Andrzej Krankowski                         DESCRIPTION
                 Geodynamics Research Laboratory            DESCRIPTION
                 University of Warmia and Mazury (GRL/UWM)  DESCRIPTION
                 Oczapowski St. 1                           DESCRIPTION
                 10-957-Olsztyn, POLAND                     DESCRIPTION
                 e-mail:  kand@uwm.edu.pl                   DESCRIPTION
                                                            DESCRIPTION         
  2023     8    15     0     0     0                        EPOCH OF FIRST MAP  
  2023     8    16     0     0     0                        EPOCH OF LAST MAP   
  7200                                                      INTERVAL            
    13                                                      # OF MAPS IN FILE   
  COSZ                                                      MAPPING FUNCTION    
     0.0                                                    ELEVATION CUTOFF    
combined TEC calculated as weighted mean of input TEC valuesOBSERVABLES USED    
   308                                                      # OF STATIONS       
    32                                                      # OF SATELLITES     
  6371.0                                                    BASE RADIUS         
     2                                                      MAP DIMENSION       
   450.0 450.0   0.0                                        HGT1 / HGT2 / DHGT  
    87.5 -87.5  -2.5                                        LAT1 / LAT2 / DLAT  
  -180.0 180.0   5.0                                        LON1 / LON2 / DLON  
    -1                                                      EXPONENT            
TEC values in 0.1 tec units;  9999, if no value available   COMMENT             
DCB values in nanoseconds, reference is Sum_of_SatDCBs = 0  COMMENT             
                                                            END OF HEADER       
[from data line 2145]
     6                                                      START OF TEC MAP    
  2023     8    15    10     0     0                        EPOCH OF CURRENT MAP
    87.5-180.0 180.0   5.0 450.0                            LAT/LON1/LON2/DLON/H
  218  218  219  219  219  220  221  221  222  222  222  223  223  224  224  224
  225  225  226  226  226  226  227  228  228  229  229  230  230  231  232  232
  233  232  232  234  233  233  233  233  233  233  233  233  233  232  232  231
  231  231  230  230  229  229  228  227  226  225  224  224  222  221  220  219
  218  218  218  217  217  218  218  218  218
    85.0-180.0 180.0   5.0 450.0                            LAT/LON1/LON2/DLON/H
  211  212  212  212  213  213  214  216  217  218  218  219  221  221  222  224
  225  225  226  226  226  227  226  227  227  228  229  231  232  232  234  235
  236  238  238  239  240  239  240  240  239  238  238  237  236  236  235  234
  233  232  231  230  229  228  228  227  226  225  223  222  221  219  218  216
  216  215  213  213  213  213  212  211  211
    82.5-180.0 180.0   5.0 450.0                            LAT/LON1/LON2/DLON/H
  207  206  207  206  207  207  208  209  211  212  214  215  216  217  217  218
  218  218  220  220  222  223  221  222  223  226  227  228  230  231  232  235
  236  239  240  243  244  245  245  245  245  244  244  243  241  240  238  238
  237  236  235  235  233  232  230  229  229  228  226  225  224  224  222  221
  218  216  215  213  211  209  208  208  207
    80.0-180.0 180.0   5.0 450.0                            LAT/LON1/LON2/DLON/H
  203  202  201  202  203  205  206  209  212  214  215  215  216  215  214  214
  213  212  212  212  213  214  215  218  216  218  220  221  224  227  230  234
  238  242  246  249  252  252  252  251  250  249  248  246  245  245  244  243
  243  242  242  242  243  242  241  241  240  239  239  238  237  236  234  231
  229  226  222  220  216  212  209  206  203
    77.5-180.0 180.0   5.0 450.0                            LAT/LON1/LON2/DLON/H
  203  200  200  201  203  205  205  208  209  210  210  208  208  207  207  206
  205  204  204  203  202  203  206  205  207  209  212  215  217  221  225  230
  235  240  245  248  251  253  255  254  253  252  251  249  248  248  249  250
  250  251  252  254  255  256  257  259  260  260  260  260  259  258  255  252
  247  243  237  230  224  217  211  205  203
    75.0-180.0 180.0   5.0 450.0                            LAT/LON1/LON2/DLON/H
  205  203  200  200  198  197  198  199  202  203  203  204  204  202  200  199
  199  197  194  192  193  193  196  198  197  199  202  206  211  217  223  228
  233  238  244  249  251  253  254  255  254  254  253  252  252  253  254  256
  258  261  263  266  269  272  276  279  281  283  284  284  284  282  279  275
  270  264  256  245  236  226  218  211  205
    72.5-180.0 180.0   5.0 450.0                            LAT/LON1/LON2/DLON/H
  210  203  198  193  191  191  191  196  198  197  199  199  197  194  193  193
  190  186  185  184  183  183  185  188  189  191  195  199  204  213  220  228
  234  239  243  247  250  253  254  255  256  256  257  258  259  261  262  265
  268  271  274  278  281  285  290  294  297  301  303  304  303  302  298  294
  288  280  271  261  249  239  229  218  210
    70.0-180.0 180.0   5.0 450.0                            LAT/LON1/LON2/DLON/H
  211  202  195  187  181  184  183  188  189  190  190  188  186  185  183  180
  179  178  175  175  174  175  177  180  181  186  191  196  203  211  220  229
  235  240  245  249  251  253  255  257  258  260  262  264  266  268  271  273
  277  280  283  286  289  294  297  301  305  309  310  311  311  310  306  302
  296  287  278  271  259  249  237  223  211
    67.5-180.0 180.0   5.0 450.0                            LAT/LON1/LON2/DLON/H
  210  200  190  180  171  170  168  171  175  176  176  176  175  172  169  167
  168  167  164  166  167  169  170  174  177  183  189  196  204  213  223  231
  239  245  249  252  254  256  258  260  262  264  267  270  273  276  279  282
  284  286  288  290  291  294  296  299  302  305  306  306  305  303  300  296
  290  284  277  270  262  253  240  226  210
    65.0-180.0 180.0   5.0 450.0                            LAT/LON1/LON2/DLON/H
  206  196  185  173  161  155  153  155  156  156  159  161  158  156  154  154
  154  153  155  157  159  162  165  170  175  182  190  198  207  217  226  235
  243  249  253  256  258  259  261  263  266  269  273  276  280  283  286  288
  290  289  290  290  289  288  289  290  291  291  292  290  288  285  280  276
  271  267  263  259  253  247  234  221  206
    62.5-180.0 180.0   5.0 450.0                            LAT/LON1/LON2/DLON/H
  202  191  178  165  153  143  139  135  135  135  139  141  140  139  139  139
  140  141  144  148  151  155  160  167  174  182  191  201  210  221  231  240
  248  254  257  259  261  262  264  267  271  275  279  284  288  292  294  295
  295  292  290  288  284  281  279  277  277  275  273  269  265  260  255  250
  247  244  242  240  238  232  224  212  202
    60.0-180.0 180.0   5.0 450.0                            LAT/LON1/LON2/DLON/H
  198  187  175  161  147  136  130  122  120  120  120  121  123  124  123  125
  128  131  133  138  142  147  155  163  172  181  192  202  213  226  236  244
  252  258  260  261  263  265  267  271  276  281  287  292  296  300  301  300
  298  295  292  287  281  275  270  267  265  261  256  250  244  239  232  228
  225  222  222  221  221  218  211  206  198
    57.5-180.0 180.0   5.0 450.0                            LAT/LON1/LON2/DLON/H
  196  188  176  163  149  135  127  117  112  110  109  108  108  108  108  110
  114  118  122  127  131  139  149  160  171  181  193  205  216  229  238  247
  255  259  262  263  264  267  271  275  280  288  294  300  304  308  308  306
  303  299  295  289  281  274  267  262  258  253  248  240  234  227  221  215
  212  210  210  210  210  209  205  200  196
    55.0-180.0 180.0   5.0 450.0                            LAT/LON1/LON2/DLON/H
  199  192  182  170  157  142  132  116  109  105  104  102  100   99   97   98
  100  104  109  114  121  132  144  158  171  185  197  208  219  231  240  249
  256  260  263  265  266  269  274  279  285  293  301  308  312  316  316  313
  310  306  301  296  288  279  271  264  260  255  250  244  239  232  225  218
  213  211  210  208  208  207  204  202  199
    52.5-180.0 180.0   5.0 450.0                            LAT/LON1/LON2/DLON/H
  206  200  190  178  166  149  139  123  113  107  104  101   98   95   92   91
   91   94   98  105  115  127  142  159  175  189  201  212  222  233  241  249
  257  261  265  267  269  274  278  284  292  300  310  317  322  325  324  322
  319  316  313  309  301  291  281  274  268  264  262  259  256  251  243  235
  228  224  223  219  217  215  211  208  206
    50.0-180.0 180.0   5.0 450.0                            LAT/LON1/LON2/DLON/H
  213  206  198  187  176  161  150  132  121  114  109  105  101   96   92   90
   89   91   95  101  112  126  143  162  180  194  208  218  227  236  245  253
  259  264  269  272  276  280  285  290  300  309  320  328  334  336  335  333
  330  330  329  325  318  308  297  289  283  280  279  279  279  274  267  258
  251  246  243  240  234  229  223  217  213
    47.5-180.0 180.0   5.0 450.0                            LAT/LON1/LON2/DLON/H
  221  212  203  194  185  171  159  143  133  125  119  113  109  103   97   94
   93   94   97  104  114  130  147  167  185  203  216  226  234  243  250  257
  264  270  275  279  284  289  294  302  310  321  332  340  347  350  349  348
  346  346  347  344  337  329  318  310  302  298  296  297  298  295  289  282
  275  270  266  261  254  245  236  228  221
    45.0-180.0 180.0   5.0 450.0                            LAT/LON1/LON2/DLON/H
  226  216  208  200  191  180  170  152  142  136  130  126  121  114  107  103
  100  101  103  109  119  134  152  175  194  212  224  234  240  248  257  264
  270  277  284  289  295  301  307  315  323  336  347  357  365  368  367  368
  366  368  366  365  359  351  340  330  321  315  310  309  310  311  307  303
  297  291  286  278  269  258  247  235  226
    42.5-180.0 180.0   5.0 450.0                            LAT/LON1/LON2/DLON/H
  224  215  209  202  193  183  174  158  151  145  141  138  135  127  120  114
  111  111  113  117  125  139  158  181  201  220  231  240  246  253  262  270
  277  286  294  300  307  313  320  329  340  352  365  377  386  390  390  390
  393  393  390  388  382  373  362  351  340  328  318  312  312  316  317  315
  310  305  300  290  277  265  251  237  224
    40.0-180.0 180.0   5.0 450.0                            LAT/LON1/LON2/DLON/H
  223  212  206  199  192  182  176  163  158  154  151  150  146  140  133  126
  123  122  122  125  131  144  162  185  206  225  238  247  253  260  267  276
  285  295  305  313  320  327  336  346  358  370  386  398  409  416  418  419
  421  421  417  413  407  398  389  378  363  346  329  316  313  318  319  320
  317  311  303  292  277  262  249  235  223
    37.5-180.0 180.0   5.0 450.0                            LAT/LON1/LON2/DLON/H
  220  211  203  196  189  181  176  167  164  161  162  162  159  153  145  138
  134  133  131  132  136  147  165  188  209  228  242  251  258  265  271  280
  291  302  314  324  334  342  353  363  376  389  404  420  435  445  450  454
  454  454  451  448  445  435  429  420  401  380  354  335  326  325  328  329
  324  317  305  290  273  257  243  231  220
    35.0-180.0 180.0   5.0 450.0                            LAT/LON1/LON2/DLON/H
  219  211  203  196  188  182  178  170  169  169  172  173  172  166  158  149
  144  141  138  138  139  149  166  191  210  227  242  251  258  265  273  282
  294  306  320  333  345  356  367  379  392  407  423  442  460  477  485  492
  495  496  496  496  496  491  490  484  465  441  405  377  360  355  353  351
  343  331  314  295  275  257  243  232  219
    32.5-180.0 180.0   5.0 450.0                            LAT/LON1/LON2/DLON/H
  229  217  208  199  191  183  180  174  173  176  179  181  181  178  170  160
  152  147  143  141  142  149  165  189  207  223  237  246  253  261  270  281
  295  309  325  341  356  371  382  394  408  424  441  463  485  503  520  533
  541  547  552  558  565  569  577  578  561  535  488  450  424  410  399  394
  379  361  338  313  290  269  254  242  229
    30.0-180.0 180.0   5.0 450.0                            LAT/LON1/LON2/DLON/H
  248  235  223  211  201  191  186  180  179  180  184  187  188  187  179  169
  158  151  146  142  141  148  163  185  201  216  229  238  245  254  265  280
  295  311  330  350  369  386  398  409  422  439  458  484  507  530  555  579
  595  611  626  637  657  671  692  701  697  662  604  558  523  498  474  461
  436  411  384  355  324  295  278  264  248
    27.5-180.0 180.0   5.0 450.0                            LAT/LON1/LON2/DLON/H
  278  261  246  231  219  208  201  191  188  188  188  190  191  191  185  173
  161  153  146  140  139  143  157  177  194  209  221  230  239  248  263  281
  297  315  338  361  384  403  416  428  441  453  473  499  528  554  589  629
  658  695  705  736  769  791  825  841  837  801  739  687  645  607  575  546
  516  482  450  419  377  341  316  297  278
    25.0-180.0 180.0   5.0 450.0                            LAT/LON1/LON2/DLON/H
  315  294  274  256  242  227  218  206  200  197  193  191  191  191  185  174
  161  152  144  138  136  138  150  170  189  205  216  224  234  248  266  285
  304  323  348  374  398  420  436  450  460  472  491  516  546  579  626  683
  730  763  797  837  878  906  943  956  948  914  860  807  759  715  676  639
  607  563  536  491  446  402  364  339  315
    22.5-180.0 180.0   5.0 450.0                            LAT/LON1/LON2/DLON/H
  356  328  305  286  269  249  237  223  214  208  201  193  191  189  183  173
  159  149  142  135  133  136  146  164  186  204  215  222  233  251  273  294
  314  337  365  393  420  442  461  475  483  493  512  536  566  607  670  724
  786  832  868  904  941  968  990  996  986  965  922  873  829  784  742  699
  652  613  592  553  514  466  418  386  356
    20.0-180.0 180.0   5.0 450.0                            LAT/LON1/LON2/DLON/H
  387  359  334  314  295  275  261  241  230  218  208  198  192  185  179  169
  156  145  141  135  133  136  143  160  183  202  213  221  236  258  284  307
  329  355  385  418  444  465  486  500  508  521  537  558  585  629  694  766
  823  857  882  897  923  935  953  950  946  934  901  863  826  784  740  690
  645  618  601  581  552  510  461  422  387
    17.5-180.0 180.0   5.0 450.0                            LAT/LON1/LON2/DLON/H
  402  378  356  337  319  298  282  261  246  232  216  203  192  182  174  165
  153  143  139  136  133  134  141  155  179  198  210  221  241  266  293  322
  347  375  407  442  470  489  512  527  536  547  565  582  605  650  705  765
  810  825  834  835  850  862  875  869  861  852  831  803  772  734  687  633
  593  566  560  551  528  507  473  436  402
    15.0-180.0 180.0   5.0 450.0                            LAT/LON1/LON2/DLON/H
  400  382  369  354  338  317  301  278  261  245  227  208  192  181  171  162
  151  142  137  135  133  133  137  150  173  193  209  224  246  275  304  336
  365  393  431  466  492  517  542  554  562  572  585  601  625  659  698  735
  763  766  766  760  766  772  774  763  760  753  744  729  704  668  622  570
  530  498  494  481  469  457  434  416  400
    12.5-180.0 180.0   5.0 450.0                            LAT/LON1/LON2/DLON/H
  379  378  372  364  351  332  315  291  273  256  236  215  195  180  170  161
  150  142  136  133  130  129  132  143  164  188  208  227  252  282  315  350
  382  415  451  484  515  544  566  580  584  591  602  617  638  663  685  701
  713  708  701  692  687  686  681  666  661  661  665  660  643  609  566  514
  471  438  425  411  402  388  383  379  379
    10.0-180.0 180.0   5.0 450.0                            LAT/LON1/LON2/DLON/H
  355  365  371  370  361  343  324  301  282  264  244  220  199  182  170  161
  151  143  136  131  127  124  125  135  157  183  206  229  256  288  326  363
  399  433  469  502  530  558  579  590  594  599  612  627  645  663  674  677
  671  664  648  639  630  622  606  592  586  591  606  612  603  575  533  480
  431  401  381  362  347  336  337  342  355
     7.5-180.0 180.0   5.0 450.0                            LAT/LON1/LON2/DLON/H
  333  354  371  377  370  350  329  308  287  269  249  224  201  183  171  162
  153  145  137  128  122  118  118  127  150  177  204  230  261  296  334  374
  411  446  480  509  534  556  572  583  589  598  612  629  647  660  668  663
  649  638  623  613  604  590  571  556  550  555  573  591  591  568  526  476
  426  394  367  341  323  312  311  316  333
     5.0-180.0 180.0   5.0 450.0                            LAT/LON1/LON2/DLON/H
  336  357  377  388  383  361  338  311  290  272  251  227  203  184  172  163
  153  144  136  125  117  112  111  120  141  173  203  232  265  300  339  378
  416  449  478  502  519  536  549  561  573  584  598  620  640  654  663  659
  647  635  623  614  605  590  573  559  553  559  577  595  599  579  542  499
  451  416  385  355  335  323  314  317  336
     2.5-180.0 180.0   5.0 450.0                            LAT/LON1/LON2/DLON/H
  362  377  395  405  398  372  346  313  289  271  250  226  202  182  170  161
  151  141  132  120  112  106  104  113  135  166  202  233  265  300  340  376
  411  438  459  480  493  503  513  531  544  557  572  597  620  636  651  658
  654  649  644  640  631  618  605  591  590  597  612  622  625  606  573  536
  496  459  424  397  375  362  349  346  362
