DORISInput/IGSGIM/2023/IGS0OPSFIN_20232280000_01D_02H_GIM.INX
     1.0            IONOSPHERE MAPS     MIX                 IONEX VERSION / TYPE
cmpcmb v1.2          GRL/UWM             4-sep-23 18:37     PGM / RUN BY / DATE 
ionex file containing IGS COMBINED Ionosphere maps          COMMENT             
global ionosphere maps for day 228, 2023                    DESCRIPTION         
IONEX file containing the COMBINED IGS TEC MAPS and DCBs    DESCRIPTION         
      IONEX files of the following IAACs were combined: cod DESCRIPTION         
                                                        jpl DESCRIPTION         
                                                        upc DESCRIPTION         
Contact address: Andrzej Krankowski                         DESCRIPTION
                 Geodynamics Research Laboratory            DESCRIPTION
                 University of Warmia and Mazury (GRL/UWM)  DESCRIPTION
                 Oczapowski St. 1                           DESCRIPTION
                 10-957-Olsztyn, POLAND                     DESCRIPTION
                 e-mail:  kand@uwm.edu.pl                   DESCRIPTION
                                                            DESCRIPTION         
  2023     8    16     0     0     0                        EPOCH OF FIRST MAP  
  2023     8    17     0     0     0                        EPOCH OF LAST MAP   
  7200                                                      INTERVAL            
    13                                                      # OF MAPS IN FILE   
  COSZ                                                      MAPPING FUNCTION    
     0.0                                                    ELEVATION CUTOFF    
combined TEC calculated as weighted mean of input TEC valuesOBSERVABLES USED    
   309                                                      # OF STATIONS       
    32                                                      # OF SATELLITES     
  6371.0                                                    BASE RADIUS         
     2                                                      MAP DIMENSION       
   450.0 450.0   0.0                                        HGT1 / HGT2 / DHGT  
    87.5 -87.5  -2.5                                        LAT1 / LAT2 / DLAT  
  -180.0 180.0   5.0                                        LON1 / LON2 / DLON  
    -1                                                      EXPONENT            
TEC values in 0.1 tec units;  9999, if no value available   COMMENT             
DCB values in nanoseconds, reference is Sum_of_SatDCBs = 0  COMMENT             
                                                            END OF HEADER       
[from data line 4290]
    11                                                      START OF TEC MAP    
  2023     8    16    20     0     0                        EPOCH OF CURRENT MAP
    87.5-180.0 180.0   5.0 450.0                            LAT/LON1/LON2/DLON/H
  207  208  208  210  210  211  212  213  213  214  215  216  217  217  218  219
  220  221  222  222  223  224  224  225  225  224  225  225  224  225  223  224
  224  223  223  221  221  221  220  220  219  218  217  217  216  215  215  215
  214  214  213  213  213  213  212  211  211  210  209  208  207  207  206  206
  205  206  206  205  205  205  205  206  207
    85.0-180.0 180.0   5.0 450.0                            LAT/LON1/LON2/DLON/H
  198  199  201  203  205  207  209  212  213  217  219  220  222  224  223  222
  221  221  220  221  222  222  222  222  222  224  223  223  222  221  221  220
  220  220  220  219  219  219  218  217  216  215  213  212  211  209  208  206
  205  205  205  204  203  203  203  202  201  200  200  197  197  196  195  194
  194  194  193  193  194  195  196  197  198
    82.5-180.0 180.0   5.0 450.0                            LAT/LON1/LON2/DLON/H
  184  186  188  191  194  198  201  204  208  210  214  216  220  221  224  224
  225  225  224  222  216  216  216  216  215  213  211  208  208  207  207  207
  207  209  209  210  211  212  212  213  213  213  212  210  208  205  202  199
  198  195  193  192  190  189  188  188  187  187  186  185  184  183  183  181
  180  180  179  179  180  181  182  183  184
    80.0-180.0 180.0   5.0 450.0                            LAT/LON1/LON2/DLON/H
  169  171  173  176  180  184  189  193  199  206  210  215  217  218  219  219
  219  218  217  215  214  214  208  201  198  197  195  193  193  192  192  193
  194  195  197  200  202  204  206  207  209  209  208  206  203  201  198  196
  194  189  185  182  178  176  174  173  172  172  171  171  170  170  169  168
  167  166  166  166  168  168  169  169  169
    77.5-180.0 180.0   5.0 450.0                            LAT/LON1/LON2/DLON/H
  158  159  160  163  167  172  178  184  189  195  201  205  211  216  219  218
  216  215  211  206  200  198  191  187  190  184  182  180  179  180  182  181
  181  183  186  189  192  195  198  200  202  203  204  202  201  197  194  192
  189  185  180  175  169  166  163  161  160  159  159  158  158  158  158  157
  157  158  159  159  160  159  158  158  158
    75.0-180.0 180.0   5.0 450.0                            LAT/LON1/LON2/DLON/H
  155  155  156  157  160  163  167  171  176  182  187  197  207  210  211  214
  214  209  203  198  194  189  181  178  173  173  170  169  169  169  169  172
  175  176  178  181  185  188  190  192  195  198  200  201  200  197  193  189
  186  180  175  168  162  158  154  151  149  149  148  149  149  150  150  151
  152  155  156  158  159  158  157  156  155
    72.5-180.0 180.0   5.0 450.0                            LAT/LON1/LON2/DLON/H
  165  163  161  160  159  161  163  165  169  176  185  194  199  206  214  216
  214  210  202  198  191  182  175  170  166  163  162  161  161  164  166  168
  170  173  174  176  179  182  184  187  189  192  195  197  197  195  193  190
  186  177  171  163  155  150  145  143  141  141  141  142  143  145  147  149
  153  157  160  164  165  166  165  164  165
    70.0-180.0 180.0   5.0 450.0                            LAT/LON1/LON2/DLON/H
  181  180  176  173  171  167  167  170  172  177  184  190  200  212  220  224
  225  219  208  201  191  181  175  168  164  162  160  160  162  164  167  169
  170  172  174  175  176  178  179  181  184  186  189  192  193  192  190  187
  183  173  164  156  149  142  138  135  134  134  136  138  141  144  147  151
  157  162  169  175  177  181  182  181  181
    67.5-180.0 180.0   5.0 450.0                            LAT/LON1/LON2/DLON/H
  202  200  198  193  189  185  182  181  182  185  190  196  209  221  231  241
  243  233  224  211  199  190  182  174  171  169  168  167  169  172  175  176
  177  178  178  178  178  179  179  180  181  183  185  187  188  187  184  178
  173  164  156  148  140  134  130  128  127  129  131  135  139  143  149  154
  161  169  178  187  192  198  201  203  202
    65.0-180.0 180.0   5.0 450.0                            LAT/LON1/LON2/DLON/H
  224  224  222  217  212  207  203  198  197  199  203  208  221  234  246  258
  264  260  249  234  220  210  201  192  188  186  185  184  184  187  189  190
  189  188  187  186  185  184  183  182  182  182  182  181  181  179  175  169
  164  155  147  138  131  125  121  119  120  122  125  130  136  143  150  158
  169  177  188  199  206  214  218  223  224
    62.5-180.0 180.0   5.0 450.0                            LAT/LON1/LON2/DLON/H
  243  244  244  240  234  229  224  219  214  215  219  225  235  247  261  274
  286  285  280  265  251  240  229  219  213  210  207  207  203  207  209  208
  207  203  199  198  197  195  192  189  186  182  179  176  174  170  164  158
  153  145  136  128  122  116  114  113  114  117  121  127  132  141  149  162
  173  187  198  209  218  226  233  239  243
    60.0-180.0 180.0   5.0 450.0                            LAT/LON1/LON2/DLON/H
  258  260  262  259  255  250  245  239  235  234  238  243  250  263  276  289
  301  306  304  295  282  270  260  250  243  240  235  233  230  231  229  229
  224  222  217  214  212  209  205  200  195  187  181  176  171  165  158  150
  144  136  128  121  116  111  110  111  113  116  119  125  130  139  148  163
  177  192  205  218  229  238  245  253  258
    57.5-180.0 180.0   5.0 450.0                            LAT/LON1/LON2/DLON/H
  268  272  275  276  274  269  265  261  259  257  258  265  270  281  293  304
  314  320  321  316  308  297  287  280  274  270  264  263  257  256  252  249
  242  239  235  231  227  223  219  213  205  196  189  181  172  164  155  147
  141  133  126  120  115  112  110  112  115  119  122  125  130  138  149  164
  181  196  212  225  237  246  255  262  268
    55.0-180.0 180.0   5.0 450.0                            LAT/LON1/LON2/DLON/H
  275  281  286  292  291  286  283  283  285  282  284  287  291  298  308  318
  326  332  333  331  324  315  308  303  298  295  291  287  284  281  275  267
  260  254  251  246  243  237  233  227  217  208  199  188  178  167  157  150
  144  137  130  125  119  117  117  120  123  126  128  130  133  140  153  166
  185  203  220  236  247  256  263  269  275
    52.5-180.0 180.0   5.0 450.0                            LAT/LON1/LON2/DLON/H
  282  289  296  302  306  304  303  309  312  311  309  310  313  317  326  333
  340  345  346  342  335  327  321  317  313  313  312  309  308  304  294  284
  276  268  263  258  254  250  245  238  230  221  212  199  186  174  164  157
  152  144  138  133  128  127  128  131  135  137  138  138  141  147  159  174
  192  213  231  248  260  267  272  275  282
    50.0-180.0 180.0   5.0 450.0                            LAT/LON1/LON2/DLON/H
  290  298  305  312  320  324  328  334  341  343  341  338  338  340  343  350
  356  359  357  352  344  337  332  328  325  327  330  329  329  327  315  300
  291  280  273  267  262  258  254  249  242  235  224  211  196  185  174  166
  161  155  149  144  140  140  141  146  148  151  150  149  150  154  166  183
  201  224  246  262  275  283  285  286  290
    47.5-180.0 180.0   5.0 450.0                            LAT/LON1/LON2/DLON/H
  306  312  317  324  335  346  358  366  374  379  376  371  368  365  365  370
  373  374  371  364  355  347  343  341  340  341  346  349  349  347  334  316
  302  289  280  273  268  265  261  257  253  246  236  223  209  196  186  178
  174  166  161  157  154  154  155  160  163  165  163  160  159  163  175  193
  212  236  261  279  294  302  305  303  306
    45.0-180.0 180.0   5.0 450.0                            LAT/LON1/LON2/DLON/H
  325  331  335  340  352  370  389  401  407  416  413  406  401  395  392  393
  393  392  387  379  368  360  357  356  358  360  365  367  368  365  350  330
  312  297  286  280  274  272  268  266  263  257  247  235  222  210  200  193
  189  180  175  171  167  167  168  172  175  177  175  171  171  175  186  203
  224  247  274  297  314  324  328  327  325
    42.5-180.0 180.0   5.0 450.0                            LAT/LON1/LON2/DLON/H
  350  352  355  361  376  395  417  432  442  451  448  439  434  426  420  419
  417  415  408  399  387  378  375  376  378  380  384  386  385  379  363  344
  324  306  294  287  283  282  278  276  273  267  258  247  236  223  214  206
  202  194  189  184  179  177  178  181  183  184  183  182  182  187  197  212
  233  257  285  311  334  347  354  350  350
    40.0-180.0 180.0   5.0 450.0                            LAT/LON1/LON2/DLON/H
  372  375  378  386  400  419  443  460  471  480  480  473  466  459  451  446
  444  441  433  422  409  399  396  396  398  402  404  405  400  392  376  356
  337  318  306  300  298  295  293  288  283  277  269  260  250  239  228  219
  215  208  201  195  189  184  185  186  188  188  189  190  192  197  206  219
  240  265  293  320  348  367  376  374  372
    37.5-180.0 180.0   5.0 450.0                            LAT/LON1/LON2/DLON/H
  394  399  401  409  423  442  467  484  497  505  509  504  498  494  483  478
  474  469  459  449  435  422  416  417  418  423  426  425  418  408  390  372
  353  337  323  318  315  313  308  301  294  288  280  272  264  253  241  230
  225  216  209  201  194  191  189  189  190  190  193  196  199  205  212  224
  242  267  295  323  354  378  391  394  394
    35.0-180.0 180.0   5.0 450.0                            LAT/LON1/LON2/DLON/H
  413  419  424  431  444  465  486  503  519  530  538  534  530  530  520  512
  504  496  487  476  461  449  441  441  441  441  449  447  440  428  411  393
  374  358  346  341  339  334  325  315  307  299  291  283  274  265  253  242
  236  221  213  205  197  195  193  193  193  193  196  200  204  209  214  223
  239  262  291  322  354  380  398  408  413
    32.5-180.0 180.0   5.0 450.0                            LAT/LON1/LON2/DLON/H
  423  434  443  452  463  482  503  520  538  555  563  565  564  566  559  547
  534  527  513  502  488  478  468  467  468  466  474  472  462  452  442  421
  402  384  373  368  362  355  342  329  318  309  301  294  284  272  260  249
  244  224  217  212  207  204  203  202  199  198  198  201  204  207  211  218
  232  254  282  315  346  375  397  413  423
    30.0-180.0 180.0   5.0 450.0                            LAT/LON1/LON2/DLON/H
  427  442  454  466  478  495  516  534  555  570  583  589  593  599  593  582
  569  559  541  527  512  502  496  493  497  493  496  499  487  477  470  450
  434  416  402  395  385  373  356  341  329  318  309  301  291  277  264  253
  248  230  228  224  222  221  219  215  209  203  200  200  202  204  207  213
  224  245  272  303  337  366  388  410  427
    27.5-180.0 180.0   5.0 450.0                            LAT/LON1/LON2/DLON/H
  424  443  460  473  486  502  524  543  567  584  598  609  620  631  631  622
  603  590  570  547  534  525  522  521  524  523  522  526  517  506  500  483
  467  449  436  424  405  390  368  350  348  326  313  304  293  277  264  255
  250  240  240  240  241  240  238  230  219  210  202  199  199  198  199  204
  214  234  260  290  323  350  378  401  424
    25.0-180.0 180.0   5.0 450.0                            LAT/LON1/LON2/DLON/H
  420  441  461  477  490  508  529  550  576  595  613  629  646  661  667  658
  640  623  599  573  556  548  547  548  554  558  557  556  553  546  538  521
  506  487  467  450  426  398  371  347  346  327  312  305  291  275  263  256
  252  248  251  254  257  257  253  243  228  216  206  199  195  191  190  194
  205  224  250  278  309  337  365  392  420
    22.5-180.0 180.0   5.0 450.0                            LAT/LON1/LON2/DLON/H
  413  438  458  477  493  510  531  556  584  606  628  651  675  689  699  695
  680  662  636  607  586  577  579  582  591  598  597  597  596  596  583  563
  545  524  497  467  433  396  364  332  324  315  305  300  284  271  259  253
  252  254  258  265  269  268  262  251  234  221  209  200  192  186  183  184
  197  218  241  270  300  326  354  384  413
    20.0-180.0 180.0   5.0 450.0                            LAT/LON1/LON2/DLON/H
  407  433  456  474  492  511  532  559  587  613  640  670  697  717  727  731
  719  703  675  646  623  614  620  628  641  647  643  642  637  642  632  608
  582  553  505  457  412  368  333  305  291  291  293  287  275  265  251  246
  245  254  260  269  273  272  265  254  240  227  214  204  194  185  180  178
  187  206  232  261  292  319  347  377  407
    17.5-180.0 180.0   5.0 450.0                            LAT/LON1/LON2/DLON/H
  404  430  453  471  489  508  528  555  586  617  648  682  712  734  749  760
  754  740  715  688  663  658  668  685  699  701  691  689  680  678  669  648
  607  564  496  432  372  327  297  275  263  270  277  276  268  256  244  238
  238  253  258  269  273  273  265  258  248  234  221  210  198  189  181  175
  179  197  225  256  284  314  341  373  404
    15.0-180.0 180.0   5.0 450.0                            LAT/LON1/LON2/DLON/H
  403  430  452  470  487  506  526  551  583  617  651  686  718  743  765  782
  783  774  753  727  704  702  718  739  753  749  736  728  712  702  690  660
  616  568  492  415  351  303  277  257  251  257  270  273  265  251  240  235
  236  252  257  265  271  271  267  261  251  241  229  216  205  196  185  177
  178  192  218  249  282  310  340  371  403
    12.5-180.0 180.0   5.0 450.0                            LAT/LON1/LON2/DLON/H
  404  433  454  472  490  506  526  551  581  616  652  685  718  746  775  796
  804  800  783  760  742  740  756  779  790  783  765  745  719  703  682  651
  610  560  492  418  349  307  284  267  258  266  279  279  269  256  245  236
  237  255  256  258  266  268  267  258  248  242  232  221  213  203  192  182
  179  189  212  244  277  308  339  371  404
    10.0-180.0 180.0   5.0 450.0                            LAT/LON1/LON2/DLON/H
  404  434  458  476  496  513  531  553  581  615  649  682  715  742  771  797
  811  813  803  785  776  775  785  803  807  793  767  736  709  688  664  635
  600  556  496  428  369  332  312  298  289  293  297  290  281  269  254  244
  246  262  262  260  267  269  264  255  246  238  228  220  214  204  194  185
  180  187  207  239  273  307  338  371  404
     7.5-180.0 180.0   5.0 450.0                            LAT/LON1/LON2/DLON/H
  403  434  461  483  506  523  540  559  584  615  647  677  706  734  759  787
  808  816  813  801  799  801  807  813  805  779  748  715  689  669  645  622
  592  553  501  447  400  372  358  346  338  329  318  308  301  285  267  261
  263  279  280  276  276  271  265  257  246  235  224  215  208  201  194  185
  180  185  203  235  270  304  337  370  403
     5.0-180.0 180.0   5.0 450.0                            LAT/LON1/LON2/DLON/H
  400  434  466  492  518  537  555  571  593  616  643  669  694  718  742  770
  795  810  815  810  807  808  812  810  790  754  721  694  670  652  632  610
  586  550  509  470  441  422  414  402  384  362  339  329  322  308  295  290
  291  304  304  297  287  273  265  259  247  234  220  207  199  195  191  182
  175  180  198  231  266  300  333  367  400
     2.5-180.0 180.0   5.0 450.0                            LAT/LON1/LON2/DLON/H
  397  435  471  502  531  554  575  591  607  623  642  662  681  700  721  747
  771  789  801  802  800  797  800  793  766  726  693  672  656  639  623  599
  573  543  509  483  470  465  465  450  419  383  356  344  341  337  331  330
  331  330  318  306  292  276  264  256  243  230  213  198  190  188  184  175
  168  173  192  225  260  296  327  362  397
