DORISInput/IGSGIM/2023/IGS0OPSFIN_20232210000_01D_02H_GIM.INX
     1.0            IONOSPHERE MAPS     MIX                 IONEX VERSION / TYPE
cmpcmb v1.2          GRL/UWM            28-aug-23 16:21     PGM / RUN BY / DATE 
ionex file containing IGS COMBINED Ionosphere maps          COMMENT             
global ionosphere maps for day 221, 2023                    DESCRIPTION         
IONEX file containing the COMBINED IGS TEC MAPS and DCBs    DESCRIPTION         
      IONEX files of the following IAACs were combined: cod DESCRIPTION         
                                                        jpl DESCRIPTION         
                                                        upc DESCRIPTION         
Contact address: Andrzej Krankowski                         DESCRIPTION
                 Geodynamics Research Laboratory            DESCRIPTION
                 University of Warmia and Mazury (GRL/UWM)  DESCRIPTION
                 Oczapowski St. 1                           DESCRIPTION
                 10-957-Olsztyn, POLAND                     DESCRIPTION
                 e-mail:  kand@uwm.edu.pl                   DESCRIPTION
                                                            DESCRIPTION         
  2023     8     9     0     0     0                        EPOCH OF FIRST MAP  
  2023     8    10     0     0     0                        EPOCH OF LAST MAP   
  7200                                                      INTERVAL            
    13                                                      # OF MAPS IN FILE   
  COSZ                                                      MAPPING FUNCTION    
     0.0                                                    ELEVATION CUTOFF    
combined TEC calculated as weighted mean of input TEC valuesOBSERVABLES USED    
   316                                                      # OF STATIONS       
    31                                                      # OF SATELLITES     
  6371.0                                                    BASE RADIUS         
     2                                                      MAP DIMENSION       
   450.0 450.0   0.0                                        HGT1 / HGT2 / DHGT  
    87.5 -87.5  -2.5                                        LAT1 / LAT2 / DLAT  
  -180.0 180.0   5.0                                        LON1 / LON2 / DLON  
    -1                                                      EXPONENT            
TEC values in 0.1 tec units;  9999, if no value available   COMMENT             
DCB values in nanoseconds, reference is Sum_of_SatDCBs = 0  COMMENT             
                                                            END OF HEADER       
[from data line 2145]
     6                                                      START OF TEC MAP    
  2023     8     9    10     0     0                        EPOCH OF CURRENT MAP
    87.5-180.0 180.0   5.0 450.0                            LAT/LON1/LON2/DLON/H
  184  185  185  186  187  187  188  189  190  190  191  192  193  193  194  195
  195  196  197  198  198  199  200  200  200  202  202  202  203  203  204  203
  204  204  204  205  204  204  203  203  203  203  202  201  201  200  199  199
  198  197  197  195  194  194  193  192  192  191  190  189  189  188  187  187
  187  185  185  186  184  185  184  184  184
    85.0-180.0 180.0   5.0 450.0                            LAT/LON1/LON2/DLON/H
  179  181  182  182  184  186  187  189  190  192  193  194  197  198  199  200
  201  202  202  202  202  202  202  202  203  204  205  206  206  205  205  205
  205  206  206  207  207  207  207  207  207  207  206  205  204  204  202  201
  200  199  197  197  196  194  192  190  189  188  186  186  184  183  182  181
  180  179  178  178  178  178  178  179  179
    82.5-180.0 180.0   5.0 450.0                            LAT/LON1/LON2/DLON/H
  173  174  175  177  179  182  183  186  189  191  194  195  197  198  200  201
  201  201  202  202  203  202  202  202  204  203  203  202  202  203  203  205
  205  207  207  207  207  207  207  208  208  209  209  210  209  208  207  206
  205  204  203  202  202  200  199  196  193  190  188  186  184  182  181  180
  179  178  177  176  175  174  173  173  173
    80.0-180.0 180.0   5.0 450.0                            LAT/LON1/LON2/DLON/H
  169  170  171  173  175  178  180  184  186  189  191  194  195  197  198  199
  199  200  199  198  197  196  195  194  193  191  191  192  193  194  195  197
  200  202  205  208  212  214  216  217  216  216  215  216  216  216  216  215
  214  215  214  214  214  213  212  209  206  203  199  196  194  192  189  188
  185  183  180  178  175  172  170  169  169
    77.5-180.0 180.0   5.0 450.0                            LAT/LON1/LON2/DLON/H
  166  165  166  168  172  176  178  181  183  185  187  188  189  191  191  191
  190  190  190  188  186  187  180  179  175  175  176  179  180  182  184  187
  189  192  198  205  210  215  220  223  224  224  225  225  227  227  228  229
  229  231  231  231  231  233  232  229  227  224  221  218  215  212  209  205
  201  196  191  186  180  175  170  167  166
    75.0-180.0 180.0   5.0 450.0                            LAT/LON1/LON2/DLON/H
  163  161  161  163  166  169  172  174  176  178  179  179  181  182  180  180
  180  179  178  179  174  169  166  164  163  162  160  163  167  169  174  179
  184  189  196  202  209  216  222  226  230  232  233  235  236  239  241  244
  246  248  250  251  253  253  253  254  252  250  248  245  242  239  234  229
  223  216  208  199  190  181  174  168  163
    72.5-180.0 180.0   5.0 450.0                            LAT/LON1/LON2/DLON/H
  160  155  155  154  156  158  160  164  166  167  169  170  169  169  169  169
  169  167  167  162  157  156  152  151  149  148  148  149  154  161  167  173
  180  187  195  203  212  219  225  230  234  237  240  243  245  248  251  255
  258  260  263  266  268  270  271  272  273  271  270  268  266  262  258  253
  246  236  226  215  202  189  178  167  160
    70.0-180.0 180.0   5.0 450.0                            LAT/LON1/LON2/DLON/H
  155  148  145  143  145  145  147  150  154  156  156  156  155  156  155  157
  155  152  151  145  145  143  140  139  139  139  141  143  148  154  162  172
  180  189  198  207  215  223  229  234  238  242  244  248  251  254  258  262
  265  268  271  273  276  278  279  280  281  281  282  282  280  278  274  270
  263  252  241  227  212  196  180  165  155
    67.5-180.0 180.0   5.0 450.0                            LAT/LON1/LON2/DLON/H
  151  142  134  133  132  134  135  137  139  142  143  141  141  141  142  139
  138  139  135  137  136  134  132  133  133  135  138  142  148  155  163  173
  182  193  203  211  219  227  233  238  242  245  249  252  255  258  263  265
  268  270  273  275  276  276  277  278  279  280  281  282  282  281  278  275
  269  260  248  235  219  202  183  166  151
    65.0-180.0 180.0   5.0 450.0                            LAT/LON1/LON2/DLON/H
  153  139  129  124  121  118  119  122  125  127  128  128  128  125  125  124
  125  127  127  129  129  128  129  131  132  136  140  145  150  159  167  176
  186  195  205  214  223  230  236  241  245  249  252  256  259  261  265  267
  269  269  270  270  269  269  268  268  268  269  270  270  270  271  269  268
  264  257  248  235  220  205  186  170  153
    62.5-180.0 180.0   5.0 450.0                            LAT/LON1/LON2/DLON/H
  156  141  131  119  112  108  107  107  109  111  113  114  114  112  111  112
  114  117  120  122  125  127  129  133  135  139  145  151  156  163  172  180
  188  197  206  214  223  231  239  245  250  254  257  261  264  265  267  267
  267  266  264  262  260  258  255  253  253  252  252  252  252  253  253  254
  251  247  240  231  218  206  189  172  156
    60.0-180.0 180.0   5.0 450.0                            LAT/LON1/LON2/DLON/H
  162  148  135  122  112  104  101   97   97   98   98  100  100  100  100  102
  104  108  111  116  120  124  128  133  138  143  150  156  162  168  175  181
  188  196  205  213  222  232  241  248  254  260  264  267  270  271  271  269
  267  263  259  256  252  249  244  242  239  238  236  235  234  235  235  236
  236  234  230  223  215  204  191  176  162
    57.5-180.0 180.0   5.0 450.0                            LAT/LON1/LON2/DLON/H
  172  159  144  131  118  108  103   94   90   88   89   89   90   91   91   94
   97   99  103  109  112  118  125  133  140  147  154  161  166  170  175  180
  185  193  201  210  220  230  242  251  258  265  271  276  278  280  278  274
  269  264  259  255  250  246  241  237  235  231  228  225  223  221  221  222
  222  222  221  218  213  205  195  183  172
    55.0-180.0 180.0   5.0 450.0                            LAT/LON1/LON2/DLON/H
  184  173  160  146  131  117  109   98   91   86   85   83   83   83   84   86
   88   91   95  100  105  112  122  132  141  150  157  165  169  171  173  176
  181  188  196  206  216  229  242  252  262  271  279  286  290  291  288  284
  278  271  266  261  256  251  246  243  241  238  233  229  223  219  216  216
  216  217  218  217  215  209  203  195  184
    52.5-180.0 180.0   5.0 450.0                            LAT/LON1/LON2/DLON/H
  198  188  175  162  147  131  120  105   96   90   86   83   81   80   79   80
   81   83   87   92   99  107  119  131  142  154  161  168  171  171  172  173
  176  182  192  202  215  229  242  255  266  278  288  298  303  304  302  298
  290  285  279  274  269  264  260  257  255  253  249  243  236  228  223  220
  219  220  222  222  221  218  213  206  198
    50.0-180.0 180.0   5.0 450.0                            LAT/LON1/LON2/DLON/H
  210  200  189  175  160  145  133  116  106   97   91   87   84   81   79   79
   79   81   84   89   96  106  120  134  147  159  166  172  174  173  172  171
  173  179  189  201  215  229  243  257  270  285  299  310  318  321  319  316
  308  302  297  291  286  281  277  275  274  273  269  262  253  245  237  232
  230  230  232  233  232  230  224  216  210
    47.5-180.0 180.0   5.0 450.0                            LAT/LON1/LON2/DLON/H
  216  206  196  184  171  157  145  128  117  108  100   94   90   86   83   83
   83   84   86   90   98  109  124  140  154  167  174  179  179  176  173  170
  171  177  188  201  216  232  247  261  276  293  311  325  335  340  339  337
  331  324  316  310  304  298  294  291  291  290  288  281  272  264  254  249
  246  246  246  247  244  239  232  224  216
    45.0-180.0 180.0   5.0 450.0                            LAT/LON1/LON2/DLON/H
  217  207  197  188  176  165  154  139  128  119  112  105   99   94   91   89
   89   90   92   95  103  116  132  149  165  177  184  186  184  181  177  173
  173  178  188  202  218  235  249  264  282  302  323  340  354  362  363  360
  355  349  339  331  323  314  307  302  301  300  299  293  285  279  272  267
  265  264  263  259  253  246  236  227  217
    42.5-180.0 180.0   5.0 450.0                            LAT/LON1/LON2/DLON/H
  213  202  194  187  178  170  161  147  136  130  123  116  109  103   99   98
   98   98   99  103  111  124  141  160  177  189  195  195  192  188  183  180
  178  182  191  204  221  238  254  269  288  311  336  357  375  386  388  387
  382  375  363  351  340  326  316  308  304  301  299  294  289  286  284  283
  282  280  276  268  259  248  237  224  213
    40.0-180.0 180.0   5.0 450.0                            LAT/LON1/LON2/DLON/H
  207  195  188  183  176  169  163  152  143  140  133  126  118  113  109  108
  107  107  108  112  119  132  151  170  189  201  207  206  202  198  193  189
  187  189  196  209  226  242  259  276  296  320  348  375  397  412  418  422
  413  407  389  372  357  341  327  314  307  301  296  290  288  289  291  294
  294  291  285  274  261  248  235  221  207
    37.5-180.0 180.0   5.0 450.0                            LAT/LON1/LON2/DLON/H
  206  192  184  178  172  166  162  153  149  147  142  136  129  123  120  117
  116  116  117  119  125  140  159  180  202  214  220  217  213  208  205  201
  198  197  203  214  230  246  264  283  304  331  363  394  420  440  454  457
  454  446  424  407  386  365  346  330  318  307  298  291  290  293  299  303
  301  297  290  277  263  248  235  220  206
    35.0-180.0 180.0   5.0 450.0                            LAT/LON1/LON2/DLON/H
  211  198  188  179  173  166  162  155  154  153  151  146  140  135  130  127
  126  125  124  125  131  146  166  189  212  227  232  230  225  220  217  214
  210  209  213  223  238  255  272  292  317  347  381  414  444  468  491  501
  502  493  475  454  433  411  385  363  345  329  313  304  302  304  308  311
  309  304  294  281  266  251  238  225  211
    32.5-180.0 180.0   5.0 450.0                            LAT/LON1/LON2/DLON/H
  226  213  200  189  181  172  168  159  159  160  159  156  151  145  141  138
  135  132  129  129  134  148  170  195  221  237  243  241  236  232  231  227
  224  223  228  236  249  267  285  306  334  365  398  436  469  503  531  549
  557  552  536  521  501  481  454  429  399  374  351  333  324  322  322  322
  319  311  300  287  273  261  250  240  226
    30.0-180.0 180.0   5.0 450.0                            LAT/LON1/LON2/DLON/H
  250  235  221  207  196  183  177  169  167  168  168  164  160  154  151  148
  144  139  134  132  136  149  171  199  227  245  252  251  246  245  245  243
  242  242  245  254  267  286  305  327  354  383  418  458  498  536  571  601
  625  622  618  607  592  578  550  521  483  447  412  382  362  353  343  339
  331  321  309  296  284  275  269  262  250
    27.5-180.0 180.0   5.0 450.0                            LAT/LON1/LON2/DLON/H
  279  265  249  233  219  203  195  184  180  178  176  173  168  163  158  155
  150  144  138  134  136  148  171  200  230  249  258  257  254  257  260  261
  263  266  269  277  291  307  328  352  377  407  442  483  529  569  614  664
  695  713  716  706  695  693  667  640  587  539  490  447  416  391  374  364
  350  337  324  312  302  296  293  289  279
    25.0-180.0 180.0   5.0 450.0                            LAT/LON1/LON2/DLON/H
  310  296  281  262  246  229  218  204  196  190  186  181  176  170  166  161
  156  150  142  136  137  149  172  202  230  251  260  260  260  267  275  280
  286  292  294  304  321  335  358  384  410  441  471  514  562  604  665  723
  776  804  811  800  799  794  773  746  691  632  574  523  482  449  416  398
  375  359  345  335  322  317  319  318  310
    22.5-180.0 180.0   5.0 450.0                            LAT/LON1/LON2/DLON/H
  336  326  310  292  274  256  243  226  214  204  197  190  184  178  171  167
  162  155  147  141  140  151  174  202  229  250  259  262  265  275  289  302
  309  316  321  334  351  366  389  419  445  471  501  551  588  635  701  780
  834  860  867  863  866  861  842  813  764  703  645  596  552  509  464  436
  407  385  371  359  343  336  339  341  336
    20.0-180.0 180.0   5.0 450.0                            LAT/LON1/LON2/DLON/H
  354  347  334  316  299  280  266  248  234  220  210  200  191  184  177  172
  168  161  153  146  145  154  174  200  225  246  255  260  268  281  300  319
  332  338  351  365  383  405  420  448  475  497  529  579  621  663  726  793
  841  858  867  869  866  863  852  823  788  740  692  649  607  562  510  467
  437  411  395  383  362  350  351  354  354
    17.5-180.0 180.0   5.0 450.0                            LAT/LON1/LON2/DLON/H
  360  358  347  334  319  301  287  268  250  234  221  209  199  189  182  176
  171  164  158  151  150  157  173  196  220  239  250  257  268  285  310  334
  353  361  377  395  408  433  451  470  496  523  559  601  638  675  723  771
  807  818  827  827  817  817  809  795  777  749  712  674  634  590  542  492
  451  423  409  396  374  358  355  359  360
    15.0-180.0 180.0   5.0 450.0                            LAT/LON1/LON2/DLON/H
  357  359  354  346  333  317  305  284  267  248  231  217  204  194  186  180
  174  168  162  155  152  158  171  191  212  229  242  252  267  290  319  346
  368  384  401  418  433  455  478  497  523  549  582  610  636  669  702  732
  755  760  759  760  748  749  749  748  746  731  707  675  637  597  555  507
  458  429  408  393  371  355  350  353  357
    12.5-180.0 180.0   5.0 450.0                            LAT/LON1/LON2/DLON/H
  348  356  356  351  340  328  317  298  279  259  241  225  210  200  191  184
  178  171  165  157  153  157  167  183  202  219  234  249  268  296  328  355
  379  398  415  433  451  469  493  516  542  568  593  609  629  655  678  695
  698  699  691  683  681  684  690  698  706  703  691  667  634  597  556  507
  459  426  405  382  361  345  339  340  348
    10.0-180.0 180.0   5.0 450.0                            LAT/LON1/LON2/DLON/H
  339  352  356  353  346  336  326  308  289  268  248  230  215  205  196  190
  182  174  168  159  154  155  162  175  192  211  229  246  270  301  334  362
  384  402  419  440  459  476  498  523  549  576  596  611  628  648  663  665
  656  644  633  625  628  639  653  667  679  683  676  657  630  596  553  504
  461  428  406  381  358  338  329  329  339
     7.5-180.0 180.0   5.0 450.0                            LAT/LON1/LON2/DLON/H
  338  352  359  359  352  343  334  316  295  273  252  234  219  208  199  193
  185  179  171  162  156  155  160  170  186  206  226  246  272  304  338  365
  386  401  418  438  455  472  493  518  545  571  594  612  630  648  657  652
  636  620  606  601  611  626  645  662  675  680  671  652  628  597  553  506
  469  440  416  393  370  344  332  329  338
     5.0-180.0 180.0   5.0 450.0                            LAT/LON1/LON2/DLON/H
  353  363  371  370  363  352  342  322  298  275  254  235  219  209  200  194
  186  181  173  165  158  155  158  166  182  203  225  249  273  306  336  364
  381  395  408  425  442  457  478  504  533  562  587  607  629  652  665  661
  644  628  614  614  628  645  666  684  693  694  682  658  633  605  563  519
  485  460  439  421  397  370  355  349  353
     2.5-180.0 180.0   5.0 450.0                            LAT/LON1/LON2/DLON/H
  385  389  397  392  383  367  355  326  301  276  253  233  218  207  199  192
  185  179  172  164  157  153  155  161  177  199  225  248  273  302  332  356
  372  385  393  406  423  437  458  486  517  550  576  599  627  660  681  682
  670  657  649  655  671  690  712  724  727  720  702  674  644  614  575  536
  504  486  472  463  443  418  396  387  385
