DORISInput/IGSGIM/2023/IGS0OPSFIN_20232240000_01D_02H_GIM.INX
     1.0            IONOSPHERE MAPS     MIX                 IONEX VERSION / TYPE
cmpcmb v1.2          GRL/UWM            28-aug-23 16:36     PGM / RUN BY / DATE 
ionex file containing IGS COMBINED Ionosphere maps          COMMENT             
global ionosphere maps for day 224, 2023                    DESCRIPTION         
IONEX file containing the COMBINED IGS TEC MAPS and DCBs    DESCRIPTION         
      IONEX files of the following IAACs were combined: cod DESCRIPTION         
                                                        jpl DESCRIPTION         
                                                        upc DESCRIPTION         
Contact address: Andrzej Krankowski                         DESCRIPTION
                 Geodynamics Research Laboratory            DESCRIPTION
                 University of Warmia and Mazury (GRL/UWM)  DESCRIPTION
                 Oczapowski St. 1                           DESCRIPTION
                 10-957-Olsztyn, POLAND                     DESCRIPTION
                 e-mail:  kand@uwm.edu.pl                   DESCRIPTION
                                                            DESCRIPTION         
  2023     8    12     0     0     0                        EPOCH OF FIRST MAP  
  2023     8    13     0     0     0                        EPOCH OF LAST MAP   
  7200                                                      INTERVAL            
    13                                                      # OF MAPS IN FILE   
  COSZ                                                      MAPPING FUNCTION    
     0.0                                                    ELEVATION CUTOFF    
combined TEC calculated as weighted mean of input TEC valuesOBSERVABLES USED    
   302                                                      # OF STATIONS       
    31                                                      # OF SATELLITES     
  6371.0                                                    BASE RADIUS         
     2                                                      MAP DIMENSION       
   450.0 450.0   0.0                                        HGT1 / HGT2 / DHGT  
    87.5 -87.5  -2.5                                        LAT1 / LAT2 / DLAT  
  -180.0 180.0   5.0                                        LON1 / LON2 / DLON  
    -1                                                      EXPONENT            
TEC values in 0.1 tec units;  9999, if no value available   COMMENT             
DCB values in nanoseconds, reference is Sum_of_SatDCBs = 0  COMMENT             
                                                            END OF HEADER       
[from data line 4290]
    11                                                      START OF TEC MAP    
  2023     8    12    20     0     0                        EPOCH OF CURRENT MAP
    87.5-180.0 180.0   5.0 450.0                            LAT/LON1/LON2/DLON/H
  228  228  228  229  229  229  230  231  231  232  232  233  233  234  234  235
  235  236  236  235  235  235  235  234  233  233  232  231  231  230  230  228
  228  228  227  227  226  226  226  226  226  227  227  226  227  227  228  228
  229  228  229  229  230  230  230  231  231  231  231  231  231  231  230  230
  229  229  229  228  228  227  227  227  228
    85.0-180.0 180.0   5.0 450.0                            LAT/LON1/LON2/DLON/H
  219  221  223  224  227  229  231  233  235  237  238  240  240  241  241  241
  241  240  239  239  240  239  237  235  233  230  228  226  224  223  222  221
  219  219  218  218  218  218  217  217  218  217  218  218  219  219  219  221
  221  223  223  224  223  224  224  225  225  225  225  225  224  223  221  221
  219  218  217  216  216  217  217  218  219
    82.5-180.0 180.0   5.0 450.0                            LAT/LON1/LON2/DLON/H
  207  209  212  215  219  222  227  229  233  236  239  241  244  245  247  247
  248  247  245  243  239  240  240  235  229  226  223  220  218  215  214  211
  210  209  209  209  210  210  211  211  211  212  212  212  213  213  214  214
  215  215  216  216  216  216  216  217  216  216  216  215  214  213  211  209
  208  206  204  203  203  203  204  206  207
    80.0-180.0 180.0   5.0 450.0                            LAT/LON1/LON2/DLON/H
  196  198  201  205  209  214  218  223  228  233  238  243  246  249  252  253
  255  254  253  250  246  241  239  230  227  221  216  213  209  206  204  202
  201  200  199  200  200  200  202  203  204  205  206  206  206  207  207  208
  209  210  210  210  210  208  208  208  208  207  207  206  205  203  201  200
  198  196  195  194  194  194  194  195  196
    77.5-180.0 180.0   5.0 450.0                            LAT/LON1/LON2/DLON/H
  190  192  194  197  201  206  212  218  224  229  234  238  245  250  253  255
  257  256  254  249  245  239  234  226  223  217  211  205  200  199  197  195
  193  193  193  193  192  193  194  195  197  198  199  200  200  200  200  201
  201  202  204  204  203  201  200  199  198  198  197  197  195  194  194  193
  192  191  190  189  189  188  188  190  190
    75.0-180.0 180.0   5.0 450.0                            LAT/LON1/LON2/DLON/H
  193  193  195  196  199  204  208  213  218  223  232  238  243  249  255  257
  261  259  255  250  246  237  232  225  218  214  208  203  200  196  192  192
  191  191  191  190  190  190  189  190  190  191  194  194  194  194  194  194
  194  194  194  194  193  191  189  188  188  187  187  186  187  188  189  190
  191  192  191  190  191  191  193  194  193
    72.5-180.0 180.0   5.0 450.0                            LAT/LON1/LON2/DLON/H
  204  203  203  203  203  207  209  213  218  224  231  238  246  251  259  265
  265  261  258  252  245  237  232  224  217  211  206  203  199  197  195  191
  192  192  192  192  190  189  188  187  186  187  187  188  188  187  188  187
  186  185  184  182  179  177  176  175  174  174  175  176  179  182  185  188
  192  195  196  198  199  202  203  204  204
    70.0-180.0 180.0   5.0 450.0                            LAT/LON1/LON2/DLON/H
  218  219  217  216  216  215  216  220  223  228  236  241  248  256  264  268
  266  266  260  255  245  241  236  226  221  214  210  205  203  200  199  197
  197  196  197  196  194  191  189  187  185  183  182  182  181  179  179  179
  177  174  170  167  165  160  160  158  158  159  162  166  170  175  182  189
  194  199  204  209  212  215  217  218  218
    67.5-180.0 180.0   5.0 450.0                            LAT/LON1/LON2/DLON/H
  236  236  236  234  232  231  230  231  233  235  240  245  253  259  265  268
  270  268  264  256  250  245  242  235  228  224  217  213  210  208  208  206
  205  205  204  203  200  197  193  189  185  182  180  177  174  172  169  165
  163  161  156  152  149  144  142  140  141  144  148  155  162  169  180  188
  197  205  213  220  225  229  232  235  236
    65.0-180.0 180.0   5.0 450.0                            LAT/LON1/LON2/DLON/H
  257  258  258  254  253  250  249  247  245  245  246  249  254  258  263  266
  268  268  265  261  256  252  250  244  238  234  228  227  223  221  219  218
  217  216  214  211  208  204  199  192  187  183  178  174  170  165  160  156
  153  148  143  139  134  130  127  126  127  131  136  144  153  164  175  186
  198  209  220  228  236  242  247  254  257
    62.5-180.0 180.0   5.0 450.0                            LAT/LON1/LON2/DLON/H
  273  276  278  277  274  271  270  266  261  258  256  255  255  257  260  262
  264  265  265  264  261  259  258  253  249  245  241  241  237  237  234  233
  232  229  226  223  218  212  205  198  190  184  177  171  165  160  154  148
  145  139  134  129  125  120  118  117  118  122  127  136  145  157  168  183
  195  210  221  233  242  251  259  267  273
    60.0-180.0 180.0   5.0 450.0                            LAT/LON1/LON2/DLON/H
  281  288  294  296  294  294  292  288  281  275  270  264  260  258  258  259
  259  261  262  263  263  263  262  260  258  256  254  254  252  251  247  246
  243  242  238  234  229  222  213  203  195  187  178  170  164  157  151  145
  141  134  129  124  119  115  113  112  113  117  122  131  139  150  162  177
  191  206  220  232  245  255  265  274  281
    57.5-180.0 180.0   5.0 450.0                            LAT/LON1/LON2/DLON/H
  284  297  306  313  314  314  315  311  305  295  283  273  265  260  256  255
  255  255  257  259  260  261  261  262  262  262  264  265  263  261  259  258
  255  253  249  246  239  231  222  212  201  190  181  172  164  156  150  144
  139  133  127  122  117  114  111  110  113  117  122  129  136  146  158  172
  188  201  217  229  243  253  263  273  284
    55.0-180.0 180.0   5.0 450.0                            LAT/LON1/LON2/DLON/H
  286  305  317  329  334  336  336  334  328  313  298  283  270  261  255  252
  250  250  251  253  253  255  257  260  263  266  270  273  273  271  268  268
  267  264  261  256  250  241  232  220  208  197  187  176  167  159  152  145
  141  134  128  124  119  116  114  114  116  121  126  131  137  145  157  169
  184  199  213  227  238  248  259  270  286
    52.5-180.0 180.0   5.0 450.0                            LAT/LON1/LON2/DLON/H
  287  309  326  339  351  357  357  357  348  331  311  292  277  263  255  249
  246  245  245  247  247  249  251  256  262  268  274  280  281  280  278  278
  278  276  272  266  259  251  240  228  217  205  195  184  173  163  154  147
  143  137  132  128  125  122  120  122  124  129  133  137  141  148  158  170
  183  199  212  224  235  244  255  269  287
    50.0-180.0 180.0   5.0 450.0                            LAT/LON1/LON2/DLON/H
  291  313  331  348  363  373  376  374  365  346  323  302  283  266  255  249
  244  242  242  242  242  244  247  253  261  270  278  285  288  289  288  287
  287  285  280  274  267  257  248  237  225  214  203  191  178  168  158  150
  146  141  138  135  132  130  130  132  135  139  142  145  148  153  163  174
  187  202  216  227  237  246  256  271  291
    47.5-180.0 180.0   5.0 450.0                            LAT/LON1/LON2/DLON/H
  298  320  339  357  373  385  391  390  380  359  335  311  290  271  259  251
  246  243  241  240  240  242  246  253  261  273  283  291  296  297  297  297
  295  292  287  280  272  264  253  243  232  221  208  196  184  174  163  156
  152  149  147  145  143  142  142  145  148  152  154  155  157  161  170  183
  194  210  225  236  246  255  267  280  298
    45.0-180.0 180.0   5.0 450.0                            LAT/LON1/LON2/DLON/H
  313  332  347  364  382  395  405  405  392  372  346  321  299  280  266  258
  252  248  244  242  242  245  249  257  266  279  290  298  303  304  304  303
  301  298  293  287  279  270  258  247  236  225  214  201  191  182  172  166
  163  159  160  160  158  157  157  159  162  165  167  167  168  171  178  190
  204  219  235  250  261  270  282  297  313
    42.5-180.0 180.0   5.0 450.0                            LAT/LON1/LON2/DLON/H
  330  347  359  374  393  406  416  418  408  386  360  334  313  293  280  271
  264  258  253  250  249  252  257  266  276  288  298  306  310  310  310  309
  308  306  302  296  289  280  266  253  240  229  218  207  199  190  184  177
  175  174  175  177  176  174  173  174  175  177  178  177  179  181  187  197
  212  227  247  264  278  289  301  314  330
    40.0-180.0 180.0   5.0 450.0                            LAT/LON1/LON2/DLON/H
  347  362  372  385  402  416  428  432  423  403  378  353  332  315  302  291
  282  275  267  264  262  265  270  279  289  301  309  316  319  320  318  317
  318  318  316  312  305  294  279  262  246  233  225  218  212  206  197  192
  190  190  192  194  194  192  189  187  186  186  186  187  188  190  194  203
  218  237  257  275  294  308  320  332  347
    37.5-180.0 180.0   5.0 450.0                            LAT/LON1/LON2/DLON/H
  365  379  386  396  410  426  441  448  445  426  406  383  365  347  331  321
  309  298  287  282  280  282  287  296  306  317  324  330  333  333  331  332
  334  338  339  335  328  316  299  277  259  246  237  234  231  223  214  207
  205  204  206  209  208  206  202  198  195  193  194  196  197  198  200  208
  222  241  262  282  304  323  339  353  365
    35.0-180.0 180.0   5.0 450.0                            LAT/LON1/LON2/DLON/H
  387  397  403  408  419  435  451  462  467  457  444  423  407  389  373  360
  344  328  313  305  300  301  305  313  322  332  342  349  353  353  351  354
  358  365  368  368  361  348  327  305  284  268  260  260  254  242  230  221
  217  215  218  219  220  217  212  207  202  199  199  202  204  204  206  211
  223  241  264  287  311  334  355  373  387
    32.5-180.0 180.0   5.0 450.0                            LAT/LON1/LON2/DLON/H
  404  415  420  424  431  443  461  476  489  494  482  470  455  440  423  407
  384  365  343  331  323  321  322  327  336  346  359  372  379  381  382  384
  391  399  404  407  400  389  366  345  321  300  289  286  278  258  242  229
  223  221  223  225  227  224  219  213  206  202  202  205  207  207  208  211
  222  238  260  285  311  338  365  388  404
    30.0-180.0 180.0   5.0 450.0                            LAT/LON1/LON2/DLON/H
  419  432  436  438  445  454  471  492  510  521  522  514  502  490  472  454
  432  405  378  360  346  338  335  337  345  359  376  397  408  415  418  420
  430  438  443  450  447  440  417  394  363  334  318  303  293  271  251  235
  226  223  225  227  229  226  221  216  208  203  203  205  207  208  207  210
  219  234  255  280  310  341  370  398  419
    27.5-180.0 180.0   5.0 450.0                            LAT/LON1/LON2/DLON/H
  428  445  452  455  459  467  482  507  529  548  555  552  545  536  522  503
  477  448  415  388  369  354  346  346  354  373  398  424  441  452  459  463
  471  478  488  497  497  493  476  436  394  358  336  313  295  277  255  239
  227  224  224  226  227  225  220  213  206  203  202  203  205  205  204  206
  214  227  248  274  306  340  375  404  428
    25.0-180.0 180.0   5.0 450.0                            LAT/LON1/LON2/DLON/H
  434  452  463  470  475  483  497  518  544  566  581  583  581  576  569  548
  523  491  453  417  390  369  357  356  366  390  422  452  478  494  506  515
  518  518  521  520  521  507  486  455  409  362  338  314  293  274  255  239
  225  219  218  219  221  219  213  208  203  200  201  201  201  200  198  199
  206  219  240  269  303  338  375  407  434
    22.5-180.0 180.0   5.0 450.0                            LAT/LON1/LON2/DLON/H
  434  453  468  479  488  496  510  531  555  578  597  605  610  609  607  591
  569  538  495  446  412  385  370  371  384  412  448  485  513  542  559  572
  563  545  529  499  488  472  443  430  400  360  332  311  291  270  250  233
  218  210  207  208  208  207  201  199  197  197  197  197  197  195  192  191
  197  212  234  264  299  336  373  406  434
    20.0-180.0 180.0   5.0 450.0                            LAT/LON1/LON2/DLON/H
  430  449  467  482  494  505  520  539  563  586  606  621  631  638  637  632
  611  584  536  482  440  407  388  391  410  439  477  516  543  581  602  611
  586  543  497  443  418  402  377  384  375  341  316  304  286  264  242  224
  210  198  195  195  194  191  192  192  195  197  197  195  194  191  185  182
  186  201  227  261  297  334  370  403  430
    17.5-180.0 180.0   5.0 450.0                            LAT/LON1/LON2/DLON/H
  426  445  464  481  496  510  524  543  565  587  608  627  642  653  659  661
  648  619  570  520  473  433  411  414  438  467  503  539  565  599  615  607
  573  511  450  386  348  329  315  331  322  300  287  288  274  252  230  212
  202  191  187  186  186  186  189  194  201  206  203  199  194  188  180  173
  173  191  221  257  295  334  367  400  426
    15.0-180.0 180.0   5.0 450.0                            LAT/LON1/LON2/DLON/H
  423  441  461  480  497  513  527  544  565  587  609  629  646  661  671  678
  671  644  599  551  501  460  438  439  463  488  520  550  572  593  603  584
  542  486  411  343  294  269  259  259  263  248  251  259  253  234  218  208
  202  193  189  187  187  188  193  203  213  217  212  204  196  187  176  163
  162  180  213  253  296  333  368  396  423
    12.5-180.0 180.0   5.0 450.0                            LAT/LON1/LON2/DLON/H
  420  440  461  482  502  516  531  548  566  587  609  629  647  665  678  687
  684  664  625  580  529  488  467  468  485  505  532  556  573  581  580  554
  515  456  387  319  260  229  215  211  205  209  223  234  230  220  214  213
  211  204  198  197  197  196  201  212  225  227  218  206  197  186  171  155
  152  171  204  247  292  331  366  396  420
    10.0-180.0 180.0   5.0 450.0                            LAT/LON1/LON2/DLON/H
  417  439  464  487  509  526  538  552  570  590  610  629  648  665  679  691
  694  685  651  610  560  518  498  498  509  524  543  563  574  572  562  534
  495  445  381  311  249  212  194  186  189  204  220  226  224  220  222  222
  222  219  212  207  206  205  211  220  234  235  221  206  196  183  164  146
  143  162  196  240  284  325  362  394  417
     7.5-180.0 180.0   5.0 450.0                            LAT/LON1/LON2/DLON/H
  417  442  471  496  522  539  550  562  577  595  613  630  648  663  676  690
  701  698  672  634  588  549  529  527  535  545  559  573  577  569  553  525
  492  449  396  330  268  229  208  200  211  224  237  239  238  235  235  236
  236  232  223  216  210  211  219  228  237  233  216  201  189  175  156  138
  135  153  186  230  274  316  357  392  417
     5.0-180.0 180.0   5.0 450.0                            LAT/LON1/LON2/DLON/H
  424  454  484  510  540  559  568  577  590  602  616  631  645  658  668  682
  696  698  680  648  612  580  561  557  559  567  578  583  582  570  552  530
  507  471  431  378  327  285  263  246  248  260  267  269  266  261  253  251
  248  242  229  217  208  208  219  228  231  221  204  189  177  164  148  131
  128  143  176  218  263  307  350  391  424
     2.5-180.0 180.0   5.0 450.0                            LAT/LON1/LON2/DLON/H
  434  472  506  534  565  583  593  601  609  613  622  633  643  652  659  670
  682  689  681  659  631  603  586  578  577  583  590  591  587  574  556  542
  527  502  476  438  398  370  339  300  288  295  301  307  304  295  278  267
  259  239  223  209  200  200  209  217  214  200  185  171  162  153  140  126
  121  135  164  208  252  300  345  391  434
