DORISInput/IGSGIM/2023/IGS0OPSFIN_20232230000_01D_02H_GIM.INX
     1.0            IONOSPHERE MAPS     MIX                 IONEX VERSION / TYPE
cmpcmb v1.2          GRL/UWM            28-aug-23 16:31     PGM / RUN BY / DATE 
ionex file containing IGS COMBINED Ionosphere maps          COMMENT             
global ionosphere maps for day 223, 2023                    DESCRIPTION         
IONEX file containing the COMBINED IGS TEC MAPS and DCBs    DESCRIPTION         
      IONEX files of the following IAACs were combined: cod DESCRIPTION         
                                                        jpl DESCRIPTION         
                                                        upc DESCRIPTION         
Contact address: Andrzej Krankowski                         DESCRIPTION
                 Geodynamics Research Laboratory            DESCRIPTION
                 University of Warmia and Mazury (GRL/UWM)  DESCRIPTION
                 Oczapowski St. 1                           DESCRIPTION
                 10-957-Olsztyn, POLAND                     DESCRIPTION
                 e-mail:  kand@uwm.edu.pl                   DESCRIPTION
                                                            DESCRIPTION         
  2023     8    11     0     0     0                        EPOCH OF FIRST MAP  
  2023     8    12     0     0     0                        EPOCH OF LAST MAP   
  7200                                                      INTERVAL            
    13                                                      # OF MAPS IN FILE   
  COSZ                                                      MAPPING FUNCTION    
     0.0                                                    ELEVATION CUTOFF    
combined TEC calculated as weighted mean of input TEC valuesOBSERVABLES USED    
   303                                                      # OF STATIONS       
    31                                                      # OF SATELLITES     
  6371.0                                                    BASE RADIUS         
     2                                                      MAP DIMENSION       
   450.0 450.0   0.0                                        HGT1 / HGT2 / DHGT  
    87.5 -87.5  -2.5                                        LAT1 / LAT2 / DLAT  
  -180.0 180.0   5.0                                        LON1 / LON2 / DLON  
    -1                                                      EXPONENT            
TEC values in 0.1 tec units;  9999, if no value available   COMMENT             
DCB values in nanoseconds, reference is Sum_of_SatDCBs = 0  COMMENT             
                                                            END OF HEADER       
[from data line 2145]
     6                                                      START OF TEC MAP    
  2023     8    11    10     0     0                        EPOCH OF CURRENT MAP
    87.5-180.0 180.0   5.0 450.0                            LAT/LON1/LON2/DLON/H
  202  202  201  201  201  201  201  201  201  201  201  201  201  202  202  202
  202  203  203  203  204  204  204  204  204  204  204  205  206  206  208  208
  209  210  210  212  212  212  213  214  214  215  215  216  215  216  216  216
  216  216  216  216  215  215  215  215  214  214  214  213  212  211  210  209
  208  207  206  205  204  204  203  202  202
    85.0-180.0 180.0   5.0 450.0                            LAT/LON1/LON2/DLON/H
  193  193  192  190  190  189  189  189  190  189  189  190  192  191  192  195
  195  196  198  199  199  200  200  199  199  201  202  204  205  205  207  208
  209  210  211  213  214  215  216  218  220  221  222  223  223  224  224  225
  225  225  225  223  223  222  221  221  221  220  219  217  216  214  212  210
  208  206  204  203  201  199  197  196  193
    82.5-180.0 180.0   5.0 450.0                            LAT/LON1/LON2/DLON/H
  186  185  184  184  183  183  183  184  184  186  186  187  186  188  187  188
  188  188  188  189  193  194  194  195  197  199  200  201  202  204  206  208
  209  212  212  215  217  219  221  223  226  227  229  229  230  231  232  233
  232  233  233  233  232  231  230  229  227  226  223  221  219  217  215  213
  212  209  205  202  197  193  190  188  186
    80.0-180.0 180.0   5.0 450.0                            LAT/LON1/LON2/DLON/H
  181  179  176  175  173  174  175  175  176  177  179  180  181  182  183  184
  185  185  186  187  189  188  189  196  196  196  198  199  201  204  204  207
  211  212  216  219  221  223  225  227  229  231  234  236  237  237  238  240
  240  242  242  243  243  242  241  239  238  235  233  230  228  226  225  224
  220  215  208  203  197  191  187  183  181
    77.5-180.0 180.0   5.0 450.0                            LAT/LON1/LON2/DLON/H
  175  170  168  165  164  164  164  168  170  172  173  174  175  177  177  179
  179  179  180  183  187  187  189  189  196  196  198  201  203  203  204  206
  208  211  215  218  220  223  225  228  230  233  236  238  241  244  246  248
  250  252  254  254  254  255  254  253  252  250  248  246  244  242  240  238
  233  225  218  208  199  190  184  177  175
    75.0-180.0 180.0   5.0 450.0                            LAT/LON1/LON2/DLON/H
  172  166  162  159  157  157  157  158  160  162  164  167  170  170  170  169
  172  176  177  179  182  186  189  190  190  195  197  199  200  202  204  206
  208  210  213  216  219  221  224  227  231  234  236  240  244  248  252  256
  258  261  264  266  267  267  267  267  266  265  263  262  261  258  256  253
  248  241  231  219  209  197  188  180  172
    72.5-180.0 180.0   5.0 450.0                            LAT/LON1/LON2/DLON/H
  176  167  160  155  152  150  150  151  152  154  157  160  159  159  159  161
  165  168  171  174  180  184  188  190  190  193  196  198  202  204  206  207
  209  211  214  216  218  220  223  227  230  234  237  241  245  251  256  261
  265  268  271  274  275  276  276  276  276  275  274  274  272  271  270  267
  262  254  245  235  223  210  200  187  176
    70.0-180.0 180.0   5.0 450.0                            LAT/LON1/LON2/DLON/H
  180  171  161  155  149  146  145  144  147  149  149  149  148  148  148  151
  154  158  163  169  176  181  184  188  190  194  198  201  203  206  210  213
  214  215  217  218  219  221  224  227  230  233  237  241  247  252  259  264
  269  272  275  278  279  280  278  278  277  277  277  277  277  277  277  275
  271  265  256  246  234  222  208  194  180
    67.5-180.0 180.0   5.0 450.0                            LAT/LON1/LON2/DLON/H
  184  174  164  156  148  142  140  139  140  139  138  136  136  135  136  136
  140  146  154  162  168  174  178  186  190  195  200  203  207  211  216  219
  222  223  223  223  223  223  225  227  229  232  236  241  248  255  260  265
  270  273  276  278  278  277  276  274  272  271  271  272  272  273  274  273
  272  266  260  251  241  229  213  198  184
    65.0-180.0 180.0   5.0 450.0                            LAT/LON1/LON2/DLON/H
  187  176  166  157  147  139  136  133  129  127  125  125  123  120  121  123
  125  133  143  150  157  164  171  181  186  194  200  205  211  217  223  228
  231  232  232  229  228  227  227  227  230  233  236  242  248  255  261  265
  270  273  275  276  276  273  270  266  262  260  258  258  259  260  262  264
  263  261  256  249  240  229  214  200  187
    62.5-180.0 180.0   5.0 450.0                            LAT/LON1/LON2/DLON/H
  188  178  168  156  146  136  132  125  121  117  112  111  110  108  107  109
  113  120  128  136  143  152  161  171  179  190  198  207  214  224  232  238
  242  243  241  237  234  231  229  228  230  233  238  244  251  257  263  268
  271  273  275  274  272  269  263  257  251  246  243  243  243  244  246  248
  248  248  245  241  234  225  212  199  188
    60.0-180.0 180.0   5.0 450.0                            LAT/LON1/LON2/DLON/H
  190  180  168  156  144  133  126  118  113  108  102   99   97   96   95   96
   99  105  111  119  128  139  149  161  172  183  195  207  218  229  241  248
  253  253  249  245  240  235  231  230  231  235  240  248  255  262  268  271
  274  275  275  273  270  265  258  251  243  236  232  230  229  229  230  232
  233  233  233  230  226  219  209  200  190
    57.5-180.0 180.0   5.0 450.0                            LAT/LON1/LON2/DLON/H
  193  183  170  158  145  132  124  113  106  100   96   92   90   88   87   86
   88   90   95  104  112  125  138  151  165  180  192  205  220  234  248  258
  263  262  259  254  248  240  235  232  233  237  243  252  261  268  273  277
  278  279  277  274  270  264  257  249  241  234  229  225  222  221  220  221
  222  222  222  222  219  216  210  201  193
    55.0-180.0 180.0   5.0 450.0                            LAT/LON1/LON2/DLON/H
  196  187  176  164  149  135  126  112  103   96   92   88   87   84   82   79
   79   80   85   91  101  113  129  144  161  176  190  205  220  237  253  266
  273  272  269  264  257  248  241  236  235  240  247  257  267  275  281  284
  286  285  283  279  274  268  260  253  245  239  233  230  227  224  221  219
  218  219  219  219  217  214  211  204  196
    52.5-180.0 180.0   5.0 450.0                            LAT/LON1/LON2/DLON/H
  200  192  181  168  155  140  130  114  104   97   93   89   87   84   81   77
   76   75   78   84   94  106  123  140  158  174  189  204  220  238  258  272
  281  282  281  277  269  259  250  243  241  245  253  263  274  283  289  293
  295  295  292  287  282  275  268  261  255  250  246  244  241  237  232  229
  225  223  223  222  221  218  213  207  200
    50.0-180.0 180.0   5.0 450.0                            LAT/LON1/LON2/DLON/H
  204  196  185  172  159  145  136  120  110  102   96   93   89   86   82   78
   76   75   76   81   91  104  120  139  156  174  189  205  221  242  263  280
  290  294  293  291  285  275  263  253  250  253  260  271  282  291  298  303
  304  305  302  297  291  284  278  272  267  264  262  262  260  257  252  245
  239  235  233  232  229  225  219  211  204
    47.5-180.0 180.0   5.0 450.0                            LAT/LON1/LON2/DLON/H
  208  198  185  173  162  151  143  129  120  113  105  100   95   90   86   83
   80   78   79   83   92  104  121  140  158  177  193  210  225  247  267  285
  298  305  308  308  303  293  280  270  263  265  272  280  292  301  309  315
  317  317  314  309  303  296  289  284  279  279  278  279  279  276  270  263
  256  250  247  244  239  233  225  215  208
    45.0-180.0 180.0   5.0 450.0                            LAT/LON1/LON2/DLON/H
  207  196  185  174  164  155  149  137  130  124  118  109  103   98   93   90
   87   86   86   89   96  108  125  144  163  183  199  215  231  249  267  286
  302  314  322  323  321  313  301  289  283  283  287  295  305  316  323  331
  335  334  329  324  316  308  301  294  291  289  290  291  291  290  286  279
  272  265  260  255  248  239  228  217  207
    42.5-180.0 180.0   5.0 450.0                            LAT/LON1/LON2/DLON/H
  203  193  182  174  165  158  155  144  139  136  129  121  113  107  102  100
   98   96   96   98  102  114  130  149  169  188  207  222  238  253  269  287
  304  320  332  337  338  334  325  315  309  306  309  316  325  335  343  351
  356  357  350  343  333  323  314  306  301  297  295  295  296  297  296  291
  284  277  270  263  253  241  229  216  203
    40.0-180.0 180.0   5.0 450.0                            LAT/LON1/LON2/DLON/H
  201  189  181  174  166  159  158  151  147  145  138  130  122  117  113  111
  109  108  107  108  111  121  135  154  175  195  215  230  245  259  273  288
  305  322  337  347  353  354  351  344  339  339  336  342  352  362  372  382
  386  388  378  368  358  346  337  326  319  309  302  298  300  302  301  299
  292  284  276  266  253  240  227  214  201
    37.5-180.0 180.0   5.0 450.0                            LAT/LON1/LON2/DLON/H
  201  190  182  174  167  160  159  155  154  152  148  140  132  127  123  121
  121  121  120  119  120  127  141  159  181  202  221  237  250  262  275  288
  303  319  336  351  363  372  373  373  372  370  369  376  388  400  413  423
  428  427  416  406  397  385  377  366  352  335  320  310  308  310  310  306
  299  290  281  268  252  237  225  212  201
    35.0-180.0 180.0   5.0 450.0                            LAT/LON1/LON2/DLON/H
  206  197  188  180  172  165  164  159  160  160  157  150  144  138  134  132
  132  133  131  129  127  134  146  164  188  208  226  242  253  264  274  284
  298  313  332  351  370  386  396  402  404  405  407  417  430  444  462  475
  481  480  468  457  453  444  442  432  413  383  357  338  328  327  323  319
  310  299  287  272  254  239  227  216  206
    32.5-180.0 180.0   5.0 450.0                            LAT/LON1/LON2/DLON/H
  219  210  201  190  182  173  171  166  166  168  166  161  156  149  145  143
  142  141  139  137  135  139  151  170  193  213  229  242  253  262  269  279
  291  307  328  349  373  398  416  428  435  441  451  463  478  497  519  537
  544  544  539  533  530  536  536  529  510  466  424  388  366  357  347  339
  327  313  298  281  261  248  238  229  219
    30.0-180.0 180.0   5.0 450.0                            LAT/LON1/LON2/DLON/H
  241  230  218  208  196  185  181  177  176  178  175  171  166  160  155  152
  149  147  146  143  140  144  156  176  198  217  231  241  250  258  265  274
  286  303  326  350  378  408  433  451  465  472  486  504  525  549  578  605
  618  631  621  626  631  652  659  656  639  583  518  462  424  400  383  369
  351  335  316  296  280  266  257  250  241
    27.5-180.0 180.0   5.0 450.0                            LAT/LON1/LON2/DLON/H
  267  256  244  231  218  206  200  192  189  187  185  180  175  169  163  157
  153  151  149  146  144  149  162  181  201  219  231  238  245  255  264  274
  287  306  330  356  385  417  447  471  487  503  520  539  566  596  635  675
  705  715  722  733  747  779  795  799  769  708  624  549  495  458  429  410
  386  364  343  323  307  293  285  278  267
    25.0-180.0 180.0   5.0 450.0                            LAT/LON1/LON2/DLON/H
  297  282  268  255  242  230  222  213  206  202  197  191  184  177  169  162
  156  153  152  150  148  153  166  184  204  220  231  236  242  253  266  280
  296  316  342  370  400  432  463  491  511  531  547  569  601  641  690  734
  778  803  813  824  843  877  900  898  873  809  723  637  571  525  485  459
  427  400  375  355  338  327  318  309  297
    22.5-180.0 180.0   5.0 450.0                            LAT/LON1/LON2/DLON/H
  322  306  291  278  267  256  249  237  228  220  213  204  194  184  173  164
  158  155  154  153  152  157  170  188  207  221  228  232  241  254  271  289
  310  332  362  390  420  450  480  510  532  551  569  596  631  672  725  788
  832  852  861  868  886  914  942  948  921  865  788  705  636  588  546  507
  473  438  411  389  370  359  349  337  322
    20.0-180.0 180.0   5.0 450.0                            LAT/LON1/LON2/DLON/H
  341  323  307  296  290  282  276  265  252  241  230  218  204  191  178  167
  161  157  156  157  156  161  173  190  206  218  224  230  241  258  279  305
  329  354  385  414  443  472  497  526  549  566  590  623  649  693  746  799
  833  846  853  854  868  890  918  922  910  866  801  735  678  632  588  548
  504  473  444  419  397  383  371  356  341
    17.5-180.0 180.0   5.0 450.0                            LAT/LON1/LON2/DLON/H
  349  333  318  312  310  306  303  291  277  263  247  233  217  199  184  172
  164  161  159  159  158  162  172  187  202  214  220  228  243  265  292  320
  348  374  410  439  460  490  515  539  559  579  604  634  666  700  736  768
  790  795  801  798  802  820  845  851  847  819  772  727  686  645  603  565
  523  489  464  437  412  394  380  367  349
    15.0-180.0 180.0   5.0 450.0                            LAT/LON1/LON2/DLON/H
  351  337  326  323  326  328  327  315  301  284  267  249  228  208  190  178
  169  165  163  161  158  160  167  180  194  205  215  228  247  274  305  334
  366  396  429  456  479  504  528  548  570  590  613  638  662  687  707  722
  729  727  726  729  725  738  748  756  755  742  716  693  666  635  599  561
  526  494  462  434  410  392  378  367  351
    12.5-180.0 180.0   5.0 450.0                            LAT/LON1/LON2/DLON/H
  349  339  331  332  338  344  345  334  319  302  284  264  240  217  198  185
  176  171  168  162  158  156  159  169  182  195  209  228  252  283  318  349
  380  412  443  470  490  509  533  553  574  596  613  632  648  666  675  676
  666  662  657  656  650  654  658  659  661  660  658  652  638  614  584  547
  513  482  453  425  398  380  368  360  349
    10.0-180.0 180.0   5.0 450.0                            LAT/LON1/LON2/DLON/H
  349  341  336  340  350  356  358  346  331  314  297  276  251  226  206  193
  183  176  169  162  155  149  148  154  168  185  205  228  256  292  331  362
  392  422  450  474  492  506  525  546  569  592  608  626  640  651  653  644
  619  608  599  594  590  590  588  587  590  599  610  616  611  591  560  524
  493  466  442  413  385  367  358  354  349
     7.5-180.0 180.0   5.0 450.0                            LAT/LON1/LON2/DLON/H
  354  348  346  352  361  365  364  351  335  320  304  285  259  234  213  200
  188  179  170  160  149  141  136  141  155  176  203  230  263  301  342  373
  399  425  448  469  482  494  508  529  554  581  603  621  638  647  642  624
  597  580  568  560  558  556  551  549  555  567  582  592  592  574  539  502
  476  455  434  408  382  363  356  357  354
     5.0-180.0 180.0   5.0 450.0                            LAT/LON1/LON2/DLON/H
  373  367  366  370  375  373  367  350  332  317  303  286  262  237  218  203
  190  178  166  154  142  132  125  128  143  169  199  231  266  307  345  375
  399  419  435  454  463  470  484  506  534  567  591  612  636  647  645  629
  604  584  568  561  560  556  551  551  557  573  585  591  588  567  529  493
  468  453  434  414  395  382  373  373  373
     2.5-180.0 180.0   5.0 450.0                            LAT/LON1/LON2/DLON/H
  406  399  398  396  395  385  373  348  326  309  296  281  259  236  218  203
  187  173  160  146  134  123  115  117  134  164  198  234  268  306  341  370
  391  405  416  430  437  444  458  480  513  545  573  599  628  650  658  648
  628  610  597  591  591  589  589  590  596  608  613  607  593  566  528  496
  472  462  449  436  424  416  408  405  406
