DORISInput/IGSGIM/2023/IGS0OPSFIN_20232240000_01D_02H_GIM.INX
     1.0            IONOSPHERE MAPS     MIX                 IONEX VERSION / TYPE
cmpcmb v1.2          GRL/UWM            28-aug-23 16:36     PGM / RUN BY / DATE 
ionex file containing IGS COMBINED Ionosphere maps          COMMENT             
global ionosphere maps for day 224, 2023                    DESCRIPTION         
IONEX file containing the COMBINED IGS TEC MAPS and DCBs    DESCRIPTION         
      IONEX files of the following IAACs were combined: cod DESCRIPTION         
                                                        jpl DESCRIPTION         
                                                        upc DESCRIPTION         
Contact address: Andrzej Krankowski                         DESCRIPTION
                 Geodynamics Research Laboratory            DESCRIPTION
                 University of Warmia and Mazury (GRL/UWM)  DESCRIPTION
                 Oczapowski St. 1                           DESCRIPTION
                 10-957-Olsztyn, POLAND                     DESCRIPTION
                 e-mail:  kand@uwm.edu.pl                   DESCRIPTION
                                                            DESCRIPTION         
  2023     8    12     0     0     0                        EPOCH OF FIRST MAP  
  2023     8    13     0     0     0                        EPOCH OF LAST MAP   
  7200                                                      INTERVAL            
    13                                                      # OF MAPS IN FILE   
  COSZ                                                      MAPPING FUNCTION    
     0.0                                                    ELEVATION CUTOFF    
combined TEC calculated as weighted mean of input TEC valuesOBSERVABLES USED    
   302                                                      # OF STATIONS       
    31                                                      # OF SATELLITES     
  6371.0                                                    BASE RADIUS         
     2                                                      MAP DIMENSION       
   450.0 450.0   0.0                                        HGT1 / HGT2 / DHGT  
    87.5 -87.5  -2.5                                        LAT1 / LAT2 / DLAT  
  -180.0 180.0   5.0                                        LON1 / LON2 / DLON  
    -1                                                      EXPONENT            
TEC values in 0.1 tec units;  9999, if no value available   COMMENT             
DCB values in nanoseconds, reference is Sum_of_SatDCBs = 0  COMMENT             
                                                            END OF HEADER       
[from data line 1287]
     4                                                      START OF TEC MAP    
  2023     8    12     6     0     0                        EPOCH OF CURRENT MAP
    87.5-180.0 180.0   5.0 450.0                            LAT/LON1/LON2/DLON/H
  188  188  188  188  189  189  189  189  189  189  189  189  189  189  189  189
  188  188  188  186  186  185  185  184  184  184  184  184  184  184  184  184
  184  185  185  186  186  186  186  187  187  188  188  188  189  189  189  189
  189  189  190  190  190  190  189  189  189  189  189  189  190  190  190  190
  190  190  190  189  189  189  189  189  188
    85.0-180.0 180.0   5.0 450.0                            LAT/LON1/LON2/DLON/H
  191  190  190  190  189  190  190  190  190  190  190  191  190  190  190  190
  190  188  188  188  187  186  185  184  182  181  180  180  178  177  177  177
  177  178  177  179  180  181  182  184  185  187  190  192  194  195  197  198
  200  200  201  201  202  204  204  203  202  202  202  201  202  201  201  199
  197  196  195  195  193  192  191  191  191
    82.5-180.0 180.0   5.0 450.0                            LAT/LON1/LON2/DLON/H
  187  185  185  184  184  184  184  185  185  186  187  189  189  190  190  191
  191  191  191  188  186  185  185  179  176  174  173  172  171  171  170  171
  171  171  172  173  174  177  179  182  184  187  190  193  196  201  204  207
  211  214  214  216  217  219  221  221  221  221  220  220  219  217  215  212
  211  209  206  203  199  196  193  190  187
    80.0-180.0 180.0   5.0 450.0                            LAT/LON1/LON2/DLON/H
  186  183  182  180  178  178  178  179  180  181  183  185  187  189  191  192
  193  192  192  189  186  184  181  175  173  170  167  164  162  160  160  161
  164  165  168  170  173  175  179  183  187  191  195  200  204  208  215  219
  223  227  230  232  233  235  238  239  240  240  240  239  237  235  233  230
  226  222  217  211  205  200  194  189  186
    77.5-180.0 180.0   5.0 450.0                            LAT/LON1/LON2/DLON/H
  190  184  180  176  173  172  171  172  171  173  176  179  182  185  186  187
  187  186  186  184  184  178  172  171  168  165  161  158  157  156  156  157
  158  161  165  170  175  180  184  190  195  200  205  209  215  220  227  234
  237  242  245  248  251  253  255  257  258  259  259  259  258  256  253  249
  244  238  230  224  216  209  201  196  190
    75.0-180.0 180.0   5.0 450.0                            LAT/LON1/LON2/DLON/H
  197  189  181  175  171  168  167  166  166  168  171  173  175  177  179  180
  181  180  180  177  173  169  166  163  161  158  152  148  148  147  149  152
  156  161  166  171  177  184  191  197  204  211  216  222  227  235  241  250
  255  259  262  264  267  269  270  273  275  276  277  277  277  275  272  268
  263  255  248  240  230  221  213  204  197
    72.5-180.0 180.0   5.0 450.0                            LAT/LON1/LON2/DLON/H
  207  197  188  180  173  169  166  164  162  161  164  166  167  169  171  173
  174  173  173  169  166  160  158  154  152  148  144  140  138  142  146  151
  156  162  169  176  183  190  197  205  213  219  227  234  241  248  255  265
  271  273  275  278  280  282  283  286  288  289  291  292  292  291  288  284
  279  272  264  256  246  236  227  216  207
    70.0-180.0 180.0   5.0 450.0                            LAT/LON1/LON2/DLON/H
  220  211  200  192  183  175  169  164  159  159  158  157  159  160  163  165
  165  166  166  161  157  152  149  144  140  138  134  134  135  139  145  153
  160  167  174  182  189  197  204  212  220  228  235  243  251  257  266  274
  280  283  285  287  289  291  293  294  296  297  298  300  301  300  298  295
  291  284  276  268  259  250  239  230  220
    67.5-180.0 180.0   5.0 450.0                            LAT/LON1/LON2/DLON/H
  232  224  215  206  198  187  177  168  162  157  154  152  151  153  155  156
  157  157  157  151  149  144  140  135  130  128  127  128  132  138  146  155
  164  172  181  188  195  202  210  217  225  233  240  248  255  262  270  278
  283  287  289  292  293  296  296  296  297  298  299  301  301  302  301  299
  296  288  281  274  267  258  249  241  232
    65.0-180.0 180.0   5.0 450.0                            LAT/LON1/LON2/DLON/H
  241  234  228  220  210  201  189  177  166  157  153  149  146  147  149  149
  149  150  149  144  140  135  130  127  123  121  122  125  131  139  149  157
  167  176  184  191  198  205  212  219  228  235  242  249  257  264  270  278
  282  286  289  292  294  296  295  294  293  293  294  295  295  296  296  295
  291  285  279  273  267  261  254  248  241
    62.5-180.0 180.0   5.0 450.0                            LAT/LON1/LON2/DLON/H
  245  239  235  229  221  212  202  188  174  162  154  146  144  143  143  142
  142  142  141  136  131  126  123  121  119  118  120  124  130  139  150  159
  169  177  185  191  198  205  212  220  228  236  243  250  257  263  269  275
  280  284  287  290  292  292  292  290  288  286  285  285  285  285  284  283
  279  276  271  268  263  259  254  250  245
    60.0-180.0 180.0   5.0 450.0                            LAT/LON1/LON2/DLON/H
  246  242  238  233  226  220  212  200  184  172  159  148  143  140  138  138
  137  136  135  130  124  120  117  116  116  118  120  126  132  139  150  158
  167  175  183  190  198  205  213  222  231  239  245  251  255  260  266  271
  276  281  284  287  289  289  289  286  283  280  277  275  274  273  271  270
  267  264  262  260  258  255  253  250  246
    57.5-180.0 180.0   5.0 450.0                            LAT/LON1/LON2/DLON/H
  247  242  238  235  230  224  216  206  194  181  165  154  144  138  135  135
  133  132  129  125  120  117  114  115  117  120  124  129  134  141  150  157
  163  171  179  188  196  206  217  227  236  243  249  252  255  259  264  268
  273  278  282  286  287  289  288  285  281  277  273  270  267  265  262  260
  258  256  256  256  256  255  255  251  247
    55.0-180.0 180.0   5.0 450.0                            LAT/LON1/LON2/DLON/H
  250  245  241  238  233  228  221  211  200  187  172  158  147  139  134  131
  129  127  124  120  117  116  116  117  120  126  131  134  138  143  148  154
  160  166  176  186  198  210  223  234  244  250  254  256  257  259  262  267
  273  278  283  287  290  292  291  289  284  279  274  270  267  263  260  258
  257  255  256  257  259  260  261  257  250
    52.5-180.0 180.0   5.0 450.0                            LAT/LON1/LON2/DLON/H
  262  253  248  244  240  234  227  216  204  191  177  163  151  140  133  129
  126  124  122  120  118  119  121  124  128  134  139  141  142  144  148  152
  157  165  176  189  203  217  232  243  253  260  262  262  261  263  265  271
  276  283  289  293  297  299  299  297  292  287  281  277  273  270  267  265
  263  262  263  266  269  271  272  268  262
    50.0-180.0 180.0   5.0 450.0                            LAT/LON1/LON2/DLON/H
  279  268  260  255  251  246  238  224  211  195  178  164  152  141  133  129
  126  124  124  123  124  126  130  134  139  145  147  149  148  148  149  153
  159  169  180  194  210  226  241  254  264  270  272  270  270  271  275  281
  286  293  299  304  308  310  310  308  303  299  293  289  286  283  280  278
  276  276  278  281  285  287  289  286  279
    47.5-180.0 180.0   5.0 450.0                            LAT/LON1/LON2/DLON/H
  298  287  278  272  266  261  252  236  219  201  183  167  154  142  134  130
  128  128  129  131  133  137  142  148  154  159  160  160  157  154  154  157
  165  177  190  205  220  237  252  266  275  281  282  280  280  282  287  295
  303  309  313  318  322  323  324  322  318  313  307  304  302  300  297  294
  292  293  296  299  303  305  308  307  298
    45.0-180.0 180.0   5.0 450.0                            LAT/LON1/LON2/DLON/H
  319  306  295  288  282  275  264  247  228  209  188  171  156  145  136  132
  131  133  136  141  146  151  158  164  171  174  175  173  169  166  164  167
  175  187  199  214  229  245  260  274  285  292  294  293  294  297  304  315
  324  330  333  336  339  339  339  337  334  328  323  319  318  315  312  310
  308  311  315  319  324  324  327  327  319
    42.5-180.0 180.0   5.0 450.0                            LAT/LON1/LON2/DLON/H
  334  322  310  302  294  284  270  253  234  214  194  177  162  149  141  137
  137  141  145  152  158  165  173  180  187  190  190  188  183  178  177  180
  188  199  210  222  236  251  266  280  292  301  306  306  308  315  325  337
  346  354  356  358  359  357  356  355  352  345  338  334  333  330  326  323
  323  328  334  337  344  342  343  344  334
    40.0-180.0 180.0   5.0 450.0                            LAT/LON1/LON2/DLON/H
  347  332  319  309  300  287  272  254  235  215  198  183  168  156  148  144
  145  150  155  163  169  178  187  196  203  206  207  203  198  192  191  193
  200  209  217  229  241  254  269  283  298  309  316  320  325  335  347  362
  371  378  380  380  379  377  375  374  371  365  357  349  347  345  341  339
  340  343  352  359  362  360  360  357  347
    37.5-180.0 180.0   5.0 450.0                            LAT/LON1/LON2/DLON/H
  358  341  323  309  297  283  266  247  230  213  198  186  175  165  157  153
  153  159  165  172  180  190  202  212  220  224  223  222  216  208  205  206
  211  217  224  231  241  253  267  284  300  315  326  334  341  355  368  383
  394  400  401  398  397  395  395  395  392  387  378  369  368  365  361  359
  360  363  372  378  383  377  377  369  358
    35.0-180.0 180.0   5.0 450.0                            LAT/LON1/LON2/DLON/H
  372  351  329  309  290  271  253  235  220  207  197  190  181  174  166  162
  162  168  173  180  188  201  214  228  240  243  242  238  233  225  222  218
  219  222  227  232  239  251  266  284  303  321  336  346  356  368  385  400
  411  418  416  412  410  411  415  418  416  410  403  395  394  390  387  386
  387  391  400  405  409  404  398  388  372
    32.5-180.0 180.0   5.0 450.0                            LAT/LON1/LON2/DLON/H
  397  373  342  316  290  264  242  224  211  202  197  192  188  181  175  170
  170  174  179  186  196  211  227  244  260  264  260  254  248  241  236  229
  225  225  227  230  237  249  264  283  304  325  341  353  364  379  395  411
  422  425  422  418  420  427  436  442  444  441  434  429  427  424  422  424
  425  431  439  442  445  441  434  420  397
    30.0-180.0 180.0   5.0 450.0                            LAT/LON1/LON2/DLON/H
  441  407  375  342  306  272  245  222  208  202  199  195  194  189  182  177
  176  177  180  190  202  220  238  261  279  283  278  269  261  252  244  237
  229  225  223  225  232  245  260  280  302  325  343  354  368  384  401  416
  425  425  424  427  435  448  461  471  478  479  475  470  467  467  467  474
  477  484  491  493  495  491  485  469  441
    27.5-180.0 180.0   5.0 450.0                            LAT/LON1/LON2/DLON/H
  507  472  430  392  347  304  268  239  220  212  210  206  203  197  189  184
  182  182  184  194  209  227  248  274  294  299  291  279  265  256  247  237
  227  218  215  219  226  241  258  276  300  322  340  353  368  387  402  415
  425  427  429  439  453  474  490  507  517  522  522  519  517  521  522  533
  540  549  554  562  560  555  552  537  507
    25.0-180.0 180.0   5.0 450.0                            LAT/LON1/LON2/DLON/H
  596  565  524  469  416  365  317  282  256  242  235  229  220  212  200  194
  190  190  191  200  216  238  261  286  305  310  298  279  261  251  240  227
  216  205  203  208  220  236  254  274  297  318  337  352  370  387  400  411
  424  431  438  455  476  501  522  544  559  568  572  570  571  579  580  595
  608  619  624  633  626  629  630  623  596
    22.5-180.0 180.0   5.0 450.0                            LAT/LON1/LON2/DLON/H
  701  677  635  572  511  456  396  352  316  295  282  265  248  234  219  209
  202  203  203  212  229  253  277  297  313  313  297  272  250  236  225  212
  198  187  186  195  213  230  249  270  293  314  335  354  370  388  400  411
  424  437  452  475  504  533  558  581  599  613  622  622  623  633  639  654
  668  684  690  698  695  703  710  714  701
    20.0-180.0 180.0   5.0 450.0                            LAT/LON1/LON2/DLON/H
  788  772  740  680  620  565  508  447  400  369  346  316  290  266  245  231
  223  221  219  228  243  266  289  304  312  304  282  254  231  214  201  191
  177  168  165  177  203  224  245  268  288  309  332  355  376  392  405  419
  434  452  472  501  534  562  590  614  633  649  662  668  669  676  685  700
  711  726  741  748  750  756  768  780  788
    17.5-180.0 180.0   5.0 450.0                            LAT/LON1/LON2/DLON/H
  831  834  797  750  699  647  610  559  504  457  426  376  339  305  281  263
  251  245  241  244  257  274  292  302  301  286  259  225  203  185  172  163
  152  146  146  159  189  215  241  264  286  308  332  359  383  400  415  436
  455  479  503  532  565  593  619  642  660  676  688  697  699  704  712  725
  732  740  756  767  773  774  789  810  831
    15.0-180.0 180.0   5.0 450.0                            LAT/LON1/LON2/DLON/H
  812  822  802  763  723  690  665  636  600  549  498  450  397  354  326  306
  292  279  270  262  265  275  287  291  282  261  229  194  169  153  142  135
  130  125  127  144  172  205  236  262  283  307  334  362  391  413  435  461
  485  510  538  565  596  621  644  665  681  696  707  712  715  719  727  737
  737  736  741  752  761  759  772  792  812
    12.5-180.0 180.0   5.0 450.0                            LAT/LON1/LON2/DLON/H
  750  754  741  711  683  664  657  659  641  613  567  516  458  409  378  359
  343  317  302  280  271  270  274  272  259  232  199  165  140  127  118  114
  110  106  112  131  161  198  231  257  281  306  334  365  397  427  458  485
  518  543  570  600  627  648  667  681  695  709  719  719  721  724  730  738
  734  726  721  728  730  728  732  740  750
    10.0-180.0 180.0   5.0 450.0                            LAT/LON1/LON2/DLON/H
  666  661  641  610  590  581  586  592  613  619  596  554  502  458  426  409
  394  354  332  298  276  262  257  251  233  205  174  145  122  112  104  100
   97   96  103  122  154  192  226  254  278  304  333  367  400  435  472  510
  544  573  600  630  654  670  683  692  707  719  727  725  724  724  728  730
  726  714  703  703  699  690  681  671  666
     7.5-180.0 180.0   5.0 450.0                            LAT/LON1/LON2/DLON/H
  586  565  531  491  464  461  473  497  538  572  573  550  516  480  457  443
  426  386  358  312  279  254  242  232  212  185  157  133  116  106  100   96
   94   93   99  117  146  183  219  248  272  300  332  364  401  439  483  525
  562  593  622  651  672  686  695  705  719  729  736  733  728  724  728  729
  721  709  697  689  679  660  636  609  586
     5.0-180.0 180.0   5.0 450.0                            LAT/LON1/LON2/DLON/H
  529  488  439  386  349  339  352  385  436  485  505  506  495  473  466  459
  440  409  376  318  274  244  228  216  197  174  150  130  116  107  102   98
   96   94  100  113  139  173  206  237  266  294  325  359  395  435  482  527
  566  600  632  660  680  694  703  717  732  741  747  744  733  726  731  734
  725  714  704  694  679  652  618  576  529
     2.5-180.0 180.0   5.0 450.0                            LAT/LON1/LON2/DLON/H
  528  466  390  318  266  247  255  288  335  386  420  438  445  442  450  453
  441  412  377  312  266  235  216  203  187  168  148  131  119  112  107  102
   98   97  101  111  133  162  195  226  257  285  316  349  384  423  468  517
  558  593  627  655  677  694  704  723  742  755  759  754  740  732  737  743
  737  729  720  711  697  672  633  584  528
