DORISInput/IGSGIM/2023/IGS0OPSFIN_20232220000_01D_02H_GIM.INX
     1.0            IONOSPHERE MAPS     MIX                 IONEX VERSION / TYPE
cmpcmb v1.2          GRL/UWM            28-aug-23 16:26     PGM / RUN BY / DATE 
ionex file containing IGS COMBINED Ionosphere maps          COMMENT             
global ionosphere maps for day 222, 2023                    DESCRIPTION         
IONEX file containing the COMBINED IGS TEC MAPS and DCBs    DESCRIPTION         
      IONEX files of the following IAACs were combined: cod DESCRIPTION         
                                                        jpl DESCRIPTION         
                                                        upc DESCRIPTION         
Contact address: Andrzej Krankowski                         DESCRIPTION
                 Geodynamics Research Laboratory            DESCRIPTION
                 University of Warmia and Mazury (GRL/UWM)  DESCRIPTION
                 Oczapowski St. 1                           DESCRIPTION
                 10-957-Olsztyn, POLAND                     DESCRIPTION
                 e-mail:  kand@uwm.edu.pl                   DESCRIPTION
                                                            DESCRIPTION         
  2023     8    10     0     0     0                        EPOCH OF FIRST MAP  
  2023     8    11     0     0     0                        EPOCH OF LAST MAP   
  7200                                                      INTERVAL            
    13                                                      # OF MAPS IN FILE   
  COSZ                                                      MAPPING FUNCTION    
     0.0                                                    ELEVATION CUTOFF    
combined TEC calculated as weighted mean of input TEC valuesOBSERVABLES USED    
   309                                                      # OF STATIONS       
    31                                                      # OF SATELLITES     
  6371.0                                                    BASE RADIUS         
     2                                                      MAP DIMENSION       
   450.0 450.0   0.0                                        HGT1 / HGT2 / DHGT  
    87.5 -87.5  -2.5                                        LAT1 / LAT2 / DLAT  
  -180.0 180.0   5.0                                        LON1 / LON2 / DLON  
    -1                                                      EXPONENT            
TEC values in 0.1 tec units;  9999, if no value available   COMMENT             
DCB values in nanoseconds, reference is Sum_of_SatDCBs = 0  COMMENT             
                                                            END OF HEADER       
[from data line 429]
     2                                                      START OF TEC MAP    
  2023     8    10     2     0     0                        EPOCH OF CURRENT MAP
    87.5-180.0 180.0   5.0 450.0                            LAT/LON1/LON2/DLON/H
  195  195  196  197  197  198  198  198  199  199  199  199  199  199  199  199
  200  199  198  197  197  194  193  191  190  189  188  186  185  184  183  181
  179  178  176  173  173  172  171  171  169  169  168  168  168  169  169  170
  171  171  172  172  172  173  174  175  176  177  179  180  181  183  184  186
  187  188  189  190  192  192  194  194  195
    85.0-180.0 180.0   5.0 450.0                            LAT/LON1/LON2/DLON/H
  200  201  202  203  203  204  205  206  206  207  207  208  207  209  209  207
  207  206  206  207  206  204  201  199  197  194  192  189  186  183  181  176
  173  168  166  163  161  159  158  156  155  155  154  154  155  155  156  156
  157  159  160  162  164  166  168  170  172  175  177  179  181  183  185  187
  189  191  192  195  196  197  199  200  200
    82.5-180.0 180.0   5.0 450.0                            LAT/LON1/LON2/DLON/H
  204  206  206  206  206  206  207  208  208  209  210  212  212  213  214  215
  215  215  214  212  210  211  207  205  202  197  193  190  184  179  175  168
  165  159  156  153  150  148  146  145  144  143  143  142  143  143  145  146
  147  149  151  154  157  161  164  168  172  175  178  181  183  186  188  190
  193  195  198  199  201  202  203  203  204
    80.0-180.0 180.0   5.0 450.0                            LAT/LON1/LON2/DLON/H
  205  205  205  204  205  204  204  204  204  205  206  206  208  210  211  213
  214  216  217  217  217  213  210  208  205  201  196  190  184  177  172  165
  159  153  148  145  140  138  138  137  137  136  136  136  136  137  137  138
  140  143  145  148  152  157  162  167  171  176  181  184  187  191  194  196
  199  201  201  203  204  204  205  205  205
    77.5-180.0 180.0   5.0 450.0                            LAT/LON1/LON2/DLON/H
  207  207  206  205  204  202  201  200  199  199  200  200  203  204  206  206
  207  209  209  210  210  209  210  208  206  201  196  186  178  170  164  156
  152  146  141  138  136  134  133  134  135  136  136  136  136  136  136  137
  138  141  143  146  150  154  160  165  171  176  182  187  192  196  200  202
  203  205  205  206  207  207  207  207  207
    75.0-180.0 180.0   5.0 450.0                            LAT/LON1/LON2/DLON/H
  212  211  211  209  208  206  202  199  197  198  199  199  197  197  196  196
  197  198  199  200  202  204  204  203  201  198  193  185  176  168  161  150
  144  140  136  134  133  134  135  136  137  139  139  139  139  139  138  139
  140  142  145  147  150  155  160  166  171  177  183  188  194  198  202  205
  207  209  210  212  212  212  213  213  212
    72.5-180.0 180.0   5.0 450.0                            LAT/LON1/LON2/DLON/H
  220  219  219  218  215  213  209  204  203  202  198  194  192  188  186  185
  184  184  185  187  190  191  193  194  193  190  185  179  170  159  153  144
  139  136  133  132  132  133  136  139  141  143  144  145  144  144  144  144
  145  146  149  151  153  157  161  167  172  176  183  188  193  199  203  207
  211  214  216  217  218  219  220  221  220
    70.0-180.0 180.0   5.0 450.0                            LAT/LON1/LON2/DLON/H
  229  229  228  226  225  223  219  216  210  206  200  195  189  184  179  175
  173  171  171  174  176  177  179  181  180  178  173  167  158  150  144  136
  131  130  129  128  131  133  137  141  144  146  148  149  150  151  151  151
  151  154  156  157  159  161  164  168  173  177  182  187  193  198  204  208
  213  216  220  223  225  228  229  229  229
    67.5-180.0 180.0   5.0 450.0                            LAT/LON1/LON2/DLON/H
  239  238  236  234  232  230  228  224  219  214  207  199  191  184  177  170
  165  163  161  161  161  163  166  167  165  162  158  151  145  139  135  129
  125  122  123  124  127  131  136  139  143  146  149  150  152  154  156  157
  158  162  164  165  165  167  169  173  176  179  183  187  192  198  203  208
  214  218  222  227  230  234  236  238  239
    65.0-180.0 180.0   5.0 450.0                            LAT/LON1/LON2/DLON/H
  246  246  243  240  236  234  232  230  226  223  215  206  198  190  179  170
  163  159  154  152  152  153  155  154  152  148  143  138  134  131  127  123
  121  118  117  118  119  123  127  133  135  140  143  146  150  153  157  161
  165  170  172  173  174  175  177  179  181  183  184  188  192  198  202  208
  212  216  221  227  232  237  240  243  246
    62.5-180.0 180.0   5.0 450.0                            LAT/LON1/LON2/DLON/H
  249  249  247  243  239  235  233  232  230  228  224  217  209  199  187  177
  167  160  154  150  149  148  147  144  140  136  131  127  125  122  120  117
  114  113  111  110  110  112  116  120  123  128  133  139  144  151  158  165
  173  178  183  184  185  185  185  186  186  186  186  188  193  198  202  205
  208  211  217  222  229  235  239  245  249
    60.0-180.0 180.0   5.0 450.0                            LAT/LON1/LON2/DLON/H
  247  248  247  244  239  235  232  230  230  231  229  226  219  211  201  189
  179  170  163  156  152  148  144  139  133  128  122  119  118  115  115  112
  110  108  105  102  100  103  104  107  112  117  123  130  139  148  160  172
  182  191  196  198  198  198  195  192  190  189  189  191  195  197  200  200
  202  205  209  215  222  228  235  242  247
    57.5-180.0 180.0   5.0 450.0                            LAT/LON1/LON2/DLON/H
  243  246  245  243  238  233  230  228  229  231  231  231  229  223  216  205
  195  187  179  170  163  156  149  140  132  126  119  117  115  114  114  112
  109  106  102   98   96   96   97  100  104  109  116  124  135  148  164  179
  194  204  212  213  212  210  205  202  197  194  194  196  197  197  196  196
  197  198  201  206  213  220  228  236  243
    55.0-180.0 180.0   5.0 450.0                            LAT/LON1/LON2/DLON/H
  238  242  244  242  238  232  229  228  228  230  232  235  234  233  230  223
  216  209  201  190  180  171  161  152  140  131  126  123  120  119  119  117
  113  110  104   99   96   96   97  100  103  108  114  122  135  150  168  188
  205  218  226  227  224  220  215  211  206  202  200  198  197  196  194  193
  193  194  194  198  205  212  221  231  238
    52.5-180.0 180.0   5.0 450.0                            LAT/LON1/LON2/DLON/H
  237  243  245  246  242  238  234  231  231  231  234  237  238  239  239  237
  234  229  220  210  200  190  179  168  156  146  140  135  130  127  127  123
  119  114  109  104  101  101  103  105  108  112  118  126  137  154  175  197
  216  231  239  240  235  229  224  220  214  209  204  201  197  193  191  190
  190  191  193  196  202  208  218  229  237
    50.0-180.0 180.0   5.0 450.0                            LAT/LON1/LON2/DLON/H
  244  249  253  253  251  247  242  239  238  236  237  240  242  245  246  249
  247  244  238  229  220  209  199  188  176  166  157  149  143  137  135  130
  125  119  115  111  109  110  112  114  117  120  125  131  143  160  181  205
  227  242  250  252  247  240  234  229  223  216  210  205  200  195  191  189
  191  192  196  201  206  212  223  233  244
    47.5-180.0 180.0   5.0 450.0                            LAT/LON1/LON2/DLON/H
  256  262  266  268  267  262  256  253  249  247  245  245  247  250  253  256
  256  253  250  244  235  225  216  206  196  185  175  165  156  148  143  133
  128  124  121  117  118  120  123  125  128  130  133  138  149  165  189  213
  236  250  258  261  259  254  247  241  233  226  218  213  206  202  197  195
  195  199  206  212  219  225  235  247  256
    45.0-180.0 180.0   5.0 450.0                            LAT/LON1/LON2/DLON/H
  276  282  286  287  287  282  276  272  267  261  256  254  254  257  260  263
  262  260  256  252  243  235  228  221  211  201  189  177  165  154  147  136
  130  128  125  125  127  130  134  136  138  140  141  146  155  171  194  220
  241  258  266  271  271  268  264  256  249  240  232  225  218  213  208  207
  207  213  220  230  238  246  256  266  276
    42.5-180.0 180.0   5.0 450.0                            LAT/LON1/LON2/DLON/H
  299  305  309  311  310  306  301  294  285  277  270  267  265  266  268  270
  268  266  261  255  247  242  236  230  222  213  201  185  172  159  150  139
  134  132  131  132  135  139  142  144  146  148  149  153  161  177  200  224
  247  264  275  281  283  283  280  276  269  259  249  241  235  230  226  224
  224  229  238  251  261  270  281  292  299
    40.0-180.0 180.0   5.0 450.0                            LAT/LON1/LON2/DLON/H
  325  331  334  336  336  332  325  315  303  295  286  280  280  277  278  278
  275  270  266  260  252  247  241  235  228  221  210  194  180  166  155  147
  141  139  139  142  145  148  150  151  154  156  157  159  168  182  201  225
  250  269  281  289  295  297  297  293  289  280  269  263  256  252  247  245
  245  251  262  274  285  297  309  320  325
    37.5-180.0 180.0   5.0 450.0                            LAT/LON1/LON2/DLON/H
  353  356  359  360  358  353  346  335  322  313  304  298  293  291  289  286
  281  278  273  267  260  254  247  240  233  226  219  204  192  178  169  160
  153  152  155  157  158  159  159  161  163  164  165  166  173  183  201  226
  251  270  284  294  303  308  311  310  307  300  293  289  282  278  273  270
  272  278  289  301  312  326  338  347  353
    35.0-180.0 180.0   5.0 450.0                            LAT/LON1/LON2/DLON/H
  380  383  385  384  380  372  364  351  340  330  324  318  311  307  302  297
  292  286  284  278  271  264  257  249  240  233  227  219  208  198  190  183
  176  174  177  177  176  175  171  171  173  174  174  174  177  184  199  222
  247  267  283  296  307  315  321  323  323  320  318  317  313  310  305  304
  308  312  323  333  344  357  368  375  380
    32.5-180.0 180.0   5.0 450.0                            LAT/LON1/LON2/DLON/H
  409  412  413  409  403  393  384  371  358  349  344  339  332  325  317  311
  302  297  295  291  283  277  269  262  254  247  243  240  232  225  220  214
  208  205  205  207  205  197  189  186  186  185  184  183  182  182  195  216
  240  259  277  292  305  317  326  331  335  337  341  344  345  346  345  347
  349  355  365  371  381  388  396  404  409
    30.0-180.0 180.0   5.0 450.0                            LAT/LON1/LON2/DLON/H
  442  447  447  440  429  417  406  391  380  372  367  362  354  344  334  324
  314  309  306  303  296  290  283  277  271  265  265  266  264  262  260  252
  245  242  238  239  234  220  208  201  199  197  195  190  183  180  188  207
  230  250  269  285  301  314  326  336  343  352  361  371  377  383  388  394
  399  404  414  416  420  421  428  437  442
    27.5-180.0 180.0   5.0 450.0                            LAT/LON1/LON2/DLON/H
  480  484  484  476  462  446  433  417  406  399  393  386  377  366  350  337
  327  320  316  313  307  304  299  295  290  288  290  293  297  295  294  289
  279  275  268  269  262  245  226  216  211  208  203  195  184  177  182  196
  217  239  260  278  294  309  324  337  350  363  379  396  410  420  430  442
  450  459  466  466  465  461  465  474  480
    25.0-180.0 180.0   5.0 450.0                            LAT/LON1/LON2/DLON/H
  523  529  527  520  504  483  465  449  440  430  422  416  404  389  370  353
  340  331  327  323  318  316  315  314  312  313  315  318  323  323  321  312
  299  292  286  283  274  257  237  227  222  217  208  197  185  174  176  187
  207  230  252  270  286  303  320  338  355  374  396  418  438  452  466  483
  497  510  519  518  515  507  509  517  523
    22.5-180.0 180.0   5.0 450.0                            LAT/LON1/LON2/DLON/H
  571  577  575  568  550  527  505  489  481  469  458  448  434  417  395  375
  356  345  339  335  330  327  328  332  334  335  336  336  341  336  331  316
  302  291  281  272  266  253  236  231  228  221  209  197  185  174  171  178
  197  222  244  263  280  298  320  341  361  386  413  439  462  481  499  519
  538  559  573  575  566  555  557  565  571
    20.0-180.0 180.0   5.0 450.0                            LAT/LON1/LON2/DLON/H
  619  626  628  619  600  575  550  532  522  510  497  484  467  448  426  402
  380  365  355  349  340  334  336  344  349  345  340  334  333  325  317  296
  283  272  259  246  239  233  223  221  224  216  205  195  185  172  165  170
  189  214  237  258  278  300  325  350  374  402  432  460  486  508  528  550
  573  599  621  627  615  608  602  612  619
    17.5-180.0 180.0   5.0 450.0                            LAT/LON1/LON2/DLON/H
  658  663  674  668  649  624  597  577  563  550  536  520  503  484  461  436
  412  392  376  363  350  341  341  347  350  341  329  311  297  289  279  258
  249  239  227  214  207  202  199  203  212  207  197  192  181  168  159  162
  180  206  233  258  283  309  337  364  392  423  454  483  510  533  552  578
  602  630  656  668  659  652  650  649  658
    15.0-180.0 180.0   5.0 450.0                            LAT/LON1/LON2/DLON/H
  689  695  703  704  690  666  644  621  604  589  574  557  538  520  500  474
  448  422  398  376  358  345  343  343  338  321  301  274  246  237  227  212
  210  202  196  188  183  177  174  181  193  194  191  188  176  162  152  154
  172  200  232  263  292  322  354  383  413  445  477  507  532  554  575  599
  622  653  678  691  688  684  682  680  689
    12.5-180.0 180.0   5.0 450.0                            LAT/LON1/LON2/DLON/H
  701  709  723  726  721  701  679  658  640  624  608  590  572  554  536  512
  483  452  420  388  364  349  341  331  315  289  262  229  203  179  172  167
  170  170  171  166  164  160  158  164  174  182  184  180  171  156  144  146
  162  195  231  267  301  335  369  402  433  464  496  524  549  570  591  612
  637  665  688  701  703  701  698  696  701
    10.0-180.0 180.0   5.0 450.0                            LAT/LON1/LON2/DLON/H
  702  709  724  735  736  725  708  688  671  654  637  618  600  583  566  544
  515  480  442  404  375  355  338  316  288  253  219  187  161  145  143  138
  143  149  154  153  152  148  151  155  162  170  173  171  163  148  134  135
  153  189  230  269  308  345  382  418  447  475  507  536  562  583  603  623
  643  670  690  703  707  707  702  699  702
     7.5-180.0 180.0   5.0 450.0                            LAT/LON1/LON2/DLON/H
  699  705  717  732  741  736  725  709  692  674  656  636  617  600  583  562
  535  501  461  421  387  360  334  301  262  220  182  150  130  121  124  124
  132  141  148  150  147  145  149  153  156  161  164  162  154  138  123  121
  141  180  225  268  311  352  391  426  454  479  509  541  569  591  611  628
  643  665  685  697  704  706  703  700  699
     5.0-180.0 180.0   5.0 450.0                            LAT/LON1/LON2/DLON/H
  701  704  715  731  743  743  735  721  704  685  664  641  619  600  582  562
  537  505  469  429  395  361  326  285  238  191  153  125  112  112  121  124
  135  145  151  152  151  149  152  156  156  156  155  153  143  126  111  108
  128  169  216  263  307  352  393  426  453  476  502  533  564  589  609  625
  636  653  673  687  697  703  704  704  701
     2.5-180.0 180.0   5.0 450.0                            LAT/LON1/LON2/DLON/H
  712  715  722  735  749  749  744  731  712  688  663  633  605  579  559  537
  515  488  457  423  388  352  312  270  221  173  140  118  111  119  131  138
  148  156  156  158  157  156  157  159  157  152  148  142  132  114   98   95
  115  155  204  251  297  343  387  419  444  462  485  514  544  572  593  611
  623  638  657  671  685  697  707  712  712
