DORISInput/IGSGIM/2023/IGS0OPSFIN_20232260000_01D_02H_GIM.INX
     1.0            IONOSPHERE MAPS     MIX                 IONEX VERSION / TYPE
cmpcmb v1.2          GRL/UWM             4-sep-23 18:27     PGM / RUN BY / DATE 
ionex file containing IGS COMBINED Ionosphere maps          COMMENT             
global ionosphere maps for day 226, 2023                    DESCRIPTION         
IONEX file containing the COMBINED IGS TEC MAPS and DCBs    DESCRIPTION         
      IONEX files of the following IAACs were combined: cod DESCRIPTION         
                                                        jpl DESCRIPTION         
                                                        upc DESCRIPTION         
Contact address: Andrzej Krankowski                         DESCRIPTION
                 Geodynamics Research Laboratory            DESCRIPTION
                 University of Warmia and Mazury (GRL/UWM)  DESCRIPTION
                 Oczapowski St. 1                           DESCRIPTION
                 10-957-Olsztyn, POLAND                     DESCRIPTION
                 e-mail:  kand@uwm.edu.pl                   DESCRIPTION
                                                            DESCRIPTION         
  2023     8    14     0     0     0                        EPOCH OF FIRST MAP  
  2023     8    15     0     0     0                        EPOCH OF LAST MAP   
  7200                                                      INTERVAL            
    13                                                      # OF MAPS IN FILE   
  COSZ                                                      MAPPING FUNCTION    
     0.0                                                    ELEVATION CUTOFF    
combined TEC calculated as weighted mean of input TEC valuesOBSERVABLES USED    
   309                                                      # OF STATIONS       
    32                                                      # OF SATELLITES     
  6371.0                                                    BASE RADIUS         
     2                                                      MAP DIMENSION       
   450.0 450.0   0.0                                        HGT1 / HGT2 / DHGT  
    87.5 -87.5  -2.5                                        LAT1 / LAT2 / DLAT  
  -180.0 180.0   5.0                                        LON1 / LON2 / DLON  
    -1                                                      EXPONENT            
TEC values in 0.1 tec units;  9999, if no value available   COMMENT             
DCB values in nanoseconds, reference is Sum_of_SatDCBs = 0  COMMENT             
                                                            END OF HEADER       
[from data line 4719]
    12                                                      START OF TEC MAP    
  2023     8    14    22     0     0                        EPOCH OF CURRENT MAP
    87.5-180.0 180.0   5.0 450.0                            LAT/LON1/LON2/DLON/H
  177  177  179  180  181  182  182  183  185  185  186  187  188  189  189  190
  190  191  192  192  193  193  194  194  195  195  195  194  193  193  192  191
  190  189  188  187  186  185  185  184  183  182  181  181  180  179  179  178
  178  178  178  177  177  177  176  176  175  175  175  174  174  174  173  173
  173  174  173  174  174  175  175  177  177
    85.0-180.0 180.0   5.0 450.0                            LAT/LON1/LON2/DLON/H
  184  185  187  189  191  192  194  195  197  198  199  201  201  203  204  204
  205  206  206  207  207  208  209  211  210  209  209  208  207  207  205  205
  204  203  202  200  199  197  195  193  191  189  188  186  184  182  181  180
  179  179  178  177  177  176  176  175  175  174  174  174  174  174  174  173
  174  174  175  177  178  178  181  182  184
    82.5-180.0 180.0   5.0 450.0                            LAT/LON1/LON2/DLON/H
  192  194  194  197  198  201  203  205  207  210  213  215  217  220  221  222
  223  225  225  226  224  224  226  226  224  224  225  224  223  222  221  220
  219  219  217  217  216  215  212  209  207  203  201  195  191  189  187  186
  185  184  183  182  181  180  179  178  178  178  178  179  179  180  180  181
  182  183  184  185  187  188  189  190  192
    80.0-180.0 180.0   5.0 450.0                            LAT/LON1/LON2/DLON/H
  201  202  203  204  207  209  213  215  217  218  221  223  226  228  231  234
  235  236  237  237  238  238  239  238  236  237  238  237  236  236  234  233
  228  225  221  220  219  220  220  219  217  213  211  206  201  197  195  193
  192  190  189  188  187  185  184  183  183  184  185  186  188  189  191  193
  196  197  198  198  200  200  199  201  201
    77.5-180.0 180.0   5.0 450.0                            LAT/LON1/LON2/DLON/H
  212  211  212  213  215  217  218  220  225  229  232  238  244  249  253  254
  253  251  251  249  251  248  238  245  241  239  238  238  235  235  234  232
  231  232  232  228  225  221  220  220  220  218  216  213  209  205  203  201
  199  197  195  193  191  189  187  187  188  189  192  194  197  200  205  208
  211  213  215  215  215  214  214  213  212
    75.0-180.0 180.0   5.0 450.0                            LAT/LON1/LON2/DLON/H
  225  224  223  222  223  224  227  233  238  243  255  263  267  269  271  273
  266  260  261  256  254  253  239  238  240  237  234  233  231  230  229  230
  231  230  229  227  226  224  223  222  221  219  218  214  213  211  208  206
  203  201  198  196  193  190  189  188  190  192  196  200  205  210  216  222
  226  230  232  233  232  231  229  227  225
    72.5-180.0 180.0   5.0 450.0                            LAT/LON1/LON2/DLON/H
  242  239  236  234  233  235  238  243  250  260  269  277  282  290  287  280
  276  270  263  259  255  248  241  237  234  232  230  231  230  227  225  224
  224  224  224  221  219  217  217  217  216  215  214  211  209  208  208  205
  203  200  197  194  189  187  186  186  188  191  196  202  210  217  225  233
  240  245  249  251  250  249  247  244  242
    70.0-180.0 180.0   5.0 450.0                            LAT/LON1/LON2/DLON/H
  259  256  250  246  245  245  246  250  256  265  276  285  292  295  293  288
  283  276  269  261  254  247  242  238  235  231  229  228  228  225  221  218
  216  215  212  211  210  208  207  205  206  203  202  201  199  198  199  198
  196  194  189  186  182  178  178  178  181  186  192  201  210  220  230  240
  249  257  262  266  267  267  264  261  259
    67.5-180.0 180.0   5.0 450.0                            LAT/LON1/LON2/DLON/H
  276  271  265  261  257  255  255  257  261  270  279  286  292  297  297  295
  290  282  272  264  256  251  248  241  238  234  230  228  226  225  219  214
  211  206  202  200  200  199  197  193  192  186  185  183  180  183  182  182
  181  180  176  171  167  163  164  165  170  177  186  196  207  219  231  242
  253  262  269  274  278  280  278  279  276
    65.0-180.0 180.0   5.0 450.0                            LAT/LON1/LON2/DLON/H
  290  285  281  277  272  269  267  266  267  271  277  284  290  295  299  299
  296  288  280  272  265  262  259  252  248  244  241  237  232  227  221  215
  209  202  197  194  192  190  187  182  176  170  167  163  161  161  162  164
  164  162  157  152  150  146  148  151  157  167  177  190  202  215  227  238
  249  259  269  277  283  287  289  292  290
    62.5-180.0 180.0   5.0 450.0                            LAT/LON1/LON2/DLON/H
  300  298  297  294  289  284  279  275  273  273  276  280  285  289  295  299
  299  297  293  286  280  279  275  272  266  264  260  254  247  240  232  224
  215  206  199  195  191  187  181  174  165  158  155  148  145  145  146  147
  146  144  139  135  132  130  132  137  145  157  170  184  197  210  221  232
  242  252  262  273  283  291  295  299  300
    60.0-180.0 180.0   5.0 450.0                            LAT/LON1/LON2/DLON/H
  307  308  308  309  304  297  290  285  279  276  275  276  279  283  288  294
  299  302  302  301  297  296  295  293  290  288  283  278  271  262  249  240
  229  217  208  201  196  189  182  173  163  154  148  141  138  137  136  137
  136  133  128  123  118  117  119  127  136  151  165  181  193  206  215  224
  233  243  256  267  281  291  298  303  307
    57.5-180.0 180.0   5.0 450.0                            LAT/LON1/LON2/DLON/H
  312  317  320  322  318  311  305  297  288  282  279  276  276  279  284  290
  295  301  304  306  306  308  309  311  310  310  305  301  295  283  270  257
  244  230  220  211  204  195  186  176  165  155  149  141  138  137  136  135
  133  128  123  117  111  110  112  121  133  150  165  182  195  206  213  220
  228  236  248  261  276  288  298  305  312
    55.0-180.0 180.0   5.0 450.0                            LAT/LON1/LON2/DLON/H
  317  324  330  334  332  326  319  311  301  292  285  279  277  278  282  287
  293  297  301  306  309  313  318  322  324  326  324  320  314  305  290  276
  259  244  232  221  211  201  191  182  172  161  156  148  145  144  142  138
  134  129  122  116  112  111  114  123  137  155  172  190  204  212  218  222
  228  236  247  262  276  288  300  308  317
    52.5-180.0 180.0   5.0 450.0                            LAT/LON1/LON2/DLON/H
  322  331  340  344  345  341  336  330  319  308  297  288  283  281  283  287
  292  296  299  302  307  313  320  327  333  337  337  336  332  322  309  294
  273  258  244  231  218  207  197  188  179  170  166  160  157  154  150  144
  139  133  126  120  117  118  122  132  146  166  185  204  218  225  229  233
  238  246  256  270  285  296  308  316  322
    50.0-180.0 180.0   5.0 450.0                            LAT/LON1/LON2/DLON/H
  332  341  348  357  360  356  354  349  342  330  317  305  295  290  289  291
  294  297  298  299  304  313  321  330  340  346  348  349  346  338  322  307
  287  268  253  237  224  212  202  194  187  181  178  174  170  166  160  154
  148  140  133  128  127  129  135  144  159  179  199  219  235  241  246  252
  256  266  278  288  301  314  321  325  332
    47.5-180.0 180.0   5.0 450.0                            LAT/LON1/LON2/DLON/H
  344  352  358  367  372  372  371  371  368  358  344  329  315  305  301  301
  302  302  300  301  303  312  322  334  345  353  357  359  356  345  328  312
  293  274  258  242  229  217  206  199  193  190  188  183  180  176  171  165
  159  151  145  142  140  144  149  157  172  191  210  232  249  257  263  273
  281  290  303  315  324  333  337  340  344
    45.0-180.0 180.0   5.0 450.0                            LAT/LON1/LON2/DLON/H
  359  363  370  378  386  390  390  396  394  388  374  358  342  328  320  317
  314  312  308  305  307  316  326  339  350  359  362  363  358  345  328  312
  294  276  260  246  232  221  211  204  200  197  196  190  188  184  181  177
  171  165  160  157  157  159  162  169  180  197  215  238  257  268  278  292
  302  313  326  339  347  352  354  355  359
    42.5-180.0 180.0   5.0 450.0                            LAT/LON1/LON2/DLON/H
  374  377  384  391  403  409  409  417  422  420  407  390  370  356  346  339
  335  329  322  315  316  323  334  347  358  365  367  363  356  342  326  309
  293  279  265  252  239  228  218  211  206  204  204  197  195  192  189  187
  182  177  173  172  170  171  172  176  183  198  216  239  260  278  291  307
  321  335  350  363  370  373  373  372  374
    40.0-180.0 180.0   5.0 450.0                            LAT/LON1/LON2/DLON/H
  390  392  397  406  418  426  430  441  451  448  441  423  404  388  375  366
  358  351  340  333  331  336  346  358  369  374  372  365  353  339  323  307
  293  281  272  262  252  239  228  220  216  213  212  206  204  201  198  196
  192  187  183  180  179  178  178  178  182  195  213  237  261  283  299  317
  335  353  369  383  392  395  394  391  390
    37.5-180.0 180.0   5.0 450.0                            LAT/LON1/LON2/DLON/H
  408  408  412  421  433  447  456  468  480  481  474  457  439  421  407  396
  387  376  362  354  351  354  363  375  383  385  380  370  355  338  322  307
  298  289  284  277  267  254  242  233  229  227  226  220  216  210  207  204
  198  192  187  183  182  182  180  176  177  187  206  232  259  284  304  321
  341  360  378  393  405  411  411  410  408
    35.0-180.0 180.0   5.0 450.0                            LAT/LON1/LON2/DLON/H
  423  425  431  439  449  465  480  494  506  513  507  492  475  456  442  431
  419  405  387  376  371  375  383  394  399  398  391  379  364  344  328  316
  308  305  301  297  287  273  260  252  249  248  247  239  230  222  215  208
  203  194  187  183  183  183  180  175  174  181  199  227  257  284  305  321
  340  359  378  395  412  421  422  423  423
    32.5-180.0 180.0   5.0 450.0                            LAT/LON1/LON2/DLON/H
  436  441  450  459  472  486  504  520  532  541  538  528  514  496  479  467
  451  434  412  398  391  395  403  413  416  414  405  393  378  357  339  328
  324  323  321  317  307  293  281  276  278  277  276  260  249  234  222  213
  205  196  187  184  184  185  182  175  172  179  197  225  257  285  305  319
  334  351  371  390  409  422  428  431  436
    30.0-180.0 180.0   5.0 450.0                            LAT/LON1/LON2/DLON/H
  446  454  468  479  494  512  531  549  561  568  570  563  551  537  517  502
  482  462  438  418  410  412  419  429  431  429  422  411  394  375  357  347
  343  341  338  334  324  314  303  303  310  313  311  281  269  250  235  220
  208  199  191  187  186  187  185  177  173  178  196  225  260  287  306  318
  328  341  358  378  398  415  426  436  446
    27.5-180.0 180.0   5.0 450.0                            LAT/LON1/LON2/DLON/H
  453  465  483  498  516  537  559  578  590  599  603  598  590  578  557  538
  518  492  463  440  428  426  432  440  442  442  437  426  409  390  376  368
  366  360  355  345  335  328  320  327  342  329  327  293  281  267  250  230
  215  206  198  191  190  188  186  179  173  178  195  226  262  290  308  317
  323  333  349  366  387  408  425  440  453
    25.0-180.0 180.0   5.0 450.0                            LAT/LON1/LON2/DLON/H
  461  476  494  513  534  560  587  606  620  630  638  635  632  618  602  580
  554  522  487  461  446  438  440  449  452  454  450  436  419  403  397  390
  392  385  367  355  338  328  324  332  347  334  333  298  284  274  262  240
  225  215  204  196  192  189  184  177  172  175  193  225  261  290  308  316
  320  328  344  362  384  407  428  446  461
    22.5-180.0 180.0   5.0 450.0                            LAT/LON1/LON2/DLON/H
  469  485  503  524  550  581  609  632  649  659  669  668  667  663  646  626
  592  552  512  481  461  448  444  455  460  462  456  441  425  415  415  408
  411  395  370  350  331  313  307  314  327  327  326  296  282  273  263  246
  233  220  207  197  190  184  178  171  166  169  185  217  254  286  307  315
  318  327  344  365  391  414  435  455  469
    20.0-180.0 180.0   5.0 450.0                            LAT/LON1/LON2/DLON/H
  482  495  511  532  560  593  626  651  670  684  693  697  698  699  687  667
  633  587  541  504  476  457  448  457  465  467  459  441  427  425  418  410
  408  375  346  322  302  285  279  286  297  302  301  287  277  269  258  247
  236  222  206  193  184  177  171  165  158  159  172  202  241  277  300  311
  318  331  352  377  404  427  449  469  482
    17.5-180.0 180.0   5.0 450.0                            LAT/LON1/LON2/DLON/H
  500  509  521  541  567  599  632  659  679  697  709  717  721  722  718  701
  672  625  577  534  495  467  451  457  463  464  455  435  413  407  393  390
  384  344  314  291  269  256  252  258  269  276  274  269  264  259  249  241
  232  220  204  190  179  171  165  156  150  147  157  185  226  266  293  308
  320  338  364  394  423  448  469  489  500
    15.0-180.0 180.0   5.0 450.0                            LAT/LON1/LON2/DLON/H
  523  528  536  551  573  603  634  659  680  699  714  725  734  735  736  727
  700  659  612  567  518  478  453  453  455  453  443  416  387  370  362  356
  348  322  291  270  250  242  236  239  249  253  250  247  243  238  234  232
  228  220  204  189  177  169  159  148  140  136  144  170  211  252  285  309
  327  351  381  415  446  470  492  512  523
    12.5-180.0 180.0   5.0 450.0                            LAT/LON1/LON2/DLON/H
  546  550  559  568  584  606  633  657  676  693  709  723  734  739  745  742
  725  692  645  594  538  490  461  452  451  443  427  396  363  339  327  325
  321  305  280  262  249  243  236  237  239  237  230  224  221  218  221  223
  225  220  205  189  177  165  153  140  129  125  131  156  195  238  277  310
  336  366  400  436  468  494  516  534  546
    10.0-180.0 180.0   5.0 450.0                            LAT/LON1/LON2/DLON/H
  568  577  582  588  600  617  636  654  670  687  700  714  725  734  746  751
  745  723  677  619  559  508  471  455  451  441  418  385  351  325  308  307
  304  293  279  269  269  263  254  254  245  233  221  209  205  205  211  214
  221  218  203  187  173  158  144  131  119  115  121  143  181  226  268  307
  343  380  417  455  488  514  535  553  568
     7.5-180.0 180.0   5.0 450.0                            LAT/LON1/LON2/DLON/H
  591  604  612  617  625  634  645  655  666  679  692  701  711  723  740  754
  756  745  708  647  584  529  487  465  458  445  421  385  352  328  313  309
  304  298  296  299  305  302  297  290  276  242  224  203  197  198  203  208
  214  210  196  181  164  149  136  121  112  108  114  135  170  215  261  303
  345  386  428  468  503  531  552  572  591
     5.0-180.0 180.0   5.0 450.0                            LAT/LON1/LON2/DLON/H
  611  629  643  648  654  657  661  663  667  674  682  688  695  707  727  746
  755  750  726  669  607  553  508  482  470  455  430  397  368  346  335  332
  334  326  332  344  349  353  350  337  309  260  235  205  197  197  201  201
  202  198  183  169  153  138  123  113  107  105  112  132  165  207  257  300
  342  386  429  471  509  539  565  588  611
     2.5-180.0 180.0   5.0 450.0                            LAT/LON1/LON2/DLON/H
  625  649  670  682  685  685  685  680  677  676  677  678  681  689  706  728
  740  737  721  681  629  577  529  500  485  471  448  419  395  375  375  378
  379  369  378  390  400  401  399  381  335  277  247  216  206  203  201  193
  185  177  165  150  136  124  112  106  101  102  109  127  159  204  251  296
  341  384  424  470  506  540  570  598  625
