DORISInput/IGSGIM/2023/IGS0OPSFIN_20232210000_01D_02H_GIM.INX
     1.0            IONOSPHERE MAPS     MIX                 IONEX VERSION / TYPE
cmpcmb v1.2          GRL/UWM            28-aug-23 16:21     PGM / RUN BY / DATE 
ionex file containing IGS COMBINED Ionosphere maps          COMMENT             
global ionosphere maps for day 221, 2023                    DESCRIPTION         
IONEX file containing the COMBINED IGS TEC MAPS and DCBs    DESCRIPTION         
      IONEX files of the following IAACs were combined: cod DESCRIPTION         
                                                        jpl DESCRIPTION         
                                                        upc DESCRIPTION         
Contact address: Andrzej Krankowski                         DESCRIPTION
                 Geodynamics Research Laboratory            DESCRIPTION
                 University of Warmia and Mazury (GRL/UWM)  DESCRIPTION
                 Oczapowski St. 1                           DESCRIPTION
                 10-957-Olsztyn, POLAND                     DESCRIPTION
                 e-mail:  kand@uwm.edu.pl                   DESCRIPTION
                                                            DESCRIPTION         
  2023     8     9     0     0     0                        EPOCH OF FIRST MAP  
  2023     8    10     0     0     0                        EPOCH OF LAST MAP   
  7200                                                      INTERVAL            
    13                                                      # OF MAPS IN FILE   
  COSZ                                                      MAPPING FUNCTION    
     0.0                                                    ELEVATION CUTOFF    
combined TEC calculated as weighted mean of input TEC valuesOBSERVABLES USED    
   316                                                      # OF STATIONS       
    31                                                      # OF SATELLITES     
  6371.0                                                    BASE RADIUS         
     2                                                      MAP DIMENSION       
   450.0 450.0   0.0                                        HGT1 / HGT2 / DHGT  
    87.5 -87.5  -2.5                                        LAT1 / LAT2 / DLAT  
  -180.0 180.0   5.0                                        LON1 / LON2 / DLON  
    -1                                                      EXPONENT            
TEC values in 0.1 tec units;  9999, if no value available   COMMENT             
DCB values in nanoseconds, reference is Sum_of_SatDCBs = 0  COMMENT             
                                                            END OF HEADER       
[from data line 3432]
     9                                                      START OF TEC MAP    
  2023     8     9    16     0     0                        EPOCH OF CURRENT MAP
    87.5-180.0 180.0   5.0 450.0                            LAT/LON1/LON2/DLON/H
  206  207  208  208  209  210  211  211  211  212  212  213  213  213  213  213
  213  212  212  212  211  210  210  209  209  207  207  206  205  204  204  203
  202  202  201  201  200  200  200  200  200  200  200  200  200  200  200  200
  201  201  201  201  202  201  202  202  202  202  202  202  202  202  202  202
  202  203  203  204  204  204  205  206  206
    85.0-180.0 180.0   5.0 450.0                            LAT/LON1/LON2/DLON/H
  201  203  204  206  208  210  211  213  214  215  216  217  217  218  217  218
  217  217  216  215  214  213  211  209  207  204  203  201  200  198  197  195
  194  193  192  192  191  190  190  191  191  191  192  192  193  194  195  196
  197  198  199  199  200  200  201  200  200  201  200  199  199  198  197  197
  197  197  196  196  197  198  198  200  201
    82.5-180.0 180.0   5.0 450.0                            LAT/LON1/LON2/DLON/H
  191  192  194  196  199  202  205  207  210  212  213  214  215  215  216  215
  216  215  214  213  212  210  210  207  202  200  198  196  195  193  192  190
  188  188  186  187  185  186  186  186  187  187  187  188  189  191  192  194
  196  198  199  201  202  203  203  203  203  202  200  199  197  195  192  191
  189  187  186  186  186  187  188  189  191
    80.0-180.0 180.0   5.0 450.0                            LAT/LON1/LON2/DLON/H
  174  176  178  182  186  190  194  198  201  204  207  208  209  210  210  210
  210  209  207  206  205  207  206  202  200  198  195  194  191  189  188  186
  185  183  182  181  179  178  177  178  179  181  183  185  188  190  193  196
  199  202  205  207  208  209  209  209  207  206  203  200  196  193  188  184
  181  177  175  173  172  171  172  172  174
    77.5-180.0 180.0   5.0 450.0                            LAT/LON1/LON2/DLON/H
  156  159  164  168  173  177  182  187  190  194  197  200  201  201  201  201
  202  201  200  201  201  199  198  196  194  195  197  195  194  191  188  187
  186  184  183  181  180  179  178  178  178  180  183  185  189  192  197  201
  205  209  213  215  217  218  218  217  215  212  208  203  198  191  185  179
  174  168  165  160  157  155  155  155  156
    75.0-180.0 180.0   5.0 450.0                            LAT/LON1/LON2/DLON/H
  144  147  151  156  161  167  173  177  182  186  189  190  191  193  193  194
  193  194  195  195  194  195  197  196  197  196  196  196  196  195  194  193
  192  191  189  187  186  184  183  183  183  185  187  191  193  198  203  207
  211  216  220  222  224  225  225  224  221  217  211  205  198  189  182  175
  168  161  156  150  146  143  141  142  144
    72.5-180.0 180.0   5.0 450.0                            LAT/LON1/LON2/DLON/H
  138  141  145  150  155  161  166  171  176  179  182  183  184  186  188  186
  187  188  190  190  192  195  200  201  202  201  202  202  202  202  200  200
  200  199  198  197  195  194  192  191  192  193  195  198  201  205  209  213
  218  221  224  226  228  228  227  224  221  215  208  201  194  186  178  169
  162  157  151  145  141  136  134  136  138
    70.0-180.0 180.0   5.0 450.0                            LAT/LON1/LON2/DLON/H
  139  142  146  150  155  159  164  167  172  175  177  179  180  182  181  181
  183  185  187  190  193  200  205  208  209  208  209  209  210  209  209  209
  209  208  208  207  207  204  203  202  202  202  204  205  208  211  215  218
  221  224  225  226  225  224  221  216  211  205  197  190  184  177  171  163
  157  152  148  143  140  137  136  137  139
    67.5-180.0 180.0   5.0 450.0                            LAT/LON1/LON2/DLON/H
  146  149  152  156  160  163  167  170  173  175  177  179  180  181  182  183
  184  186  190  194  198  203  208  210  212  214  215  215  214  215  215  216
  216  217  217  217  217  216  214  214  212  212  213  213  215  217  220  221
  223  223  224  221  217  212  207  200  194  188  180  175  170  165  160  154
  150  148  145  143  144  142  142  144  146
    65.0-180.0 180.0   5.0 450.0                            LAT/LON1/LON2/DLON/H
  153  155  158  162  167  171  175  179  180  183  184  185  186  188  188  189
  192  192  196  200  202  205  209  211  212  213  214  213  213  215  216  218
  221  222  224  225  225  225  224  223  222  222  221  222  223  223  224  223
  223  221  218  212  206  200  191  185  176  170  163  158  155  150  147  144
  142  142  143  146  148  149  150  151  153
    62.5-180.0 180.0   5.0 450.0                            LAT/LON1/LON2/DLON/H
  156  157  161  166  172  177  182  187  190  192  193  195  196  198  199  199
  201  201  203  204  204  205  208  208  208  208  208  206  208  209  212  216
  220  224  226  228  230  230  230  230  231  231  230  230  229  229  227  224
  220  216  210  204  194  187  177  170  161  155  148  144  141  136  133  133
  134  137  141  146  151  153  154  154  156
    60.0-180.0 180.0   5.0 450.0                            LAT/LON1/LON2/DLON/H
  152  154  159  165  174  180  186  192  196  198  201  202  204  206  208  208
  208  207  208  206  206  206  206  205  205  204  203  202  203  205  208  212
  217  222  225  228  231  233  235  237  238  239  239  238  237  234  231  225
  220  213  206  198  188  179  168  160  151  145  138  133  131  125  123  124
  127  131  137  143  148  151  152  151  152
    57.5-180.0 180.0   5.0 450.0                            LAT/LON1/LON2/DLON/H
  141  145  151  160  170  179  188  194  198  201  204  206  209  211  213  213
  212  211  210  207  206  206  206  204  204  202  200  199  200  201  204  208
  214  220  224  228  231  235  239  243  246  248  248  247  244  241  236  229
  223  216  208  198  187  177  168  157  148  141  134  128  125  120  118  118
  121  125  131  136  140  143  143  143  141
    55.0-180.0 180.0   5.0 450.0                            LAT/LON1/LON2/DLON/H
  130  133  140  153  165  175  185  194  198  203  206  209  212  215  216  216
  215  213  211  209  207  206  206  206  206  205  202  201  200  201  202  207
  213  219  223  227  232  238  243  249  255  258  258  257  253  248  243  236
  229  221  213  203  193  182  172  162  154  147  139  133  129  123  120  119
  119  121  124  128  131  133  133  131  130
    52.5-180.0 180.0   5.0 450.0                            LAT/LON1/LON2/DLON/H
  119  123  130  145  159  172  183  192  198  203  208  211  216  218  219  219
  217  215  213  211  210  209  210  211  211  211  207  206  204  204  204  207
  213  219  225  230  236  241  249  257  263  268  269  267  263  259  253  246
  237  230  221  212  202  191  183  174  167  160  153  147  142  135  130  126
  123  122  122  123  125  125  123  120  119
    50.0-180.0 180.0   5.0 450.0                            LAT/LON1/LON2/DLON/H
  113  115  125  139  155  170  182  193  199  205  211  217  222  224  225  224
  221  219  217  216  215  216  218  220  220  219  218  215  211  208  207  210
  216  223  229  235  240  247  256  266  273  278  279  276  273  268  263  257
  249  239  231  222  212  203  195  187  182  176  170  165  161  153  146  139
  132  128  125  124  124  122  118  115  113
    47.5-180.0 180.0   5.0 450.0                            LAT/LON1/LON2/DLON/H
  114  115  123  137  154  171  185  195  202  209  216  224  231  234  235  233
  230  227  224  224  224  226  229  232  233  233  230  225  218  213  211  213
  219  226  235  242  248  255  265  275  283  287  288  285  281  276  271  265
  257  248  239  229  218  209  203  196  192  187  184  181  179  172  164  156
  147  139  135  132  131  127  122  117  114
    45.0-180.0 180.0   5.0 450.0                            LAT/LON1/LON2/DLON/H
  120  120  127  138  154  174  189  200  210  217  225  235  244  249  248  245
  240  237  235  235  236  239  243  246  248  247  242  234  224  216  213  215
  221  230  240  250  258  267  276  285  293  297  296  293  288  283  278  272
  264  254  243  231  220  211  204  199  195  191  191  191  192  188  182  175
  165  156  152  146  144  139  134  126  120
    42.5-180.0 180.0   5.0 450.0                            LAT/LON1/LON2/DLON/H
  133  130  133  142  158  178  194  208  218  228  238  251  262  267  265  260
  254  250  247  248  248  251  256  260  262  260  253  242  230  220  215  217
  225  236  250  262  273  282  291  299  305  307  304  300  295  290  284  278
  268  256  243  230  218  208  200  195  191  188  189  193  198  198  195  191
  183  176  171  166  161  155  148  140  133
    40.0-180.0 180.0   5.0 450.0                            LAT/LON1/LON2/DLON/H
  147  142  142  147  161  180  198  214  229  241  254  267  281  286  284  277
  269  264  262  263  263  265  269  273  275  272  263  249  236  225  222  224
  233  248  264  282  296  306  312  319  322  322  316  311  306  300  293  284
  272  257  241  227  214  204  196  189  183  180  183  191  199  205  205  202
  198  193  189  183  178  172  164  155  147
    37.5-180.0 180.0   5.0 450.0                            LAT/LON1/LON2/DLON/H
  159  153  151  152  162  180  200  217  237  255  271  286  300  305  302  294
  283  277  275  277  277  278  281  286  288  285  274  260  248  237  235  239
  250  269  289  311  328  338  342  346  347  344  340  330  323  314  304  293
  278  261  244  228  216  207  198  190  181  178  183  192  202  211  212  211
  209  205  202  197  193  185  177  168  159
    35.0-180.0 180.0   5.0 450.0                            LAT/LON1/LON2/DLON/H
  168  160  156  155  162  179  199  222  245  266  287  304  316  321  316  307
  297  290  287  288  288  289  293  298  300  301  292  278  269  258  259  261
  279  301  328  351  372  381  382  383  381  376  371  360  351  334  321  307
  288  270  255  242  233  224  216  207  197  193  196  203  212  218  218  218
  216  214  212  208  201  193  185  177  168
    32.5-180.0 180.0   5.0 450.0                            LAT/LON1/LON2/DLON/H
  171  164  159  155  161  177  198  223  250  275  298  317  329  333  327  317
  307  301  298  298  296  300  304  309  311  317  314  302  294  288  290  295
  315  341  373  403  422  433  437  436  431  415  407  397  386  367  344  324
  304  290  278  272  269  265  257  248  236  229  228  232  236  234  230  227
  223  220  217  212  203  194  186  179  171
    30.0-180.0 180.0   5.0 450.0                            LAT/LON1/LON2/DLON/H
  170  165  159  156  160  175  198  225  254  280  304  324  337  340  334  324
  315  310  306  306  306  310  315  321  324  330  333  328  326  327  330  338
  363  393  425  458  479  486  494  497  484  473  453  434  418  400  368  345
  328  318  315  321  326  329  321  312  297  285  277  275  271  260  249  240
  230  224  218  210  201  189  182  175  170
    27.5-180.0 180.0   5.0 450.0                            LAT/LON1/LON2/DLON/H
  166  164  159  156  161  175  198  228  257  283  305  325  341  345  339  329
  322  318  314  314  316  319  326  334  339  345  352  358  367  373  382  398
  421  453  483  519  542  549  561  559  540  527  497  469  447  429  396  375
  359  357  365  385  398  405  401  390  371  352  337  325  313  293  273  256
  240  228  217  206  194  182  174  169  166
    25.0-180.0 180.0   5.0 450.0                            LAT/LON1/LON2/DLON/H
  160  161  159  157  162  177  201  230  259  283  304  323  340  347  342  334
  329  327  322  323  328  331  339  348  354  362  374  392  410  430  446  460
  485  514  539  575  598  613  616  594  591  574  535  510  481  459  431  410
  398  404  420  450  472  475  478  466  441  415  395  374  356  330  300  276
  252  232  214  201  188  174  165  161  160
    22.5-180.0 180.0   5.0 450.0                            LAT/LON1/LON2/DLON/H
  156  159  160  160  165  180  203  231  259  281  301  320  339  348  345  343
  341  338  334  335  340  345  355  364  371  383  400  426  455  486  512  525
  552  569  589  609  626  637  633  604  616  597  571  557  526  491  461  445
  436  443  461  490  513  524  526  511  487  462  438  414  394  366  332  299
  267  238  212  196  182  167  158  155  156
    20.0-180.0 180.0   5.0 450.0                            LAT/LON1/LON2/DLON/H
  153  158  162  163  169  183  206  232  259  280  297  318  338  348  352  354
  354  352  348  348  352  359  371  381  391  406  430  461  498  541  572  588
  605  613  620  624  631  635  620  593  593  593  590  587  553  512  483  464
  453  459  474  493  510  520  517  503  490  474  450  429  412  385  350  317
  285  251  215  194  180  167  156  152  153
    17.5-180.0 180.0   5.0 450.0                            LAT/LON1/LON2/DLON/H
  154  159  162  166  172  185  208  234  258  278  297  317  337  350  359  364
  368  369  364  363  366  375  387  401  413  433  461  494  544  589  620  636
  642  642  637  632  630  621  600  580  570  574  592  592  558  520  487  460
  446  449  454  460  464  469  460  451  446  440  425  413  401  380  353  320
  290  262  225  201  186  171  160  155  154
    15.0-180.0 180.0   5.0 450.0                            LAT/LON1/LON2/DLON/H
  158  160  164  167  172  186  209  234  259  279  297  317  338  351  363  373
  379  382  378  376  379  388  403  419  436  459  488  527  579  621  653  662
  657  651  640  631  622  604  586  567  558  564  583  580  547  514  478  452
  433  428  416  407  401  398  388  383  381  380  378  376  370  353  334  307
  279  260  233  212  197  183  170  162  158
    12.5-180.0 180.0   5.0 450.0                            LAT/LON1/LON2/DLON/H
  164  162  162  162  167  182  204  231  256  278  297  317  337  353  366  378
  387  391  389  388  391  401  416  434  456  484  515  552  598  639  671  671
  659  649  633  623  610  593  579  563  556  562  572  565  542  507  473  447
  424  403  381  360  345  335  324  320  320  323  333  338  335  320  303  283
  266  248  232  219  209  198  184  172  164
    10.0-180.0 180.0   5.0 450.0                            LAT/LON1/LON2/DLON/H
  171  164  160  157  160  174  197  224  252  276  297  317  336  353  368  383
  394  400  400  402  403  413  429  451  477  508  541  575  611  649  673  671
  655  640  625  615  603  591  580  568  565  570  573  567  544  512  476  445
  418  391  363  336  314  298  286  285  288  294  305  310  307  293  272  257
  248  238  229  223  218  209  196  182  171
     7.5-180.0 180.0   5.0 450.0                            LAT/LON1/LON2/DLON/H
  176  165  157  150  151  163  187  216  246  274  297  318  338  356  373  389
  401  410  413  414  419  428  445  468  497  531  565  594  623  648  661  659
  646  632  623  615  607  601  598  592  590  592  592  580  554  520  484  451
  426  400  370  345  321  299  292  293  295  300  300  299  294  278  256  240
  230  224  222  220  218  213  202  189  176
     5.0-180.0 180.0   5.0 450.0                            LAT/LON1/LON2/DLON/H
  179  166  154  143  141  154  177  208  242  272  299  323  342  362  380  399
  412  422  426  429  435  445  463  488  518  552  583  608  628  642  646  642
  635  626  625  625  624  626  628  630  630  627  616  594  562  528  497  475
  455  433  404  385  360  335  329  332  334  331  318  310  299  276  250  229
  215  207  206  206  208  205  199  189  179
     2.5-180.0 180.0   5.0 450.0                            LAT/LON1/LON2/DLON/H
  173  163  148  136  134  146  171  201  238  273  303  329  351  371  391  410
  425  436  442  446  453  463  481  505  535  566  593  612  624  630  629  626
  623  621  627  638  648  655  662  668  665  654  630  599  565  535  508  494
  487  471  448  438  417  390  382  384  386  374  351  333  315  286  255  226
  202  188  187  187  188  188  187  182  173
