DORISInput/IGSGIM/2019/igsg3620.19i
     1.0            IONOSPHERE MAPS     MIX                 IONEX VERSION / TYPE
cmpcmb v1.2          GRL/UWM            16-jan-20 12:17     PGM / RUN BY / DATE 
ionex file containing IGS COMBINED Ionosphere maps          COMMENT             
global ionosphere maps for day 362, 2019                    DESCRIPTION         
IONEX file containing the COMBINED IGS TEC MAPS and DCBs    DESCRIPTION         
      IONEX files of the following IAACs were combined: cod DESCRIPTION         
                                                        esa DESCRIPTION         
                                                        jpl DESCRIPTION         
                                                        upc DESCRIPTION         
Contact address: Andrzej Krankowski                         DESCRIPTION
                 Geodynamics Research Laboratory            DESCRIPTION
                 University of Warmia and Mazury (GRL/UWM)  DESCRIPTION
                 Oczapowski St. 1                           DESCRIPTION
                 10-957-Olsztyn, POLAND                     DESCRIPTION
                 e-mail:  kand@uwm.edu.pl                   DESCRIPTION
                                                            DESCRIPTION         
  2019    12    28     0     0     0                        EPOCH OF FIRST MAP  
  2019    12    29     0     0     0                        EPOCH OF LAST MAP   
  7200                                                      INTERVAL            
    13                                                      # OF MAPS IN FILE   
  COSZ                                                      MAPPING FUNCTION    
     0.0                                                    ELEVATION CUTOFF    
combined TEC calculated as weighted mean of input TEC valuesOBSERVABLES USED    
   392                                                      # OF STATIONS       
    32                                                      # OF SATELLITES     
  6371.0                                                    BASE RADIUS         
     2                                                      MAP DIMENSION       
   450.0 450.0   0.0                                        HGT1 / HGT2 / DHGT  
    87.5 -87.5  -2.5                                        LAT1 / LAT2 / DLAT  
  -180.0 180.0   5.0                                        LON1 / LON2 / DLON  
    -1                                                      EXPONENT            
TEC values in 0.1 tec units;  9999, if no value available   COMMENT             
DCB values in nanoseconds, reference is Sum_of_SatDCBs = 0  COMMENT             
                                                            END OF HEADER       
     1                                                      START OF TEC MAP    
  2019    12    28     0     0     0                        EPOCH OF CURRENT MAP
    87.5-180.0 180.0   5.0 450.0                            LAT/LON1/LON2/DLON/H
   13   14   13   14   14   14   14   14   14   14   14   14   14   14   13   13
   13   12   12   12   11   11   11   11   11   10   10   10   10   10   10   10
    9    9    9    9    9    9   10   10   10   10   10   10   10   10   10   11
   11   11   11   11   11   11   11   12   12   12   12   12   12   12   12   13
   13   13   13   13   13   13   13   13   13
    85.0-180.0 180.0   5.0 450.0                            LAT/LON1/LON2/DLON/H
   15   15   15   16   16   16   16   16   17   16   16   17   16   16   16   15
   14   14   13   12   12   11   11   10   10    9    9    9    8    8    8    8
    8    8    8    8    8    8    8    8    8    8    9    9    9   10   10   10
   10   11   11   11   11   11   11   11   11   12   12   12   12   12   12   12
   12   12   13   13   14   14   14   14   15
    82.5-180.0 180.0   5.0 450.0                            LAT/LON1/LON2/DLON/H
   14   15   16   17   17   17   18   19   19   19   20   20   19   19   19   18
   17   16   15   14   13   12   11   10    9    8    8    8    8    8    8    8
    8    8    8    8    8    8    8    8    9    9    9    9   10   10   11   11
   11   11   11   12   12   12   11   11   11   11   11   11   11   11   11   11
   12   13   13   13   13   13   13   13   14
    80.0-180.0 180.0   5.0 450.0                            LAT/LON1/LON2/DLON/H
   13   13   14   15   16   18   18   19   20   21   21   21   21   21   20   19
   19   18   17   16   15   14   12   11   10   10    9    8    8    8    8    7
    7    7    8    8    8    8    9    9    9   10   10   10   10   11   11   12
   12   12   12   12   12   11   11   10   10   10   10   10   10   10   10   10
   11   10   11   11   11   11   12   12   13
    77.5-180.0 180.0   5.0 450.0                            LAT/LON1/LON2/DLON/H
   12   13   14   15   16   17   18   19   20   21   21   22   22   21   21   20
   19   19   18   17   15   14   13   13   10   10    9    8    8    8    8    7
    7    7    7    7    7    8    9   10   10   10   10   11   11   11   11   11
   11   12   11   11   11   11   10   10    9    9    8    8    9    8    9    9
    9    9    9    9   10   11   11   11   12
    75.0-180.0 180.0   5.0 450.0                            LAT/LON1/LON2/DLON/H
   13   14   15   16   17   18   18   19   20   21   21   22   21   22   21   21
   20   19   18   17   15   15   14   13   12   10    9    8    8    8    8    8
    8    7    8    8    8    9    9   10   10   10   11   11   11   11   11   11
   11   11   11   10   10   10   10    9    9    8    8    7    8    8    8    8
    9    9    9    9   10   11   11   12   13
    72.5-180.0 180.0   5.0 450.0                            LAT/LON1/LON2/DLON/H
   16   17   18   18   19   19   20   20   21   21   21   21   20   20   20   19
   19   18   18   16   17   16   16   15   14   12   11   10    9    9    8    8
    8    8    8    8    8    9   10   10   10   10   11   11   11   11   10   10
   10   10   10    9    9   10   10   10   10   10    9    9    9    9    8    9
    9   10   10   10   11   13   14   15   16
    70.0-180.0 180.0   5.0 450.0                            LAT/LON1/LON2/DLON/H
   22   23   23   23   23   22   22   23   22   21   20   20   20   18   17   16
   17   17   17   17   17   18   17   17   17   15   13   12   11   10   10    9
    9    9    9    9    9    9    9   10   10   10   11   11   11   11   11   10
   10    9    9    9    9   10   11   11   12   12   12   12   12   12   12   12
   13   14   15   16   17   19   20   21   22
    67.5-180.0 180.0   5.0 450.0                            LAT/LON1/LON2/DLON/H
   30   30   30   29   29   28   27   25   24   22   21   20   19   17   15   14
   15   15   15   16   17   18   18   18   18   16   14   13   12   11   10   11
   11   10   10   10   10    9    9   10   11   12   12   13   13   12   12   11
   10    9    9   10   11   13   14   15   14   15   15   16   16   16   16   17
   19   20   22   23   25   27   28   30   30
    65.0-180.0 180.0   5.0 450.0                            LAT/LON1/LON2/DLON/H
   38   38   37   36   35   33   31   28   27   25   23   21   19   17   15   14
   13   13   13   15   16   17   17   17   17   16   14   12   12   11   11   10
   10   10   10   10   10   10   10   11   13   14   15   16   17   16   15   14
   13   13   13   14   15   16   17   18   17   18   18   19   19   20   20   23
   25   26   28   30   32   34   36   37   38
    62.5-180.0 180.0   5.0 450.0                            LAT/LON1/LON2/DLON/H
   45   45   45   43   41   39   36   33   31   28   26   23   21   19   17   15
   14   13   12   13   14   14   14   15   14   13   12   12   12   12   11   10
   10   11   11   11   11   11   12   14   16   18   20   22   22   22   21   19
   18   18   18   18   19   20   21   21   20   20   21   21   22   24   26   28
   30   32   34   36   39   41   43   44   45
    60.0-180.0 180.0   5.0 450.0                            LAT/LON1/LON2/DLON/H
   50   50   50   49   47   45   41   38   34   31   28   26   24   21   19   18
   16   15   13   12   12   12   11   12   11   11   11   12   12   12   12   11
   12   13   13   13   13   14   15   18   21   24   27   29   29   29   28   26
   24   24   24   24   24   25   25   25   24   24   24   24   26   28   30   32
   35   37   38   41   43   45   47   49   50
    57.5-180.0 180.0   5.0 450.0                            LAT/LON1/LON2/DLON/H
   53   54   54   55   53   51   47   43   38   35   32   30   27   25   23   21
   19   17   15   13   13   12   11   11   11   11   12   13   14   14   14   14
   16   16   17   18   17   19   20   24   27   31   34   37   37   37   36   35
   32   31   30   30   30   30   29   29   29   28   28   28   30   32   34   37
   39   41   43   44   46   49   50   52   53
    55.0-180.0 180.0   5.0 450.0                            LAT/LON1/LON2/DLON/H
   56   57   58   59   58   56   53   49   44   40   37   35   31   29   28   25
   23   20   17   15   15   14   12   12   13   13   15   16   17   17   18   19
   22   22   23   24   23   25   27   30   34   38   42   44   45   45   44   42
   40   37   37   36   36   35   34   34   33   32   32   31   33   35   38   41
   43   45   47   48   50   51   53   54   56
    52.5-180.0 180.0   5.0 450.0                            LAT/LON1/LON2/DLON/H
   59   60   61   63   64   63   60   56   51   46   42   39   37   34   32   30
   27   24   21   18   17   17   15   15   17   17   20   21   22   24   25   27
   29   30   31   31   30   31   33   37   40   44   47   50   51   52   51   48
   46   44   42   42   41   40   38   37   36   36   35   35   37   39   42   45
   47   49   50   51   53   55   56   58   59
    50.0-180.0 180.0   5.0 450.0                            LAT/LON1/LON2/DLON/H
   64   65   66   68   70   70   68   64   58   53   48   45   42   40   38   35
   32   29   26   23   22   21   21   21   23   25   29   31   32   33   34   36
   36   37   37   37   37   38   40   43   45   49   52   54   55   56   55   53
   52   51   49   48   46   44   42   41   39   39   39   39   42   44   46   49
   52   53   54   56   57   59   61   63   64
    47.5-180.0 180.0   5.0 450.0                            LAT/LON1/LON2/DLON/H
   71   72   72   74   76   78   76   72   66   60   56   52   50   46   43   40
   37   34   31   30   29   29   30   31   34   38   42   44   44   44   43   44
   44   44   44   44   43   45   46   48   51   53   54   56   56   57   57   56
   56   55   55   52   50   48   46   45   43   43   43   44   47   49   51   54
   55   57   58   60   62   65   68   69   71
    45.0-180.0 180.0   5.0 450.0                            LAT/LON1/LON2/DLON/H
   78   79   79   80   82   83   83   79   74   69   64   61   58   54   49   45
   42   39   38   38   38   40   42   44   48   53   57   60   59   55   52   51
   50   49   50   50   50   51   51   52   54   55   56   56   57   58   58   60
   60   60   58   56   54   52   50   49   48   48   49   50   52   55   56   58
   59   60   62   64   67   71   74   76   78
    42.5-180.0 180.0   5.0 450.0                            LAT/LON1/LON2/DLON/H
   85   84   84   84   85   86   87   85   81   76   73   70   66   63   57   51
   48   46   45   46   48   51   55   59   64   68   71   74   71   64   59   56
   54   54   54   54   54   54   55   56   56   57   56   56   57   58   60   62
   64   64   62   61   58   56   54   52   52   53   55   56   58   61   62   63
   63   64   65   68   72   76   81   84   85
    40.0-180.0 180.0   5.0 450.0                            LAT/LON1/LON2/DLON/H
   91   89   86   85   85   86   87   87   85   82   81   79   75   71   64   59
   54   52   52   54   58   62   67   72   77   82   82   83   78   70   64   60
   57   57   56   57   57   57   58   58   58   58   57   57   58   59   62   64
   66   67   65   62   59   56   54   54   55   58   60   62   64   66   67   68
   68   67   69   71   76   82   87   90   91
    37.5-180.0 180.0   5.0 450.0                            LAT/LON1/LON2/DLON/H
   97   93   88   85   83   85   86   86   87   86   87   86   85   79   73   67
   62   59   59   62   66   72   77   83   87   89   88   86   80   72   66   62
   59   58   58   58   58   59   59   60   60   60   60   59   59   61   63   65
   67   67   65   62   58   55   54   55   58   61   63   66   69   71   72   72
   72   72   73   76   81   87   93   97   97
    35.0-180.0 180.0   5.0 450.0                            LAT/LON1/LON2/DLON/H
  103   97   91   85   83   83   84   85   86   87   89   92   92   88   81   75
   69   66   66   69   74   79   84   90   91   91   89   86   80   72   67   63
   60   59   60   60   60   61   61   62   62   63   62   62   61   63   64   65
   65   64   62   59   56   54   53   54   58   62   66   70   73   74   75   76
   77   78   80   82   88   94   99  103  103
    32.5-180.0 180.0   5.0 450.0                            LAT/LON1/LON2/DLON/H
  109  104   97   90   86   85   85   84   84   86   90   95   97   95   89   83
   76   72   71   74   78   82   86   89   89   87   85   82   78   72   67   64
   62   62   63   63   63   62   63   63   64   65   65   64   64   64   64   62
   61   60   58   56   53   52   52   53   57   63   69   73   76   77   78   81
   83   85   89   92   97  104  109  111  109
    30.0-180.0 180.0   5.0 450.0                            LAT/LON1/LON2/DLON/H
  121  115  107  100   94   92   90   87   85   86   90   96   99   99   95   90
   83   77   75   76   79   81   83   83   81   78   77   76   74   71   68   67
   66   67   67   66   65   64   64   65   66   67   67   66   64   63   61   59
   56   54   52   51   50   48   49   50   56   64   70   76   78   80   82   86
   90   95  101  105  110  118  122  123  121
    27.5-180.0 180.0   5.0 450.0                            LAT/LON1/LON2/DLON/H
  136  129  125  119  113  108  103   96   90   88   90   96  100  101   99   94
   88   81   77   77   77   77   77   75   72   70   70   72   73   72   72   71
   71   72   71   68   67   65   65   65   68   68   67   65   62   60   57   53
   50   47   46   45   45   44   44   47   54   63   72   78   81   83   87   93
  100  108  117  122  130  137  142  141  136
    25.0-180.0 180.0   5.0 450.0                            LAT/LON1/LON2/DLON/H
  156  153  150  147  141  133  125  112  100   94   93   95   99  101  100   96
   90   83   78   76   75   73   71   68   65   64   66   70   73   76   77   76
   77   77   74   69   68   65   65   66   67   67   65   62   58   54   50   47
   43   40   39   40   39   39   40   44   52   63   73   80   85   89   94  103
  113  125  136  143  155  161  166  163  156
    22.5-180.0 180.0   5.0 450.0                            LAT/LON1/LON2/DLON/H
  182  182  183  186  179  168  152  137  118  107  100   98   99   99   98   95
   91   84   79   76   73   70   67   64   62   62   64   69   75   80   82   83
   82   79   75   70   68   65   65   65   65   64   61   57   52   48   44   40
   36   34   34   35   35   35   36   41   51   63   75   84   89   95  104  115
  128  143  156  168  182  186  190  188  182
    20.0-180.0 180.0   5.0 450.0                            LAT/LON1/LON2/DLON/H
  209  214  219  225  218  207  188  168  146  129  114  105  100   99   97   94
   90   84   79   75   72   69   66   64   63   64   68   74   81   85   87   87
   84   80   74   69   67   65   64   63   62   59   54   50   46   41   38   34
   32   31   31   33   33   33   35   42   52   65   78   88   95  103  115  129
  144  160  176  192  203  206  208  209  209
    17.5-180.0 180.0   5.0 450.0                            LAT/LON1/LON2/DLON/H
  229  240  254  257  251  241  223  202  178  159  136  118  107  101   98   94
   90   85   80   75   72   70   68   67   67   70   75   81   86   89   89   87
   83   77   72   67   66   64   63   61   58   53   48   43   39   36   33   30
   29   29   31   32   33   33   36   43   55   69   83   94  103  114  127  142
  158  175  191  205  215  217  219  223  229
    15.0-180.0 180.0   5.0 450.0                            LAT/LON1/LON2/DLON/H
  238  253  267  278  275  265  252  234  211  189  163  135  117  106  100   96
   92   87   82   77   74   73   72   72   74   79   84   88   92   91   89   84
   79   73   67   62   61   62   62   59   56   50   43   38   35   32   31   30
   30   31   33   34   34   35   38   46   59   74   87   99  111  124  139  154
  169  183  197  208  217  220  224  229  238
    12.5-180.0 180.0   5.0 450.0                            LAT/LON1/LON2/DLON/H
  235  249  266  282  284  279  271  259  242  218  187  154  130  114  105  100
   95   91   86   81   78   77   78   80   83   88   91   94   94   91   87   80
   74   68   62   58   58   62   62   59   55   48   41   36   33   32   32   32
   32   34   35   35   35   35   40   50   64   78   91  104  118  133  148  163
  175  186  196  204  211  215  220  227  235
    10.0-180.0 180.0   5.0 450.0                            LAT/LON1/LON2/DLON/H
  227  238  252  269  278  279  277  273  266  243  207  174  145  125  114  107
  101   96   91   86   84   84   85   88   91   94   96   96   93   88   83   77
   70   65   61   60   61   64   64   61   56   50   42   37   34   33   34   34
   35   36   37   36   34   36   42   53   68   82   94  107  122  138  154  167
  177  185  193  198  203  207  211  218  227
     7.5-180.0 180.0   5.0 450.0                            LAT/LON1/LON2/DLON/H
  216  226  237  247  258  265  268  271  270  255  220  187  159  138  125  116
  110  103   96   92   89   90   92   94   96   98   98   95   90   85   81   76
   72   66   64   66   66   69   67   63   58   52   46   40   36   35   36   37
   37   37   37   36   34   36   43   57   73   86   96  107  123  140  155  169
  177  183  187  192  195  199  203  208  216
     5.0-180.0 180.0   5.0 450.0                            LAT/LON1/LON2/DLON/H
  208  216  224  231  238  246  253  260  261  252  225  195  170  151  137  127
  118  110  102   98   96   97   99   99  100  101   99   94   89   84   81   79
   78   74   71   74   74   75   70   64   60   55   49   43   39   38   38   40
   39   38   37   35   35   36   46   61   77   88   97  108  123  139  155  167
  176  180  184  188  191  194  198  202  208
     2.5-180.0 180.0   5.0 450.0                            LAT/LON1/LON2/DLON/H
  206  212  218  221  225  231  240  247  249  243  223  199  178  161  148  137
  127  117  109  103  102  103  104  103  103  103   98   94   89   85   84   86
   87   83   82   83   83   81   74   67   62   57   53   47   43   41   42   43
   43   40   37   35   35   38   48   64   79   89   97  107  120  137  152  164
  173  178  183  187  190  194  198  202  206
