DORISInput/IGSGIM/2019/igsg3450.19i
     1.0            IONOSPHERE MAPS     MIX                 IONEX VERSION / TYPE
cmpcmb v1.2          GRL/UWM            27-dec-19 12:30     PGM / RUN BY / DATE 
ionex file containing IGS COMBINED Ionosphere maps          COMMENT             
global ionosphere maps for day 345, 2019                    DESCRIPTION         
IONEX file containing the COMBINED IGS TEC MAPS and DCBs    DESCRIPTION         
      IONEX files of the following IAACs were combined: cod DESCRIPTION         
                                                        esa DESCRIPTION         
                                                        jpl DESCRIPTION         
                                                        upc DESCRIPTION         
Contact address: Andrzej Krankowski                         DESCRIPTION
                 Geodynamics Research Laboratory            DESCRIPTION
                 University of Warmia and Mazury (GRL/UWM)  DESCRIPTION
                 Oczapowski St. 1                           DESCRIPTION
                 10-957-Olsztyn, POLAND                     DESCRIPTION
                 e-mail:  kand@uwm.edu.pl                   DESCRIPTION
                                                            DESCRIPTION         
  2019    12    11     0     0     0                        EPOCH OF FIRST MAP  
  2019    12    12     0     0     0                        EPOCH OF LAST MAP   
  7200                                                      INTERVAL            
    13                                                      # OF MAPS IN FILE   
  COSZ                                                      MAPPING FUNCTION    
     0.0                                                    ELEVATION CUTOFF    
combined TEC calculated as weighted mean of input TEC valuesOBSERVABLES USED    
   401                                                      # OF STATIONS       
    32                                                      # OF SATELLITES     
  6371.0                                                    BASE RADIUS         
     2                                                      MAP DIMENSION       
   450.0 450.0   0.0                                        HGT1 / HGT2 / DHGT  
    87.5 -87.5  -2.5                                        LAT1 / LAT2 / DLAT  
  -180.0 180.0   5.0                                        LON1 / LON2 / DLON  
    -1                                                      EXPONENT            
TEC values in 0.1 tec units;  9999, if no value available   COMMENT             
DCB values in nanoseconds, reference is Sum_of_SatDCBs = 0  COMMENT             
                                                            END OF HEADER       
[from data line 429]
     2                                                      START OF TEC MAP    
  2019    12    11     2     0     0                        EPOCH OF CURRENT MAP
    87.5-180.0 180.0   5.0 450.0                            LAT/LON1/LON2/DLON/H
   23   23   23   23   23   23   23   23   22   22   21   21   21   20   20   19
   18   18   17   17   16   16   15   14   14   14   13   13   13   13   13   13
   13   13   13   14   14   15   15   15   15   16   16   16   17   17   18   18
   18   18   19   19   19   20   20   20   20   21   21   21   21   21   22   22
   22   22   22   22   22   22   23   23   23
    85.0-180.0 180.0   5.0 450.0                            LAT/LON1/LON2/DLON/H
   26   26   27   27   27   27   27   27   26   26   25   25   24   23   22   20
   19   18   16   15   13   12   10    9    9    8    8    8    8    8    8    8
    8    9   10   10   11   12   12   13   14   14   15   16   16   17   17   18
   18   18   19   19   19   19   19   20   20   20   20   21   21   21   21   21
   21   22   23   23   24   24   25   25   26
    82.5-180.0 180.0   5.0 450.0                            LAT/LON1/LON2/DLON/H
   25   25   26   27   28   29   29   29   30   30   29   29   28   27   25   23
   21   18   16   13   11    9    9    7    7    7    7    7    7    6    6    7
    7    8    8    9   10   11   12   13   14   15   16   17   17   18   18   18
   18   18   18   18   18   18   18   18   18   18   18   17   17   18   18   18
   19   19   20   21   22   23   23   24   25
    80.0-180.0 180.0   5.0 450.0                            LAT/LON1/LON2/DLON/H
   22   24   24   26   27   29   30   31   32   32   32   32   32   31   29   27
   24   21   19   15   12    9    8    7    6    5    5    5    5    6    6    6
    7    7    7    8    9   11   12   14   15   17   17   18   19   19   18   18
   18   17   17   17   16   16   16   15   14   14   14   14   14   14   14   15
   15   16   17   18   18   19   20   21   22
    77.5-180.0 180.0   5.0 450.0                            LAT/LON1/LON2/DLON/H
   20   21   22   24   25   26   28   30   31   33   34   35   35   34   32   30
   28   25   22   18   14   10    7    7    6    6    6    6    6    6    6    7
    7    7    9   10   11   13   15   17   17   18   19   19   19   19   18   17
   16   15   14   14   14   13   13   12   12   11   12   11   12   12   13   13
   14   15   16   16   17   17   18   19   20
    75.0-180.0 180.0   5.0 450.0                            LAT/LON1/LON2/DLON/H
   19   19   20   21   22   23   25   26   28   31   33   34   36   36   36   33
   31   28   25   21   18   14   10    8    7    7    7    7    7    8    8    8
    8    9   11   13   15   18   19   20   20   20   20   19   19   18   17   16
   14   13   12   12   12   12   12   11   12   11   11   12   12   12   13   14
   15   15   16   16   17   17   18   18   19
    72.5-180.0 180.0   5.0 450.0                            LAT/LON1/LON2/DLON/H
   21   20   20   20   20   21   22   23   25   26   29   32   33   34   34   34
   34   32   29   27   24   20   16   13   10    8    9    8    9    9    9   11
   12   14   16   17   19   20   21   22   22   21   20   19   18   17   16   14
   12   11   11   11   11   12   12   12   13   13   13   14   15   16   17   18
   19   19   20   21   21   21   22   21   21
    70.0-180.0 180.0   5.0 450.0                            LAT/LON1/LON2/DLON/H
   26   25   23   22   21   20   20   20   21   22   24   26   28   30   31   33
   34   34   34   32   29   25   23   19   17   14   14   13   12   12   13   16
   18   19   20   21   22   21   21   21   21   19   18   18   16   15   14   13
   12   11   11   11   12   13   14   15   16   17   18   20   21   23   24   25
   27   28   28   29   29   29   28   27   26
    67.5-180.0 180.0   5.0 450.0                            LAT/LON1/LON2/DLON/H
   34   32   30   27   25   22   21   20   19   19   19   21   22   24   27   30
   33   34   34   34   32   30   28   25   22   19   18   20   19   18   19   20
   21   22   22   22   22   21   20   19   18   17   17   16   15   14   13   13
   12   12   13   14   15   16   18   19   21   22   25   26   28   30   31   34
   36   37   38   39   39   39   38   36   34
    65.0-180.0 180.0   5.0 450.0                            LAT/LON1/LON2/DLON/H
   43   40   37   34   30   28   24   22   20   18   17   17   17   18   21   24
   28   31   31   33   32   32   30   28   24   23   20   20   22   22   22   22
   22   22   22   21   19   18   17   16   15   15   15   15   15   15   15   14
   14   15   17   18   19   20   22   25   27   28   30   33   35   37   40   42
   43   45   46   47   48   48   47   46   43
    62.5-180.0 180.0   5.0 450.0                            LAT/LON1/LON2/DLON/H
   51   49   45   41   37   33   30   26   22   19   16   14   14   14   16   19
   22   26   27   29   30   30   29   27   24   23   20   19   21   22   23   22
   21   20   20   18   16   15   14   13   13   14   15   15   17   17   18   18
   18   19   20   21   22   23   26   29   31   33   36   39   42   44   46   48
   50   51   52   54   55   55   55   54   51
    60.0-180.0 180.0   5.0 450.0                            LAT/LON1/LON2/DLON/H
   57   55   52   47   43   39   35   31   26   22   18   15   13   12   12   15
   17   20   23   25   25   25   25   23   21   20   18   18   18   20   21   21
   20   20   19   17   15   14   13   14   14   15   16   19   20   22   23   23
   23   23   23   24   25   27   30   33   35   38   41   44   48   50   53   54
   55   56   56   57   58   59   59   58   57
    57.5-180.0 180.0   5.0 450.0                            LAT/LON1/LON2/DLON/H
   60   59   56   52   48   44   40   36   31   26   22   18   14   12   12   13
   14   16   19   20   20   20   19   18   18   17   16   16   17   18   19   20
   21   21   21   20   19   18   17   17   18   20   22   24   26   27   27   27
   27   27   27   28   28   31   34   37   41   43   46   49   53   55   57   58
   58   59   59   60   61   61   61   61   60
    55.0-180.0 180.0   5.0 450.0                            LAT/LON1/LON2/DLON/H
   63   61   59   55   51   48   43   39   35   30   26   21   18   15   14   14
   14   16   16   17   17   15   14   14   16   17   17   17   18   19   21   23
   25   26   26   27   25   25   25   25   26   27   28   31   32   33   33   32
   32   31   31   32   33   35   38   41   45   48   50   54   57   59   60   62
   62   62   62   62   63   63   64   63   63
    52.5-180.0 180.0   5.0 450.0                            LAT/LON1/LON2/DLON/H
   65   64   62   59   55   50   46   42   38   34   30   25   22   19   17   16
   16   17   17   17   15   14   13   14   16   19   20   21   22   24   26   29
   31   33   34   36   36   37   37   37   37   36   37   38   38   38   38   36
   35   35   35   36   37   40   42   45   49   51   54   57   60   62   63   64
   64   63   63   64   64   65   66   65   65
    50.0-180.0 180.0   5.0 450.0                            LAT/LON1/LON2/DLON/H
   68   67   65   62   58   54   49   44   40   36   33   29   27   24   22   21
   21   21   20   20   18   16   16   17   21   24   26   28   30   32   34   37
   40   42   44   47   48   50   50   50   48   47   45   44   43   42   41   40
   39   39   39   39   41   44   47   50   53   55   58   60   63   66   67   67
   66   66   64   65   67   67   68   68   68
    47.5-180.0 180.0   5.0 450.0                            LAT/LON1/LON2/DLON/H
   72   72   70   68   64   58   53   47   43   39   36   34   31   29   27   27
   26   27   27   26   25   24   24   27   31   35   37   40   41   41   42   46
   48   51   54   58   60   63   63   62   60   56   53   50   47   45   43   42
   42   42   42   44   46   49   53   55   57   59   62   64   67   69   71   71
   70   69   68   68   70   71   72   72   72
    45.0-180.0 180.0   5.0 450.0                            LAT/LON1/LON2/DLON/H
   77   78   77   74   70   64   58   52   47   43   40   38   36   34   33   33
   33   34   35   35   35   35   38   41   46   50   52   53   54   54   54   54
   55   58   62   66   71   74   75   73   70   65   59   53   49   46   45   44
   45   45   47   49   52   55   59   62   63   65   67   69   71   74   75   75
   75   74   72   73   73   75   77   77   77
    42.5-180.0 180.0   5.0 450.0                            LAT/LON1/LON2/DLON/H
   82   83   83   81   77   71   64   57   51   47   44   43   42   40   39   40
   40   42   44   47   48   51   54   59   63   66   67   67   64   63   62   61
   62   64   68   73   78   81   82   81   78   71   64   57   52   49   47   47
   48   50   52   55   58   62   66   69   70   71   73   74   76   78   79   80
   79   78   77   78   79   80   82   82   82
    40.0-180.0 180.0   5.0 450.0                            LAT/LON1/LON2/DLON/H
   86   86   87   86   84   78   71   64   58   53   50   48   47   46   46   46
   48   51   54   58   62   66   71   77   80   81   80   77   73   70   68   66
   66   67   72   77   81   85   87   86   82   76   68   61   55   51   49   50
   52   54   57   61   65   69   73   75   77   77   78   79   81   83   84   84
   84   83   83   84   85   86   87   87   86
    37.5-180.0 180.0   5.0 450.0                            LAT/LON1/LON2/DLON/H
   89   88   89   89   87   84   78   70   64   60   56   54   53   52   52   53
   55   58   62   68   74   80   86   90   92   90   87   83   80   76   73   69
   68   69   72   78   82   86   88   88   85   79   71   64   58   54   52   52
   54   57   62   66   70   75   79   82   83   83   84   84   86   87   88   89
   88   88   89   90   91   92   92   91   89
    35.0-180.0 180.0   5.0 450.0                            LAT/LON1/LON2/DLON/H
   92   90   89   89   89   86   82   76   70   66   63   61   60   60   59   59
   61   64   70   76   83   90   96   99   98   95   90   86   84   79   75   70
   69   70   73   77   82   86   88   88   85   79   73   65   60   56   55   55
   56   60   64   69   74   80   84   87   88   89   89   89   90   91   93   94
   94   95   97   99   99   99   98   95   92
    32.5-180.0 180.0   5.0 450.0                            LAT/LON1/LON2/DLON/H
   97   93   90   89   89   87   84   79   74   71   69   67   67   67   66   65
   67   70   75   82   88   96  100  101   99   96   90   85   82   78   75   71
   70   70   73   76   80   84   85   85   82   78   72   65   61   58   56   56
   57   60   65   72   78   83   88   92   93   94   94   94   95   96   98  100
  102  105  108  110  111  110  108  104   97
    30.0-180.0 180.0   5.0 450.0                            LAT/LON1/LON2/DLON/H
  109  100   94   90   88   86   83   80   77   74   73   71   72   73   72   71
   71   74   78   83   89   94   97   97   95   92   85   81   78   77   75   73
   71   72   74   77   78   80   81   81   79   75   69   64   60   57   56   55
   56   59   66   73   80   86   92   96  100  101  100  100  101  103  105  109
  113  119  124  126  129  126  123  118  109
    27.5-180.0 180.0   5.0 450.0                            LAT/LON1/LON2/DLON/H
  129  117  105   96   90   85   82   79   76   75   74   74   75   77   77   76
   75   76   79   82   86   89   91   90   88   84   78   76   76   76   75   74
   74   74   75   76   76   75   75   75   73   70   65   60   56   54   53   53
   54   58   65   74   81   88   95  101  106  109  109  109  109  112  116  122
  130  139  145  151  153  150  146  140  129
    25.0-180.0 180.0   5.0 450.0                            LAT/LON1/LON2/DLON/H
  159  143  126  110   98   89   83   79   76   74   74   75   77   79   80   79
   78   78   79   80   82   83   84   84   82   77   74   74   75   76   76   75
   74   74   74   73   72   70   69   68   67   64   59   55   51   49   49   49
   51   57   65   73   82   90   98  106  114  118  119  119  120  123  129  139
  149  162  172  178  178  177  177  172  159
    22.5-180.0 180.0   5.0 450.0                            LAT/LON1/LON2/DLON/H
  196  179  157  134  115  100   89   82   77   75   74   75   78   80   81   80
   80   79   79   78   78   78   79   81   79   75   73   75   76   77   77   76
   74   73   72   70   67   64   62   61   59   56   52   48   46   44   43   44
   47   54   65   75   84   94  103  114  123  128  131  132  134  139  146  158
  169  183  195  203  204  207  209  208  196
    20.0-180.0 180.0   5.0 450.0                            LAT/LON1/LON2/DLON/H
  233  215  193  165  140  119  103   92   84   79   77   77   78   80   80   80
   80   79   77   76   75   76   78   80   79   76   75   77   79   79   79   76
   73   72   70   67   62   58   56   54   53   50   45   41   39   38   38   39
   45   54   66   78   89   99  111  123  133  140  144  146  150  156  164  177
  188  200  211  220  226  233  239  240  233
    17.5-180.0 180.0   5.0 450.0                            LAT/LON1/LON2/DLON/H
  263  251  225  196  167  140  122  107   94   86   83   79   79   79   80   81
   81   79   77   76   74   76   80   83   83   80   79   80   82   81   79   75
   72   70   67   63   58   54   51   49   47   44   40   35   33   33   34   37
   45   56   70   83   95  107  121  135  146  153  158  161  166  172  180  190
  201  212  223  231  239  249  259  264  263
    15.0-180.0 180.0   5.0 450.0                            LAT/LON1/LON2/DLON/H
  276  271  251  223  192  164  140  123  109   99   91   85   82   81   81   82
   82   80   78   77   76   80   85   88   87   85   82   83   83   81   78   74
   70   66   62   59   55   51   48   46   43   40   35   32   30   30   33   37
   46   59   74   88  101  116  131  146  157  164  169  174  180  187  193  201
  211  220  229  237  244  252  263  272  276
    12.5-180.0 180.0   5.0 450.0                            LAT/LON1/LON2/DLON/H
  272  272  260  237  211  183  159  140  125  114  103   94   88   83   82   83
   85   83   81   80   81   86   92   94   92   88   83   83   83   80   76   73
   68   62   58   55   52   49   47   45   42   38   35   31   30   30   33   37
   47   62   77   93  107  122  139  154  165  173  178  183  189  197  204  209
  216  223  229  236  242  248  257  265  272
    10.0-180.0 180.0   5.0 450.0                            LAT/LON1/LON2/DLON/H
  256  257  252  238  218  195  174  158  141  127  116  104   94   87   83   84
   87   86   86   85   88   94   99   99   95   88   83   82   82   79   75   70
   64   58   55   53   50   49   47   45   43   40   36   33   31   32   33   39
   49   64   80   96  111  127  144  159  171  179  184  189  195  203  209  213
  218  223  227  232  236  240  245  251  256
     7.5-180.0 180.0   5.0 450.0                            LAT/LON1/LON2/DLON/H
  237  238  235  230  218  202  185  170  154  141  128  114  101   91   84   85
   89   91   91   92   96  100  104  102   95   86   82   80   80   78   75   68
   62   58   55   53   51   50   49   47   45   41   38   35   33   33   34   40
   50   65   81   98  114  131  148  162  174  181  187  193  200  206  212  214
  217  220  223  227  229  231  232  235  237
     5.0-180.0 180.0   5.0 450.0                            LAT/LON1/LON2/DLON/H
  221  221  220  220  214  204  191  178  164  151  138  122  106   95   86   85
   89   94   96   99  102  106  107  104   95   86   80   79   79   76   74   69
   64   60   58   55   54   53   51   49   45   42   39   37   35   35   37   42
   53   67   83  100  117  133  149  164  175  183  190  197  203  209  212  215
  216  218  222  225  227  225  223  222  221
     2.5-180.0 180.0   5.0 450.0                            LAT/LON1/LON2/DLON/H
  216  214  214  215  213  207  196  183  171  160  146  129  112   99   88   87
   90   95  100  104  107  109  109  104   95   85   79   78   79   78   77   72
   68   65   62   60   57   56   54   50   46   42   40   38   37   37   40   46
   56   70   85  101  118  134  150  164  174  183  190  198  204  209  213  216
  216  219  223  227  229  226  221  218  216
