DORISInput/IGSGIM/2019/igsg3470.19i
     1.0            IONOSPHERE MAPS     MIX                 IONEX VERSION / TYPE
cmpcmb v1.2          GRL/UWM            27-dec-19 12:42     PGM / RUN BY / DATE 
ionex file containing IGS COMBINED Ionosphere maps          COMMENT             
global ionosphere maps for day 347, 2019                    DESCRIPTION         
IONEX file containing the COMBINED IGS TEC MAPS and DCBs    DESCRIPTION         
      IONEX files of the following IAACs were combined: cod DESCRIPTION         
                                                        esa DESCRIPTION         
                                                        jpl DESCRIPTION         
                                                        upc DESCRIPTION         
Contact address: Andrzej Krankowski                         DESCRIPTION
                 Geodynamics Research Laboratory            DESCRIPTION
                 University of Warmia and Mazury (GRL/UWM)  DESCRIPTION
                 Oczapowski St. 1                           DESCRIPTION
                 10-957-Olsztyn, POLAND                     DESCRIPTION
                 e-mail:  kand@uwm.edu.pl                   DESCRIPTION
                                                            DESCRIPTION         
  2019    12    13     0     0     0                        EPOCH OF FIRST MAP  
  2019    12    14     0     0     0                        EPOCH OF LAST MAP   
  7200                                                      INTERVAL            
    13                                                      # OF MAPS IN FILE   
  COSZ                                                      MAPPING FUNCTION    
     0.0                                                    ELEVATION CUTOFF    
combined TEC calculated as weighted mean of input TEC valuesOBSERVABLES USED    
   397                                                      # OF STATIONS       
    32                                                      # OF SATELLITES     
  6371.0                                                    BASE RADIUS         
     2                                                      MAP DIMENSION       
   450.0 450.0   0.0                                        HGT1 / HGT2 / DHGT  
    87.5 -87.5  -2.5                                        LAT1 / LAT2 / DLAT  
  -180.0 180.0   5.0                                        LON1 / LON2 / DLON  
    -1                                                      EXPONENT            
TEC values in 0.1 tec units;  9999, if no value available   COMMENT             
DCB values in nanoseconds, reference is Sum_of_SatDCBs = 0  COMMENT             
                                                            END OF HEADER       
[from data line 4290]
    11                                                      START OF TEC MAP    
  2019    12    13    20     0     0                        EPOCH OF CURRENT MAP
    87.5-180.0 180.0   5.0 450.0                            LAT/LON1/LON2/DLON/H
   19   19   19   19   20   20   20   20   20   19   19   19   19   19   18   18
   18   17   17   16   16   16   15   15   15   14   14   14   14   14   13   13
   13   13   13   13   13   13   13   13   14   14   14   14   14   14   14   15
   15   15   15   16   16   16   16   16   16   16   16   17   17   17   17   17
   17   18   18   18   19   19   19   19   19
    85.0-180.0 180.0   5.0 450.0                            LAT/LON1/LON2/DLON/H
   22   22   23   23   24   24   24   23   24   23   23   23   22   22   22   21
   20   19   19   17   17   16   15   14   14   12   12   11   11   11   11   10
   11   11   11   11   11   11   11   12   12   12   12   13   13   14   14   14
   15   15   15   16   17   17   17   17   16   17   17   17   17   17   18   18
   18   19   19   19   20   20   21   21   22
    82.5-180.0 180.0   5.0 450.0                            LAT/LON1/LON2/DLON/H
   23   23   24   24   24   25   25   26   27   27   27   27   26   26   25   24
   23   22   21   19   18   16   15   13   12   11   10    9    9    9    9    9
    9    9    9   10   10   11   11   11   12   12   12   13   13   13   13   14
   15   15   15   16   16   17   17   17   17   17   17   17   16   17   17   17
   18   18   19   19   20   21   21   22   23
    80.0-180.0 180.0   5.0 450.0                            LAT/LON1/LON2/DLON/H
   21   21   22   23   24   24   26   26   27   27   28   28   28   28   27   26
   25   24   22   21   19   18   15   12   11    9    8    8    8    8    9    9
    9    9    9   10   10   10   10   11   11   11   11   12   12   13   13   14
   14   15   15   16   16   17   17   17   16   16   16   16   16   16   16   17
   17   18   19   19   20   20   20   21   21
    77.5-180.0 180.0   5.0 450.0                            LAT/LON1/LON2/DLON/H
   17   18   19   19   20   21   23   24   26   27   29   30   31   30   30   29
   27   25   24   21   19   18   16   14   11    9    8    8    8    8    8    8
    8    8    8    9    9   10   10   10   11   11   11   11   11   12   13   13
   14   14   15   16   16   16   16   16   16   15   15   15   15   15   15   16
   16   17   17   18   17   17   17   17   17
    75.0-180.0 180.0   5.0 450.0                            LAT/LON1/LON2/DLON/H
   14   14   14   16   17   18   21   22   24   26   28   29   31   31   32   31
   30   28   26   25   22   20   18   15   13   10    7    8    7    8    9    9
    8    8    9    9    9   10   10   10   10   11   11   11   11   11   12   13
   13   14   15   16   16   16   15   15   14   14   14   14   14   14   14   14
   14   15   15   15   14   14   13   14   14
    72.5-180.0 180.0   5.0 450.0                            LAT/LON1/LON2/DLON/H
   11   12   13   14   15   17   19   21   23   25   28   30   32   33   34   34
   33   31   29   28   25   23   20   17   14   12    9    8    9    9    9    9
    9   10   10   10   10   10   10   10   10   10   10   10   10   11   11   12
   13   14   15   15   15   15   15   14   13   13   13   13   13   13   13   14
   14   14   14   14   13   12   12   11   11
    70.0-180.0 180.0   5.0 450.0                            LAT/LON1/LON2/DLON/H
   12   12   13   14   16   17   19   21   23   26   28   30   32   34   35   35
   35   34   32   31   28   26   23   19   16   15   12   10   10    9   10   10
   10   10   11   10   10   10    9    9    9    9   10   10   10   11   11   12
   13   14   15   16   16   16   15   14   13   13   13   13   13   14   15   15
   15   16   15   15   14   13   12   12   12
    67.5-180.0 180.0   5.0 450.0                            LAT/LON1/LON2/DLON/H
   15   15   17   19   20   22   23   24   26   28   30   32   34   35   36   37
   37   36   35   32   30   28   26   22   19   17   15   12   11   11   10   10
   10   11   10   10    9    9    9    9    9    9    9    9   10   10   11   13
   14   16   17   18   18   17   17   16   16   15   15   15   16   16   17   18
   19   19   18   18   17   16   15   14   15
    65.0-180.0 180.0   5.0 450.0                            LAT/LON1/LON2/DLON/H
   20   21   24   26   28   29   29   30   32   33   34   36   38   39   39   39
   39   38   37   35   33   31   28   25   22   19   17   15   12   12   12   11
   11   11   11   10    9    9    9    9    9   10   10   11   11   12   14   16
   18   19   21   21   21   21   19   19   18   18   18   18   19   19   20   21
   22   22   22   22   21   20   19   19   20
    62.5-180.0 180.0   5.0 450.0                            LAT/LON1/LON2/DLON/H
   27   30   33   35   37   38   39   39   39   40   41   42   42   43   43   42
   42   40   40   38   36   33   31   29   26   23   20   17   15   13   13   12
   12   12   11   11   10    9   10   10   11   12   13   16   17   18   20   22
   23   24   25   26   25   24   23   22   22   21   21   22   23   23   23   24
   25   26   26   26   25   25   24   25   27
    60.0-180.0 180.0   5.0 450.0                            LAT/LON1/LON2/DLON/H
   35   38   42   46   48   49   50   49   48   48   48   49   48   49   48   47
   46   44   43   41   39   37   35   33   30   27   23   21   18   15   14   14
   13   14   13   12   12   12   12   14   16   18   22   24   25   27   28   29
   30   30   30   30   30   29   29   28   27   27   27   27   27   27   27   28
   28   28   28   29   28   28   29   31   35
    57.5-180.0 180.0   5.0 450.0                            LAT/LON1/LON2/DLON/H
   41   46   51   55   58   60   59   59   58   57   56   56   55   55   54   53
   51   49   47   45   43   41   39   37   35   31   27   25   21   19   17   16
   17   16   17   17   16   17   19   22   25   28   32   35   36   37   37   37
   37   36   36   36   36   35   34   34   33   32   32   32   32   31   31   31
   31   31   31   31   31   32   34   37   41
    55.0-180.0 180.0   5.0 450.0                            LAT/LON1/LON2/DLON/H
   47   52   57   62   66   68   68   68   67   65   64   63   62   62   60   59
   57   55   52   50   47   45   43   42   39   36   33   30   26   22   21   20
   20   21   22   22   23   25   28   32   36   40   44   46   48   48   46   45
   44   43   43   42   42   41   40   40   39   39   38   37   36   35   34   32
   32   32   33   33   34   35   38   42   47
    52.5-180.0 180.0   5.0 450.0                            LAT/LON1/LON2/DLON/H
   51   56   62   67   72   74   76   76   76   74   73   71   69   68   66   65
   62   60   58   55   53   51   49   48   45   42   38   35   31   27   25   25
   26   27   29   30   32   36   40   44   48   52   56   58   58   57   55   52
   50   49   49   48   48   47   46   45   45   44   44   42   40   38   35   33
   33   33   34   35   35   37   40   45   51
    50.0-180.0 180.0   5.0 450.0                            LAT/LON1/LON2/DLON/H
   53   59   65   70   75   79   81   83   84   83   81   79   76   74   72   70
   68   66   64   62   59   58   56   55   53   49   46   41   37   34   32   31
   32   34   37   39   42   46   50   55   59   63   66   67   67   65   61   57
   55   55   54   54   53   52   51   49   48   48   47   45   43   40   36   34
   33   33   34   35   37   38   42   47   53
    47.5-180.0 180.0   5.0 450.0                            LAT/LON1/LON2/DLON/H
   55   61   66   72   77   81   85   89   91   91   89   86   83   80   78   76
   74   72   70   68   67   66   65   63   61   58   54   49   44   40   37   38
   39   42   45   49   52   57   60   65   68   71   73   74   72   70   66   63
   60   60   59   58   57   56   54   52   51   50   48   46   44   41   37   35
   34   34   35   36   37   39   43   48   55
    45.0-180.0 180.0   5.0 450.0                            LAT/LON1/LON2/DLON/H
   56   62   66   72   77   82   88   93   97   99   98   94   91   87   85   83
   81   78   77   76   76   75   74   72   70   67   63   57   52   46   44   44
   46   49   53   57   62   66   69   72   75   77   77   77   76   73   70   67
   66   65   64   63   62   59   57   55   53   52   50   48   45   42   38   36
   35   36   37   37   38   40   44   50   56
    42.5-180.0 180.0   5.0 450.0                            LAT/LON1/LON2/DLON/H
   58   63   66   71   77   83   90   97  102  106  106  103   99   95   92   90
   88   86   85   84   84   84   84   82   78   76   70   64   58   52   50   51
   53   57   61   65   69   73   75   77   78   79   80   79   77   75   73   71
   70   69   68   67   64   61   59   57   55   53   52   50   47   43   40   38
   38   39   40   41   41   42   47   53   58
    40.0-180.0 180.0   5.0 450.0                            LAT/LON1/LON2/DLON/H
   61   65   68   71   76   83   91  100  107  113  114  112  108  104  100   98
   96   94   93   93   93   92   91   90   87   84   77   71   64   59   56   57
   60   63   67   71   75   77   79   80   80   81   81   80   79   78   77   74
   73   71   70   68   65   62   59   57   55   54   52   51   48   45   42   41
   41   43   44   44   45   46   51   57   61
    37.5-180.0 180.0   5.0 450.0                            LAT/LON1/LON2/DLON/H
   67   70   71   73   77   83   92  102  111  118  120  120  117  113  109  106
  104  103  101  101  100  100   98   96   93   90   84   77   69   64   62   62
   65   68   72   76   78   80   81   81   82   83   83   82   80   79   78   76
   75   71   70   66   64   62   59   57   55   54   52   51   48   46   45   44
   45   46   47   48   50   52   57   62   67
    35.0-180.0 180.0   5.0 450.0                            LAT/LON1/LON2/DLON/H
   74   76   76   77   79   84   93  103  112  120  125  126  125  123  118  114
  112  110  109  108  107  105  103  100   97   94   89   81   73   68   66   66
   68   73   76   78   81   82   82   82   83   84   84   83   81   80   79   76
   74   71   67   65   62   60   58   56   55   53   52   51   50   48   47   47
   48   49   51   52   54   57   63   69   74
    32.5-180.0 180.0   5.0 450.0                            LAT/LON1/LON2/DLON/H
   82   83   83   82   83   87   94  103  112  120  126  129  131  129  125  121
  118  116  115  114  112  109  105  101   99   97   92   85   78   72   70   70
   73   76   80   82   83   84   83   83   83   84   85   84   82   80   78   75
   72   68   64   62   59   58   57   55   54   53   52   51   51   50   49   50
   50   52   53   55   58   62   69   76   82
    30.0-180.0 180.0   5.0 450.0                            LAT/LON1/LON2/DLON/H
   88   91   91   91   92   94   98  105  111  118  125  130  133  133  130  126
  123  121  120  118  116  110  105  101   99   97   93   88   82   77   75   75
   79   82   85   85   85   84   83   82   82   84   85   85   82   80   76   73
   69   66   61   59   57   56   55   54   53   53   52   52   51   51   50   50
   51   52   54   56   60   65   73   82   88
    27.5-180.0 180.0   5.0 450.0                            LAT/LON1/LON2/DLON/H
   95  100  101  101  102  103  105  108  111  116  122  127  132  133  132  129
  126  125  123  121  116  111  105  100   98   96   93   90   85   82   80   82
   86   88   89   88   87   85   83   81   82   83   84   83   82   79   75   71
   66   62   58   55   55   55   54   54   53   52   52   52   52   51   51   50
   50   51   53   56   60   67   76   86   95
    25.0-180.0 180.0   5.0 450.0                            LAT/LON1/LON2/DLON/H
  100  108  111  112  114  114  115  113  112  115  119  124  130  132  132  130
  128  127  125  122  116  110  104  100   98   97   95   92   89   88   88   91
   94   94   94   92   89   86   83   80   81   82   82   81   79   75   72   68
   64   58   55   53   53   53   53   53   52   53   52   51   50   50   49   49
   48   48   51   54   60   68   78   90  100
    22.5-180.0 180.0   5.0 450.0                            LAT/LON1/LON2/DLON/H
  106  115  121  124  127  129  128  124  119  118  120  124  129  132  132  130
  129  128  127  123  117  111  104  100   99   98   97   97   96   96   98  101
  102  101   99   96   92   87   82   79   79   79   79   78   75   71   68   64
   61   56   53   52   52   52   52   51   51   51   51   49   48   48   47   45
   45   45   47   52   59   69   80   92  106
    20.0-180.0 180.0   5.0 450.0                            LAT/LON1/LON2/DLON/H
  108  120  128  136  142  145  145  139  132  128  128  130  132  134  133  132
  131  131  129  125  118  112  106  102  101  100  101  102  104  106  109  111
  112  110  107  101   94   88   82   78   76   75   74   73   70   66   62   61
   58   55   52   52   52   52   51   51   50   50   49   47   46   45   43   42
   42   42   46   52   59   70   81   94  108
    17.5-180.0 180.0   5.0 450.0                            LAT/LON1/LON2/DLON/H
  109  122  134  145  154  161  163  158  151  146  145  144  144  142  141  139
  138  136  133  127  121  115  110  107  105  105  106  110  113  117  121  123
  123  119  114  106   96   88   82   76   72   70   69   67   64   61   59   58
   57   54   53   52   52   52   51   50   49   48   47   45   43   42   40   39
   39   41   47   53   62   72   83   96  109
    15.0-180.0 180.0   5.0 450.0                            LAT/LON1/LON2/DLON/H
  111  124  138  152  165  175  180  178  176  172  169  168  164  160  156  153
  149  145  140  133  126  120  116  114  112  112  114  118  123  128  132  134
  131  126  120  109   97   89   81   75   69   67   65   64   61   58   56   56
   56   54   54   53   52   52   50   49   47   47   45   43   41   40   38   37
   38   42   48   56   66   76   86   98  111
    12.5-180.0 180.0   5.0 450.0                            LAT/LON1/LON2/DLON/H
  114  127  141  157  172  186  194  198  200  199  198  196  191  188  180  174
  167  159  151  142  134  129  126  123  122  121  122  126  132  137  141  142
  138  131  122  110   99   90   82   75   70   67   65   62   59   56   55   55
   56   54   54   53   52   51   49   47   46   44   43   41   39   37   36   35
   37   42   50   60   71   80   90  103  114
    10.0-180.0 180.0   5.0 450.0                            LAT/LON1/LON2/DLON/H
  119  131  144  161  177  193  205  213  219  223  226  226  221  218  209  202
  190  178  166  155  146  141  137  135  132  130  131  134  138  144  146  146
  140  132  123  112  101   92   85   78   74   70   67   65   61   56   55   56
   56   55   54   53   50   49   47   46   45   43   41   39   37   36   35   34
   37   44   53   64   75   85   96  107  119
     7.5-180.0 180.0   5.0 450.0                            LAT/LON1/LON2/DLON/H
  124  136  148  164  180  198  211  220  230  239  247  250  247  245  238  230
  214  201  184  171  161  154  151  148  144  141  139  140  142  146  148  148
  141  134  126  116  107   98   91   85   80   77   72   69   65   61   58   57
   56   56   54   52   49   47   46   46   45   43   41   38   37   36   36   35
   38   45   56   67   78   89  100  112  124
     5.0-180.0 180.0   5.0 450.0                            LAT/LON1/LON2/DLON/H
  128  139  152  166  182  199  211  220  231  243  254  262  263  264  260  253
  238  222  204  190  178  170  166  162  156  152  149  147  146  148  149  148
  144  138  132  123  115  107  100   94   89   83   79   75   72   68   64   61
   59   57   55   52   49   48   47   47   46   45   42   40   39   39   38   37
   40   46   57   68   80   90  102  115  128
     2.5-180.0 180.0   5.0 450.0                            LAT/LON1/LON2/DLON/H
  129  141  154  168  183  197  207  216  225  237  249  259  265  269  272  267
  255  240  222  207  195  188  183  177  171  166  161  155  153  151  151  150
  148  146  142  134  125  118  111  104   97   91   87   84   81   78   74   68
   64   59   56   53   50   49   49   49   48   46   44   42   42   42   41   40
   42   48   58   69   80   91  103  116  129
