DORISInput/IGSGIM/2019/igsg3510.19i
     1.0            IONOSPHERE MAPS     MIX                 IONEX VERSION / TYPE
cmpcmb v1.2          GRL/UWM             4-jan-20 13:33     PGM / RUN BY / DATE 
ionex file containing IGS COMBINED Ionosphere maps          COMMENT             
global ionosphere maps for day 351, 2019                    DESCRIPTION         
IONEX file containing the COMBINED IGS TEC MAPS and DCBs    DESCRIPTION         
      IONEX files of the following IAACs were combined: cod DESCRIPTION         
                                                        esa DESCRIPTION         
                                                        jpl DESCRIPTION         
                                                        upc DESCRIPTION         
Contact address: Andrzej Krankowski                         DESCRIPTION
                 Geodynamics Research Laboratory            DESCRIPTION
                 University of Warmia and Mazury (GRL/UWM)  DESCRIPTION
                 Oczapowski St. 1                           DESCRIPTION
                 10-957-Olsztyn, POLAND                     DESCRIPTION
                 e-mail:  kand@uwm.edu.pl                   DESCRIPTION
                                                            DESCRIPTION         
  2019    12    17     0     0     0                        EPOCH OF FIRST MAP  
  2019    12    18     0     0     0                        EPOCH OF LAST MAP   
  7200                                                      INTERVAL            
    13                                                      # OF MAPS IN FILE   
  COSZ                                                      MAPPING FUNCTION    
     0.0                                                    ELEVATION CUTOFF    
combined TEC calculated as weighted mean of input TEC valuesOBSERVABLES USED    
   399                                                      # OF STATIONS       
    32                                                      # OF SATELLITES     
  6371.0                                                    BASE RADIUS         
     2                                                      MAP DIMENSION       
   450.0 450.0   0.0                                        HGT1 / HGT2 / DHGT  
    87.5 -87.5  -2.5                                        LAT1 / LAT2 / DLAT  
  -180.0 180.0   5.0                                        LON1 / LON2 / DLON  
    -1                                                      EXPONENT            
TEC values in 0.1 tec units;  9999, if no value available   COMMENT             
DCB values in nanoseconds, reference is Sum_of_SatDCBs = 0  COMMENT             
                                                            END OF HEADER       
[from data line 4290]
    11                                                      START OF TEC MAP    
  2019    12    17    20     0     0                        EPOCH OF CURRENT MAP
    87.5-180.0 180.0   5.0 450.0                            LAT/LON1/LON2/DLON/H
   20   20   20   20   20   20   20   20   20   20   20   20   20   20   20   20
   20   20   19   19   19   18   18   18   18   17   17   17   17   16   16   15
   15   15   15   15   15   15   14   14   14   14   14   14   14   14   14   14
   14   14   15   15   15   16   16   16   16   16   16   17   17   17   18   18
   18   18   18   18   19   19   19   19   20
    85.0-180.0 180.0   5.0 450.0                            LAT/LON1/LON2/DLON/H
   21   21   22   22   22   23   23   23   23   23   23   24   23   23   24   24
   23   24   23   22   21   21   20   20   19   18   17   16   15   15   14   14
   14   13   13   13   13   12   13   13   13   13   12   13   13   13   13   13
   13   13   14   14   14   15   15   15   16   16   16   17   17   18   18   18
   18   18   19   19   19   20   20   20   21
    82.5-180.0 180.0   5.0 450.0                            LAT/LON1/LON2/DLON/H
   20   21   21   22   22   23   24   24   25   25   26   27   27   27   27   27
   28   27   27   26   25   24   21   21   20   18   17   16   15   14   13   13
   12   12   12   11   11   11   11   11   11   11   11   11   11   11   11   12
   12   12   13   13   14   14   15   15   16   16   16   17   17   17   17   17
   18   18   18   18   18   19   20   20   20
    80.0-180.0 180.0   5.0 450.0                            LAT/LON1/LON2/DLON/H
   18   19   19   20   20   21   22   23   24   25   26   26   27   27   27   28
   28   28   28   28   27   27   24   22   20   19   17   15   14   13   12   11
   11   11   11   11   10   10   10   10   10   10   10   10   10   10   11   11
   11   11   12   12   13   14   14   15   15   15   15   16   16   16   16   16
   16   16   17   17   17   17   18   17   18
    77.5-180.0 180.0   5.0 450.0                            LAT/LON1/LON2/DLON/H
   14   14   14   15   16   17   19   21   23   24   26   28   30   31   32   32
   32   31   30   30   29   28   28   25   22   20   18   17   15   14   12   11
   11   11   10   10   10   10    9    9    9    9    9    9    9    9   10   10
   11   11   11   11   12   12   13   13   14   14   14   14   14   15   15   15
   15   14   14   14   14   14   13   14   14
    75.0-180.0 180.0   5.0 450.0                            LAT/LON1/LON2/DLON/H
   10   11   11   12   13   15   17   19   21   23   26   29   31   32   34   34
   35   33   34   33   31   30   28   25   23   20   18   16   15   14   13   11
   11   10   10    9    9    8    8    8    8    8    8    9    9    9    9    9
    9   10   11   11   11   11   11   12   12   12   12   12   12   13   13   13
   13   12   12   12   11   11   10   10   10
    72.5-180.0 180.0   5.0 450.0                            LAT/LON1/LON2/DLON/H
    9   10   10   11   12   14   15   18   20   23   26   29   31   33   35   36
   38   37   36   34   33   31   29   26   23   19   17   16   15   14   12   12
   11   10    9    9    8    8    8    8    7    7    7    7    8    7    8    8
    8    9   10   10   10   11   11   11   11   11   11   11   11   12   12   12
   12   12   11   11   10   10   10    9    9
    70.0-180.0 180.0   5.0 450.0                            LAT/LON1/LON2/DLON/H
   11   11   12   13   14   16   17   20   22   25   28   31   33   35   37   38
   38   38   37   35   34   32   29   25   22   19   16   14   14   13   11   11
   10   10    9    8    7    7    7    7    7    7    6    6    6    6    7    7
    8    9   10   10   11   12   12   12   12   12   12   12   12   13   13   13
   14   14   13   13   12   12   11   10   11
    67.5-180.0 180.0   5.0 450.0                            LAT/LON1/LON2/DLON/H
   15   16   17   18   20   21   23   25   27   29   31   33   36   37   38   39
   40   39   38   36   34   32   28   25   21   18   16   13   12   12   10    9
   10   10    9    8    8    7    7    7    7    7    6    6    6    6    7    7
    8   10   12   13   14   15   15   15   15   15   15   15   15   15   16   17
   17   17   17   17   16   15   14   15   15
    65.0-180.0 180.0   5.0 450.0                            LAT/LON1/LON2/DLON/H
   21   23   25   27   29   30   31   32   34   35   36   38   39   40   41   42
   42   41   40   38   35   32   28   24   21   18   16   13   12   12   10    9
    9    9    9    9    9    8    8    8    8    8    7    7    7    7    9   10
   12   14   16   17   18   18   18   19   19   19   19   19   19   19   20   20
   21   21   22   21   21   20   19   20   21
    62.5-180.0 180.0   5.0 450.0                            LAT/LON1/LON2/DLON/H
   28   31   34   37   39   40   41   41   42   42   43   43   43   44   44   45
   45   45   44   41   38   34   30   26   23   19   17   14   13   12   12   10
   10   10   10   10   10   10    9   10   10   11   10   11   11   13   15   16
   17   19   21   21   22   22   22   23   23   23   23   23   24   24   24   24
   25   25   26   25   25   25   24   26   28
    60.0-180.0 180.0   5.0 450.0                            LAT/LON1/LON2/DLON/H
   34   38   42   46   48   50   51   51   50   50   49   48   48   48   49   49
   49   49   48   46   42   38   34   30   27   23   20   17   16   14   13   12
   12   12   12   12   13   13   13   14   15   16   18   18   20   21   22   23
   24   25   25   26   27   27   27   27   28   27   27   27   28   28   28   29
   29   29   29   29   28   28   29   30   34
    57.5-180.0 180.0   5.0 450.0                            LAT/LON1/LON2/DLON/H
   38   43   48   53   57   58   59   59   58   57   55   54   53   53   54   54
   54   54   54   51   48   43   39   35   31   29   26   23   20   19   17   17
   16   16   16   17   17   17   19   20   22   24   26   28   29   31   31   31
   31   31   31   32   32   32   33   33   33   33   32   32   32   32   32   32
   32   32   32   31   30   30   31   33   38
    55.0-180.0 180.0   5.0 450.0                            LAT/LON1/LON2/DLON/H
   40   46   52   58   62   65   66   66   66   63   61   59   58   58   58   59
   59   60   60   58   54   50   45   42   39   36   34   30   27   24   23   22
   22   22   22   23   23   25   26   28   31   33   36   38   39   40   40   39
   39   38   38   38   38   38   38   38   38   38   37   37   36   35   34   33
   33   33   33   33   32   32   33   35   40
    52.5-180.0 180.0   5.0 450.0                            LAT/LON1/LON2/DLON/H
   42   48   55   61   65   69   71   72   71   69   67   65   64   63   63   63
   64   66   65   64   61   57   53   50   47   44   42   39   35   32   29   28
   28   29   30   31   32   34   36   38   40   43   45   47   48   49   48   47
   47   47   46   45   45   44   44   44   43   43   42   41   39   36   35   33
   33   33   34   33   33   33   34   36   42
    50.0-180.0 180.0   5.0 450.0                            LAT/LON1/LON2/DLON/H
   43   49   56   62   67   71   74   76   77   75   73   71   69   68   68   68
   69   70   70   69   67   63   60   58   55   54   52   48   44   40   37   35
   35   36   37   39   40   42   45   47   48   51   53   55   56   56   55   54
   54   54   53   52   51   50   49   48   47   46   45   43   41   38   35   32
   32   33   33   33   33   33   35   38   43
    47.5-180.0 180.0   5.0 450.0                            LAT/LON1/LON2/DLON/H
   45   51   57   63   69   73   77   80   82   82   80   78   76   74   73   73
   74   74   74   74   72   70   68   66   65   64   62   59   55   49   43   42
   41   43   45   47   49   51   53   55   57   58   60   61   62   61   60   61
   60   61   60   60   58   56   54   52   50   48   47   45   42   38   34   32
   31   32   32   33   33   33   35   39   45
    45.0-180.0 180.0   5.0 450.0                            LAT/LON1/LON2/DLON/H
   46   52   58   64   70   75   79   83   87   88   88   86   84   81   80   79
   79   79   79   79   78   77   76   75   75   75   72   69   63   55   49   48
   47   49   51   54   57   60   61   62   62   63   64   64   65   65   66   67
   67   68   68   67   65   62   59   56   53   51   49   47   43   38   34   32
   32   32   33   33   34   35   37   41   46
    42.5-180.0 180.0   5.0 450.0                            LAT/LON1/LON2/DLON/H
   49   54   59   65   71   76   81   87   92   94   95   94   93   90   88   86
   84   84   83   83   83   83   84   84   85   84   80   75   69   60   55   54
   53   55   58   61   64   66   67   66   66   66   66   67   68   69   70   72
   73   75   75   74   71   67   63   59   57   54   52   49   45   40   36   34
   33   34   35   35   36   37   40   44   49
    40.0-180.0 180.0   5.0 450.0                            LAT/LON1/LON2/DLON/H
   53   57   61   65   71   77   83   89   96  100  102  102  101   99   96   94
   92   90   89   89   89   89   91   93   93   91   86   79   72   65   61   59
   59   61   64   67   69   70   71   70   69   68   68   69   70   71   73   75
   77   80   80   78   75   71   66   62   59   57   54   51   47   42   38   36
   36   36   37   38   39   41   44   49   53
    37.5-180.0 180.0   5.0 450.0                            LAT/LON1/LON2/DLON/H
   57   61   63   67   71   77   84   91   98  104  107  108  108  107  105  103
  100   98   96   94   94   95   97   99   99   96   91   83   75   68   65   62
   63   66   68   71   73   74   73   72   71   70   70   71   72   73   75   77
   79   81   81   80   77   72   67   62   59   57   55   51   48   44   41   39
   39   39   40   41   43   45   49   53   57
    35.0-180.0 180.0   5.0 450.0                            LAT/LON1/LON2/DLON/H
   62   65   66   69   72   78   85   93   99  105  109  112  113  114  113  111
  109  106  103  101  100  100  102  103  104  101   95   87   77   71   67   66
   68   70   73   75   76   75   75   73   72   72   72   73   74   75   75   76
   78   79   79   77   75   71   66   61   58   57   55   52   49   45   43   42
   42   42   43   44   46   49   54   59   62
    32.5-180.0 180.0   5.0 450.0                            LAT/LON1/LON2/DLON/H
   67   69   70   71   74   78   85   92  100  106  110  114  117  119  119  119
  117  114  111  108  106  104  105  107  107  104   99   90   81   74   71   70
   72   75   77   78   78   77   76   74   73   73   74   75   77   76   74   74
   74   74   74   72   70   66   63   59   57   55   53   51   49   47   45   44
   44   44   45   46   49   53   58   63   67
    30.0-180.0 180.0   5.0 450.0                            LAT/LON1/LON2/DLON/H
   72   74   74   75   77   80   86   92   99  105  110  114  119  121  123  123
  123  121  118  114  111  107  106  107  107  105  101   93   86   80   77   77
   79   82   82   82   80   78   76   74   74   75   76   76   77   75   72   70
   69   69   68   66   64   62   59   57   55   53   52   50   49   47   46   44
   44   44   45   47   50   55   61   67   72
    27.5-180.0 180.0   5.0 450.0                            LAT/LON1/LON2/DLON/H
   76   78   79   79   81   84   87   92   98  104  108  113  118  122  125  126
  126  126  123  119  114  109  107  106  106  105  102   97   92   86   84   85
   87   87   86   84   81   78   76   75   75   75   75   76   75   73   69   66
   64   62   61   59   58   57   56   54   52   51   50   49   47   46   45   43
   43   43   43   46   50   56   63   70   76
    25.0-180.0 180.0   5.0 450.0                            LAT/LON1/LON2/DLON/H
   79   83   85   86   87   89   91   95   99  104  107  112  117  121  124  126
  128  129  126  122  116  111  108  107  107  106  105  103   99   95   94   95
   95   92   89   86   82   79   76   74   74   74   74   74   72   69   65   61
   59   56   54   52   52   52   52   50   49   47   47   46   44   43   43   41
   40   40   41   45   50   57   64   72   79
    22.5-180.0 180.0   5.0 450.0                            LAT/LON1/LON2/DLON/H
   82   88   92   93   94   96   98  100  103  106  109  113  117  121  124  125
  127  129  127  124  118  112  109  108  109  110  109  110  109  107  106  104
  103   98   93   88   83   78   76   74   72   73   72   70   67   64   60   55
   52   51   49   48   48   48   48   47   46   45   44   43   42   40   39   38
   37   36   38   43   50   58   66   74   82
    20.0-180.0 180.0   5.0 450.0                            LAT/LON1/LON2/DLON/H
   85   92   98  101  103  105  107  109  110  113  117  119  122  124  124  124
  126  129  129  126  120  115  112  112  114  116  116  118  119  119  118  115
  111  104   97   91   82   77   74   72   70   69   68   66   61   57   53   50
   49   47   47   47   48   47   47   46   44   44   42   41   39   38   36   35
   34   34   36   42   50   59   67   76   85
    17.5-180.0 180.0   5.0 450.0                            LAT/LON1/LON2/DLON/H
   87   96  103  109  113  115  119  120  122  125  130  131  132  133  131  129
  130  132  132  130  124  120  118  120  123  124  126  127  129  130  130  127
  121  111  102   93   84   75   71   70   68   65   63   59   55   51   48   47
   47   48   48   49   49   48   47   46   44   43   41   39   38   36   34   32
   31   32   36   43   52   61   70   78   87
    15.0-180.0 180.0   5.0 450.0                            LAT/LON1/LON2/DLON/H
   91   99  108  116  122  126  130  132  136  141  147  149  149  149  148  143
  141  142  142  140  135  131  129  131  135  137  137  138  140  141  142  139
  131  120  107   95   84   75   70   68   65   62   59   54   49   46   45   46
   48   50   51   51   51   50   48   46   44   42   40   38   36   35   33   31
   30   32   38   46   56   65   73   82   91
    12.5-180.0 180.0   5.0 450.0                            LAT/LON1/LON2/DLON/H
   95  103  113  122  130  136  141  144  151  159  167  173  174  175  175  168
  162  162  159  157  152  147  146  148  150  153  151  149  150  151  153  149
  139  126  112   99   87   76   70   67   64   60   55   50   45   43   43   46
   49   52   54   54   52   50   48   45   44   42   39   37   36   34   32   31
   30   33   40   49   60   69   78   86   95
    10.0-180.0 180.0   5.0 450.0                            LAT/LON1/LON2/DLON/H
  100  109  118  128  138  146  151  156  165  176  188  197  202  205  206  200
  191  189  187  183  176  169  167  167  168  168  165  159  158  160  161  157
  146  132  118  104   91   79   73   68   65   61   56   50   45   43   44   47
   51   53   55   55   52   50   47   45   43   41   38   35   35   34   32   30
   30   34   43   53   65   74   82   92  100
     7.5-180.0 180.0   5.0 450.0                            LAT/LON1/LON2/DLON/H
  105  114  123  135  145  155  161  167  176  190  205  217  225  231  233  229
  223  222  220  214  205  195  191  188  187  183  176  168  165  166  167  163
  153  139  125  111   97   86   79   74   70   66   59   53   48   47   48   51
   54   55   56   55   52   49   46   45   43   40   37   35   35   34   33   31
   31   36   45   56   69   78   87   96  105
     5.0-180.0 180.0   5.0 450.0                            LAT/LON1/LON2/DLON/H
  109  118  128  140  151  163  170  176  184  199  216  230  240  250  254  255
  251  252  252  244  234  222  215  210  205  199  188  176  172  172  173  168
  159  145  132  118  104   95   88   82   78   72   65   59   55   55   55   56
   58   57   57   55   52   49   47   46   44   41   38   36   36   36   35   33
   33   37   47   59   70   81   90   99  109
     2.5-180.0 180.0   5.0 450.0                            LAT/LON1/LON2/DLON/H
  111  122  133  145  156  169  177  182  189  202  218  233  246  256  264  269
  271  275  274  266  256  244  236  229  222  213  200  186  179  178  177  173
  164  152  139  126  114  104   97   92   87   80   74   69   66   66   66   65
   64   61   59   56   53   50   48   47   45   42   40   37   38   38   37   35
   35   39   49   61   72   82   91  101  111
