DORISInput/IGSGIM/2019/igsg3390.19i
     1.0            IONOSPHERE MAPS     MIX                 IONEX VERSION / TYPE
cmpcmb v1.2          GRL/UWM            23-dec-19 15:00     PGM / RUN BY / DATE 
ionex file containing IGS COMBINED Ionosphere maps          COMMENT             
global ionosphere maps for day 339, 2019                    DESCRIPTION         
IONEX file containing the COMBINED IGS TEC MAPS and DCBs    DESCRIPTION         
      IONEX files of the following IAACs were combined: cod DESCRIPTION         
                                                        esa DESCRIPTION         
                                                        jpl DESCRIPTION         
                                                        upc DESCRIPTION         
Contact address: Andrzej Krankowski                         DESCRIPTION
                 Geodynamics Research Laboratory            DESCRIPTION
                 University of Warmia and Mazury (GRL/UWM)  DESCRIPTION
                 Oczapowski St. 1                           DESCRIPTION
                 10-957-Olsztyn, POLAND                     DESCRIPTION
                 e-mail:  kand@uwm.edu.pl                   DESCRIPTION
                                                            DESCRIPTION         
  2019    12     5     0     0     0                        EPOCH OF FIRST MAP  
  2019    12     6     0     0     0                        EPOCH OF LAST MAP   
  7200                                                      INTERVAL            
    13                                                      # OF MAPS IN FILE   
  COSZ                                                      MAPPING FUNCTION    
     0.0                                                    ELEVATION CUTOFF    
combined TEC calculated as weighted mean of input TEC valuesOBSERVABLES USED    
   404                                                      # OF STATIONS       
    32                                                      # OF SATELLITES     
  6371.0                                                    BASE RADIUS         
     2                                                      MAP DIMENSION       
   450.0 450.0   0.0                                        HGT1 / HGT2 / DHGT  
    87.5 -87.5  -2.5                                        LAT1 / LAT2 / DLAT  
  -180.0 180.0   5.0                                        LON1 / LON2 / DLON  
    -1                                                      EXPONENT            
TEC values in 0.1 tec units;  9999, if no value available   COMMENT             
DCB values in nanoseconds, reference is Sum_of_SatDCBs = 0  COMMENT             
                                                            END OF HEADER       
[from data line 858]
     3                                                      START OF TEC MAP    
  2019    12     5     4     0     0                        EPOCH OF CURRENT MAP
    87.5-180.0 180.0   5.0 450.0                            LAT/LON1/LON2/DLON/H
   15   15   16   15   16   15   15   15   15   15   15   14   14   14   13   13
   13   12   12   12   11   11   10   10   10   10   10   10   10   10   10   10
   11   11   11   11   11   11   11   11   11   12   12   12   12   12   12   12
   12   13   13   13   13   13   13   13   13   13   13   13   14   14   14   14
   14   14   14   14   15   15   15   15   15
    85.0-180.0 180.0   5.0 450.0                            LAT/LON1/LON2/DLON/H
   18   18   18   18   19   19   18   18   18   17   17   16   15   14   14   13
   12   11   10   10    9    9    8    7    7    7    7    7    7    7    7    8
    8    9    9   10   10   10   11   11   11   12   12   12   12   12   12   12
   12   12   12   12   13   13   13   13   13   12   12   13   13   14   14   14
   14   15   15   16   16   17   17   17   18
    82.5-180.0 180.0   5.0 450.0                            LAT/LON1/LON2/DLON/H
   19   20   20   20   21   21   21   21   21   21   20   19   17   16   15   14
   12   11    9    8    7    6    5    4    4    4    5    5    6    6    6    7
    8    9    9   10   11   12   12   12   12   12   12   12   12   11   12   12
   12   12   11   12   12   12   11   11   11   11   11   11   12   12   13   13
   14   14   14   15   16   16   17   18   19
    80.0-180.0 180.0   5.0 450.0                            LAT/LON1/LON2/DLON/H
   17   18   19   20   21   22   22   22   22   21   21   20   19   18   16   14
   12   10    8    7    6    6    5    5    5    5    5    5    6    6    7    7
    8   10   11   12   12   12   12   12   12   12   12   11   10   10   10   10
   10   10   10   10   10   10   10   11   11   11   11   11   12   12   12   12
   13   13   14   14   15   15   16   17   17
    77.5-180.0 180.0   5.0 450.0                            LAT/LON1/LON2/DLON/H
   16   16   17   18   19   20   21   22   22   23   22   21   20   19   17   14
   11    9    7    6    6    5    3    4    4    5    5    6    6    7    7    8
    9   10   11   12   12   13   12   12   12   11   10   10    9    9    8    8
    8    8    8    9    9   10   11   11   12   12   13   13   13   13   13   13
   14   14   14   14   14   14   15   15   16
    75.0-180.0 180.0   5.0 450.0                            LAT/LON1/LON2/DLON/H
   14   14   15   15   16   17   18   19   20   20   21   21   20   19   17   16
   13   10    8    7    6    5    5    5    5    6    7    6    7    8    9   10
   11   11   12   12   12   12   12   11   10   10    9    8    8    8    8    8
    8    8    9   10   11   12   13   14   15   16   17   17   17   17   17   17
   17   16   17   16   15   14   14   14   14
    72.5-180.0 180.0   5.0 450.0                            LAT/LON1/LON2/DLON/H
   14   13   13   12   13   14   15   16   17   18   18   19   19   19   17   16
   14   12   10    8    7    7    6    5    5    7    8    9    9   10   11   12
   12   13   12   12   11   11   10   10    9    8    8    7    7    7    8    8
    9   10   11   12   14   16   18   20   21   22   22   23   24   23   23   23
   22   21   21   19   18   17   16   14   14
    70.0-180.0 180.0   5.0 450.0                            LAT/LON1/LON2/DLON/H
   15   13   12   12   11   11   11   12   14   14   15   16   17   17   16   16
   14   13   11   11   10   10    9    9    9   10   11   12   12   12   12   12
   12   12   11   10    9    8    8    8    7    7    7    7    7    7    8    9
   10   12   14   16   19   22   25   26   28   29   30   30   31   31   31   30
   30   28   27   26   23   21   19   17   15
    67.5-180.0 180.0   5.0 450.0                            LAT/LON1/LON2/DLON/H
   18   15   14   13   12   11   10   10   11   12   12   13   14   14   14   14
   14   14   13   13   13   13   13   13   12   13   13   13   13   13   12   12
   11   10    9    8    8    7    7    7    7    7    7    7    8    8    9   11
   12   15   18   22   25   28   31   33   35   37   38   38   38   38   38   37
   36   35   33   31   29   26   24   21   18
    65.0-180.0 180.0   5.0 450.0                            LAT/LON1/LON2/DLON/H
   23   20   17   14   13   12   11   10   10   10   11   11   11   11   12   13
   13   13   13   14   15   15   16   16   16   15   14   14   13   12   11   10
   10    9    8    7    7    7    7    7    8    8    8    9   10   11   13   14
   16   19   23   27   31   34   37   39   42   43   44   44   45   44   44   43
   42   41   39   37   35   32   29   27   23
    62.5-180.0 180.0   5.0 450.0                            LAT/LON1/LON2/DLON/H
   30   26   23   20   17   15   13   12   11   10   10   10    9   10   10   11
   11   12   13   15   16   16   17   18   17   15   13   13   11   11    9    9
   10   10    9    8    7    8    8    9   10   11   13   14   16   17   18   20
   22   24   28   32   36   39   42   44   46   48   48   49   49   49   48   47
   46   45   43   41   39   37   35   33   30
    60.0-180.0 180.0   5.0 450.0                            LAT/LON1/LON2/DLON/H
   36   33   30   26   22   19   17   15   14   12   11   10    9    9    9   10
   10   12   13   14   15   16   16   16   16   14   12   12   11   11   10   10
   11   12   11   10   10   10   11   13   15   17   20   22   23   24   25   26
   28   31   34   37   41   44   46   48   49   51   51   52   53   52   52   51
   50   48   46   45   43   42   40   38   36
    57.5-180.0 180.0   5.0 450.0                            LAT/LON1/LON2/DLON/H
   41   39   36   32   29   25   23   21   19   16   14   13   11   10   10   10
   11   12   12   13   12   13   14   15   15   13   13   12   13   13   13   13
   15   16   16   16   15   15   16   19   22   26   29   30   32   32   32   33
   35   37   41   43   45   48   49   51   52   53   54   54   55   55   54   54
   52   51   49   48   46   45   44   43   41
    55.0-180.0 180.0   5.0 450.0                            LAT/LON1/LON2/DLON/H
   46   44   41   38   35   31   28   27   24   21   19   16   14   13   12   12
   12   13   13   12   11   11   12   13   13   14   14   15   16   16   18   20
   22   23   23   22   22   21   23   26   30   34   37   39   39   40   40   41
   43   45   46   49   50   52   53   54   54   55   55   56   57   57   57   56
   54   53   52   51   50   49   48   47   46
    52.5-180.0 180.0   5.0 450.0                            LAT/LON1/LON2/DLON/H
   50   47   45   42   40   37   34   32   30   27   24   21   19   16   16   15
   15   15   14   12   11   11   11   13   15   16   18   19   21   24   26   29
   31   32   32   30   29   29   30   33   37   42   45   46   47   47   47   49
   51   52   53   54   56   56   56   57   57   57   58   59   60   61   60   60
   58   57   55   54   53   52   52   50   50
    50.0-180.0 180.0   5.0 450.0                            LAT/LON1/LON2/DLON/H
   52   51   48   46   44   42   40   38   36   33   30   27   24   22   20   19
   19   18   17   15   13   13   14   16   19   21   24   27   31   33   36   39
   41   42   41   38   36   35   37   40   44   48   51   52   52   52   54   56
   58   59   59   60   60   60   61   61   61   60   61   63   64   64   65   64
   63   61   60   59   58   57   56   54   52
    47.5-180.0 180.0   5.0 450.0                            LAT/LON1/LON2/DLON/H
   55   53   51   49   48   46   44   44   42   39   36   34   31   28   26   25
   24   23   22   20   19   19   20   23   27   32   35   39   42   44   46   49
   50   50   48   45   42   42   42   45   49   53   55   56   56   57   60   63
   65   66   66   66   65   65   65   65   65   65   66   67   68   69   69   69
   67   66   65   64   63   62   59   57   55
    45.0-180.0 180.0   5.0 450.0                            LAT/LON1/LON2/DLON/H
   57   55   53   52   50   50   49   48   47   45   44   41   39   36   33   31
   30   30   29   29   28   29   32   36   40   45   49   52   53   55   55   55
   56   55   53   50   47   46   47   50   53   56   58   58   59   61   65   69
   72   74   73   72   71   70   70   70   70   70   71   72   73   74   74   73
   72   71   70   69   68   66   63   60   57
    42.5-180.0 180.0   5.0 450.0                            LAT/LON1/LON2/DLON/H
   60   56   54   53   52   53   52   52   51   51   51   49   47   44   40   38
   37   37   37   39   40   43   46   51   55   60   63   64   63   63   61   61
   60   60   57   54   51   50   50   53   55   58   59   59   61   65   71   77
   80   81   80   78   76   76   75   75   75   75   76   77   78   79   79   78
   76   75   74   74   72   70   67   63   60
    40.0-180.0 180.0   5.0 450.0                            LAT/LON1/LON2/DLON/H
   61   58   55   54   54   54   54   55   55   57   58   57   55   52   48   45
   44   45   47   51   54   58   61   65   69   73   73   73   70   68   65   63
   63   62   60   56   54   53   53   55   57   59   61   62   64   70   77   84
   88   88   86   83   80   80   79   80   80   81   81   82   83   84   84   82
   80   78   77   77   76   74   70   66   61
    37.5-180.0 180.0   5.0 450.0                            LAT/LON1/LON2/DLON/H
   64   60   57   55   55   55   56   57   59   61   63   64   62   59   56   53
   51   53   57   62   66   71   75   78   80   82   79   77   73   69   66   63
   63   63   61   58   55   54   55   57   59   61   62   64   68   75   83   90
   93   93   89   86   83   82   83   84   85   85   86   87   88   89   88   87
   84   82   81   80   79   76   73   68   64
    35.0-180.0 180.0   5.0 450.0                            LAT/LON1/LON2/DLON/H
   66   62   59   56   56   56   57   58   61   65   67   69   69   67   64   61
   60   62   65   71   77   81   85   87   87   86   82   77   73   68   64   62
   62   61   60   58   57   56   56   58   59   61   63   65   71   80   88   95
   97   96   92   88   85   85   85   87   88   90   91   92   93   94   94   93
   90   87   85   84   82   80   76   71   66
    32.5-180.0 180.0   5.0 450.0                            LAT/LON1/LON2/DLON/H
   69   64   61   58   56   56   57   58   62   66   70   73   74   73   71   69
   67   69   72   77   82   87   89   90   88   85   79   73   68   65   62   60
   60   60   60   59   57   56   56   58   59   61   63   67   74   84   92   98
  100   98   93   90   88   87   88   90   92   94   95   97   99  101  101  100
   98   95   92   90   88   84   80   75   69
    30.0-180.0 180.0   5.0 450.0                            LAT/LON1/LON2/DLON/H
   74   69   65   60   57   56   56   57   61   65   70   74   77   78   76   75
   74   75   77   81   84   87   88   87   84   80   73   68   64   61   59   58
   59   59   59   58   57   55   55   56   58   60   62   68   76   86   95  100
  101   99   96   93   92   91   93   95   97   99  101  104  107  110  111  112
  110  107  104  101   97   92   87   80   74
    27.5-180.0 180.0   5.0 450.0                            LAT/LON1/LON2/DLON/H
   81   75   69   63   59   56   56   56   59   63   69   74   78   80   80   79
   78   78   79   81   83   83   83   80   77   73   67   62   59   58   57   57
   57   58   58   57   55   54   54   54   56   58   61   67   76   87   96  102
  103  101  100   99   98   98   99  101  103  106  109  113  118  121  124  126
  127  124  121  116  111  104   96   89   81
    25.0-180.0 180.0   5.0 450.0                            LAT/LON1/LON2/DLON/H
   91   85   77   68   62   58   56   56   58   61   67   72   77   80   81   81
   80   79   78   79   79   78   76   73   70   65   61   58   57   56   56   56
   56   57   57   55   53   51   50   51   52   55   59   66   76   87   97  103
  105  106  105  106  106  106  107  109  112  116  120  126  131  136  141  144
  146  144  140  134  128  119  110  100   91
    22.5-180.0 180.0   5.0 450.0                            LAT/LON1/LON2/DLON/H
  104   94   84   75   67   63   60   59   59   61   65   70   75   78   79   78
   78   77   76   75   73   71   70   68   65   62   59   57   56   56   56   56
   55   55   55   53   51   49   48   47   49   51   55   64   75   87   97  104
  108  112  114  116  117  117  118  119  123  129  134  141  148  154  160  165
  167  165  162  154  147  137  126  115  104
    20.0-180.0 180.0   5.0 450.0                            LAT/LON1/LON2/DLON/H
  117  105   93   85   76   70   66   65   63   63   66   70   73   75   75   74
   73   73   71   70   68   66   66   65   64   62   60   58   57   57   57   55
   55   54   53   52   50   47   45   44   44   46   52   62   74   87   98  106
  113  119  124  128  131  130  132  134  138  143  150  158  165  171  178  185
  188  188  182  174  166  154  142  130  117
    17.5-180.0 180.0   5.0 450.0                            LAT/LON1/LON2/DLON/H
  131  116  103   94   85   80   75   73   70   68   68   70   71   72   71   70
   69   68   67   65   64   64   65   66   67   65   64   62   60   59   58   57
   55   53   52   50   48   44   42   40   40   42   49   60   74   88  100  111
  119  128  136  143  146  147  148  150  152  158  165  174  183  188  195  203
  206  206  200  192  183  170  159  146  131
    15.0-180.0 180.0   5.0 450.0                            LAT/LON1/LON2/DLON/H
  145  128  113  103   96   90   85   81   78   74   71   71   71   70   68   66
   66   65   64   63   63   65   67   70   71   71   69   67   64   61   60   58
   55   52   50   48   45   42   39   37   37   40   47   60   75   90  104  117
  128  139  148  156  159  161  162  165  167  172  178  188  197  202  209  215
  218  218  211  205  195  183  172  162  145
    12.5-180.0 180.0   5.0 450.0                            LAT/LON1/LON2/DLON/H
  157  138  124  113  106  100   95   90   85   80   76   74   73   70   67   66
   66   65   64   64   66   69   73   75   77   76   75   72   67   64   61   58
   54   51   48   45   42   40   37   36   36   39   48   62   79   94  109  124
  136  148  158  167  170  172  173  176  178  182  188  196  204  211  216  221
  223  223  217  212  204  195  185  173  157
    10.0-180.0 180.0   5.0 450.0                            LAT/LON1/LON2/DLON/H
  168  150  134  125  117  111  105   99   93   86   81   78   75   72   70   69
   68   67   66   67   71   76   80   82   82   81   79   74   70   65   61   57
   53   49   45   42   40   38   36   35   36   41   51   66   83  100  115  130
  143  155  165  172  176  178  180  182  185  188  192  199  206  212  217  220
  223  222  219  214  208  203  194  182  168
     7.5-180.0 180.0   5.0 450.0                            LAT/LON1/LON2/DLON/H
  177  160  146  135  128  120  114  107  100   92   87   82   79   76   75   75
   74   72   72   73   79   84   88   89   86   83   79   74   69   64   60   56
   52   48   44   41   39   37   37   37   38   44   55   71   89  106  120  134
  147  158  167  172  176  181  184  186  188  190  193  199  205  210  214  217
  218  218  216  213  209  206  200  189  177
     5.0-180.0 180.0   5.0 450.0                            LAT/LON1/LON2/DLON/H
  183  169  156  144  136  128  121  114  106   98   91   87   84   82   83   83
   83   81   79   81   87   93   95   93   87   82   77   72   68   63   59   55
   51   47   43   41   39   39   38   39   41   48   61   77   94  110  123  135
  146  156  164  169  174  179  184  188  189  190  193  198  203  207  211  214
  215  214  212  210  208  206  203  195  183
     2.5-180.0 180.0   5.0 450.0                            LAT/LON1/LON2/DLON/H
  187  174  161  150  141  134  127  119  111  102   96   92   90   91   94   95
   94   91   88   90   94   99   99   95   86   79   73   70   67   63   59   55
   51   47   43   41   40   40   41   42   45   53   66   81   97  111  123  134
  144  153  159  164  169  175  181  186  188  189  192  197  201  205  209  213
  215  215  212  208  206  206  204  197  187
