DORISInput/IGSGIM/2019/igsg3400.19i
     1.0            IONOSPHERE MAPS     MIX                 IONEX VERSION / TYPE
cmpcmb v1.2          GRL/UWM            23-dec-19 15:05     PGM / RUN BY / DATE 
ionex file containing IGS COMBINED Ionosphere maps          COMMENT             
global ionosphere maps for day 340, 2019                    DESCRIPTION         
IONEX file containing the COMBINED IGS TEC MAPS and DCBs    DESCRIPTION         
      IONEX files of the following IAACs were combined: cod DESCRIPTION         
                                                        esa DESCRIPTION         
                                                        jpl DESCRIPTION         
                                                        upc DESCRIPTION         
Contact address: Andrzej Krankowski                         DESCRIPTION
                 Geodynamics Research Laboratory            DESCRIPTION
                 University of Warmia and Mazury (GRL/UWM)  DESCRIPTION
                 Oczapowski St. 1                           DESCRIPTION
                 10-957-Olsztyn, POLAND                     DESCRIPTION
                 e-mail:  kand@uwm.edu.pl                   DESCRIPTION
                                                            DESCRIPTION         
  2019    12     6     0     0     0                        EPOCH OF FIRST MAP  
  2019    12     7     0     0     0                        EPOCH OF LAST MAP   
  7200                                                      INTERVAL            
    13                                                      # OF MAPS IN FILE   
  COSZ                                                      MAPPING FUNCTION    
     0.0                                                    ELEVATION CUTOFF    
combined TEC calculated as weighted mean of input TEC valuesOBSERVABLES USED    
   393                                                      # OF STATIONS       
    32                                                      # OF SATELLITES     
  6371.0                                                    BASE RADIUS         
     2                                                      MAP DIMENSION       
   450.0 450.0   0.0                                        HGT1 / HGT2 / DHGT  
    87.5 -87.5  -2.5                                        LAT1 / LAT2 / DLAT  
  -180.0 180.0   5.0                                        LON1 / LON2 / DLON  
    -1                                                      EXPONENT            
TEC values in 0.1 tec units;  9999, if no value available   COMMENT             
DCB values in nanoseconds, reference is Sum_of_SatDCBs = 0  COMMENT             
                                                            END OF HEADER       
[from data line 4290]
    11                                                      START OF TEC MAP    
  2019    12     6    20     0     0                        EPOCH OF CURRENT MAP
    87.5-180.0 180.0   5.0 450.0                            LAT/LON1/LON2/DLON/H
   17   17   17   17   17   18   18   18   18   19   18   18   19   19   19   20
   20   20   20   20   20   20   20   20   20   20   20   20   20   19   19   19
   19   19   19   18   18   18   18   18   18   18   18   18   18   18   17   17
   17   17   16   16   16   16   15   15   15   15   15   15   15   15   15   15
   15   15   16   16   16   16   16   17   17
    85.0-180.0 180.0   5.0 450.0                            LAT/LON1/LON2/DLON/H
   17   17   17   18   18   18   19   20   20   21   21   21   22   22   22   22
   22   22   23   23   23   23   23   23   23   22   22   21   21   21   21   21
   21   20   20   19   20   19   19   19   19   18   18   18   18   18   17   17
   17   17   17   17   16   16   16   15   15   15   15   15   15   15   16   16
   16   16   16   16   16   16   17   17   17
    82.5-180.0 180.0   5.0 450.0                            LAT/LON1/LON2/DLON/H
   17   18   18   19   19   20   21   21   22   22   23   23   23   24   24   24
   24   24   24   23   24   25   25   24   24   24   23   23   22   22   22   21
   21   21   21   20   20   20   20   19   19   19   19   18   18   18   18   18
   18   17   17   17   17   17   17   16   16   16   16   16   16   16   16   16
   16   16   16   16   16   17   16   17   17
    80.0-180.0 180.0   5.0 450.0                            LAT/LON1/LON2/DLON/H
   17   18   18   19   20   21   23   23   24   25   25   26   26   27   27   28
   27   27   27   26   25   24   25   25   25   24   23   23   23   22   22   22
   21   21   20   20   20   20   19   19   19   19   18   18   18   18   18   18
   18   18   18   18   19   19   19   19   18   18   18   18   18   18   18   17
   17   17   16   17   16   16   16   17   17
    77.5-180.0 180.0   5.0 450.0                            LAT/LON1/LON2/DLON/H
   16   16   17   18   20   21   22   24   25   26   27   28   29   31   31   31
   31   31   31   30   29   29   29   28   26   25   25   24   23   22   21   22
   22   22   21   21   21   20   20   19   19   18   18   18   18   17   17   18
   18   19   20   20   20   20   20   20   19   19   19   19   19   19   18   17
   17   17   17   16   16   15   15   16   16
    75.0-180.0 180.0   5.0 450.0                            LAT/LON1/LON2/DLON/H
   14   14   15   17   18   20   22   24   26   28   30   31   33   34   34   35
   36   35   34   34   32   30   30   28   26   24   23   22   22   22   21   20
   20   20   20   20   19   19   19   19   18   17   17   18   18   17   17   17
   17   18   19   19   20   20   20   20   20   20   20   20   20   19   18   18
   17   17   17   16   15   14   14   14   14
    72.5-180.0 180.0   5.0 450.0                            LAT/LON1/LON2/DLON/H
   13   13   14   16   19   21   23   26   29   30   32   34   35   37   38   39
   40   39   38   35   34   32   30   29   25   24   21   21   20   20   19   19
   18   17   18   17   17   16   16   16   16   15   15   15   15   15   15   15
   16   16   17   18   18   18   19   19   19   19   19   19   19   19   18   18
   17   17   17   16   15   14   13   13   13
    70.0-180.0 180.0   5.0 450.0                            LAT/LON1/LON2/DLON/H
   14   15   16   18   21   23   27   29   31   34   36   38   39   41   42   43
   42   42   40   37   36   34   32   29   25   22   21   19   18   19   17   16
   15   15   14   15   15   14   14   13   13   13   13   13   12   12   13   13
   14   15   16   16   17   17   18   18   18   18   18   18   18   18   19   18
   19   19   18   18   17   16   15   14   14
    67.5-180.0 180.0   5.0 450.0                            LAT/LON1/LON2/DLON/H
   17   18   21   23   26   29   31   34   36   38   40   42   43   44   46   46
   46   45   43   41   38   35   32   29   25   22   19   17   15   16   16   13
   12   11   10   11   12   11   11   11   11   12   12   12   12   12   12   13
   13   14   15   16   16   17   17   17   17   17   17   18   18   18   19   20
   21   22   22   23   21   20   18   18   17
    65.0-180.0 180.0   5.0 450.0                            LAT/LON1/LON2/DLON/H
   23   25   28   31   34   37   39   41   42   43   45   45   47   48   49   49
   49   48   47   45   41   37   33   30   25   22   19   17   15   13   13   12
   10    9    9    9    9    9    9   10   10   11   11   12   13   13   13   14
   14   15   16   17   17   17   17   17   16   17   17   18   19   20   21   22
   25   26   27   27   26   25   23   22   23
    62.5-180.0 180.0   5.0 450.0                            LAT/LON1/LON2/DLON/H
   29   32   36   40   44   46   49   49   50   50   50   51   51   52   53   53
   53   52   51   48   44   40   36   31   27   24   21   19   16   14   12   12
   10    9    9    9    9    9   10   11   11   12   13   14   15   16   16   17
   17   18   19   18   19   18   18   18   17   18   19   20   21   23   24   26
   29   31   32   32   32   30   29   28   29
    60.0-180.0 180.0   5.0 450.0                            LAT/LON1/LON2/DLON/H
   36   39   44   50   54   57   59   59   58   57   56   56   56   56   56   57
   57   56   54   51   47   44   39   36   32   29   25   22   20   17   14   13
   12   12   11   11   11   11   11   12   13   15   17   18   19   20   20   21
   21   22   22   22   21   21   20   20   20   21   22   23   25   27   29   31
   34   36   37   37   37   36   34   34   36
    57.5-180.0 180.0   5.0 450.0                            LAT/LON1/LON2/DLON/H
   43   47   52   59   62   67   69   69   67   65   63   61   61   60   61   61
   60   59   57   54   51   47   43   39   37   34   30   27   25   22   19   17
   16   16   15   15   14   14   15   17   18   20   22   23   25   25   26   26
   26   27   27   26   26   25   25   25   26   26   27   28   30   32   33   35
   38   40   42   42   43   42   41   42   43
    55.0-180.0 180.0   5.0 450.0                            LAT/LON1/LON2/DLON/H
   51   54   59   66   70   74   77   78   76   73   70   67   66   65   64   64
   63   61   60   57   54   51   47   45   42   40   36   34   31   28   25   24
   22   22   21   21   20   20   21   23   25   26   28   29   30   31   32   32
   32   33   33   33   33   33   32   31   32   33   34   34   35   37   38   39
   41   43   45   46   47   48   48   49   51
    52.5-180.0 180.0   5.0 450.0                            LAT/LON1/LON2/DLON/H
   57   60   66   72   77   80   83   85   83   80   77   73   71   69   68   66
   65   64   62   60   58   55   52   51   49   47   44   41   38   34   32   30
   29   29   29   28   27   28   29   30   32   33   35   35   37   38   38   39
   39   40   40   41   40   40   39   38   38   39   40   41   41   40   40   41
   42   43   45   47   49   50   52   54   57
    50.0-180.0 180.0   5.0 450.0                            LAT/LON1/LON2/DLON/H
   60   65   70   76   81   85   88   90   90   87   84   80   76   73   71   70
   68   66   65   64   62   61   60   59   58   56   52   50   46   43   39   37
   36   36   36   36   36   36   38   39   39   40   41   42   43   44   44   45
   45   47   48   48   48   47   46   45   44   45   45   45   44   43   42   42
   42   42   44   46   49   51   54   57   60
    47.5-180.0 180.0   5.0 450.0                            LAT/LON1/LON2/DLON/H
   63   68   73   79   84   88   91   94   95   93   91   87   83   79   76   73
   71   70   68   69   68   69   70   70   69   66   63   60   56   50   45   43
   41   43   43   43   44   45   47   47   47   47   48   48   49   49   49   50
   51   53   54   55   54   53   52   51   49   48   48   47   46   44   43   42
   42   42   43   46   48   50   55   59   63
    45.0-180.0 180.0   5.0 450.0                            LAT/LON1/LON2/DLON/H
   66   71   75   80   85   89   93   96   98   99   97   93   89   85   81   78
   76   75   74   76   77   80   82   82   81   78   74   69   63   56   50   48
   46   48   49   51   52   54   55   54   54   53   53   53   53   53   54   55
   56   58   59   60   60   59   57   55   53   51   51   49   48   46   44   43
   42   42   43   45   47   49   54   59   66
    42.5-180.0 180.0   5.0 450.0                            LAT/LON1/LON2/DLON/H
   67   72   76   80   85   89   93   97  100  102  102   99   95   91   87   85
   82   81   82   84   88   92   95   96   94   90   83   75   67   59   54   51
   50   52   55   57   59   61   60   60   59   59   58   57   57   57   58   60
   61   63   63   64   64   62   59   57   55   53   52   51   49   47   46   44
   43   43   44   44   46   49   54   60   67
    40.0-180.0 180.0   5.0 450.0                            LAT/LON1/LON2/DLON/H
   68   73   77   81   84   87   91   96  101  105  106  104  101   97   93   91
   89   89   90   94   99  104  107  107  106  101   92   82   71   62   58   55
   55   56   60   63   65   66   66   65   64   63   62   61   60   61   62   64
   64   66   66   65   64   63   60   57   55   53   52   50   49   48   47   46
   46   45   46   46   47   51   56   62   68
    37.5-180.0 180.0   5.0 450.0                            LAT/LON1/LON2/DLON/H
   70   74   77   80   82   84   89   96  102  107  109  109  107  104  100   97
   96   96   99  103  109  114  117  118  115  109  100   88   76   66   61   59
   60   62   65   68   70   70   69   67   66   65   64   64   64   64   65   66
   66   66   65   64   63   61   59   56   55   53   51   49   48   47   47   48
   48   48   48   48   50   54   59   65   70
    35.0-180.0 180.0   5.0 450.0                            LAT/LON1/LON2/DLON/H
   72   76   78   80   81   83   87   94  102  108  111  113  112  110  107  105
  103  103  106  111  117  122  125  125  121  115  105   94   83   73   67   65
   66   67   70   73   73   72   70   69   69   68   67   67   67   67   67   67
   66   64   63   61   60   59   57   55   54   52   50   48   46   46   47   49
   50   51   51   52   55   58   63   68   72
    32.5-180.0 180.0   5.0 450.0                            LAT/LON1/LON2/DLON/H
   76   79   81   82   82   83   87   94  101  107  112  115  116  116  114  112
  111  112  114  118  124  129  131  129  124  118  109   99   90   81   76   73
   73   75   77   78   77   75   72   71   70   70   69   70   69   69   68   67
   65   62   60   59   57   57   55   54   53   51   49   46   45   45   47   48
   51   53   53   56   59   63   67   72   76
    30.0-180.0 180.0   5.0 450.0                            LAT/LON1/LON2/DLON/H
   80   82   84   85   85   86   89   95   99  106  112  116  118  119  118  118
  118  118  120  123  129  133  133  131  124  119  111  103   97   92   87   84
   83   83   85   84   81   77   73   71   71   72   72   71   71   70   68   66
   63   58   57   56   56   54   54   53   52   50   48   45   43   43   45   48
   50   52   54   57   62   67   72   77   80
    27.5-180.0 180.0   5.0 450.0                            LAT/LON1/LON2/DLON/H
   85   88   91   91   91   91   93   97  101  106  111  115  118  120  121  122
  122  123  124  127  130  133  132  129  123  118  112  107  105  103  100   97
   94   93   91   88   84   79   74   72   72   72   73   73   71   69   67   63
   60   56   54   54   54   52   52   51   50   49   47   44   42   41   43   45
   47   49   51   56   63   69   75   80   85
    25.0-180.0 180.0   5.0 450.0                            LAT/LON1/LON2/DLON/H
   89   94   98   99   99   99  100  101  105  107  111  114  118  121  123  124
  124  124  126  128  130  132  131  127  123  118  114  114  116  116  115  111
  107  102   97   92   87   81   75   73   72   72   72   72   70   69   66   61
   57   53   51   50   51   50   49   49   49   48   46   42   39   39   40   43
   44   45   48   54   62   70   77   84   89
    22.5-180.0 180.0   5.0 450.0                            LAT/LON1/LON2/DLON/H
   92  100  104  108  109  109  110  110  110  112  113  115  119  122  124  125
  126  126  127  129  131  133  132  128  124  121  121  124  131  132  131  126
  118  111  103   97   90   82   77   74   72   71   71   71   69   67   64   58
   55   50   47   47   48   48   47   47   47   46   44   41   38   37   38   39
   40   41   44   51   61   70   79   85   92
    20.0-180.0 180.0   5.0 450.0                            LAT/LON1/LON2/DLON/H
   96  104  111  116  119  120  120  120  119  118  118  119  122  124  126  127
  128  130  131  133  136  137  136  133  131  130  133  139  145  150  147  139
  130  119  110  102   93   85   80   75   72   70   69   69   67   64   61   57
   53   48   46   46   47   47   46   45   45   44   42   39   36   35   36   36
   35   37   41   50   61   71   80   87   96
    17.5-180.0 180.0   5.0 450.0                            LAT/LON1/LON2/DLON/H
  100  109  117  123  127  130  131  132  131  129  127  127  127  129  131  133
  134  136  138  140  142  144  144  143  143  143  147  154  162  165  161  153
  139  126  115  107   96   88   82   76   72   69   68   67   65   61   57   54
   51   49   47   47   47   47   46   45   45   43   40   38   36   36   35   34
   33   34   40   50   62   73   83   91  100
    15.0-180.0 180.0   5.0 450.0                            LAT/LON1/LON2/DLON/H
  106  115  123  130  135  139  142  144  144  141  139  137  136  136  137  140
  142  144  146  148  150  152  152  153  155  157  162  170  176  178  173  162
  147  132  119  108   99   92   84   78   72   70   68   65   62   58   54   53
   51   51   49   48   48   47   46   45   44   42   40   39   37   37   37   35
   33   35   41   53   66   78   87   97  106
    12.5-180.0 180.0   5.0 450.0                            LAT/LON1/LON2/DLON/H
  114  123  133  139  143  148  153  157  157  155  152  149  146  145  145  148
  151  154  156  156  157  159  159  161  166  172  176  183  187  187  180  167
  151  135  121  110  102   95   87   80   74   71   68   65   61   56   53   53
   52   53   51   50   49   47   46   44   43   41   41   40   38   38   37   36
   35   37   45   57   71   83   93  104  114
    10.0-180.0 180.0   5.0 450.0                            LAT/LON1/LON2/DLON/H
  123  132  141  148  152  158  164  168  169  168  166  162  158  156  156  158
  161  165  166  165  165  165  166  169  176  184  189  193  194  192  183  169
  152  137  123  114  106   99   92   84   78   74   70   67   62   56   53   53
   53   54   52   50   48   47   45   44   42   41   40   39   39   39   38   36
   36   40   49   62   76   89  100  111  123
     7.5-180.0 180.0   5.0 450.0                            LAT/LON1/LON2/DLON/H
  131  141  150  157  163  168  174  178  181  182  179  175  171  169  170  170
  173  175  176  175  173  172  174  178  186  194  198  200  199  194  185  170
  154  140  128  120  112  105   98   90   83   77   74   69   63   58   55   55
   55   54   51   50   48   46   46   44   43   42   41   40   40   40   39   37
   38   43   54   66   80   93  105  118  131
     5.0-180.0 180.0   5.0 450.0                            LAT/LON1/LON2/DLON/H
  136  147  157  165  172  177  183  187  191  193  193  189  185  184  184  185
  186  187  187  186  182  181  183  188  196  203  205  205  202  195  185  172
  158  146  136  128  121  112  105   97   89   83   78   74   68   63   59   57
   56   54   51   49   48   47   47   46   45   44   43   41   41   41   40   39
   41   46   57   69   83   96  109  122  136
     2.5-180.0 180.0   5.0 450.0                            LAT/LON1/LON2/DLON/H
  138  150  161  171  179  186  191  196  199  202  203  201  198  197  199  199
  200  199  197  196  193  190  192  198  204  210  213  212  207  199  188  176
  165  155  146  138  129  120  111  103   95   90   86   81   76   72   67   62
   59   55   52   50   50   49   49   48   48   46   44   43   42   42   42   41
   43   50   60   72   84   97  109  123  138
