DORISInput/IGSGIM/2019/igsg3510.19i
     1.0            IONOSPHERE MAPS     MIX                 IONEX VERSION / TYPE
cmpcmb v1.2          GRL/UWM             4-jan-20 13:33     PGM / RUN BY / DATE 
ionex file containing IGS COMBINED Ionosphere maps          COMMENT             
global ionosphere maps for day 351, 2019                    DESCRIPTION         
IONEX file containing the COMBINED IGS TEC MAPS and DCBs    DESCRIPTION         
      IONEX files of the following IAACs were combined: cod DESCRIPTION         
                                                        esa DESCRIPTION         
                                                        jpl DESCRIPTION         
                                                        upc DESCRIPTION         
Contact address: Andrzej Krankowski                         DESCRIPTION
                 Geodynamics Research Laboratory            DESCRIPTION
                 University of Warmia and Mazury (GRL/UWM)  DESCRIPTION
                 Oczapowski St. 1                           DESCRIPTION
                 10-957-Olsztyn, POLAND                     DESCRIPTION
                 e-mail:  kand@uwm.edu.pl                   DESCRIPTION
                                                            DESCRIPTION         
  2019    12    17     0     0     0                        EPOCH OF FIRST MAP  
  2019    12    18     0     0     0                        EPOCH OF LAST MAP   
  7200                                                      INTERVAL            
    13                                                      # OF MAPS IN FILE   
  COSZ                                                      MAPPING FUNCTION    
     0.0                                                    ELEVATION CUTOFF    
combined TEC calculated as weighted mean of input TEC valuesOBSERVABLES USED    
   399                                                      # OF STATIONS       
    32                                                      # OF SATELLITES     
  6371.0                                                    BASE RADIUS         
     2                                                      MAP DIMENSION       
   450.0 450.0   0.0                                        HGT1 / HGT2 / DHGT  
    87.5 -87.5  -2.5                                        LAT1 / LAT2 / DLAT  
  -180.0 180.0   5.0                                        LON1 / LON2 / DLON  
    -1                                                      EXPONENT            
TEC values in 0.1 tec units;  9999, if no value available   COMMENT             
DCB values in nanoseconds, reference is Sum_of_SatDCBs = 0  COMMENT             
                                                            END OF HEADER       
     1                                                      START OF TEC MAP    
  2019    12    17     0     0     0                        EPOCH OF CURRENT MAP
    87.5-180.0 180.0   5.0 450.0                            LAT/LON1/LON2/DLON/H
   13   13   13   13   13   13   13   13   13   13   13   13   13   13   13   12
   12   12   12   12   12   12   11   11   11   10   10   10   10   10   10    9
    9    9   10   10   10   10   10   10   10   10   10   10   10   10   10   10
   10   10   10   10   10   10   10   10   10   11   11   11   11   11   12   12
   12   12   12   12   12   12   13   13   13
    85.0-180.0 180.0   5.0 450.0                            LAT/LON1/LON2/DLON/H
   14   14   15   15   15   15   15   16   16   15   16   16   15   15   15   15
   14   14   13   13   12   12   11   10   10    9    9    9    9    9    9    9
    9    9    9    9    9   10    9    9    9    9    9    9   10   10   10    9
    9   10   10   10   10   10   10   11   11   11   11   11   11   11   11   11
   11   12   11   12   12   12   13   13   14
    82.5-180.0 180.0   5.0 450.0                            LAT/LON1/LON2/DLON/H
   14   15   15   15   16   16   17   17   17   17   17   17   17   16   16   15
   14   14   13   12   12   11   10    8    8    8    8    8    8    8    8    8
    8    8    8    8    8    9    9    9    9    9    9    9    9    9    9    9
    9    9    9    9    9   10   10   10   10   10   10   10   10   10   10   10
   10   10   10   11   11   12   13   13   14
    80.0-180.0 180.0   5.0 450.0                            LAT/LON1/LON2/DLON/H
   13   14   15   15   16   17   17   18   18   18   18   18   17   17   16   15
   15   14   13   12   11   10    9    7    8    8    8    8    8    8    8    8
    8    8    8    8    8    8    8    8    8    8    8    8    8    8    8    8
    8    8    8    8    8    9    9    9    9    9    9    9    9    9    9    9
    9    9   10   10   11   11   12   13   13
    77.5-180.0 180.0   5.0 450.0                            LAT/LON1/LON2/DLON/H
   13   14   15   16   16   17   18   18   18   18   18   19   18   18   17   16
   15   14   12   12   11    9    8    8    8    8    8    8    8    8    8    8
    8    8    8    8    7    7    7    6    7    7    7    6    7    7    7    7
    7    7    7    7    8    8    8    8    8    8    8    8    8    8    8    8
    9    9    9   10   11   12   12   13   13
    75.0-180.0 180.0   5.0 450.0                            LAT/LON1/LON2/DLON/H
   15   15   16   17   18   18   18   18   18   18   19   19   19   18   17   16
   15   14   13   11    9    8    8    7    7    7    7    8    8    8    8    8
    8    7    7    7    7    6    6    6    6    6    6    6    6    6    6    7
    7    7    8    8    8    8    8    8    8    8    8    8    8    8    8    9
    9    9   10   11   12   13   14   14   15
    72.5-180.0 180.0   5.0 450.0                            LAT/LON1/LON2/DLON/H
   19   19   20   21   20   20   20   20   19   19   18   18   17   16   15   15
   14   14   12   11    9    8    8    8    7    7    8    8    8    8    8    7
    7    7    6    6    5    5    5    5    5    5    5    6    6    6    7    7
    8    8    8    9    9    9    9    9    8    9    9    9    9    9   10   10
   11   11   12   13   14   15   16   17   19
    70.0-180.0 180.0   5.0 450.0                            LAT/LON1/LON2/DLON/H
   26   27   27   27   26   25   24   23   21   19   18   17   16   15   13   13
   13   12   12   11   10    9    8    8    8    7    7    8    8    8    7    7
    6    6    5    5    5    4    4    4    5    5    6    6    7    7    8    8
    9    9   10   10   10   10   10   10   10   11   11   12   12   13   13   14
   15   16   18   19   20   22   23   25   26
    67.5-180.0 180.0   5.0 450.0                            LAT/LON1/LON2/DLON/H
   36   37   36   35   34   32   29   27   24   21   18   17   15   13   12   11
   11   11   11   10   10   10    9    8    8    7    7    8    8    7    7    6
    5    5    5    5    5    4    4    4    5    6    7    8    9   10   10   11
   11   11   12   12   12   13   13   13   13   13   14   15   16   17   19   20
   22   24   26   27   29   31   33   35   36
    65.0-180.0 180.0   5.0 450.0                            LAT/LON1/LON2/DLON/H
   47   48   47   45   43   40   36   32   28   24   20   17   15   13   11   11
   10   10   10   10   10   10   10    9    9    8    8    9    8    7    7    6
    6    6    5    5    5    5    6    6    7    8   10   12   14   15   16   16
   16   15   16   16   16   16   16   16   16   16   17   18   19   21   23   26
   29   32   34   36   39   41   43   46   47
    62.5-180.0 180.0   5.0 450.0                            LAT/LON1/LON2/DLON/H
   57   58   57   56   52   48   44   38   33   28   24   20   17   14   12   11
   10   10   10   11   11   11   11   10    9    9    9   10    9    8    8    8
    7    7    7    7    8    9   10   11   12   14   16   19   21   22   23   22
   22   20   20   19   19   19   19   19   18   18   19   20   22   25   27   31
   35   39   42   44   47   50   52   55   57
    60.0-180.0 180.0   5.0 450.0                            LAT/LON1/LON2/DLON/H
   65   66   67   64   61   56   51   45   39   33   29   24   21   17   14   13
   12   11   12   11   11   12   11   11   10   10    9   10   11   10   10   10
   10   11   12   13   14   15   17   19   21   23   26   28   29   30   30   28
   27   25   24   23   22   22   22   21   20   20   21   22   24   28   32   37
   42   46   49   51   53   56   59   62   65
    57.5-180.0 180.0   5.0 450.0                            LAT/LON1/LON2/DLON/H
   69   71   72   70   68   64   57   52   45   40   34   30   26   22   18   16
   14   14   13   13   12   12   12   11   11   11   11   11   12   13   14   15
   15   16   18   20   22   24   26   29   32   34   36   37   38   37   36   34
   32   30   28   27   26   26   25   24   23   23   23   25   27   32   36   42
   48   52   55   57   59   61   64   67   69
    55.0-180.0 180.0   5.0 450.0                            LAT/LON1/LON2/DLON/H
   72   74   75   74   72   68   63   57   52   46   41   37   32   27   23   20
   18   17   15   14   13   13   12   12   13   13   14   15   16   18   20   22
   23   24   27   30   32   34   37   40   42   44   46   46   46   44   42   40
   38   35   33   32   30   29   27   27   26   25   26   28   31   35   40   46
   52   56   59   61   63   65   67   70   72
    52.5-180.0 180.0   5.0 450.0                            LAT/LON1/LON2/DLON/H
   74   76   77   76   74   71   66   62   58   53   48   44   38   33   29   25
   22   20   19   17   15   14   13   14   15   16   18   20   23   26   28   30
   31   33   37   39   41   43   46   49   52   53   54   53   52   50   47   45
   42   40   37   36   34   32   30   29   29   29   29   32   35   39   44   49
   55   59   63   65   67   68   69   71   74
    50.0-180.0 180.0   5.0 450.0                            LAT/LON1/LON2/DLON/H
   75   77   78   78   77   74   70   67   63   60   55   51   45   40   34   30
   26   24   22   20   18   18   17   18   20   22   25   28   32   34   37   39
   40   43   44   46   48   51   54   57   60   61   60   59   57   54   52   49
   46   43   42   40   37   35   33   32   32   33   34   36   39   43   47   52
   57   62   66   69   70   70   71   73   75
    47.5-180.0 180.0   5.0 450.0                            LAT/LON1/LON2/DLON/H
   77   78   79   80   80   78   74   71   69   66   63   58   52   46   41   35
   32   29   27   25   24   24   24   25   28   31   34   37   41   44   45   46
   48   49   49   51   53   56   60   64   66   66   65   63   60   57   54   52
   50   47   46   43   40   38   36   35   35   37   39   42   45   47   51   55
   60   65   69   72   73   73   74   75   77
    45.0-180.0 180.0   5.0 450.0                            LAT/LON1/LON2/DLON/H
   79   80   81   82   83   82   79   76   74   72   69   65   60   53   47   41
   37   34   32   31   31   32   33   36   39   42   45   47   50   52   52   52
   51   52   52   54   56   59   64   67   69   70   69   66   63   59   57   55
   53   51   49   46   44   42   40   39   39   42   45   48   51   53   55   59
   63   68   72   75   77   77   77   77   79
    42.5-180.0 180.0   5.0 450.0                            LAT/LON1/LON2/DLON/H
   82   83   84   85   86   86   84   81   79   78   75   71   66   60   54   48
   42   40   38   38   40   42   45   48   51   54   55   56   57   58   57   56
   54   54   54   55   57   61   65   69   71   72   71   68   65   62   60   59
   57   55   52   50   48   46   44   43   44   47   52   56   59   60   61   64
   68   71   76   78   80   81   81   81   82
    40.0-180.0 180.0   5.0 450.0                            LAT/LON1/LON2/DLON/H
   85   86   87   88   90   90   88   86   84   82   80   76   72   67   61   54
   49   46   45   46   49   53   57   60   64   65   65   64   63   63   61   59
   57   56   56   57   58   61   65   69   72   74   73   70   68   65   63   62
   60   58   55   53   51   48   46   46   49   53   58   63   66   67   67   69
   72   75   79   81   83   84   85   85   85
    37.5-180.0 180.0   5.0 450.0                            LAT/LON1/LON2/DLON/H
   88   89   89   91   93   93   93   91   88   85   83   80   77   73   67   60
   55   52   52   54   58   63   68   71   74   74   72   69   67   65   63   61
   59   58   58   58   59   61   64   68   73   75   75   73   70   68   66   64
   62   59   56   54   51   50   48   49   53   58   65   70   73   74   74   74
   76   79   82   85   87   88   88   89   88
    35.0-180.0 180.0   5.0 450.0                            LAT/LON1/LON2/DLON/H
   91   91   92   92   94   95   95   93   90   87   85   83   82   79   73   67
   61   58   58   61   66   71   76   79   81   80   76   72   69   66   64   62
   60   60   61   61   61   62   64   68   73   76   77   75   73   70   67   64
   61   58   55   53   52   50   50   51   56   63   70   76   79   80   80   80
   81   84   87   88   89   91   92   92   91
    32.5-180.0 180.0   5.0 450.0                            LAT/LON1/LON2/DLON/H
   94   93   93   93   94   96   96   94   90   88   86   85   85   83   79   73
   67   64   63   66   70   76   80   83   84   81   76   71   69   67   64   63
   62   63   64   64   64   63   64   67   72   76   78   77   73   70   66   62
   58   54   52   52   51   50   51   53   58   66   74   81   85   86   86   86
   87   88   91   92   93   95   96   96   94
    30.0-180.0 180.0   5.0 450.0                            LAT/LON1/LON2/DLON/H
   99   96   94   94   94   95   95   94   91   88   87   86   87   85   82   77
   72   69   67   68   71   76   79   81   80   77   73   69   68   66   65   64
   65   66   67   68   67   66   65   67   71   75   76   75   72   67   63   57
   53   50   49   49   49   50   51   53   60   68   77   85   89   91   92   92
   93   95   97   98   99  100  102  101   99
    27.5-180.0 180.0   5.0 450.0                            LAT/LON1/LON2/DLON/H
  107  103   99   96   95   95   95   94   92   90   88   87   88   88   85   81
   76   72   70   70   71   73   76   76   76   73   69   67   68   68   68   67
   68   69   70   71   70   68   66   66   69   72   73   71   67   62   57   52
   47   45   45   45   46   48   50   52   59   69   78   86   92   96   98  100
  101  103  105  107  109  111  111  110  107
    25.0-180.0 180.0   5.0 450.0                            LAT/LON1/LON2/DLON/H
  118  113  108  103  100   98   97   96   94   93   91   89   90   89   87   83
   78   74   72   72   71   72   72   71   70   68   66   66   68   70   70   70
   70   71   72   73   72   69   66   64   66   68   68   65   60   55   51   46
   43   41   41   42   43   45   47   51   59   69   79   88   95  100  104  107
  111  114  117  119  121  123  123  121  118
    22.5-180.0 180.0   5.0 450.0                            LAT/LON1/LON2/DLON/H
  132  127  121  114  109  106  104  102  100   98   96   94   92   91   88   84
   79   75   74   73   71   70   69   68   66   65   65   67   70   73   73   72
   71   72   74   74   72   68   65   62   61   62   61   57   52   48   44   41
   38   37   37   39   41   43   46   51   59   70   80   90   98  105  111  116
  121  126  130  133  136  136  136  135  132
    20.0-180.0 180.0   5.0 450.0                            LAT/LON1/LON2/DLON/H
  149  144  136  129  122  118  117  114  110  107  105  101   97   93   90   85
   81   78   75   73   71   69   68   67   66   66   67   72   75   77   75   73
   71   72   73   73   71   67   63   59   56   56   54   50   45   41   38   37
   35   35   35   38   39   41   45   52   61   72   82   93  103  111  119  126
  134  140  148  151  153  153  153  152  149
    17.5-180.0 180.0   5.0 450.0                            LAT/LON1/LON2/DLON/H
  166  162  155  149  141  134  132  129  127  122  117  112  105   99   94   88
   83   80   77   75   73   71   70   70   70   71   73   78   81   82   78   73
   71   71   71   70   68   64   60   55   52   51   48   45   39   36   35   34
   34   35   35   37   38   40   45   53   64   76   87   98  109  119  129  140
  148  156  165  169  172  173  171  170  166
    15.0-180.0 180.0   5.0 450.0                            LAT/LON1/LON2/DLON/H
  182  179  174  171  163  154  150  150  146  139  133  125  116  109  102   94
   87   83   79   77   76   75   75   76   78   79   82   86   88   87   80   75
   71   69   68   67   65   62   58   54   50   47   45   41   37   34   34   34
   35   35   36   37   37   39   45   55   68   80   92  104  116  128  140  152
  161  171  179  184  188  188  186  185  182
    12.5-180.0 180.0   5.0 450.0                            LAT/LON1/LON2/DLON/H
  194  192  191  191  187  179  172  171  166  158  149  139  129  121  112  103
   94   87   82   80   80   81   83   85   87   90   92   94   93   89   81   75
   71   69   67   65   62   60   58   55   50   47   44   39   35   34   34   35
   35   36   37   36   36   38   45   57   72   85   97  110  123  136  149  162
  172  182  189  194  197  196  194  196  194
    10.0-180.0 180.0   5.0 450.0                            LAT/LON1/LON2/DLON/H
  200  201  203  203  204  201  195  191  185  176  165  154  143  134  124  114
  103   94   87   84   85   88   92   95   98  101  103  101   97   91   81   76
   73   70   69   65   63   61   59   56   52   50   46   40   36   34   34   35
   36   37   37   35   35   37   45   59   74   89  102  115  129  142  156  168
  178  188  195  199  201  200  198  199  200
     7.5-180.0 180.0   5.0 450.0                            LAT/LON1/LON2/DLON/H
  201  205  210  212  214  214  211  208  202  192  181  168  156  148  138  126
  114  102   92   88   89   95  101  105  108  111  112  107  102   95   85   79
   76   74   72   69   66   63   61   58   55   53   48   43   39   37   36   36
   37   38   37   35   35   38   47   61   77   92  106  120  133  146  160  171
  180  189  196  199  200  198  197  198  201
     5.0-180.0 180.0   5.0 450.0                            LAT/LON1/LON2/DLON/H
  200  206  213  218  220  222  222  219  216  207  194  182  170  161  152  140
  126  111   99   93   93  100  109  115  117  118  117  112  109  102   91   85
   81   81   77   73   70   67   65   62   59   55   50   47   44   42   40   38
   38   39   38   36   36   40   50   65   81   96  110  124  137  150  162  173
  181  188  193  195  195  193  193  195  200
     2.5-180.0 180.0   5.0 450.0                            LAT/LON1/LON2/DLON/H
  198  206  216  222  225  228  229  229  227  220  208  196  184  174  166  153
  139  121  107   99   99  106  116  123  125  123  121  117  113  105   96   90
   88   88   84   77   75   72   70   66   62   58   54   51   48   47   44   42
   41   40   39   39   39   43   53   68   84   98  112  126  139  151  162  172
  180  185  189  190  188  187  188  192  198
