DORISInput/IGSGIM/2019/igsg3490.19i
     1.0            IONOSPHERE MAPS     MIX                 IONEX VERSION / TYPE
cmpcmb v1.2          GRL/UWM             4-jan-20 13:23     PGM / RUN BY / DATE 
ionex file containing IGS COMBINED Ionosphere maps          COMMENT             
global ionosphere maps for day 349, 2019                    DESCRIPTION         
IONEX file containing the COMBINED IGS TEC MAPS and DCBs    DESCRIPTION         
      IONEX files of the following IAACs were combined: cod DESCRIPTION         
                                                        esa DESCRIPTION         
                                                        jpl DESCRIPTION         
                                                        upc DESCRIPTION         
Contact address: Andrzej Krankowski                         DESCRIPTION
                 Geodynamics Research Laboratory            DESCRIPTION
                 University of Warmia and Mazury (GRL/UWM)  DESCRIPTION
                 Oczapowski St. 1                           DESCRIPTION
                 10-957-Olsztyn, POLAND                     DESCRIPTION
                 e-mail:  kand@uwm.edu.pl                   DESCRIPTION
                                                            DESCRIPTION         
  2019    12    15     0     0     0                        EPOCH OF FIRST MAP  
  2019    12    16     0     0     0                        EPOCH OF LAST MAP   
  7200                                                      INTERVAL            
    13                                                      # OF MAPS IN FILE   
  COSZ                                                      MAPPING FUNCTION    
     0.0                                                    ELEVATION CUTOFF    
combined TEC calculated as weighted mean of input TEC valuesOBSERVABLES USED    
   394                                                      # OF STATIONS       
    32                                                      # OF SATELLITES     
  6371.0                                                    BASE RADIUS         
     2                                                      MAP DIMENSION       
   450.0 450.0   0.0                                        HGT1 / HGT2 / DHGT  
    87.5 -87.5  -2.5                                        LAT1 / LAT2 / DLAT  
  -180.0 180.0   5.0                                        LON1 / LON2 / DLON  
    -1                                                      EXPONENT            
TEC values in 0.1 tec units;  9999, if no value available   COMMENT             
DCB values in nanoseconds, reference is Sum_of_SatDCBs = 0  COMMENT             
                                                            END OF HEADER       
[from data line 4290]
    11                                                      START OF TEC MAP    
  2019    12    15    20     0     0                        EPOCH OF CURRENT MAP
    87.5-180.0 180.0   5.0 450.0                            LAT/LON1/LON2/DLON/H
   12   12   12   12   12   12   12   12   12   12   12   12   12   12   12   11
   11   11   11   11   11   11   11   10   10   10   10   10   10   10   10   10
   10   10   10   10   10   10   10   10   10   10   10   10   10   10   10   10
   10   10   10   10   10   10   10   10   10   10   10   11   11   11   12   12
   12   12   12   12   12   12   13   13   12
    85.0-180.0 180.0   5.0 450.0                            LAT/LON1/LON2/DLON/H
   16   16   16   16   16   16   16   16   16   17   17   17   16   16   16   16
   15   15   14   14   14   13   13   12   12   11   11   10   10   10   10   10
   10   10   10   10   10   10   10   10   10   10   10   10   10   10   10   10
   10   11   11   11   11   12   12   12   13   13   14   14   15   15   15   15
   15   15   16   16   16   15   15   15   16
    82.5-180.0 180.0   5.0 450.0                            LAT/LON1/LON2/DLON/H
   18   18   18   18   18   19   19   20   20   21   22   22   22   22   21   22
   21   21   19   18   17   16   15   14   13   13   12   11   10   10   10    9
    9    9    9   10    9   10   10   11   11   11   11   11   11   11   11   11
   11   12   12   12   13   14   14   15   15   16   16   17   17   17   18   18
   18   18   18   18   18   18   18   18   18
    80.0-180.0 180.0   5.0 450.0                            LAT/LON1/LON2/DLON/H
   17   17   17   18   18   19   20   21   22   22   23   24   25   25   25   26
   25   25   24   23   22   21   19   17   15   14   13   12   12   11   10   10
   10   10   10   10   11   10   11   11   11   11   12   12   12   11   12   12
   12   13   13   13   14   15   16   16   17   17   18   18   18   18   19   19
   20   19   19   19   19   18   18   18   17
    77.5-180.0 180.0   5.0 450.0                            LAT/LON1/LON2/DLON/H
   15   15   15   16   16   18   19   20   21   23   25   26   28   30   31   31
   31   30   30   28   26   25   24   23   20   18   16   14   13   13   12   11
   11   11   11   12   12   12   12   12   12   12   12   11   11   11   12   13
   13   14   15   16   16   17   16   16   17   17   18   18   18   19   19   19
   19   19   19   18   17   17   16   16   15
    75.0-180.0 180.0   5.0 450.0                            LAT/LON1/LON2/DLON/H
   13   13   13   14   15   16   18   19   21   23   26   28   30   33   35   36
   36   35   34   33   32   29   27   25   23   20   18   17   15   14   13   13
   13   13   13   13   12   12   12   11   11   11   11   11   11   11   11   13
   13   15   16   17   17   17   16   16   16   17   17   17   18   18   18   18
   19   18   17   16   15   14   14   13   13
    72.5-180.0 180.0   5.0 450.0                            LAT/LON1/LON2/DLON/H
   12   12   13   13   15   16   17   19   21   24   27   29   32   34   37   38
   39   40   38   36   34   32   30   26   24   21   18   17   15   14   14   13
   13   14   13   13   13   12   11   10   10   10   10   10   10   10   11   12
   13   15   16   16   17   16   15   15   15   15   15   16   16   17   17   18
   18   17   16   15   14   13   13   12   12
    70.0-180.0 180.0   5.0 450.0                            LAT/LON1/LON2/DLON/H
   13   13   14   16   17   18   20   22   24   26   28   30   33   36   38   40
   41   41   39   38   36   33   31   27   23   21   18   16   15   14   13   12
   13   13   12   12   11   10    9    8    7    7    8    9    9   10   11   12
   13   15   15   15   16   15   14   14   14   14   14   15   15   16   17   18
   18   18   17   16   15   14   13   12   13
    67.5-180.0 180.0   5.0 450.0                            LAT/LON1/LON2/DLON/H
   16   18   19   21   23   24   25   26   28   29   31   33   35   37   39   40
   42   41   40   38   36   34   31   27   23   19   18   15   13   12   11   11
   11   11   11    9    9    7    6    6    6    7    7    8    9   11   12   13
   15   16   17   17   16   16   15   15   15   15   15   16   17   18   19   20
   21   20   20   19   18   17   15   15   16
    65.0-180.0 180.0   5.0 450.0                            LAT/LON1/LON2/DLON/H
   21   24   27   29   32   33   33   33   33   34   35   36   38   40   41   42
   42   42   41   39   36   34   31   28   23   19   17   14   12   11   10   10
   10   10    9    8    7    7    7    7    7    8    9   10   11   13   15   17
   18   20   20   20   20   19   18   17   17   17   18   19   20   21   22   23
   24   25   24   23   22   20   19   20   21
    62.5-180.0 180.0   5.0 450.0                            LAT/LON1/LON2/DLON/H
   27   32   36   39   42   43   43   41   40   40   40   41   41   42   43   44
   44   44   43   41   38   35   32   29   24   21   18   15   13   11   11   11
   10   10    9    8    8    8    8    9   10   11   11   13   16   19   21   23
   24   25   25   25   24   23   21   21   21   21   22   23   24   25   26   28
   28   28   28   27   25   24   23   24   27
    60.0-180.0 180.0   5.0 450.0                            LAT/LON1/LON2/DLON/H
   35   39   45   50   52   53   52   51   48   47   46   46   46   46   47   47
   48   47   46   44   41   38   35   32   28   24   20   17   15   13   13   12
   12   12   11   10   10   11   11   12   13   15   18   22   24   27   30   31
   31   31   31   30   29   28   27   27   27   27   28   29   29   30   31   32
   32   32   32   30   29   28   28   30   35
    57.5-180.0 180.0   5.0 450.0                            LAT/LON1/LON2/DLON/H
   40   46   53   58   62   63   61   59   56   54   52   52   51   51   52   52
   52   51   51   48   46   42   39   37   33   29   25   22   19   17   16   15
   16   16   16   16   15   15   17   19   22   26   30   33   36   38   39   39
   39   37   37   36   35   35   34   33   33   33   34   34   34   35   35   36
   36   36   36   35   33   32   33   35   40
    55.0-180.0 180.0   5.0 450.0                            LAT/LON1/LON2/DLON/H
   44   51   58   65   69   70   68   66   63   60   58   57   56   56   57   57
   57   57   56   54   51   48   45   42   39   35   31   28   25   22   21   22
   22   23   24   24   25   27   30   33   36   40   44   46   48   49   48   47
   46   44   43   42   41   40   40   40   40   40   40   40   40   39   38   38
   39   39   38   38   37   35   36   40   44
    52.5-180.0 180.0   5.0 450.0                            LAT/LON1/LON2/DLON/H
   48   55   63   69   73   75   74   71   69   66   64   62   61   61   61   62
   62   62   61   60   57   54   51   49   45   42   38   35   31   29   28   29
   30   32   33   34   38   41   45   49   52   55   58   59   60   59   56   53
   52   50   49   48   48   47   46   45   45   46   46   46   44   42   40   39
   39   39   40   39   38   38   40   43   48
    50.0-180.0 180.0   5.0 450.0                            LAT/LON1/LON2/DLON/H
   51   58   65   72   75   77   78   77   75   72   70   68   67   66   66   67
   67   67   67   65   63   60   58   56   53   49   46   42   39   37   36   37
   38   40   42   45   49   55   59   64   66   69   70   70   68   66   63   59
   57   56   55   55   54   53   51   50   50   50   49   48   47   44   41   39
   38   38   39   39   39   40   42   46   51
    47.5-180.0 180.0   5.0 450.0                            LAT/LON1/LON2/DLON/H
   54   61   67   72   76   79   81   82   81   79   76   74   72   71   71   71
   71   72   71   70   68   67   65   64   61   58   54   50   47   44   42   42
   44   46   50   54   61   67   72   76   78   79   79   77   74   71   67   63
   62   61   61   61   61   59   56   54   53   51   51   50   48   45   42   39
   38   37   38   39   40   41   44   48   54
    45.0-180.0 180.0   5.0 450.0                            LAT/LON1/LON2/DLON/H
   57   64   69   73   77   80   83   86   87   87   84   81   78   76   76   76
   76   76   76   75   73   73   72   71   70   67   62   58   54   49   46   47
   49   52   56   62   69   76   81   84   85   84   83   81   78   75   71   68
   67   67   67   67   66   64   61   58   56   54   53   52   50   46   43   40
   38   38   39   40   41   43   47   51   57
    42.5-180.0 180.0   5.0 450.0                            LAT/LON1/LON2/DLON/H
   61   67   71   74   77   81   85   90   93   94   92   89   86   84   82   81
   81   80   79   79   78   79   79   79   78   76   71   65   59   53   51   51
   53   57   61   67   75   82   86   88   88   86   84   82   80   77   74   73
   72   72   72   72   71   68   64   61   58   56   56   54   52   48   44   42
   40   40   41   42   43   46   50   55   61
    40.0-180.0 180.0   5.0 450.0                            LAT/LON1/LON2/DLON/H
   66   71   74   76   78   82   87   93   98  100   99   97   94   91   90   88
   87   86   84   83   83   84   85   87   86   84   77   70   63   57   55   55
   57   60   65   71   78   84   87   89   87   86   85   83   81   79   77   76
   76   76   76   75   73   69   65   62   60   58   57   55   53   50   47   44
   43   43   44   46   47   50   55   61   66
    37.5-180.0 180.0   5.0 450.0                            LAT/LON1/LON2/DLON/H
   72   76   79   80   80   84   90   96  101  105  106  105  102  100   99   97
   95   93   90   88   87   89   91   93   93   91   84   76   68   62   59   58
   60   63   68   73   79   84   86   87   87   86   86   84   83   82   80   79
   78   77   76   75   73   69   65   62   59   58   57   55   54   52   50   48
   47   47   48   50   51   55   61   67   72
    35.0-180.0 180.0   5.0 450.0                            LAT/LON1/LON2/DLON/H
   79   82   85   85   85   87   92   98  104  109  111  111  110  109  108  106
  103  100   97   94   93   93   96   98   99   96   90   81   72   65   62   61
   63   66   71   75   81   84   86   87   86   86   86   85   84   83   81   79
   78   76   73   72   70   67   64   61   59   57   57   56   55   53   52   51
   51   51   52   54   56   60   67   73   79
    32.5-180.0 180.0   5.0 450.0                            LAT/LON1/LON2/DLON/H
   85   89   91   92   92   92   94   99  105  110  113  114  115  116  116  115
  112  109  105  102  100   99  100  101  102  100   94   87   77   70   67   66
   68   71   75   79   83   85   86   87   87   87   88   87   86   83   81   78
   76   73   70   68   66   64   62   59   58   57   56   56   54   54   54   53
   54   55   56   57   60   65   72   79   85
    30.0-180.0 180.0   5.0 450.0                            LAT/LON1/LON2/DLON/H
   92   97   99  100  100   99   99  101  105  109  112  115  118  121  122  122
  120  117  113  109  106  103  102  103  103  101   98   91   83   76   73   73
   76   79   82   84   86   87   87   87   89   90   89   88   87   83   80   76
   73   68   65   63   61   60   59   57   57   56   56   55   54   54   54   54
   55   56   57   59   62   68   76   84   92
    27.5-180.0 180.0   5.0 450.0                            LAT/LON1/LON2/DLON/H
   98  104  108  111  110  108  105  105  106  108  111  114  119  122  125  126
  125  123  120  116  112  108  105  104  103  102   99   95   89   84   81   82
   85   88   89   90   89   89   88   88   90   91   89   87   86   82   77   72
   68   63   60   58   57   56   55   55   55   55   54   53   52   52   52   53
   54   54   56   59   64   70   79   89   98
    25.0-180.0 180.0   5.0 450.0                            LAT/LON1/LON2/DLON/H
  103  113  119  122  123  120  114  110  108  108  109  113  117  121  124  126
  127  126  124  121  117  113  108  106  104  103  101   98   95   92   92   94
   95   96   96   95   93   90   88   88   90   89   87   84   81   77   72   67
   63   57   54   53   52   52   52   53   53   53   52   51   49   49   49   50
   50   51   54   58   64   72   81   93  103
    22.5-180.0 180.0   5.0 450.0                            LAT/LON1/LON2/DLON/H
  108  119  129  134  136  133  127  119  114  111  111  113  116  120  122  123
  125  126  126  124  121  117  112  109  107  106  103  102  103  103  103  104
  104  103  101  100   96   90   86   85   86   86   83   79   74   70   65   60
   56   51   49   49   49   49   50   50   51   51   50   47   46   45   45   45
   46   47   50   56   64   73   84   95  108
    20.0-180.0 180.0   5.0 450.0                            LAT/LON1/LON2/DLON/H
  111  124  136  146  150  149  143  133  125  121  119  119  119  120  120  120
  122  124  126  126  123  120  116  114  113  112  108  109  112  114  115  114
  113  109  107  103   95   87   81   80   80   79   76   71   65   61   57   53
   50   47   47   47   48   48   49   49   48   49   48   45   43   42   41   42
   42   43   48   55   64   75   86   98  111
    17.5-180.0 180.0   5.0 450.0                            LAT/LON1/LON2/DLON/H
  114  128  142  154  162  163  160  152  143  138  134  130  127  124  122  121
  121  123  127  128  126  125  123  122  121  120  116  120  124  126  127  124
  120  116  111  104   92   83   75   73   73   71   67   61   56   52   49   47
   46   46   47   48   49   48   49   48   47   47   45   44   41   40   39   39
   39   42   47   56   66   78   90  102  114
    15.0-180.0 180.0   5.0 450.0                            LAT/LON1/LON2/DLON/H
  118  132  146  162  173  178  176  170  164  158  153  148  143  137  132  129
  127  128  130  132  131  131  131  132  132  131  129  131  136  138  138  134
  126  120  112  101   89   78   71   67   65   63   59   53   48   45   44   45
   46   46   47   49   49   49   48   46   45   45   44   42   40   38   37   37
   38   41   48   58   70   83   95  107  118
    12.5-180.0 180.0   5.0 450.0                            LAT/LON1/LON2/DLON/H
  124  136  151  168  181  189  191  189  186  180  175  170  163  157  152  147
  143  140  140  139  139  140  141  143  145  145  143  145  148  148  147  141
  129  120  110   98   85   74   67   64   61   58   54   48   43   41   42   43
   46   46   48   49   49   49   47   45   44   44   42   40   39   38   37   37
   37   41   50   62   76   89  101  113  124
    10.0-180.0 180.0   5.0 450.0                            LAT/LON1/LON2/DLON/H
  132  142  156  172  187  197  202  205  204  200  196  192  186  181  178  172
  166  162  156  152  151  150  153  156  158  158  157  156  158  158  153  145
  131  120  110   98   86   76   69   65   63   59   54   47   43   41   42   45
   47   47   48   49   48   47   45   44   43   43   41   40   39   38   38   37
   38   43   53   67   82   96  109  120  132
     7.5-180.0 180.0   5.0 450.0                            LAT/LON1/LON2/DLON/H
  139  149  161  176  190  201  207  212  215  215  214  212  208  209  206  204
  195  189  179  170  164  163  165  168  171  171  169  168  167  165  159  149
  136  125  115  104   93   85   79   74   70   66   58   51   45   44   47   49
   51   50   50   49   48   47   46   45   44   43   41   40   40   39   39   39
   39   44   56   70   87  101  116  128  139
     5.0-180.0 180.0   5.0 450.0                            LAT/LON1/LON2/DLON/H
  145  155  166  179  193  204  210  215  220  223  226  226  226  230  233  236
  227  218  204  191  181  176  177  180  183  183  181  177  175  171  166  156
  144  134  126  115  106   98   93   88   82   75   65   57   52   53   55   57
   58   55   53   51   51   49   49   47   47   45   43   42   42   42   42   41
   41   46   58   73   89  105  120  133  145
     2.5-180.0 180.0   5.0 450.0                            LAT/LON1/LON2/DLON/H
  149  160  171  183  196  206  212  216  220  224  228  231  235  244  252  259
  256  246  230  213  200  192  191  193  195  196  194  188  184  179  174  167
  158  148  141  131  122  115  109  104   96   86   76   68   64   66   69   70
   69   63   59   56   54   53   52   52   50   49   46   45   45   45   44   43
   43   49   60   75   91  107  122  136  149
