DORISInput/IGSGIM/2019/igsg3410.19i
     1.0            IONOSPHERE MAPS     MIX                 IONEX VERSION / TYPE
cmpcmb v1.2          GRL/UWM            23-dec-19 15:10     PGM / RUN BY / DATE 
ionex file containing IGS COMBINED Ionosphere maps          COMMENT             
global ionosphere maps for day 341, 2019                    DESCRIPTION         
IONEX file containing the COMBINED IGS TEC MAPS and DCBs    DESCRIPTION         
      IONEX files of the following IAACs were combined: cod DESCRIPTION         
                                                        esa DESCRIPTION         
                                                        jpl DESCRIPTION         
                                                        upc DESCRIPTION         
Contact address: Andrzej Krankowski                         DESCRIPTION
                 Geodynamics Research Laboratory            DESCRIPTION
                 University of Warmia and Mazury (GRL/UWM)  DESCRIPTION
                 Oczapowski St. 1                           DESCRIPTION
                 10-957-Olsztyn, POLAND                     DESCRIPTION
                 e-mail:  kand@uwm.edu.pl                   DESCRIPTION
                                                            DESCRIPTION         
  2019    12     7     0     0     0                        EPOCH OF FIRST MAP  
  2019    12     8     0     0     0                        EPOCH OF LAST MAP   
  7200                                                      INTERVAL            
    13                                                      # OF MAPS IN FILE   
  COSZ                                                      MAPPING FUNCTION    
     0.0                                                    ELEVATION CUTOFF    
combined TEC calculated as weighted mean of input TEC valuesOBSERVABLES USED    
   393                                                      # OF STATIONS       
    32                                                      # OF SATELLITES     
  6371.0                                                    BASE RADIUS         
     2                                                      MAP DIMENSION       
   450.0 450.0   0.0                                        HGT1 / HGT2 / DHGT  
    87.5 -87.5  -2.5                                        LAT1 / LAT2 / DLAT  
  -180.0 180.0   5.0                                        LON1 / LON2 / DLON  
    -1                                                      EXPONENT            
TEC values in 0.1 tec units;  9999, if no value available   COMMENT             
DCB values in nanoseconds, reference is Sum_of_SatDCBs = 0  COMMENT             
                                                            END OF HEADER       
[from data line 1287]
     4                                                      START OF TEC MAP    
  2019    12     7     6     0     0                        EPOCH OF CURRENT MAP
    87.5-180.0 180.0   5.0 450.0                            LAT/LON1/LON2/DLON/H
   25   25   26   26   26   25   25   25   25   25   24   24   24   23   23   23
   22   22   22   21   21   21   20   20   20   20   20   20   20   20   20   20
   20   20   20   20   20   21   21   21   21   21   21   21   21   21   21   22
   22   22   22   22   22   22   22   22   22   22   23   23   23   23   24   24
   24   24   24   25   25   25   25   25   25
    85.0-180.0 180.0   5.0 450.0                            LAT/LON1/LON2/DLON/H
   27   28   28   28   28   29   28   28   28   27   26   26   24   24   23   22
   21   19   19   17   17   16   16   15   15   15   15   15   14   15   15   16
   16   16   17   17   17   18   18   18   18   19   19   19   19   20   20   20
   20   20   20   20   20   20   20   20   20   20   20   21   21   21   21   22
   23   23   24   25   25   26   26   26   27
    82.5-180.0 180.0   5.0 450.0                            LAT/LON1/LON2/DLON/H
   26   27   28   27   28   28   28   28   28   27   26   25   23   22   20   19
   18   16   15   14   13   11   11   10   10    9   10    9   10   11   11   12
   13   14   15   15   16   17   17   17   18   18   18   18   18   18   18   18
   18   18   17   17   17   17   17   16   17   16   17   17   17   17   18   18
   19   19   20   21   22   23   24   25   26
    80.0-180.0 180.0   5.0 450.0                            LAT/LON1/LON2/DLON/H
   22   24   25   26   27   28   28   28   28   27   26   25   23   22   19   17
   15   13   11   10    9    8    7    7    6    7    7    7    8    9    9   10
   11   12   13   14   15   15   16   16   16   16   16   16   16   16   16   15
   15   15   15   15   15   14   15   14   14   14   14   14   13   14   14   14
   14   14   15   16   18   19   20   21   22
    77.5-180.0 180.0   5.0 450.0                            LAT/LON1/LON2/DLON/H
   18   19   21   23   24   25   26   26   26   26   25   23   21   19   17   15
   13   11   10    8    7    6    6    6    6    5    6    6    7    7    8    9
   10   11   12   14   14   14   15   15   15   15   15   14   15   14   14   14
   14   14   14   14   14   14   14   14   14   14   13   13   13   12   12   12
   12   12   12   13   14   14   15   17   18
    75.0-180.0 180.0   5.0 450.0                            LAT/LON1/LON2/DLON/H
   14   16   17   19   20   21   22   23   23   23   22   21   20   18   16   14
   12   10   10    8    7    7    6    6    6    6    6    6    7    8   10   11
   12   12   13   13   13   13   13   13   13   13   13   13   13   13   14   14
   15   15   16   16   16   17   17   18   18   18   17   16   16   15   14   13
   12   12   12   12   12   12   12   13   14
    72.5-180.0 180.0   5.0 450.0                            LAT/LON1/LON2/DLON/H
   12   13   13   15   16   17   18   19   20   19   19   19   17   16   15   14
   13   11   10    9    8    8    8    8    8    8    8    9    9   10   10   12
   13   13   13   13   13   12   11   11   11   11   11   11   12   13   14   15
   17   18   19   21   22   23   24   24   24   24   24   22   21   20   18   17
   15   13   12   12   11   11   11   11   12
    70.0-180.0 180.0   5.0 450.0                            LAT/LON1/LON2/DLON/H
   11   12   12   13   13   14   15   15   16   16   16   15   14   14   13   13
   13   12   13   13   11   12   13   12   12   12   13   13   14   13   13   13
   12   13   13   12   11   10    9    9   10   10   10   11   12   14   16   18
   21   23   25   27   29   31   32   33   32   32   31   30   29   27   25   23
   20   18   16   14   12   11   11   11   11
    67.5-180.0 180.0   5.0 450.0                            LAT/LON1/LON2/DLON/H
   13   13   14   14   13   13   13   13   12   13   12   12   12   12   12   12
   13   13   14   15   15   16   16   15   16   16   16   16   16   16   16   15
   13   12   11   11   10    9    9    9    9   10   11   12   14   17   20   23
   26   29   32   35   37   38   40   41   41   40   39   38   37   34   32   30
   27   24   21   19   16   15   14   13   13
    65.0-180.0 180.0   5.0 450.0                            LAT/LON1/LON2/DLON/H
   17   17   17   16   16   15   13   12   11   10   10   10   11   10   11   12
   13   14   15   16   17   17   18   17   17   18   18   18   18   17   16   15
   14   12   10    9    9    9    8    8    9   10   13   15   18   22   25   28
   32   36   39   41   44   45   46   47   47   46   46   44   43   41   39   36
   33   30   28   25   22   20   18   17   17
    62.5-180.0 180.0   5.0 450.0                            LAT/LON1/LON2/DLON/H
   22   22   23   22   20   18   16   14   12   11   10   10   10   10   10   11
   12   13   14   15   15   16   16   16   17   17   18   18   18   17   16   14
   13   12   10    9    9    9   10   10   11   13   16   19   23   27   31   35
   38   42   45   48   49   50   51   51   52   51   50   49   47   46   44   41
   38   35   32   30   27   25   23   22   22
    60.0-180.0 180.0   5.0 450.0                            LAT/LON1/LON2/DLON/H
   28   29   28   28   26   24   20   18   15   12   11   10   10   10   10   11
   12   13   13   13   13   13   13   15   15   16   17   17   17   16   15   14
   13   11   11   10   10   10   11   12   14   17   21   24   29   33   37   41
   44   48   50   52   53   53   54   54   54   53   53   51   51   49   47   45
   43   40   37   34   32   30   28   28   28
    57.5-180.0 180.0   5.0 450.0                            LAT/LON1/LON2/DLON/H
   34   34   35   34   32   30   27   23   19   17   15   13   11   11   11   12
   12   12   11   11   10   11   12   14   15   15   17   17   18   18   16   15
   14   13   13   12   12   13   14   16   18   22   26   31   35   40   43   46
   49   52   54   55   56   56   56   56   55   55   55   54   53   52   51   49
   46   44   41   38   36   34   33   33   34
    55.0-180.0 180.0   5.0 450.0                            LAT/LON1/LON2/DLON/H
   37   39   40   40   39   37   34   30   26   23   20   17   15   15   14   14
   13   13   11   11   11   12   12   13   15   17   19   20   20   20   19   18
   17   16   17   16   17   18   19   21   25   28   33   38   42   46   50   52
   54   55   57   58   58   58   58   57   57   57   57   57   56   56   54   53
   51   48   45   41   39   37   36   36   37
    52.5-180.0 180.0   5.0 450.0                            LAT/LON1/LON2/DLON/H
   40   42   44   45   46   44   42   38   34   31   27   23   21   19   18   18
   17   15   13   12   12   13   14   17   20   22   23   25   25   25   24   23
   22   21   22   22   22   23   24   27   31   35   41   44   48   52   55   57
   58   60   60   61   61   61   60   60   60   61   61   61   61   61   59   58
   55   52   49   45   42   39   38   39   40
    50.0-180.0 180.0   5.0 450.0                            LAT/LON1/LON2/DLON/H
   43   45   48   50   51   51   49   46   43   39   35   31   28   25   24   23
   22   20   18   16   16   16   19   23   28   32   33   34   33   32   29   28
   27   27   28   28   28   29   31   33   37   43   47   51   55   57   59   61
   62   63   64   65   64   63   63   64   64   65   66   66   66   66   65   63
   61   57   54   50   46   43   41   41   43
    47.5-180.0 180.0   5.0 450.0                            LAT/LON1/LON2/DLON/H
   45   47   50   53   55   56   56   54   51   48   43   38   35   33   31   31
   29   28   26   25   25   28   33   37   42   45   46   45   43   40   37   34
   33   33   34   34   35   36   38   40   45   50   54   58   60   61   63   65
   66   67   68   69   69   68   68   68   69   70   71   71   71   71   69   67
   65   62   58   55   50   47   45   44   45
    45.0-180.0 180.0   5.0 450.0                            LAT/LON1/LON2/DLON/H
   47   49   51   55   58   60   61   61   59   55   51   47   43   41   40   40
   39   38   38   38   40   44   50   55   59   61   60   57   52   47   44   41
   39   39   40   41   42   43   44   47   51   57   61   63   65   66   67   69
   70   72   74   74   74   74   74   74   75   76   76   76   75   74   72   71
   69   67   64   59   55   51   48   47   47
    42.5-180.0 180.0   5.0 450.0                            LAT/LON1/LON2/DLON/H
   49   50   52   55   58   62   64   65   64   62   57   54   51   50   49   50
   50   50   52   54   58   63   70   74   75   75   71   66   60   54   50   47
   45   45   46   47   48   49   50   53   58   63   67   69   70   71   72   74
   76   79   81   81   81   81   81   81   81   81   80   79   78   77   76   75
   73   71   69   64   59   55   52   49   49
    40.0-180.0 180.0   5.0 450.0                            LAT/LON1/LON2/DLON/H
   51   50   51   54   58   62   65   68   69   67   64   61   59   58   58   59
   61   63   66   70   76   82   87   90   88   85   79   72   66   60   56   53
   50   50   51   51   52   53   55   59   64   69   73   74   75   75   77   79
   82   85   87   88   88   88   88   87   86   85   84   82   81   79   78   78
   77   76   74   70   64   59   55   52   51
    37.5-180.0 180.0   5.0 450.0                            LAT/LON1/LON2/DLON/H
   52   51   51   52   56   60   64   68   71   72   70   68   67   66   66   67
   69   73   78   85   90   96  100  101   97   90   83   76   69   64   60   56
   54   54   54   54   54   55   58   64   70   75   78   80   80   80   82   85
   89   91   93   94   94   94   93   93   91   89   87   85   83   83   82   83
   82   81   78   74   69   63   59   55   52
    35.0-180.0 180.0   5.0 450.0                            LAT/LON1/LON2/DLON/H
   54   51   50   51   53   57   61   66   70   73   75   75   74   74   74   75
   77   83   88   96  101  105  107  106  100   93   85   77   71   65   62   59
   57   56   55   55   55   57   61   67   75   80   84   85   85   86   88   91
   94   97   98   99   99   99   99   97   95   92   90   89   88   88   89   89
   89   87   85   81   75   68   62   58   54
    32.5-180.0 180.0   5.0 450.0                            LAT/LON1/LON2/DLON/H
   56   53   51   51   52   55   58   63   68   72   76   79   81   81   81   83
   84   89   94  101  106  109  109  106   98   90   82   75   70   65   62   60
   58   57   55   54   54   56   62   70   79   86   89   90   90   91   94   96
   99  101  102  102  103  103  104  103  100   97   96   96   97   98   99   99
   99   97   94   88   81   73   67   61   56
    30.0-180.0 180.0   5.0 450.0                            LAT/LON1/LON2/DLON/H
   61   57   55   54   53   54   57   61   65   69   75   81   84   85   86   87
   88   91   95  102  105  107  106  101   92   83   75   70   66   64   62   61
   58   56   54   53   53   56   63   74   83   90   94   95   96   97   99  102
  103  105  105  106  107  108  109  109  106  104  105  107  111  113  115  114
  113  110  106   99   89   81   73   66   61
    27.5-180.0 180.0   5.0 450.0                            LAT/LON1/LON2/DLON/H
   68   65   62   59   57   57   57   59   63   68   74   80   84   86   86   87
   86   88   91   96   99  101   99   93   82   74   68   64   63   63   63   61
   57   54   52   50   51   55   64   77   87   95   99  101  102  104  106  107
  108  110  110  110  111  114  116  116  115  115  119  123  129  133  135  134
  131  126  121  112  101   91   82   74   68
    25.0-180.0 180.0   5.0 450.0                            LAT/LON1/LON2/DLON/H
   78   74   70   66   63   60   60   60   62   66   72   77   82   84   84   83
   83   84   85   89   92   92   89   82   73   66   61   60   61   62   61   59
   55   52   49   47   48   54   64   79   91   98  103  106  108  111  113  114
  115  116  116  116  118  122  125  126  127  131  137  143  151  156  158  157
  153  146  139  127  116  103   92   84   78
    22.5-180.0 180.0   5.0 450.0                            LAT/LON1/LON2/DLON/H
   87   82   78   74   70   66   63   62   62   65   69   74   78   81   81   81
   79   79   79   82   83   83   81   75   67   61   58   57   59   59   58   55
   52   49   46   44   46   54   65   80   93  101  106  110  114  117  120  122
  124  125  125  127  130  135  139  141  143  149  158  167  176  181  181  179
  175  168  158  145  133  118  105   94   87
    20.0-180.0 180.0   5.0 450.0                            LAT/LON1/LON2/DLON/H
   96   90   85   81   77   71   67   65   65   66   68   72   76   78   79   78
   77   75   75   76   77   77   76   72   66   62   58   56   56   56   53   51
   48   45   44   43   46   54   67   83   96  105  111  116  120  123  128  131
  134  136  138  141  146  152  158  160  163  170  181  192  200  204  201  198
  194  187  175  163  151  134  119  106   96
    17.5-180.0 180.0   5.0 450.0                            LAT/LON1/LON2/DLON/H
  107   99   92   86   82   77   72   68   67   67   67   69   72   75   76   77
   74   73   72   73   74   75   75   72   67   62   58   55   54   52   50   48
   45   44   42   42   47   55   70   86   99  108  116  121  126  131  136  141
  147  151  154  160  166  173  180  182  183  191  203  214  221  223  218  212
  206  199  189  179  165  149  134  118  107
    15.0-180.0 180.0   5.0 450.0                            LAT/LON1/LON2/DLON/H
  118  106   99   92   86   80   75   71   69   68   67   68   70   72   73   75
   74   72   71   71   74   76   78   74   69   63   57   53   51   49   48   46
   43   41   40   42   48   58   73   90  103  114  122  128  133  139  146  153
  160  167  173  180  187  193  200  201  201  209  220  229  236  236  229  221
  212  205  198  191  179  165  148  131  118
    12.5-180.0 180.0   5.0 450.0                            LAT/LON1/LON2/DLON/H
  130  116  104   96   89   83   77   72   70   69   68   67   68   70   71   73
   73   71   70   71   73   77   79   76   70   63   55   52   49   47   46   43
   40   39   39   42   49   61   77   93  106  117  127  134  140  147  155  164
  174  183  191  198  204  210  215  215  215  221  230  238  243  242  234  225
  215  208  203  198  189  177  161  143  130
    10.0-180.0 180.0   5.0 450.0                            LAT/LON1/LON2/DLON/H
  139  124  110   99   91   84   78   73   71   69   68   68   67   67   68   70
   70   69   69   70   73   77   79   77   70   62   56   51   47   45   43   40
   38   37   38   42   50   64   79   95  109  120  130  138  145  153  161  172
  184  195  203  208  214  218  221  221  220  225  233  241  245  242  234  224
  216  209  206  202  196  186  172  155  139
     7.5-180.0 180.0   5.0 450.0                            LAT/LON1/LON2/DLON/H
  147  130  115  102   92   84   78   73   71   70   68   67   66   65   65   66
   68   68   69   70   73   77   79   77   71   62   55   50   46   44   41   39
   38   37   37   42   52   65   82   97  110  121  131  141  149  157  165  176
  188  200  207  211  215  219  220  219  219  223  231  238  242  239  233  224
  217  211  208  206  202  192  179  164  147
     5.0-180.0 180.0   5.0 450.0                            LAT/LON1/LON2/DLON/H
  152  135  118  104   92   83   77   73   71   70   68   67   65   64   63   64
   66   68   70   71   73   77   79   76   71   62   54   48   45   43   41   39
   37   36   37   42   54   68   83   98  110  121  132  142  151  158  167  176
  188  199  206  209  212  214  215  214  214  218  225  233  238  238  235  229
  222  215  212  210  205  197  185  170  152
     2.5-180.0 180.0   5.0 450.0                            LAT/LON1/LON2/DLON/H
  157  139  122  105   92   83   76   72   70   68   67   65   63   62   61   63
   65   67   69   71   73   75   77   74   68   59   52   47   44   43   41   39
   36   35   37   43   55   69   84   98  111  122  133  142  150  158  165  174
  185  195  201  205  206  207  207  207  208  213  221  230  238  241  242  239
  232  225  220  216  210  201  189  175  157
