DORISInput/IGSGIM/2019/igsg3340.19i
     1.0            IONOSPHERE MAPS     MIX                 IONEX VERSION / TYPE
cmpcmb v1.2          GRL/UWM            20-dec-19 09:48     PGM / RUN BY / DATE 
ionex file containing IGS COMBINED Ionosphere maps          COMMENT             
global ionosphere maps for day 334, 2019                    DESCRIPTION         
IONEX file containing the COMBINED IGS TEC MAPS and DCBs    DESCRIPTION         
      IONEX files of the following IAACs were combined: cod DESCRIPTION         
                                                        esa DESCRIPTION         
                                                        jpl DESCRIPTION         
                                                        upc DESCRIPTION         
Contact address: Andrzej Krankowski                         DESCRIPTION
                 Geodynamics Research Laboratory            DESCRIPTION
                 University of Warmia and Mazury (GRL/UWM)  DESCRIPTION
                 Oczapowski St. 1                           DESCRIPTION
                 10-957-Olsztyn, POLAND                     DESCRIPTION
                 e-mail:  kand@uwm.edu.pl                   DESCRIPTION
                                                            DESCRIPTION         
  2019    11    30     0     0     0                        EPOCH OF FIRST MAP  
  2019    12     1     0     0     0                        EPOCH OF LAST MAP   
  7200                                                      INTERVAL            
    13                                                      # OF MAPS IN FILE   
  COSZ                                                      MAPPING FUNCTION    
     0.0                                                    ELEVATION CUTOFF    
combined TEC calculated as weighted mean of input TEC valuesOBSERVABLES USED    
   396                                                      # OF STATIONS       
    32                                                      # OF SATELLITES     
  6371.0                                                    BASE RADIUS         
     2                                                      MAP DIMENSION       
   450.0 450.0   0.0                                        HGT1 / HGT2 / DHGT  
    87.5 -87.5  -2.5                                        LAT1 / LAT2 / DLAT  
  -180.0 180.0   5.0                                        LON1 / LON2 / DLON  
    -1                                                      EXPONENT            
TEC values in 0.1 tec units;  9999, if no value available   COMMENT             
DCB values in nanoseconds, reference is Sum_of_SatDCBs = 0  COMMENT             
                                                            END OF HEADER       
[from data line 3432]
     9                                                      START OF TEC MAP    
  2019    11    30    16     0     0                        EPOCH OF CURRENT MAP
    87.5-180.0 180.0   5.0 450.0                            LAT/LON1/LON2/DLON/H
   17   17   17   17   16   16   16   16   16   16   16   16   16   16   17   17
   17   17   17   17   17   17   17   17   18   18   18   18   19   19   19   19
   19   20   20   20   20   21   21   21   21   21   22   21   22   22   22   22
   22   22   22   21   21   21   21   20   20   20   20   20   20   19   19   19
   19   18   18   18   18   17   17   17   17
    85.0-180.0 180.0   5.0 450.0                            LAT/LON1/LON2/DLON/H
   17   16   16   16   16   16   16   16   17   17   17   17   17   17   18   17
   18   18   18   18   19   19   19   19   19   19   20   20   20   20   20   21
   20   21   21   22   22   22   22   22   23   23   23   24   24   25   25   25
   25   26   26   25   25   25   24   24   24   24   23   23   23   22   21   21
   20   20   19   19   18   18   17   17   17
    82.5-180.0 180.0   5.0 450.0                            LAT/LON1/LON2/DLON/H
   17   17   17   18   18   18   19   19   19   19   19   19   19   19   19   19
   18   18   19   19   20   20   21   21   21   21   21   22   21   22   22   22
   22   23   23   23   24   24   24   24   25   25   25   26   26   27   27   28
   28   29   29   28   29   29   28   28   28   27   27   26   25   24   24   23
   22   21   20   19   19   18   17   17   17
    80.0-180.0 180.0   5.0 450.0                            LAT/LON1/LON2/DLON/H
   19   19   20   20   21   22   22   23   23   23   23   23   23   22   22   21
   21   21   20   20   20   20   22   23   23   23   23   23   23   24   24   24
   24   25   25   25   25   25   25   26   26   26   26   26   27   28   28   29
   30   30   31   31   31   31   32   32   32   31   30   29   28   27   26   25
   23   22   21   20   19   18   19   19   19
    77.5-180.0 180.0   5.0 450.0                            LAT/LON1/LON2/DLON/H
   21   22   22   23   24   24   26   26   27   27   27   27   27   26   25   25
   25   24   24   24   23   24   23   24   26   26   26   26   26   26   25   26
   26   26   25   24   24   23   24   24   24   24   24   25   26   26   27   28
   29   30   31   31   32   32   33   33   33   33   32   32   31   29   28   27
   24   23   21   20   19   20   20   21   21
    75.0-180.0 180.0   5.0 450.0                            LAT/LON1/LON2/DLON/H
   23   24   24   25   26   27   28   29   30   30   29   29   29   29   30   30
   29   29   28   27   29   28   27   27   28   29   30   30   30   30   29   28
   26   26   26   25   23   22   21   21   21   21   21   22   23   23   24   25
   26   27   29   30   30   31   31   32   33   33   33   32   31   30   28   26
   25   23   21   20   20   21   22   22   23
    72.5-180.0 180.0   5.0 450.0                            LAT/LON1/LON2/DLON/H
   24   24   26   26   27   28   28   29   29   29   30   30   30   31   31   31
   32   31   30   32   33   34   33   33   34   33   34   34   33   32   31   30
   28   27   25   24   22   21   19   19   18   18   17   18   18   19   20   21
   22   24   25   26   27   28   29   29   30   31   31   31   30   29   28   26
   25   23   21   21   21   22   22   23   24
    70.0-180.0 180.0   5.0 450.0                            LAT/LON1/LON2/DLON/H
   25   26   26   26   26   27   27   27   27   27   27   28   28   29   30   31
   32   33   34   36   37   39   38   39   40   39   38   37   36   34   32   31
   30   27   25   24   21   19   18   16   15   15   14   14   15   15   16   17
   18   20   21   22   24   25   26   26   27   29   29   29   28   28   27   26
   25   24   22   22   22   22   23   24   25
    67.5-180.0 180.0   5.0 450.0                            LAT/LON1/LON2/DLON/H
   25   25   25   25   25   25   24   24   23   23   23   24   24   26   28   29
   32   34   36   38   40   42   43   43   44   44   43   42   40   38   36   34
   32   30   27   24   21   19   17   15   14   13   12   12   12   13   14   15
   16   17   17   18   19   20   21   23   24   25   26   26   27   27   27   26
   26   24   23   22   22   22   22   24   25
    65.0-180.0 180.0   5.0 450.0                            LAT/LON1/LON2/DLON/H
   25   26   25   25   24   22   21   20   19   19   19   20   22   23   26   28
   31   34   37   40   43   45   45   47   47   47   47   46   45   44   41   38
   36   33   29   25   22   20   18   16   14   13   13   12   13   13   14   15
   16   16   17   17   17   18   19   20   21   23   24   25   26   27   27   26
   26   24   23   22   23   23   24   24   25
    62.5-180.0 180.0   5.0 450.0                            LAT/LON1/LON2/DLON/H
   28   28   27   25   24   21   19   17   16   15   16   17   19   22   25   28
   32   35   39   42   45   46   48   50   51   50   50   50   50   49   46   44
   40   37   33   28   25   22   19   17   16   16   15   15   16   16   17   17
   18   18   18   17   17   18   18   19   20   22   24   25   27   28   28   27
   26   25   24   24   24   24   25   27   28
    60.0-180.0 180.0   5.0 450.0                            LAT/LON1/LON2/DLON/H
   31   32   31   29   26   23   20   18   16   15   16   17   19   22   26   30
   34   38   42   44   47   49   51   52   53   53   53   54   54   54   52   49
   47   42   37   32   28   25   22   20   20   19   19   20   20   21   22   22
   23   22   21   19   19   20   19   21   23   26   26   28   29   30   31   30
   29   28   26   26   26   26   28   30   31
    57.5-180.0 180.0   5.0 450.0                            LAT/LON1/LON2/DLON/H
   35   36   36   34   31   28   24   21   19   19   19   20   23   26   30   35
   39   43   46   48   50   52   54   55   55   56   57   59   60   61   59   56
   53   48   42   36   32   28   25   25   24   25   25   26   27   28   28   28
   27   27   26   24   25   25   25   27   29   32   32   33   34   35   35   34
   32   30   29   28   28   29   31   33   35
    55.0-180.0 180.0   5.0 450.0                            LAT/LON1/LON2/DLON/H
   39   41   42   41   38   35   31   29   27   25   25   26   29   32   36   41
   46   49   52   54   55   56   57   58   59   60   61   64   66   68   67   64
   61   55   48   42   36   32   30   30   30   31   32   33   34   35   35   34
   33   33   33   33   33   35   36   38   40   41   42   41   41   40   40   38
   36   34   32   31   31   32   34   37   39
    52.5-180.0 180.0   5.0 450.0                            LAT/LON1/LON2/DLON/H
   44   46   48   48   46   44   41   38   36   34   33   34   36   40   44   48
   52   56   59   60   60   61   62   63   64   65   66   69   72   74   73   72
   68   62   54   48   42   38   36   35   36   37   39   40   41   41   41   41
   40   41   42   43   45   48   50   52   54   54   53   51   49   46   44   41
   39   36   35   34   34   35   37   40   44
    50.0-180.0 180.0   5.0 450.0                            LAT/LON1/LON2/DLON/H
   47   50   53   54   54   53   51   49   47   45   43   43   45   47   51   56
   60   63   65   66   67   68   70   71   72   72   73   74   77   79   80   78
   75   68   62   54   48   44   42   41   42   44   46   47   48   48   49   49
   49   50   51   54   58   61   64   68   69   68   65   61   58   52   48   45
   41   39   37   37   37   38   40   43   47
    47.5-180.0 180.0   5.0 450.0                            LAT/LON1/LON2/DLON/H
   49   52   55   58   59   60   60   59   57   55   53   52   53   56   58   62
   66   70   72   73   75   77   79   81   81   81   80   81   82   84   85   83
   79   74   68   61   55   51   49   48   49   50   52   54   56   56   57   58
   59   60   61   65   68   73   78   82   82   80   75   70   64   58   53   48
   44   41   40   39   38   40   42   45   49
    45.0-180.0 180.0   5.0 450.0                            LAT/LON1/LON2/DLON/H
   49   52   56   59   62   64   65   65   65   63   62   61   61   63   65   68
   71   75   78   80   82   86   89   92   92   91   89   88   87   87   87   86
   82   78   73   68   63   59   57   55   55   57   59   61   63   64   65   66
   68   70   71   75   78   83   89   92   92   89   83   77   71   63   58   51
   46   43   41   40   39   41   43   46   49
    42.5-180.0 180.0   5.0 450.0                            LAT/LON1/LON2/DLON/H
   47   50   54   56   60   64   67   68   69   69   70   69   69   70   71   73
   75   79   83   86   90   95   99  102  102  100   96   93   91   90   89   87
   84   81   79   76   73   68   65   62   62   62   64   67   70   71   73   74
   75   78   80   83   86   90   95   97   98   95   90   83   76   68   62   55
   49   45   42   41   41   42   43   45   47
    40.0-180.0 180.0   5.0 450.0                            LAT/LON1/LON2/DLON/H
   45   47   50   53   56   61   64   68   71   74   76   76   76   76   77   77
   79   82   86   91   97  102  107  110  109  106  102   98   95   93   90   88
   86   86   86   85   82   78   73   70   68   67   69   72   76   78   79   81
   82   83   84   86   88   91   95   98   99   98   93   86   80   72   64   57
   51   47   44   43   42   42   43   44   45
    37.5-180.0 180.0   5.0 450.0                            LAT/LON1/LON2/DLON/H
   43   44   45   48   51   55   59   65   71   77   80   82   83   83   82   82
   83   85   89   95  101  107  112  113  112  109  106  103  100   97   94   92
   91   93   95   95   93   89   83   78   74   73   74   77   81   84   85   86
   86   87   85   85   86   89   92   95   97   97   93   87   81   74   66   59
   53   48   45   43   42   42   42   42   43
    35.0-180.0 180.0   5.0 450.0                            LAT/LON1/LON2/DLON/H
   41   41   42   44   46   49   54   60   69   78   84   88   90   91   89   88
   87   89   93   99  104  109  112  113  113  111  109  108  106  104  102  100
  101  104  106  107  106  102   94   87   81   78   78   81   85   87   89   90
   89   86   84   82   82   84   86   88   91   92   89   85   81   74   67   61
   54   49   45   42   42   42   42   41   41
    32.5-180.0 180.0   5.0 450.0                            LAT/LON1/LON2/DLON/H
   40   39   39   41   42   44   48   56   67   78   86   92   96   98   97   95
   94   95   97  102  106  109  111  111  111  111  111  112  115  114  114  114
  115  119  123  123  122  116  106   96   88   83   82   83   87   90   91   91
   88   83   80   77   77   78   80   82   84   85   85   83   80   74   68   61
   55   50   45   42   41   41   42   41   40
    30.0-180.0 180.0   5.0 450.0                            LAT/LON1/LON2/DLON/H
   40   39   39   39   40   41   44   52   65   78   88   96  102  106  105  103
  100   99  101  105  107  108  108  108  108  110  114  120  127  130  132  133
  136  139  141  143  139  130  119  106   95   88   85   85   88   90   92   90
   86   80   76   74   74   75   76   77   79   82   82   81   79   74   69   62
   56   50   46   42   41   42   42   41   40
    27.5-180.0 180.0   5.0 450.0                            LAT/LON1/LON2/DLON/H
   41   41   40   39   39   40   44   51   65   78   90   99  106  111  112  110
  107  106  107  109  109  109  106  105  106  111  120  132  144  154  157  158
  161  164  165  164  155  144  131  117  104   95   89   88   88   90   91   89
   84   78   73   71   72   72   73   74   75   78   79   78   77   74   68   62
   56   50   46   43   42   42   42   42   41
    25.0-180.0 180.0   5.0 450.0                            LAT/LON1/LON2/DLON/H
   42   42   41   40   40   41   45   53   66   79   90  100  108  114  117  116
  113  111  112  113  113  111  109  108  111  120  133  150  166  180  185  185
  189  190  187  182  171  159  144  128  114  103   94   90   89   90   90   88
   83   77   72   71   70   71   72   72   72   74   76   76   75   72   67   61
   56   50   46   43   42   42   43   42   42
    22.5-180.0 180.0   5.0 450.0                            LAT/LON1/LON2/DLON/H
   41   42   42   41   42   44   48   57   69   80   91  100  108  115  120  120
  118  116  117  119  118  117  115  117  124  137  154  174  193  210  215  212
  213  213  206  196  187  174  156  139  124  112  102   95   91   90   90   87
   83   78   73   71   71   73   73   73   71   72   72   72   71   67   63   58
   54   49   45   43   42   42   42   42   41
    20.0-180.0 180.0   5.0 450.0                            LAT/LON1/LON2/DLON/H
   41   41   41   42   43   46   52   62   73   83   93  101  109  116  121  123
  122  122  123  126  126  128  129  135  146  163  181  203  221  236  238  232
  231  228  220  207  196  184  167  150  136  123  111  102   96   92   91   88
   85   80   76   75   75   76   76   75   72   70   70   69   67   63   58   55
   51   48   45   43   42   42   42   41   41
    17.5-180.0 180.0   5.0 450.0                            LAT/LON1/LON2/DLON/H
   39   39   40   41   43   47   54   66   77   86   94  102  110  117  123  126
  128  129  131  134  138  143  149  159  173  191  211  230  244  252  252  246
  242  235  227  214  201  190  174  161  148  134  123  112  103   97   94   92
   89   85   82   81   82   81   80   78   73   71   68   66   64   60   56   53
   50   47   45   43   42   41   41   40   39
    15.0-180.0 180.0   5.0 450.0                            LAT/LON1/LON2/DLON/H
   39   38   38   40   42   47   55   68   79   89   97  104  111  119  126  131
  135  139  142  147  154  162  174  189  204  221  240  254  261  262  259  251
  245  237  227  214  201  191  180  170  160  148  135  123  112  104   99   96
   94   91   90   89   89   87   85   81   76   71   67   64   61   57   54   51
   48   45   44   43   41   41   40   40   39
    12.5-180.0 180.0   5.0 450.0                            LAT/LON1/LON2/DLON/H
   39   37   37   38   40   45   55   68   80   91   99  106  113  121  130  137
  143  150  156  164  174  186  201  219  236  252  267  275  270  263  257  249
  241  232  223  211  201  193  186  179  172  160  147  135  122  111  105  101
   99   98   97   97   94   91   87   82   77   72   67   62   58   54   52   51
   47   45   44   43   42   40   40   39   39
    10.0-180.0 180.0   5.0 450.0                            LAT/LON1/LON2/DLON/H
   39   38   36   37   39   44   53   67   81   93  102  109  117  126  136  145
  154  165  174  184  197  212  229  248  265  278  284  283  268  257  249  240
  233  227  219  211  204  198  194  189  183  172  160  146  131  118  110  105
  104  104  104  103  100   95   90   84   78   73   67   61   57   54   53   51
   48   45   44   43   42   40   40   39   39
     7.5-180.0 180.0   5.0 450.0                            LAT/LON1/LON2/DLON/H
   39   38   37   36   38   43   53   66   80   93  104  113  121  132  143  156
  167  181  193  206  221  239  256  274  288  294  289  278  260  248  240  233
  229  225  221  216  211  208  204  200  194  184  171  157  139  126  116  110
  108  108  108  107  105  100   95   89   82   76   70   64   60   57   55   53
   50   47   45   44   43   41   40   40   39
     5.0-180.0 180.0   5.0 450.0                            LAT/LON1/LON2/DLON/H
   40   39   37   36   38   43   53   66   80   94  106  116  126  138  151  166
  181  198  213  227  243  262  279  295  304  298  280  266  251  241  235  231
  231  232  230  227  224  221  217  211  203  194  181  164  147  132  121  114
  112  110  111  111  110  106  101   95   89   82   76   70   66   62   60   57
   53   49   46   45   44   42   42   41   40
     2.5-180.0 180.0   5.0 450.0                            LAT/LON1/LON2/DLON/H
   43   40   38   36   38   45   55   67   80   94  108  119  130  144  159  176
  195  214  232  247  262  278  295  308  311  297  271  255  245  239  237  238
  243  246  248  246  242  237  230  222  212  201  188  171  153  138  127  119
  114  113  114  115  115  112  109  103   96   88   82   75   72   68   65   61
   57   53   49   47   45   44   44   43   43
