DORISInput/IGSGIM/2019/igsg3400.19i
     1.0            IONOSPHERE MAPS     MIX                 IONEX VERSION / TYPE
cmpcmb v1.2          GRL/UWM            23-dec-19 15:05     PGM / RUN BY / DATE 
ionex file containing IGS COMBINED Ionosphere maps          COMMENT             
global ionosphere maps for day 340, 2019                    DESCRIPTION         
IONEX file containing the COMBINED IGS TEC MAPS and DCBs    DESCRIPTION         
      IONEX files of the following IAACs were combined: cod DESCRIPTION         
                                                        esa DESCRIPTION         
                                                        jpl DESCRIPTION         
                                                        upc DESCRIPTION         
Contact address: Andrzej Krankowski                         DESCRIPTION
                 Geodynamics Research Laboratory            DESCRIPTION
                 University of Warmia and Mazury (GRL/UWM)  DESCRIPTION
                 Oczapowski St. 1                           DESCRIPTION
                 10-957-Olsztyn, POLAND                     DESCRIPTION
                 e-mail:  kand@uwm.edu.pl                   DESCRIPTION
                                                            DESCRIPTION         
  2019    12     6     0     0     0                        EPOCH OF FIRST MAP  
  2019    12     7     0     0     0                        EPOCH OF LAST MAP   
  7200                                                      INTERVAL            
    13                                                      # OF MAPS IN FILE   
  COSZ                                                      MAPPING FUNCTION    
     0.0                                                    ELEVATION CUTOFF    
combined TEC calculated as weighted mean of input TEC valuesOBSERVABLES USED    
   393                                                      # OF STATIONS       
    32                                                      # OF SATELLITES     
  6371.0                                                    BASE RADIUS         
     2                                                      MAP DIMENSION       
   450.0 450.0   0.0                                        HGT1 / HGT2 / DHGT  
    87.5 -87.5  -2.5                                        LAT1 / LAT2 / DLAT  
  -180.0 180.0   5.0                                        LON1 / LON2 / DLON  
    -1                                                      EXPONENT            
TEC values in 0.1 tec units;  9999, if no value available   COMMENT             
DCB values in nanoseconds, reference is Sum_of_SatDCBs = 0  COMMENT             
                                                            END OF HEADER       
[from data line 3003]
     8                                                      START OF TEC MAP    
  2019    12     6    14     0     0                        EPOCH OF CURRENT MAP
    87.5-180.0 180.0   5.0 450.0                            LAT/LON1/LON2/DLON/H
   20   20   19   19   19   18   18   18   17   17   17   17   17   16   16   16
   16   16   16   15   15   16   16   16   16   16   16   16   16   16   16   16
   16   16   16   16   16   17   17   17   17   17   18   18   19   19   20   20
   20   20   21   21   21   22   22   22   22   22   22   22   22   22   22   22
   21   21   21   21   21   20   20   20   20
    85.0-180.0 180.0   5.0 450.0                            LAT/LON1/LON2/DLON/H
   22   21   21   22   21   21   21   20   19   19   18   18   17   17   16   15
   15   15   14   14   14   14   14   14   14   14   14   13   14   14   14   14
   15   15   15   15   16   16   16   16   16   17   17   18   18   19   20   20
   21   22   22   23   24   25   25   25   26   26   26   26   26   26   26   25
   25   24   24   23   23   23   22   22   22
    82.5-180.0 180.0   5.0 450.0                            LAT/LON1/LON2/DLON/H
   25   25   24   23   22   22   21   20   19   19   18   18   18   17   17   17
   16   16   15   14   14   13   13   14   14   13   14   14   14   14   15   15
   15   16   16   16   16   16   16   16   16   17   17   18   19   20   20   21
   22   23   23   25   25   26   26   27   28   29   29   30   30   29   29   28
   28   27   27   26   26   26   26   25   25
    80.0-180.0 180.0   5.0 450.0                            LAT/LON1/LON2/DLON/H
   25   24   23   22   21   21   21   20   20   21   21   21   20   20   19   18
   17   17   16   15   14   14   14   15   15   15   15   15   16   16   16   16
   17   17   17   17   18   17   17   16   16   16   17   17   18   18   19   20
   21   22   23   24   25   26   26   28   28   29   30   31   31   31   30   30
   29   29   28   28   27   27   26   25   25
    77.5-180.0 180.0   5.0 450.0                            LAT/LON1/LON2/DLON/H
   23   22   21   21   21   22   21   22   22   23   23   23   23   22   21   20
   20   19   18   17   17   16   16   15   15   16   16   17   17   17   18   18
   19   19   19   18   18   18   17   16   16   15   15   15   15   16   17   17
   18   19   21   23   24   24   26   26   27   28   29   29   29   29   30   29
   29   29   28   28   27   26   25   24   23
    75.0-180.0 180.0   5.0 450.0                            LAT/LON1/LON2/DLON/H
   22   21   20   20   21   21   21   23   23   24   24   24   24   23   23   23
   22   21   21   20   19   19   18   18   18   18   18   20   20   20   20   20
   20   20   20   20   19   18   17   16   15   14   13   13   13   13   14   15
   16   16   18   19   21   22   23   24   25   26   26   26   27   28   28   28
   28   28   28   27   27   25   24   23   22
    72.5-180.0 180.0   5.0 450.0                            LAT/LON1/LON2/DLON/H
   21   20   19   19   19   19   20   21   22   22   23   23   24   24   24   24
   23   23   22   23   22   22   21   21   22   22   23   23   25   25   25   24
   24   23   23   22   21   18   17   16   14   13   12   11   11   11   11   12
   13   14   15   16   18   19   20   21   22   23   23   23   24   24   25   26
   26   27   27   27   27   26   24   23   21
    70.0-180.0 180.0   5.0 450.0                            LAT/LON1/LON2/DLON/H
   21   19   18   17   16   17   18   19   19   20   21   21   22   23   23   23
   24   24   24   24   24   25   25   25   25   26   28   28   29   29   30   29
   28   27   26   25   23   20   18   16   15   13   12   11   10   10   11   11
   12   12   14   15   16   17   18   19   20   20   20   21   22   22   23   24
   25   27   27   28   28   27   25   23   21
    67.5-180.0 180.0   5.0 450.0                            LAT/LON1/LON2/DLON/H
   23   20   18   17   16   16   17   18   18   18   18   18   19   20   20   21
   22   23   24   24   26   27   27   28   29   31   32   33   33   33   34   34
   32   31   30   28   26   23   21   19   16   14   13   12   12   11   11   11
   12   13   14   15   16   17   18   18   18   19   19   19   20   21   22   23
   25   27   28   30   31   30   28   25   23
    65.0-180.0 180.0   5.0 450.0                            LAT/LON1/LON2/DLON/H
   26   23   21   20   19   19   18   18   18   17   15   15   15   15   16   17
   18   20   21   24   26   28   30   31   33   35   36   38   38   38   39   39
   38   36   34   32   29   27   24   21   19   17   16   15   14   13   13   13
   14   15   16   17   17   18   18   18   18   18   18   19   20   21   23   24
   27   29   31   34   35   34   32   29   26
    62.5-180.0 180.0   5.0 450.0                            LAT/LON1/LON2/DLON/H
   31   29   27   25   24   24   22   21   18   16   14   12   12   12   12   14
   15   17   20   23   26   29   31   34   36   39   40   42   42   43   44   44
   43   42   40   37   34   31   27   24   23   21   20   19   18   17   16   16
   17   18   19   19   19   20   20   19   19   18   19   20   23   25   27   29
   31   34   36   38   40   39   37   34   31
    60.0-180.0 180.0   5.0 450.0                            LAT/LON1/LON2/DLON/H
   39   36   34   34   33   31   28   25   21   17   14   12   11   10   11   11
   13   16   19   23   26   30   33   36   40   42   44   46   47   48   49   49
   48   48   45   42   39   35   32   29   27   26   25   25   23   22   21   20
   21   21   22   23   22   22   21   21   21   21   22   25   27   30   32   35
   37   40   42   44   45   45   43   41   39
    57.5-180.0 180.0   5.0 450.0                            LAT/LON1/LON2/DLON/H
   47   45   44   44   43   40   37   33   27   22   18   14   13   12   12   12
   14   17   20   24   28   32   36   39   42   46   48   50   51   52   53   54
   54   52   50   48   44   40   38   35   34   32   32   31   29   28   26   25
   24   25   26   25   25   24   24   24   24   25   27   29   32   35   39   41
   44   46   49   50   52   51   50   48   47
    55.0-180.0 180.0   5.0 450.0                            LAT/LON1/LON2/DLON/H
   55   53   53   53   52   50   46   41   35   29   24   20   17   16   15   16
   18   21   24   28   31   35   38   42   45   50   53   56   56   57   58   58
   58   58   55   52   50   46   43   42   40   39   39   38   36   34   32   30
   30   29   29   29   29   28   27   27   28   29   31   34   36   39   43   47
   51   52   54   55   57   56   56   55   55
    52.5-180.0 180.0   5.0 450.0                            LAT/LON1/LON2/DLON/H
   59   60   60   61   61   59   55   51   45   39   33   28   25   22   21   22
   24   27   30   33   37   40   43   46   50   55   58   61   62   63   63   63
   62   61   59   57   54   52   50   49   47   47   47   45   44   41   39   37
   35   35   34   34   34   33   32   31   32   34   36   37   40   43   47   51
   54   56   57   58   59   59   59   59   59
    50.0-180.0 180.0   5.0 450.0                            LAT/LON1/LON2/DLON/H
   61   63   65   67   67   66   64   60   55   50   45   39   35   31   29   30
   32   34   37   40   43   46   49   53   57   62   65   68   70   70   69   68
   66   64   63   61   59   58   57   56   55   55   54   53   50   48   45   42
   41   41   40   40   40   39   37   36   36   38   39   41   43   46   49   53
   55   57   57   57   58   58   58   59   61
    47.5-180.0 180.0   5.0 450.0                            LAT/LON1/LON2/DLON/H
   59   63   66   69   71   71   70   67   64   61   57   51   45   40   38   38
   40   44   46   49   52   54   57   61   65   70   73   77   77   77   75   73
   70   68   67   65   64   64   63   63   63   63   62   61   58   55   50   47
   46   47   47   46   46   45   44   42   41   41   42   44   46   48   51   54
   56   57   57   56   56   56   56   57   59
    45.0-180.0 180.0   5.0 450.0                            LAT/LON1/LON2/DLON/H
   56   60   64   68   71   73   73   71   70   69   66   62   55   49   46   46
   49   52   56   59   61   64   67   71   75   80   82   84   84   82   80   77
   74   72   71   69   70   71   72   72   71   71   69   67   65   60   56   54
   52   52   53   53   53   52   50   48   47   46   46   47   49   51   53   56
   57   57   56   55   54   53   52   54   56
    42.5-180.0 180.0   5.0 450.0                            LAT/LON1/LON2/DLON/H
   52   55   60   65   69   71   72   73   73   74   73   68   62   57   53   54
   57   61   64   68   71   74   77   81   85   88   89   90   88   85   83   81
   78   76   75   75   76   79   80   81   80   78   76   74   71   67   62   60
   59   59   59   60   59   57   56   54   52   51   50   50   51   53   55   57
   58   57   56   54   52   51   50   51   52
    40.0-180.0 180.0   5.0 450.0                            LAT/LON1/LON2/DLON/H
   49   51   56   61   65   67   69   70   74   77   77   73   68   63   60   61
   64   69   72   76   80   83   87   90   94   95   95   95   92   88   87   85
   82   80   80   81   84   87   89   90   88   86   83   79   76   71   68   65
   65   65   65   65   64   62   61   59   57   55   53   53   53   54   56   57
   58   58   56   54   52   50   49   48   49
    37.5-180.0 180.0   5.0 450.0                            LAT/LON1/LON2/DLON/H
   48   49   52   56   60   62   64   66   71   76   78   75   72   68   67   67
   70   75   79   84   88   91   95   98  100  100   99   97   95   93   91   89
   87   86   87   89   93   97  100  100   97   94   90   85   81   76   72   69
   69   69   69   68   68   66   65   63   61   58   56   55   54   55   57   59
   59   58   57   55   53   50   49   47   48
    35.0-180.0 180.0   5.0 450.0                            LAT/LON1/LON2/DLON/H
   47   48   50   53   55   57   58   61   66   72   76   76   75   73   72   73
   76   80   84   89   94   97  101  103  103  102  100  100   99   97   96   95
   94   93   95   99  104  109  110  110  108  103   97   92   86   81   76   74
   73   72   71   71   69   68   67   65   64   61   58   56   56   57   58   59
   59   59   58   56   54   51   49   48   47
    32.5-180.0 180.0   5.0 450.0                            LAT/LON1/LON2/DLON/H
   48   48   49   51   52   53   53   56   60   67   72   74   76   76   76   79
   81   84   88   93   98  102  104  106  104  102  101  101  101  102  102  101
  102  103  106  111  115  120  122  122  119  113  106  100   93   87   82   79
   78   77   75   73   71   69   68   67   66   63   61   58   57   57   57   58
   59   59   58   56   54   52   50   49   48
    30.0-180.0 180.0   5.0 450.0                            LAT/LON1/LON2/DLON/H
   49   49   50   50   50   50   49   51   55   60   66   70   74   76   79   82
   85   88   91   95  101  105  106  106  105  103  101  102  104  108  110  111
  113  116  119  124  129  133  134  134  131  125  117  110  103   95   91   87
   85   83   80   77   74   72   70   69   68   66   62   60   58   57   57   58
   58   58   57   55   53   51   50   50   49
    27.5-180.0 180.0   5.0 450.0                            LAT/LON1/LON2/DLON/H
   50   51   51   51   50   49   48   48   50   55   59   65   70   75   82   85
   88   90   92   96  100  104  104  105  104  102  101  104  109  115  121  124
  127  131  134  139  144  147  147  147  143  138  131  122  114  107  102   98
   95   92   87   82   79   74   72   70   68   66   64   61   58   57   56   56
   57   57   56   54   51   50   50   50   50
    25.0-180.0 180.0   5.0 450.0                            LAT/LON1/LON2/DLON/H
   50   52   53   53   51   49   47   46   47   50   54   59   67   74   82   86
   89   90   92   94   98  100  101  103  101  101  102  108  118  128  136  141
  146  149  152  158  161  159  159  159  155  150  144  136  128  122  118  113
  108  102   94   87   82   78   74   70   68   66   64   61   59   57   56   55
   55   55   54   51   49   48   48   49   50
    22.5-180.0 180.0   5.0 450.0                            LAT/LON1/LON2/DLON/H
   49   51   53   53   52   50   48   46   46   47   51   56   63   72   81   86
   88   89   91   93   96   98  100  101  101  102  106  115  130  143  154  162
  168  171  173  176  177  170  170  169  166  162  157  151  145  139  136  131
  125  114  103   93   86   81   76   72   69   67   64   61   59   56   55   55
   54   53   52   50   48   46   46   48   49
    20.0-180.0 180.0   5.0 450.0                            LAT/LON1/LON2/DLON/H
   46   48   50   52   52   51   48   47   45   46   49   53   61   71   81   87
   89   90   91   92   95   98  102  103  104  109  115  126  143  160  174  183
  190  191  192  193  191  182  179  177  174  173  169  166  163  160  157  150
  142  129  113  100   91   84   78   74   70   67   64   62   59   56   55   54
   53   52   52   49   46   45   45   45   46
    17.5-180.0 180.0   5.0 450.0                            LAT/LON1/LON2/DLON/H
   45   45   47   49   50   50   49   47   45   45   47   52   60   71   81   88
   91   92   93   94   96  100  105  109  112  118  127  140  159  176  191  202
  207  207  206  204  198  189  185  182  181  180  180  180  178  177  176  168
  159  142  123  108   96   88   82   77   73   68   65   62   60   57   54   53
   52   51   51   49   46   44   44   45   45
    15.0-180.0 180.0   5.0 450.0                            LAT/LON1/LON2/DLON/H
   44   44   44   45   47   47   47   45   45   45   47   52   61   73   82   90
   94   96   97   98   99  104  111  116  121  129  140  155  173  189  202  212
  217  215  213  208  201  194  189  186  186  188  190  191  190  189  188  182
  170  153  131  113   99   91   86   80   76   71   66   64   61   58   55   54
   52   51   51   49   47   46   45   45   44
    12.5-180.0 180.0   5.0 450.0                            LAT/LON1/LON2/DLON/H
   44   42   42   42   43   43   43   43   43   44   47   53   62   74   85   91
   96  100  103  104  105  109  116  124  131  140  151  166  182  196  208  216
  220  218  215  210  203  196  192  190  191  194  197  199  198  196  194  188
  177  159  136  116  101   92   86   82   78   73   68   66   64   61   58   55
   51   50   51   50   49   48   47   46   44
    10.0-180.0 180.0   5.0 450.0                            LAT/LON1/LON2/DLON/H
   44   41   39   39   39   39   39   39   41   44   48   54   65   77   87   94
   99  104  108  110  112  116  124  132  141  150  160  173  186  196  206  214
  217  217  214  211  205  200  197  196  197  201  204  205  203  200  196  191
  180  161  138  117  101   91   86   83   79   76   72   70   67   64   61   56
   52   51   51   51   51   50   49   48   44
     7.5-180.0 180.0   5.0 450.0                            LAT/LON1/LON2/DLON/H
   44   40   37   36   35   35   35   36   38   42   47   55   67   79   89   97
  103  109  114  116  119  124  132  143  152  161  169  178  187  194  202  209
  212  214  214  212  209  206  204  204  205  208  210  209  206  201  197  192
  181  163  141  120  102   91   86   84   83   80   77   75   73   70   66   60
   55   52   52   51   52   52   51   48   44
     5.0-180.0 180.0   5.0 450.0                            LAT/LON1/LON2/DLON/H
   44   39   35   33   31   31   31   33   35   40   46   55   68   81   92  100
  107  114  119  123  126  133  142  153  163  170  176  181  187  192  200  207
  211  214  216  217  215  214  214  214  215  215  216  214  209  204  200  194
  184  168  147  126  109   95   89   88   88   87   84   81   80   77   73   67
   60   55   53   52   52   52   51   49   44
     2.5-180.0 180.0   5.0 450.0                            LAT/LON1/LON2/DLON/H
   43   38   33   30   28   28   28   29   32   36   44   54   68   82   94  103
  110  118  124  129  134  142  152  163  172  177  181  183  188  194  202  208
  213  218  222  224  225  225  225  225  224  224  223  219  213  207  203  198
  191  178  159  139  121  105   97   94   96   96   93   91   89   86   81   74
   66   60   55   54   53   52   51   48   43
