DORISInput/IGSGIM/2019/igsg3350.19i
     1.0            IONOSPHERE MAPS     MIX                 IONEX VERSION / TYPE
cmpcmb v1.2          GRL/UWM            23-dec-19 14:38     PGM / RUN BY / DATE 
ionex file containing IGS COMBINED Ionosphere maps          COMMENT             
global ionosphere maps for day 335, 2019                    DESCRIPTION         
IONEX file containing the COMBINED IGS TEC MAPS and DCBs    DESCRIPTION         
      IONEX files of the following IAACs were combined: cod DESCRIPTION         
                                                        esa DESCRIPTION         
                                                        jpl DESCRIPTION         
                                                        upc DESCRIPTION         
Contact address: Andrzej Krankowski                         DESCRIPTION
                 Geodynamics Research Laboratory            DESCRIPTION
                 University of Warmia and Mazury (GRL/UWM)  DESCRIPTION
                 Oczapowski St. 1                           DESCRIPTION
                 10-957-Olsztyn, POLAND                     DESCRIPTION
                 e-mail:  kand@uwm.edu.pl                   DESCRIPTION
                                                            DESCRIPTION         
  2019    12     1     0     0     0                        EPOCH OF FIRST MAP  
  2019    12     2     0     0     0                        EPOCH OF LAST MAP   
  7200                                                      INTERVAL            
    13                                                      # OF MAPS IN FILE   
  COSZ                                                      MAPPING FUNCTION    
     0.0                                                    ELEVATION CUTOFF    
combined TEC calculated as weighted mean of input TEC valuesOBSERVABLES USED    
   393                                                      # OF STATIONS       
    32                                                      # OF SATELLITES     
  6371.0                                                    BASE RADIUS         
     2                                                      MAP DIMENSION       
   450.0 450.0   0.0                                        HGT1 / HGT2 / DHGT  
    87.5 -87.5  -2.5                                        LAT1 / LAT2 / DLAT  
  -180.0 180.0   5.0                                        LON1 / LON2 / DLON  
    -1                                                      EXPONENT            
TEC values in 0.1 tec units;  9999, if no value available   COMMENT             
DCB values in nanoseconds, reference is Sum_of_SatDCBs = 0  COMMENT             
                                                            END OF HEADER       
[from data line 3861]
    10                                                      START OF TEC MAP    
  2019    12     1    18     0     0                        EPOCH OF CURRENT MAP
    87.5-180.0 180.0   5.0 450.0                            LAT/LON1/LON2/DLON/H
   16   16   16   17   17   17   17   17   17   17   17   17   17   17   16   16
   16   16   16   16   15   15   15   15   15   14   14   14   14   13   13   13
   13   13   13   13   13   12   12   13   13   13   13   13   13   13   13   14
   14   14   14   14   14   14   15   15   15   15   15   15   15   15   16   16
   16   16   16   16   16   16   16   16   16
    85.0-180.0 180.0   5.0 450.0                            LAT/LON1/LON2/DLON/H
   18   19   19   19   19   19   19   19   20   20   20   19   20   19   19   19
   19   18   18   17   17   16   16   15   15   14   13   13   12   12   11   11
   11   11   11   11   11   11   11   11   11   11   11   11   11   11   11   12
   13   13   14   14   15   15   15   15   15   16   16   16   16   16   16   16
   16   17   17   17   17   18   18   18   18
    82.5-180.0 180.0   5.0 450.0                            LAT/LON1/LON2/DLON/H
   19   19   19   20   20   21   22   22   22   22   22   22   22   22   22   22
   21   21   20   19   18   17   16   16   15   14   13   12   11   10   10   10
   10   10   10    9   10   10   10   10   10   10   10   10   11   11   11   11
   12   13   13   14   15   15   16   15   16   16   16   16   17   17   17   17
   18   18   18   18   18   18   19   19   19
    80.0-180.0 180.0   5.0 450.0                            LAT/LON1/LON2/DLON/H
   20   20   20   20   21   21   21   22   22   23   24   25   25   25   25   25
   25   25   24   23   22   20   19   18   16   15   14   13   12   12   12   11
   11   10   10   10   10   10   10   10    9    9   10   10   10   10   11   11
   11   12   13   14   14   15   16   16   17   17   17   17   17   18   18   18
   18   18   18   18   19   19   19   19   20
    77.5-180.0 180.0   5.0 450.0                            LAT/LON1/LON2/DLON/H
   18   18   18   18   19   19   19   20   21   22   24   26   27   28   29   30
   29   29   28   28   25   25   22   22   22   19   17   16   15   14   13   12
   12   11   11   10   10   10   10   10   10   10    9    9   10   10   11   11
   11   12   12   13   14   15   16   17   17   17   18   18   18   17   18   18
   18   18   18   18   18   18   18   18   18
    75.0-180.0 180.0   5.0 450.0                            LAT/LON1/LON2/DLON/H
   15   15   15   14   14   14   15   16   18   20   22   25   28   30   32   33
   34   34   34   33   32   30   27   26   24   22   20   18   15   14   14   13
   12   12   11   11   11   11   10   10   10   10   10    9    9    9   10   10
   12   12   13   14   14   15   16   16   17   17   18   17   17   17   18   18
   18   18   18   17   17   16   16   16   15
    72.5-180.0 180.0   5.0 450.0                            LAT/LON1/LON2/DLON/H
   14   13   12   11   11   11   11   13   15   17   20   24   28   31   34   36
   38   40   40   39   37   36   33   30   28   26   23   20   17   15   13   13
   11   11   11   11   11   11   11   11   11   10    9    9    9    9    9   10
   11   12   13   14   14   15   15   16   16   16   17   17   17   17   17   17
   18   18   17   16   16   15   15   14   14
    70.0-180.0 180.0   5.0 450.0                            LAT/LON1/LON2/DLON/H
   14   12   11   10    9    9    9   10   13   16   20   25   29   33   35   38
   40   43   43   43   42   41   38   36   32   30   27   23   20   17   15   13
   12   11   11   11   11   11   11   10   11   10    9    9    9    9    9   10
   11   12   13   13   13   14   14   15   16   16   17   17   17   17   18   18
   18   17   17   17   16   16   15   15   14
    67.5-180.0 180.0   5.0 450.0                            LAT/LON1/LON2/DLON/H
   16   14   13   11   10    9    9   11   13   17   21   26   30   34   37   39
   42   44   45   45   46   45   43   41   37   33   30   27   24   20   17   15
   13   12   12   11   10   10   10   10    9    9    9    8    9    9    9   10
   11   11   12   13   13   14   15   16   17   17   18   18   18   19   19   20
   20   20   19   19   18   18   18   17   16
    65.0-180.0 180.0   5.0 450.0                            LAT/LON1/LON2/DLON/H
   20   19   17   15   14   13   13   14   17   20   24   29   33   35   38   40
   42   44   46   48   49   48   48   45   42   37   33   31   27   23   20   17
   15   14   13   12   11   10   10   10    9    9    9    9   10   10   11   11
   12   13   15   15   15   15   16   18   18   19   19   20   20   21   22   22
   22   22   22   22   21   22   21   21   20
    62.5-180.0 180.0   5.0 450.0                            LAT/LON1/LON2/DLON/H
   25   24   23   22   20   19   19   20   23   26   30   33   37   39   41   42
   44   45   47   49   51   51   51   49   46   42   38   35   31   27   23   19
   17   16   14   12   11   11   11   11   11   11   11   12   12   13   14   15
   16   17   17   17   17   17   18   19   20   20   21   22   23   24   24   25
   25   25   25   25   25   25   25   25   25
    60.0-180.0 180.0   5.0 450.0                            LAT/LON1/LON2/DLON/H
   31   31   30   29   28   28   27   29   31   33   36   39   42   43   45   46
   46   47   50   52   53   53   53   52   50   48   43   40   36   32   27   23
   20   18   15   14   12   12   12   12   13   14   15   16   17   18   19   20
   21   21   20   20   20   20   20   22   23   24   25   26   26   27   28   28
   28   28   28   28   29   30   30   31   31
    57.5-180.0 180.0   5.0 450.0                            LAT/LON1/LON2/DLON/H
   35   36   36   37   36   36   37   38   40   42   44   46   48   49   50   50
   50   51   52   54   55   55   55   55   53   52   48   45   42   37   31   27
   23   20   18   17   16   15   16   17   18   19   21   23   24   24   25   26
   26   26   25   25   25   25   26   27   28   29   30   31   32   33   33   33
   32   32   32   33   33   34   34   35   35
    55.0-180.0 180.0   5.0 450.0                            LAT/LON1/LON2/DLON/H
   40   41   42   43   44   44   46   48   49   51   52   54   55   55   56   56
   56   56   56   57   57   57   57   58   57   57   54   51   49   44   37   32
   28   25   23   21   20   20   21   23   25   27   29   30   31   32   32   32
   33   33   32   32   32   33   34   35   36   36   37   39   40   40   39   38
   37   37   37   37   37   37   38   39   40
    52.5-180.0 180.0   5.0 450.0                            LAT/LON1/LON2/DLON/H
   42   44   45   47   49   51   54   57   59   59   60   61   62   62   63   63
   62   62   61   61   60   60   60   62   62   63   61   60   57   51   44   39
   35   31   29   28   27   28   29   31   33   36   37   39   39   39   40   40
   41   41   41   42   42   42   42   43   44   45   46   47   48   47   46   44
   43   42   41   40   39   39   39   41   42
    50.0-180.0 180.0   5.0 450.0                            LAT/LON1/LON2/DLON/H
   44   46   48   51   53   57   61   65   67   68   67   67   69   69   70   70
   69   68   66   65   64   64   65   66   69   70   69   68   65   61   53   47
   41   38   36   35   34   36   37   39   42   44   46   48   48   48   48   48
   48   49   50   50   51   51   52   52   53   54   55   56   55   54   52   49
   47   46   45   43   42   40   41   42   44
    47.5-180.0 180.0   5.0 450.0                            LAT/LON1/LON2/DLON/H
   44   47   49   52   55   60   66   71   75   76   75   74   74   75   76   76
   76   75   72   71   69   70   71   73   76   78   79   78   75   70   63   56
   49   45   43   42   43   44   46   48   51   53   55   55   55   55   54   55
   55   56   57   58   58   59   60   62   62   62   62   62   61   59   56   53
   51   48   46   44   43   41   41   42   44
    45.0-180.0 180.0   5.0 450.0                            LAT/LON1/LON2/DLON/H
   43   45   48   52   57   63   70   77   81   82   81   80   79   80   81   82
   82   81   79   77   77   77   79   82   86   89   89   88   85   79   71   64
   57   53   50   50   50   52   54   56   59   61   61   61   61   60   59   60
   62   63   64   65   65   66   67   68   68   68   68   68   66   63   60   57
   54   50   47   44   42   41   40   41   43
    42.5-180.0 180.0   5.0 450.0                            LAT/LON1/LON2/DLON/H
   42   45   47   51   57   64   72   81   86   88   87   84   83   84   85   87
   88   87   85   85   85   87   90   93   96   99   98   96   92   86   79   71
   65   60   57   56   58   59   60   62   64   66   66   65   64   64   63   65
   66   68   68   69   69   70   71   72   72   73   73   72   70   67   64   60
   56   52   49   45   43   40   39   40   42
    40.0-180.0 180.0   5.0 450.0                            LAT/LON1/LON2/DLON/H
   41   43   46   51   56   65   75   85   92   94   92   89   87   88   89   92
   93   93   92   92   94   97  100  103  106  106  105  101   97   91   86   79
   72   67   64   63   63   65   66   68   69   70   70   69   68   67   66   68
   69   70   70   70   70   71   71   72   73   74   74   74   73   70   66   62
   58   54   50   46   43   41   40   40   41
    37.5-180.0 180.0   5.0 450.0                            LAT/LON1/LON2/DLON/H
   41   42   45   50   56   65   76   88   96   99   98   95   92   93   93   96
   97   97   98   99  103  107  110  112  112  111  108  104  100   96   91   85
   79   74   71   69   69   70   72   72   73   73   72   71   70   69   69   69
   70   71   71   70   69   69   70   69   71   73   73   73   72   70   67   63
   59   55   51   47   44   42   40   40   41
    35.0-180.0 180.0   5.0 450.0                            LAT/LON1/LON2/DLON/H
   41   42   45   49   56   65   76   88   98  104  104  101   99   98   99  100
  102  103  105  107  111  115  118  118  117  114  111  107  104  100   96   92
   87   81   78   75   75   75   76   76   76   76   74   73   71   69   69   69
   70   70   70   68   67   66   67   66   68   70   71   71   71   69   66   63
   59   56   51   48   45   42   41   41   41
    32.5-180.0 180.0   5.0 450.0                            LAT/LON1/LON2/DLON/H
   42   43   47   52   58   66   76   88   99  107  109  107  105  104  104  106
  107  110  111  114  118  120  121  121  119  117  113  110  108  105  103  100
   96   91   86   82   81   80   80   80   79   78   76   75   72   70   69   70
   69   69   68   66   65   65   65   65   66   68   69   69   69   67   64   62
   59   55   51   48   45   42   41   41   42
    30.0-180.0 180.0   5.0 450.0                            LAT/LON1/LON2/DLON/H
   43   46   51   57   62   69   77   87   98  107  112  112  110  110  109  111
  113  115  116  119  121  122  122  120  120  118  115  113  114  113  112  111
  108  102   96   91   88   85   84   83   82   82   79   77   74   71   70   70
   69   69   68   67   66   66   66   66   66   67   67   67   67   65   63   60
   58   54   50   47   44   41   41   41   43
    27.5-180.0 180.0   5.0 450.0                            LAT/LON1/LON2/DLON/H
   44   49   56   62   67   73   79   87   96  106  112  115  115  114  115  116
  118  119  120  121  121  121  120  120  120  120  119  120  122  124  126  126
  122  116  107  101   95   91   88   87   87   85   82   78   75   73   72   71
   71   71   70   70   69   69   69   68   67   66   66   66   65   63   61   59
   56   53   49   45   43   41   40   41   44
    25.0-180.0 180.0   5.0 450.0                            LAT/LON1/LON2/DLON/H
   46   52   61   68   74   78   83   89   96  105  113  117  119  119  120  121
  122  122  122  122  120  120  121  122  125  127  128  132  137  140  145  143
  139  129  118  110  103   96   92   90   90   88   85   82   78   75   73   73
   74   74   73   74   74   73   72   71   69   67   66   64   62   60   59   56
   53   50   46   43   41   39   39   41   46
    22.5-180.0 180.0   5.0 450.0                            LAT/LON1/LON2/DLON/H
   45   54   65   75   82   86   90   93   98  106  114  120  123  123  123  124
  124  124  123  121  119  120  124  129  136  140  144  149  154  161  165  162
  156  143  129  120  110  103   97   95   93   91   89   85   81   78   75   75
   76   77   77   77   77   78   77   74   71   67   65   62   60   57   55   53
   49   46   43   40   38   37   37   40   45
    20.0-180.0 180.0   5.0 450.0                            LAT/LON1/LON2/DLON/H
   44   54   67   79   89   94   97   99  103  110  118  125  130  128  128  128
  127  126  123  121  121  124  132  142  152  160  165  171  176  182  185  183
  172  158  142  131  118  109  102   97   95   94   92   88   84   80   77   77
   78   79   79   79   79   79   78   75   71   67   63   60   57   54   52   49
   46   43   39   37   35   34   35   38   44
    17.5-180.0 180.0   5.0 450.0                            LAT/LON1/LON2/DLON/H
   42   53   68   81   93  100  103  105  110  116  123  132  137  137  135  134
  132  129  127  126  127  135  147  161  174  183  188  193  198  204  205  199
  188  172  155  142  127  115  106   99   96   95   94   90   86   82   79   78
   78   79   79   78   77   77   76   74   70   66   62   58   55   52   49   47
   43   40   37   35   33   33   33   36   42
    15.0-180.0 180.0   5.0 450.0                            LAT/LON1/LON2/DLON/H
   42   54   69   82   95  104  109  112  116  123  132  141  146  148  145  144
  141  138  135  136  140  152  169  186  200  208  211  213  217  220  218  210
  200  182  166  151  135  122  110  102   97   96   95   92   88   83   79   77
   77   77   75   73   72   72   72   70   67   65   61   56   53   50   48   44
   41   37   35   33   32   32   33   35   42
    12.5-180.0 180.0   5.0 450.0                            LAT/LON1/LON2/DLON/H
   43   54   69   83   96  105  112  118  124  131  142  152  159  162  159  158
  156  153  151  154  162  178  197  214  227  232  231  228  228  229  225  217
  205  189  173  158  142  128  116  106  100   98   96   92   89   84   79   75
   75   73   71   67   65   65   65   64   63   61   58   54   52   49   46   42
   38   36   34   33   32   32   33   36   43
    10.0-180.0 180.0   5.0 450.0                            LAT/LON1/LON2/DLON/H
   46   57   70   84   96  107  116  123  131  140  152  165  173  179  176  177
  177  177  176  182  192  209  229  242  250  250  243  235  232  231  227  219
  207  193  179  164  151  137  124  113  106  101   97   93   90   85   79   75
   73   71   67   62   59   57   57   57   58   58   56   53   51   48   45   42
   38   35   34   33   33   34   35   38   46
     7.5-180.0 180.0   5.0 450.0                            LAT/LON1/LON2/DLON/H
   49   59   72   84   97  108  119  128  138  149  163  177  189  198  199  199
  202  206  208  217  228  244  261  269  270  263  249  237  232  230  227  222
  212  199  187  175  162  149  136  124  114  105   99   96   92   87   83   78
   76   73   68   63   58   54   53   54   56   57   56   53   51   48   45   42
   38   36   34   34   34   35   36   41   49
     5.0-180.0 180.0   5.0 450.0                            LAT/LON1/LON2/DLON/H
   53   64   74   85   97  109  121  132  144  156  171  188  203  214  220  221
  227  235  241  253  263  276  288  291  285  269  252  239  233  232  230  227
  220  210  200  189  177  164  150  136  123  112  104   99   96   93   89   86
   84   82   76   71   65   58   57   57   58   58   58   56   54   51   47   43
   40   37   36   35   35   35   37   43   53
     2.5-180.0 180.0   5.0 450.0                            LAT/LON1/LON2/DLON/H
   56   68   78   88   98  111  124  136  149  162  178  195  211  226  235  241
  249  260  270  284  294  302  306  305  292  270  253  242  238  238  238  238
  234  227  217  206  194  180  165  150  135  122  112  107  103  102  101   99
   97   95   91   85   77   69   66   64   63   63   62   61   57   54   49   45
   41   39   37   37   36   35   38   46   56
