DORISInput/IGSGIM/2019/igsg3560.19i
     1.0            IONOSPHERE MAPS     MIX                 IONEX VERSION / TYPE
cmpcmb v1.2          GRL/UWM            16-jan-20 11:37     PGM / RUN BY / DATE 
ionex file containing IGS COMBINED Ionosphere maps          COMMENT             
global ionosphere maps for day 356, 2019                    DESCRIPTION         
IONEX file containing the COMBINED IGS TEC MAPS and DCBs    DESCRIPTION         
      IONEX files of the following IAACs were combined: cod DESCRIPTION         
                                                        esa DESCRIPTION         
                                                        jpl DESCRIPTION         
                                                        upc DESCRIPTION         
Contact address: Andrzej Krankowski                         DESCRIPTION
                 Geodynamics Research Laboratory            DESCRIPTION
                 University of Warmia and Mazury (GRL/UWM)  DESCRIPTION
                 Oczapowski St. 1                           DESCRIPTION
                 10-957-Olsztyn, POLAND                     DESCRIPTION
                 e-mail:  kand@uwm.edu.pl                   DESCRIPTION
                                                            DESCRIPTION         
  2019    12    22     0     0     0                        EPOCH OF FIRST MAP  
  2019    12    23     0     0     0                        EPOCH OF LAST MAP   
  7200                                                      INTERVAL            
    13                                                      # OF MAPS IN FILE   
  COSZ                                                      MAPPING FUNCTION    
     0.0                                                    ELEVATION CUTOFF    
combined TEC calculated as weighted mean of input TEC valuesOBSERVABLES USED    
   389                                                      # OF STATIONS       
    32                                                      # OF SATELLITES     
  6371.0                                                    BASE RADIUS         
     2                                                      MAP DIMENSION       
   450.0 450.0   0.0                                        HGT1 / HGT2 / DHGT  
    87.5 -87.5  -2.5                                        LAT1 / LAT2 / DLAT  
  -180.0 180.0   5.0                                        LON1 / LON2 / DLON  
    -1                                                      EXPONENT            
TEC values in 0.1 tec units;  9999, if no value available   COMMENT             
DCB values in nanoseconds, reference is Sum_of_SatDCBs = 0  COMMENT             
                                                            END OF HEADER       
[from data line 2574]
     7                                                      START OF TEC MAP    
  2019    12    22    12     0     0                        EPOCH OF CURRENT MAP
    87.5-180.0 180.0   5.0 450.0                            LAT/LON1/LON2/DLON/H
   22   21   21   21   21   21   21   21   21   21   20   21   20   20   20   20
   20   20   20   20   20   20   20   20   20   20   20   20   21   21   21   21
   21   21   21   21   21   21   21   21   21   21   21   21   21   21   21   21
   21   21   22   22   22   22   22   22   22   22   22   22   22   22   21   22
   22   22   22   22   22   21   21   21   22
    85.0-180.0 180.0   5.0 450.0                            LAT/LON1/LON2/DLON/H
   21   21   21   20   20   20   20   19   19   19   19   18   18   18   18   18
   18   17   18   18   18   18   18   18   18   18   18   18   19   19   19   19
   20   20   20   20   20   20   20   20   20   21   21   21   20   20   20   20
   20   20   20   21   21   21   21   21   21   21   21   22   21   21   21   21
   21   21   21   21   21   21   21   21   21
    82.5-180.0 180.0   5.0 450.0                            LAT/LON1/LON2/DLON/H
   20   20   20   20   20   20   19   19   18   18   17   17   16   16   16   15
   15   15   15   15   15   15   15   16   16   16   16   17   17   17   17   18
   18   18   19   19   19   19   19   19   19   19   19   18   18   18   18   18
   17   17   18   18   18   18   19   19   19   19   19   19   19   19   19   19
   20   20   20   20   20   20   20   20   20
    80.0-180.0 180.0   5.0 450.0                            LAT/LON1/LON2/DLON/H
   19   20   21   20   20   19   19   18   17   17   16   16   15   15   14   14
   14   14   13   13   13   13   13   14   14   14   14   15   15   15   16   16
   17   18   18   18   19   18   18   18   17   17   16   16   15   14   13   14
   14   14   14   14   14   15   15   15   16   16   16   16   16   16   16   17
   17   17   18   18   18   18   18   19   19
    77.5-180.0 180.0   5.0 450.0                            LAT/LON1/LON2/DLON/H
   18   19   20   20   19   19   18   18   17   17   16   16   15   15   14   14
   14   14   14   14   13   14   13   12   12   12   13   13   14   15   16   16
   17   18   18   18   18   18   17   17   16   16   15   14   13   12   11   10
   10   11   11   11   12   12   12   13   13   13   13   13   14   14   14   14
   14   14   14   15   15   16   16   18   18
    75.0-180.0 180.0   5.0 450.0                            LAT/LON1/LON2/DLON/H
   16   18   19   19   18   18   18   18   17   17   17   16   16   15   15   15
   15   15   16   16   15   16   15   13   13   13   13   13   14   14   14   16
   17   19   19   20   20   19   19   17   16   15   14   13   12   10    9    9
    9    9   10   10   10   10   10   11   11   12   12   12   12   12   11   11
   10   10   11   11   13   13   14   15   16
    72.5-180.0 180.0   5.0 450.0                            LAT/LON1/LON2/DLON/H
   15   17   17   18   18   18   18   18   17   18   17   17   17   17   17   17
   17   18   18   18   18   18   17   16   15   15   15   14   15   15   15   17
   19   20   22   22   23   22   21   20   19   17   16   15   13   11   10   10
   10    9    9   10    9   10   10   11   11   12   11   11   11   10   10    9
    8    9    9   10   11   11   12   14   15
    70.0-180.0 180.0   5.0 450.0                            LAT/LON1/LON2/DLON/H
   14   15   16   17   18   17   18   18   18   17   17   17   17   17   17   18
   19   20   21   20   21   20   19   18   17   16   16   16   16   17   18   19
   21   23   25   26   26   26   25   24   23   22   20   18   17   15   14   13
   12   11   11   11   11   11   12   13   13   13   13   12   12   11   10    9
    8    8    8    9   10   10   12   13   14
    67.5-180.0 180.0   5.0 450.0                            LAT/LON1/LON2/DLON/H
   14   15   16   16   17   17   17   18   17   17   17   16   16   17   17   19
   20   22   22   22   22   21   20   19   19   18   18   18   19   20   21   23
   24   27   29   31   31   31   31   30   28   27   25   24   22   21   20   19
   18   16   15   15   15   15   16   16   16   16   16   16   15   14   13   11
   10   10    9    9   10   11   12   13   14
    65.0-180.0 180.0   5.0 450.0                            LAT/LON1/LON2/DLON/H
   17   16   16   16   17   17   17   16   16   16   16   16   15   16   17   19
   20   21   22   21   21   20   19   19   19   19   19   21   22   24   25   27
   29   31   33   34   35   36   35   34   33   32   31   30   29   28   27   26
   24   23   22   21   20   19   19   19   20   20   20   20   19   18   17   16
   15   13   13   13   13   15   15   16   17
    62.5-180.0 180.0   5.0 450.0                            LAT/LON1/LON2/DLON/H
   20   19   18   18   17   17   17   16   16   15   15   15   15   15   16   18
   19   19   20   19   18   17   16   17   17   19   21   23   26   28   30   31
   33   35   37   38   39   39   39   38   38   37   37   37   37   36   35   34
   32   30   28   26   24   23   23   23   23   23   23   23   23   23   22   20
   19   19   18   18   18   19   19   20   20
    60.0-180.0 180.0   5.0 450.0                            LAT/LON1/LON2/DLON/H
   24   23   21   20   19   19   18   17   16   15   15   15   14   15   16   16
   17   17   17   15   15   13   13   14   17   19   23   27   30   32   34   36
   38   40   41   41   41   42   42   43   43   42   43   43   42   42   42   41
   39   36   33   30   28   26   25   25   26   26   26   26   27   27   27   26
   26   25   25   24   24   24   24   24   24
    57.5-180.0 180.0   5.0 450.0                            LAT/LON1/LON2/DLON/H
   28   27   26   24   23   21   21   20   18   17   16   15   14   15   15   16
   15   16   15   12   11   10   11   14   16   20   25   29   33   37   40   42
   43   44   45   44   44   44   45   46   47   47   48   48   48   48   48   46
   44   40   37   34   31   29   28   28   29   29   30   31   32   33   33   32
   31   31   31   30   30   30   30   29   28
    55.0-180.0 180.0   5.0 450.0                            LAT/LON1/LON2/DLON/H
   33   31   31   29   28   27   25   23   22   20   19   17   17   16   17   17
   16   16   14   11   10   10   11   14   18   23   28   33   38   42   46   48
   49   50   49   48   48   47   48   50   52   53   53   53   53   53   53   52
   49   45   41   38   34   33   32   32   33   34   35   36   37   38   38   38
   37   37   37   36   35   35   35   34   33
    52.5-180.0 180.0   5.0 450.0                            LAT/LON1/LON2/DLON/H
   37   36   36   34   33   32   30   29   27   25   23   22   20   20   20   20
   19   19   16   13   11   12   14   17   22   27   33   38   43   48   52   55
   56   56   55   54   53   53   54   56   58   59   59   58   58   57   57   56
   53   50   46   43   40   38   37   37   38   40   41   42   43   43   43   43
   42   42   42   41   40   39   39   38   37
    50.0-180.0 180.0   5.0 450.0                            LAT/LON1/LON2/DLON/H
   41   41   40   40   39   38   36   35   33   30   29   27   26   25   25   25
   26   25   22   19   17   17   20   24   29   34   39   45   50   54   58   61
   62   63   62   61   59   59   61   64   66   67   67   66   64   63   61   60
   57   55   51   47   45   43   43   43   44   46   47   47   48   48   48   47
   46   46   45   44   42   41   42   42   41
    47.5-180.0 180.0   5.0 450.0                            LAT/LON1/LON2/DLON/H
   44   44   44   44   44   43   42   40   39   36   35   34   33   33   32   33
   33   33   30   28   26   27   29   34   38   43   47   52   56   60   63   67
   69   70   70   68   68   68   70   72   76   77   77   75   72   70   67   65
   62   58   54   51   49   48   48   48   50   52   53   52   52   52   52   51
   49   48   47   45   43   42   42   43   44
    45.0-180.0 180.0   5.0 450.0                            LAT/LON1/LON2/DLON/H
   43   45   46   48   48   48   47   45   44   42   41   41   41   41   40   41
   42   43   42   40   38   39   42   46   49   53   56   59   62   65   68   72
   75   77   78   77   76   76   79   82   86   88   88   86   82   78   74   71
   67   63   59   56   54   53   53   54   54   56   57   56   56   56   55   53
   51   50   48   46   43   42   42   43   43
    42.5-180.0 180.0   5.0 450.0                            LAT/LON1/LON2/DLON/H
   43   45   47   49   50   51   51   50   48   47   47   47   48   48   48   49
   50   52   52   52   52   53   55   58   61   63   65   66   69   70   73   77
   81   84   86   86   85   86   87   91   96   99  100   97   93   87   83   78
   73   69   64   62   60   59   59   59   59   60   60   60   59   58   57   55
   53   51   48   46   44   43   42   42   43
    40.0-180.0 180.0   5.0 450.0                            LAT/LON1/LON2/DLON/H
   41   43   46   49   51   52   52   52   52   51   51   52   53   54   55   56
   58   61   62   64   65   67   68   70   72   73   73   74   75   75   78   82
   86   90   93   94   94   94   96  100  104  108  109  107  103   98   93   87
   81   76   71   67   65   64   64   63   63   63   63   62   61   60   58   56
   53   51   48   47   45   44   42   41   41
    37.5-180.0 180.0   5.0 450.0                            LAT/LON1/LON2/DLON/H
   41   42   44   47   49   52   53   54   54   53   55   56   58   60   61   62
   64   67   70   73   75   77   78   79   80   81   80   80   81   81   84   86
   91   95   99  101  102  102  104  107  111  115  116  115  112  108  102   96
   90   83   76   71   68   67   66   65   66   65   65   63   61   60   58   56
   53   51   48   47   46   44   43   41   41
    35.0-180.0 180.0   5.0 450.0                            LAT/LON1/LON2/DLON/H
   41   41   42   45   47   50   52   54   55   56   57   59   62   64   66   67
   68   71   74   79   82   84   86   87   86   86   86   87   87   87   88   90
   95  100  105  108  110  111  111  113  117  120  122  122  120  117  112  106
   98   90   81   74   71   69   68   67   67   66   65   63   62   60   58   56
   54   51   49   48   47   45   43   41   41
    32.5-180.0 180.0   5.0 450.0                            LAT/LON1/LON2/DLON/H
   41   40   41   43   46   48   50   52   54   55   58   60   64   67   68   69
   71   73   76   82   85   89   91   92   91   91   91   91   92   92   92   94
   98  105  111  116  118  119  118  119  122  124  126  128  128  126  122  116
  106   95   86   80   77   74   73   71   69   68   66   65   63   62   59   56
   54   51   50   49   48   46   44   42   41
    30.0-180.0 180.0   5.0 450.0                            LAT/LON1/LON2/DLON/H
   43   41   41   42   44   46   48   50   52   54   56   60   63   66   68   69
   70   71   75   80   86   91   93   94   95   94   94   95   97   97   97   99
  103  111  118  124  127  127  126  126  126  128  131  132  134  134  132  126
  114  103   94   88   85   82   79   77   73   71   69   68   67   64   61   58
   55   52   51   49   48   47   46   44   43
    27.5-180.0 180.0   5.0 450.0                            LAT/LON1/LON2/DLON/H
   45   43   43   43   44   45   46   48   50   52   54   57   60   62   65   66
   67   68   71   77   85   90   92   94   95   96   96   98  100  102  103  105
  110  118  127  133  137  138  136  134  133  133  135  137  139  141  141  137
  126  114  106   99   95   91   88   84   80   76   74   73   72   70   66   62
   58   55   52   51   49   48   47   46   45
    25.0-180.0 180.0   5.0 450.0                            LAT/LON1/LON2/DLON/H
   46   45   45   45   45   46   46   47   48   50   52   54   56   58   61   62
   62   63   66   72   80   86   90   92   93   96   97  101  104  107  110  113
  119  127  136  144  148  151  149  146  142  140  140  142  146  150  152  150
  139  129  120  114  108  103   98   93   87   83   81   80   79   77   71   66
   62   58   55   53   50   49   48   47   46
    22.5-180.0 180.0   5.0 450.0                            LAT/LON1/LON2/DLON/H
   47   48   47   48   48   47   48   48   48   48   50   51   53   55   57   58
   58   59   62   67   76   83   88   91   93   95   98  102  108  113  118  124
  130  138  147  156  163  165  164  159  154  150  150  152  156  160  164  162
  154  143  135  129  124  117  110  102   95   91   88   87   87   84   78   72
   67   63   59   55   52   49   48   48   47
    20.0-180.0 180.0   5.0 450.0                            LAT/LON1/LON2/DLON/H
   48   50   49   49   50   50   50   49   48   48   49   50   51   52   54   56
   56   57   60   66   74   82   88   92   94   96   99  105  112  120  127  134
  143  152  159  169  178  179  178  174  169  165  164  166  169  173  176  174
  168  159  151  145  140  132  123  113  105   98   95   94   93   91   85   78
   72   68   63   57   53   50   49   48   48
    17.5-180.0 180.0   5.0 450.0                            LAT/LON1/LON2/DLON/H
   48   50   50   50   51   51   50   50   49   49   50   50   50   51   52   54
   55   58   62   68   76   84   91   94   97   99  102  109  118  127  138  147
  157  165  170  181  187  189  190  188  185  183  180  181  182  185  187  186
  180  173  166  161  156  147  137  126  115  106  102  101  101   97   91   84
   77   70   65   59   54   50   49   48   48
    15.0-180.0 180.0   5.0 450.0                            LAT/LON1/LON2/DLON/H
   47   49   50   52   52   51   51   51   51   50   50   50   50   50   51   53
   55   59   64   72   80   88   93   97  101  104  108  115  125  135  147  160
  170  175  179  187  193  197  200  201  201  200  197  195  195  196  197  196
  190  185  181  177  172  163  151  137  123  114  108  106  105  102   95   88
   79   72   65   59   54   50   49   47   47
    12.5-180.0 180.0   5.0 450.0                            LAT/LON1/LON2/DLON/H
   47   48   49   52   52   51   51   51   52   51   51   51   51   50   51   52
   56   59   66   75   83   91   96  102  107  110  115  122  133  145  157  170
  179  182  185  190  196  201  207  213  216  216  214  211  208  206  205  203
  198  194  192  189  183  173  159  143  128  117  110  108  106  103   96   88
   80   71   64   57   53   50   48   47   47
    10.0-180.0 180.0   5.0 450.0                            LAT/LON1/LON2/DLON/H
   47   47   48   50   51   49   50   51   52   52   52   52   52   52   51   53
   56   60   67   77   86   94  101  107  113  118  124  132  142  154  166  177
  184  187  187  190  196  203  213  222  228  231  229  225  220  215  211  207
  202  199  197  193  187  177  163  146  131  118  110  107  103   99   93   85
   77   69   62   56   52   50   48   47   47
     7.5-180.0 180.0   5.0 450.0                            LAT/LON1/LON2/DLON/H
   46   46   47   48   47   47   47   50   51   52   52   53   53   53   53   53
   56   62   70   80   89   98  106  114  121  128  134  142  152  162  174  181
  187  189  189  190  195  205  216  227  237  241  240  237  230  223  215  209
  204  200  197  194  187  177  165  150  135  121  111  105  100   94   89   80
   73   66   60   55   51   50   48   47   46
     5.0-180.0 180.0   5.0 450.0                            LAT/LON1/LON2/DLON/H
   46   46   45   45   45   44   44   46   48   50   51   53   53   53   53   54
   56   63   72   82   92  101  112  122  131  139  146  154  161  169  177  183
  188  190  190  192  197  206  217  230  241  247  248  245  239  230  221  213
  206  201  197  193  187  179  168  158  143  128  116  107  100   94   87   79
   71   65   59   54   52   50   49   48   46
     2.5-180.0 180.0   5.0 450.0                            LAT/LON1/LON2/DLON/H
   48   46   45   44   43   42   42   43   44   46   48   51   52   53   53   53
   57   64   74   84   94  105  118  129  140  148  156  163  169  174  180  184
  189  191  192  195  201  207  217  229  240  249  253  252  247  239  228  219
  211  203  198  194  188  181  176  167  154  139  126  115  107   99   91   81
   74   67   61   56   53   52   51   49   48
