DORISInput/IGSGIM/2019/igsg3490.19i
     1.0            IONOSPHERE MAPS     MIX                 IONEX VERSION / TYPE
cmpcmb v1.2          GRL/UWM             4-jan-20 13:23     PGM / RUN BY / DATE 
ionex file containing IGS COMBINED Ionosphere maps          COMMENT             
global ionosphere maps for day 349, 2019                    DESCRIPTION         
IONEX file containing the COMBINED IGS TEC MAPS and DCBs    DESCRIPTION         
      IONEX files of the following IAACs were combined: cod DESCRIPTION         
                                                        esa DESCRIPTION         
                                                        jpl DESCRIPTION         
                                                        upc DESCRIPTION         
Contact address: Andrzej Krankowski                         DESCRIPTION
                 Geodynamics Research Laboratory            DESCRIPTION
                 University of Warmia and Mazury (GRL/UWM)  DESCRIPTION
                 Oczapowski St. 1                           DESCRIPTION
                 10-957-Olsztyn, POLAND                     DESCRIPTION
                 e-mail:  kand@uwm.edu.pl                   DESCRIPTION
                                                            DESCRIPTION         
  2019    12    15     0     0     0                        EPOCH OF FIRST MAP  
  2019    12    16     0     0     0                        EPOCH OF LAST MAP   
  7200                                                      INTERVAL            
    13                                                      # OF MAPS IN FILE   
  COSZ                                                      MAPPING FUNCTION    
     0.0                                                    ELEVATION CUTOFF    
combined TEC calculated as weighted mean of input TEC valuesOBSERVABLES USED    
   394                                                      # OF STATIONS       
    32                                                      # OF SATELLITES     
  6371.0                                                    BASE RADIUS         
     2                                                      MAP DIMENSION       
   450.0 450.0   0.0                                        HGT1 / HGT2 / DHGT  
    87.5 -87.5  -2.5                                        LAT1 / LAT2 / DLAT  
  -180.0 180.0   5.0                                        LON1 / LON2 / DLON  
    -1                                                      EXPONENT            
TEC values in 0.1 tec units;  9999, if no value available   COMMENT             
DCB values in nanoseconds, reference is Sum_of_SatDCBs = 0  COMMENT             
                                                            END OF HEADER       
[from data line 1287]
     4                                                      START OF TEC MAP    
  2019    12    15     6     0     0                        EPOCH OF CURRENT MAP
    87.5-180.0 180.0   5.0 450.0                            LAT/LON1/LON2/DLON/H
   27   27   28   27   28   28   28   28   27   27   27   26   26   26   25   24
   24   23   23   22   22   22   21   21   21   21   21   21   21   21   21   21
   21   21   21   21   21   21   21   21   21   22   21   21   21   22   22   22
   22   22   22   22   22   23   23   23   23   23   23   23   23   23   23   24
   24   24   25   25   26   26   27   27   27
    85.0-180.0 180.0   5.0 450.0                            LAT/LON1/LON2/DLON/H
   31   32   32   32   32   32   32   31   31   29   29   28   27   26   25   24
   23   22   21   20   19   19   18   18   17   17   17   17   17   17   17   17
   17   18   18   18   19   19   19   19   19   20   20   20   20   20   20   20
   20   20   20   20   19   19   19   19   19   19   20   20   20   21   21   22
   23   24   25   26   27   29   29   30   31
    82.5-180.0 180.0   5.0 450.0                            LAT/LON1/LON2/DLON/H
   31   32   33   33   34   34   34   34   33   32   31   29   28   27   25   23
   22   20   18   17   16   15   14   13   13   13   13   13   13   14   14   15
   16   17   17   18   18   19   19   19   19   19   18   19   18   18   18   18
   18   17   16   16   16   16   16   16   16   16   16   17   17   17   18   19
   20   21   22   24   26   27   28   30   31
    80.0-180.0 180.0   5.0 450.0                            LAT/LON1/LON2/DLON/H
   28   30   31   32   33   34   34   34   34   34   32   30   29   26   24   23
   20   19   17   15   14   12   11   10   10   10   10   10   11   12   13   14
   15   16   18   18   19   19   19   18   18   18   18   17   17   16   16   16
   16   15   14   14   14   14   14   14   14   14   14   14   14   15   14   15
   16   16   18   19   21   23   25   26   28
    77.5-180.0 180.0   5.0 450.0                            LAT/LON1/LON2/DLON/H
   24   26   27   29   30   32   32   33   33   32   31   29   28   25   23   20
   18   15   14   12   11    9    8    8    8    9    9    9   10   11   13   15
   18   19   18   18   18   18   18   18   17   17   16   16   16   15   15   15
   15   15   15   15   15   16   15   16   15   15   15   14   14   13   12   12
   12   12   13   14   15   18   20   21   24
    75.0-180.0 180.0   5.0 450.0                            LAT/LON1/LON2/DLON/H
   18   20   23   25   26   27   29   29   29   29   29   27   26   23   21   19
   17   15   14   12   11    9    9    8    8    9   10   11   12   13   15   16
   17   18   18   19   18   17   16   16   15   15   15   14   14   14   14   15
   16   17   18   19   20   20   20   21   20   19   18   18   16   14   13   12
   11   11   11   11   12   13   14   17   18
    72.5-180.0 180.0   5.0 450.0                            LAT/LON1/LON2/DLON/H
   14   16   18   20   22   22   24   25   25   26   25   24   23   22   20   18
   17   15   14   14   13   12   12   11   11   11   12   12   13   15   16   16
   17   18   18   16   16   15   13   13   12   12   12   12   12   13   14   16
   17   20   22   24   26   27   28   28   28   27   26   24   22   19   17   15
   13   11   11   10   10   10   11   13   14
    70.0-180.0 180.0   5.0 450.0                            LAT/LON1/LON2/DLON/H
   13   13   15   15   17   18   19   20   21   22   21   21   20   19   17   17
   16   16   16   16   16   16   16   15   14   14   14   14   14   14   15   16
   15   15   15   13   12   11   10   10    9    9   10   11   12   13   16   19
   22   25   28   31   33   35   36   37   37   36   34   33   30   27   23   20
   18   15   13   12   11   11   11   12   13
    67.5-180.0 180.0   5.0 450.0                            LAT/LON1/LON2/DLON/H
   13   13   13   14   14   15   16   16   18   18   18   18   17   17   16   16
   17   17   18   18   19   19   19   18   17   16   15   16   15   14   14   14
   14   13   11   10    9    8    7    8    8    8    9   11   13   16   20   24
   28   31   35   38   40   43   44   45   45   44   43   41   38   34   31   28
   25   21   18   16   15   14   14   13   13
    65.0-180.0 180.0   5.0 450.0                            LAT/LON1/LON2/DLON/H
   17   16   15   14   14   14   13   14   15   16   16   16   16   15   15   16
   17   17   19   21   21   21   21   19   18   16   14   15   15   14   14   13
   12   11    9    8    7    7    7    8    8    9   10   13   17   21   26   30
   34   38   41   44   47   49   50   51   51   51   49   48   45   41   37   34
   31   28   25   23   20   19   18   18   17
    62.5-180.0 180.0   5.0 450.0                            LAT/LON1/LON2/DLON/H
   22   21   19   18   16   15   15   15   15   16   16   15   16   16   15   16
   16   18   19   21   21   21   20   19   17   15   14   13   14   14   13   13
   12   10    9    8    8    8    8    9   10   11   13   18   23   28   33   37
   41   44   47   50   51   54   55   55   55   55   54   52   49   46   43   40
   37   34   31   29   27   25   24   23   22
    60.0-180.0 180.0   5.0 450.0                            LAT/LON1/LON2/DLON/H
   28   26   24   22   20   18   17   17   17   17   17   16   16   16   16   16
   16   17   18   19   19   18   18   17   15   14   13   13   13   14   14   14
   13   12   11   10    9   10   10   11   12   15   20   26   31   36   41   44
   48   51   53   55   56   57   58   59   58   57   57   56   53   51   48   45
   42   39   37   34   32   31   30   29   28
    57.5-180.0 180.0   5.0 450.0                            LAT/LON1/LON2/DLON/H
   32   31   29   27   25   23   21   21   20   20   19   18   17   17   17   16
   16   16   16   16   16   16   16   15   14   13   13   14   14   15   16   16
   16   15   15   14   13   12   13   15   19   23   29   35   41   46   50   53
   55   57   59   61   62   62   61   61   61   60   60   60   58   56   53   50
   47   44   41   39   37   36   35   34   32
    55.0-180.0 180.0   5.0 450.0                            LAT/LON1/LON2/DLON/H
   36   35   33   31   29   27   26   24   24   23   22   21   20   19   18   17
   16   16   15   14   14   14   14   14   14   15   15   16   17   19   20   20
   21   21   21   21   20   20   22   24   29   34   40   46   50   55   58   61
   63   64   65   67   67   67   66   66   65   64   64   63   62   60   57   54
   51   48   45   42   41   39   38   37   36
    52.5-180.0 180.0   5.0 450.0                            LAT/LON1/LON2/DLON/H
   39   38   37   35   34   32   31   29   28   26   26   25   23   22   21   20
   18   17   15   14   14   15   16   17   18   19   19   20   21   23   24   25
   25   27   28   28   28   30   32   35   40   45   51   56   60   64   66   68
   70   71   72   74   74   73   72   71   71   70   69   67   66   63   60   58
   54   51   49   45   43   42   40   40   39
    50.0-180.0 180.0   5.0 450.0                            LAT/LON1/LON2/DLON/H
   40   40   40   39   38   37   35   33   31   30   28   27   26   25   24   23
   21   19   17   17   17   19   21   24   26   27   27   28   28   29   29   29
   30   32   34   35   37   40   43   46   51   56   61   65   68   71   73   74
   76   78   79   80   80   80   79   78   77   76   75   73   71   68   65   61
   58   55   52   48   46   44   42   41   40
    47.5-180.0 180.0   5.0 450.0                            LAT/LON1/LON2/DLON/H
   41   41   41   41   41   40   38   37   35   33   31   30   29   29   28   28
   26   24   23   23   24   27   30   33   36   37   37   37   36   35   34   33
   34   36   39   42   45   49   53   57   61   66   70   72   74   76   77   79
   80   83   84   86   86   85   84   83   82   81   79   77   75   72   68   64
   61   58   55   52   48   45   43   42   41
    45.0-180.0 180.0   5.0 450.0                            LAT/LON1/LON2/DLON/H
   42   42   42   42   42   42   41   40   38   37   35   34   34   34   33   33
   33   32   31   32   34   37   41   45   47   47   46   44   41   39   38   36
   36   39   43   48   53   57   61   65   70   74   77   79   80   81   82   84
   86   88   89   90   91   90   89   88   86   85   83   81   79   76   72   69
   66   62   59   55   52   48   45   43   42
    42.5-180.0 180.0   5.0 450.0                            LAT/LON1/LON2/DLON/H
   43   42   42   43   43   43   43   43   42   40   39   38   38   39   39   40
   40   41   42   43   45   49   53   56   56   56   53   49   45   43   41   39
   40   43   47   52   58   63   68   72   77   80   83   84   85   86   87   89
   92   94   94   95   95   94   93   91   89   88   86   84   83   80   77   74
   71   68   65   60   56   52   48   44   43
    40.0-180.0 180.0   5.0 450.0                            LAT/LON1/LON2/DLON/H
   45   44   44   43   43   44   45   46   45   44   44   43   44   44   45   48
   50   52   52   55   57   60   63   64   63   62   57   52   49   46   44   43
   43   45   50   55   61   66   72   77   82   86   88   89   90   91   92   95
   97   98   99   99   98   97   95   93   91   90   89   88   86   84   81   79
   76   74   70   66   62   56   51   47   45
    37.5-180.0 180.0   5.0 450.0                            LAT/LON1/LON2/DLON/H
   47   46   45   44   44   44   46   48   48   49   49   49   50   51   53   56
   58   61   63   66   67   69   71   70   67   64   60   55   52   49   47   46
   46   49   53   57   62   67   74   81   87   91   93   94   94   96   99  101
  103  104  104  102  100   98   97   95   94   93   92   91   90   88   85   83
   82   79   76   72   67   61   55   51   47
    35.0-180.0 180.0   5.0 450.0                            LAT/LON1/LON2/DLON/H
   50   48   46   45   44   45   46   49   50   52   54   55   57   58   60   63
   66   70   72   74   75   75   75   73   70   66   62   57   55   51   49   49
   50   52   55   58   62   68   75   83   90   95   97   98  100  102  105  109
  110  111  110  107  105  102  101   99   99   98   97   97   95   94   92   90
   88   85   82   78   73   66   60   54   50
    32.5-180.0 180.0   5.0 450.0                            LAT/LON1/LON2/DLON/H
   54   51   49   47   45   45   46   48   52   55   58   61   63   65   67   70
   73   77   79   80   80   79   77   74   71   67   62   58   55   53   52   51
   52   54   56   58   61   67   75   84   93   98  102  103  106  109  114  118
  119  119  118  115  113  112  111  109  108  107  106  106  105  103  101   98
   96   92   89   84   78   71   65   59   54
    30.0-180.0 180.0   5.0 450.0                            LAT/LON1/LON2/DLON/H
   58   54   51   49   47   46   46   49   52   56   61   65   68   71   72   75
   79   82   83   83   81   79   76   73   69   64   60   57   55   54   54   54
   54   55   57   58   60   65   73   84   93  100  104  108  112  117  124  128
  130  131  129  128  127  127  126  124  123  121  120  120  119  117  113  110
  105  101   96   90   85   78   71   64   58
    27.5-180.0 180.0   5.0 450.0                            LAT/LON1/LON2/DLON/H
   65   60   56   52   49   48   47   49   52   57   62   67   70   74   76   79
   82   84   85   83   81   77   74   71   66   62   58   56   56   56   55   55
   54   55   55   56   57   61   70   82   93  101  107  113  119  128  137  143
  146  146  145  145  144  145  144  143  142  141  140  139  138  135  130  125
  118  111  104   99   92   85   79   72   65
    25.0-180.0 180.0   5.0 450.0                            LAT/LON1/LON2/DLON/H
   72   67   62   58   54   52   50   51   53   57   62   67   71   75   78   81
   82   84   84   82   79   76   73   69   64   60   56   55   55   55   55   54
   52   53   52   52   53   58   67   80   93  102  111  119  129  140  152  158
  163  164  163  163  164  165  165  166  164  162  163  163  161  157  150  143
  133  123  115  109  102   95   87   79   72
    22.5-180.0 180.0   5.0 450.0                            LAT/LON1/LON2/DLON/H
   79   73   69   63   59   56   54   54   55   58   62   66   70   74   78   80
   82   83   82   81   77   74   71   69   64   59   55   54   53   52   51   50
   49   49   48   48   50   55   66   79   93  104  115  127  140  153  167  176
  180  181  180  181  183  185  186  189  187  185  186  187  186  182  174  163
  151  138  128  121  114  106   97   88   79
    20.0-180.0 180.0   5.0 450.0                            LAT/LON1/LON2/DLON/H
   89   81   75   69   64   60   59   59   59   60   63   65   68   72   75   78
   80   80   80   78   75   73   71   68   64   58   54   52   50   49   47   47
   46   45   45   46   49   54   65   78   92  106  120  135  150  166  181  190
  194  195  195  197  198  200  204  207  206  207  208  209  209  205  196  183
  169  154  144  135  128  120  109  100   89
    17.5-180.0 180.0   5.0 450.0                            LAT/LON1/LON2/DLON/H
  101   90   82   75   70   65   63   63   63   63   64   65   67   70   73   75
   77   77   77   75   74   72   71   68   64   58   54   51   48   46   44   43
   43   42   43   45   48   55   65   79   93  109  126  143  160  177  192  200
  203  205  205  208  210  212  215  218  219  222  224  226  227  224  213  200
  185  172  163  152  145  136  125  114  101
    15.0-180.0 180.0   5.0 450.0                            LAT/LON1/LON2/DLON/H
  113   99   89   81   74   69   67   67   67   67   67   67   67   68   70   73
   75   75   74   73   73   72   71   69   64   59   53   49   47   45   43   41
   40   40   41   43   48   55   66   80   96  113  132  151  169  186  198  205
  207  209  210  212  215  218  221  223  225  229  233  236  238  235  225  213
  199  187  178  169  163  154  143  129  113
    12.5-180.0 180.0   5.0 450.0                            LAT/LON1/LON2/DLON/H
  124  108   96   86   78   72   70   70   71   71   69   68   66   66   68   71
   74   73   73   72   72   72   72   69   64   59   52   49   47   45   42   40
   39   39   40   42   47   56   69   83  100  118  138  157  176  191  201  205
  205  207  208  210  213  218  220  222  225  228  233  239  242  240  232  221
  209  199  191  185  179  170  158  142  124
    10.0-180.0 180.0   5.0 450.0                            LAT/LON1/LON2/DLON/H
  135  117  103   92   82   75   73   72   73   73   71   68   66   65   66   68
   72   73   72   71   71   72   71   68   62   56   51   48   47   44   41   39
   38   39   40   42   49   59   72   87  104  122  143  161  178  191  199  201
  201  203  204  206  209  214  217  218  220  224  230  235  239  238  231  223
  215  208  202  197  192  184  171  154  135
     7.5-180.0 180.0   5.0 450.0                            LAT/LON1/LON2/DLON/H
  146  126  109   96   85   77   73   73   74   74   72   68   65   64   65   67
   70   71   71   71   71   70   69   66   60   54   50   48   47   45   42   40
   39   39   39   43   51   62   76   90  107  124  144  162  176  187  194  197
  198  200  203  205  208  212  215  216  217  220  226  230  233  234  229  222
  217  213  209  206  203  196  184  166  146
     5.0-180.0 180.0   5.0 450.0                            LAT/LON1/LON2/DLON/H
  156  135  117  102   89   79   73   71   71   72   70   67   64   63   65   67
   69   71   70   70   71   69   67   63   57   52   49   49   48   47   44   42
   40   40   41   45   53   66   79   92  107  125  142  158  171  181  190  195
  200  204  208  211  212  214  217  218  219  221  225  229  233  233  228  223
  220  218  215  213  211  205  193  176  156
     2.5-180.0 180.0   5.0 450.0                            LAT/LON1/LON2/DLON/H
  165  144  125  109   95   82   74   69   68   68   67   64   62   61   63   66
   69   70   70   70   70   68   64   59   54   50   50   50   50   50   47   45
   43   41   42   47   56   68   80   93  107  122  139  153  166  177  188  198
  205  212  217  220  221  222  224  225  224  226  228  232  236  236  232  229
  226  224  221  219  216  211  200  184  165
