DORISInput/IGSGIM/2019/igsg3570.19i
     1.0            IONOSPHERE MAPS     MIX                 IONEX VERSION / TYPE
cmpcmb v1.2          GRL/UWM            16-jan-20 11:44     PGM / RUN BY / DATE 
ionex file containing IGS COMBINED Ionosphere maps          COMMENT             
global ionosphere maps for day 357, 2019                    DESCRIPTION         
IONEX file containing the COMBINED IGS TEC MAPS and DCBs    DESCRIPTION         
      IONEX files of the following IAACs were combined: cod DESCRIPTION         
                                                        esa DESCRIPTION         
                                                        jpl DESCRIPTION         
                                                        upc DESCRIPTION         
Contact address: Andrzej Krankowski                         DESCRIPTION
                 Geodynamics Research Laboratory            DESCRIPTION
                 University of Warmia and Mazury (GRL/UWM)  DESCRIPTION
                 Oczapowski St. 1                           DESCRIPTION
                 10-957-Olsztyn, POLAND                     DESCRIPTION
                 e-mail:  kand@uwm.edu.pl                   DESCRIPTION
                                                            DESCRIPTION         
  2019    12    23     0     0     0                        EPOCH OF FIRST MAP  
  2019    12    24     0     0     0                        EPOCH OF LAST MAP   
  7200                                                      INTERVAL            
    13                                                      # OF MAPS IN FILE   
  COSZ                                                      MAPPING FUNCTION    
     0.0                                                    ELEVATION CUTOFF    
combined TEC calculated as weighted mean of input TEC valuesOBSERVABLES USED    
   390                                                      # OF STATIONS       
    32                                                      # OF SATELLITES     
  6371.0                                                    BASE RADIUS         
     2                                                      MAP DIMENSION       
   450.0 450.0   0.0                                        HGT1 / HGT2 / DHGT  
    87.5 -87.5  -2.5                                        LAT1 / LAT2 / DLAT  
  -180.0 180.0   5.0                                        LON1 / LON2 / DLON  
    -1                                                      EXPONENT            
TEC values in 0.1 tec units;  9999, if no value available   COMMENT             
DCB values in nanoseconds, reference is Sum_of_SatDCBs = 0  COMMENT             
                                                            END OF HEADER       
[from data line 5148]
    13                                                      START OF TEC MAP    
  2019    12    24     0     0     0                        EPOCH OF CURRENT MAP
    87.5-180.0 180.0   5.0 450.0                            LAT/LON1/LON2/DLON/H
   17   17   17   17   17   17   17   17   17   18   17   17   17   17   17   17
   17   16   16   16   16   15   15   14   14   14   14   14   14   14   13   13
   14   13   13   13   13   14   14   13   13   13   13   13   13   13   13   13
   14   14   14   14   14   14   14   14   14   14   14   14   14   15   15   15
   15   15   15   15   16   16   16   16   17
    85.0-180.0 180.0   5.0 450.0                            LAT/LON1/LON2/DLON/H
   16   17   17   17   18   18   18   18   18   18   18   19   18   18   18   17
   17   16   16   16   15   15   14   13   12   12   13   12   12   12   12   12
   12   12   12   12   12   12   13   13   13   13   13   13   14   13   13   14
   13   14   13   13   13   13   12   12   12   12   12   12   12   12   12   13
   13   13   14   14   14   15   15   15   16
    82.5-180.0 180.0   5.0 450.0                            LAT/LON1/LON2/DLON/H
   15   15   16   17   17   18   19   19   19   20   20   20   20   20   19   19
   17   16   15   14   13   13   12   11   11   11   10    9    9    9    9    9
    9    9    9   10   10   11   11   11   12   12   13   13   13   14   14   14
   14   14   13   13   12   12   11   11   10   10   10   10   10   10   10   10
   11   11   11   12   13   13   14   14   15
    80.0-180.0 180.0   5.0 450.0                            LAT/LON1/LON2/DLON/H
   15   16   17   18   19   20   21   22   23   23   23   23   22   21   20   19
   18   16   15   13   11   11   10   11   10   10    9    9    8    8    8    8
    8    8    8    8    9   10   10   11   11   12   12   13   13   14   14   15
   14   14   14   13   12   11   10    9    8    8    8    8    8    8    8    9
    9   10   10   11   13   14   14   14   15
    77.5-180.0 180.0   5.0 450.0                            LAT/LON1/LON2/DLON/H
   18   19   20   22   22   23   23   24   25   25   24   24   23   22   21   20
   18   17   15   13   11   10   10    9    9    9    8    8    8    8    7    7
    7    7    7    7    7    8    9    9   10   11   11   12   13   13   14   14
   14   14   13   13   11   11    9    8    8    7    7    7    7    7    7    8
    9   10   11   13   14   15   16   17   18
    75.0-180.0 180.0   5.0 450.0                            LAT/LON1/LON2/DLON/H
   22   23   24   25   24   24   24   25   25   25   24   24   24   22   22   20
   18   16   14   12   11   11   10    9    9    9    9    8    8    8    8    8
    8    8    8    7    7    7    8    9   10   10   10   11   12   13   13   13
   13   13   12   12   11   10    9    9    8    7    7    7    7    7    7    8
    9   11   12   15   17   18   20   20   22
    72.5-180.0 180.0   5.0 450.0                            LAT/LON1/LON2/DLON/H
   28   29   30   30   29   28   28   27   26   25   25   24   24   22   21   19
   17   15   13   12   12   11   10   10    9    9    9    9    8    8    8    8
    8    8    8    8    8    7    8    9   10   10   11   11   11   11   11   11
   12   11   11   11   10   10   10    9    8    8    7    7    7    7    8    9
   11   13   15   17   20   23   26   27   28
    70.0-180.0 180.0   5.0 450.0                            LAT/LON1/LON2/DLON/H
   37   37   37   36   35   33   32   30   29   27   26   25   23   22   20   18
   16   15   13   12   12   12   12   11   11   11   10   10    8    8    9    9
    9    8    8    9    9    8    8    9    9    9   10   10    9   10   10   10
   10   10   11   11   11   11   10   10   10    9    9    9    9   10   11   13
   15   17   20   24   28   31   34   36   37
    67.5-180.0 180.0   5.0 450.0                            LAT/LON1/LON2/DLON/H
   46   46   45   44   42   40   37   35   32   30   28   26   24   22   20   17
   16   14   13   14   13   13   13   13   13   13   13   13   11   10   10   10
   10   10   10    9    9    9    9    8    8    8    8    8    8    8    8    9
   10   10   11   12   12   13   13   12   12   12   12   13   14   16   18   20
   23   25   28   32   36   40   43   45   46
    65.0-180.0 180.0   5.0 450.0                            LAT/LON1/LON2/DLON/H
   55   54   53   51   48   46   42   39   36   33   31   28   26   24   20   18
   16   14   14   14   13   14   14   13   14   15   15   15   14   12   12   11
   11   10   10    9    9    9    9    8    7    7    8    8    8    8    9   10
   12   12   13   14   16   16   16   16   15   16   17   17   19   21   24   28
   31   33   36   40   44   48   51   54   55
    62.5-180.0 180.0   5.0 450.0                            LAT/LON1/LON2/DLON/H
   61   60   59   57   54   51   48   44   41   38   35   32   29   27   23   20
   18   16   15   14   14   14   14   13   14   15   16   15   13   12   11   11
   11   10   10    9    9   10   10    9    9    9   10   11   11   13   14   15
   15   15   16   18   19   20   20   20   20   20   21   22   25   28   32   36
   39   41   43   47   51   55   58   61   61
    60.0-180.0 180.0   5.0 450.0                            LAT/LON1/LON2/DLON/H
   65   64   63   61   58   55   52   49   46   43   40   37   33   30   27   23
   21   18   17   16   15   14   14   14   14   14   15   15   13   11   11   10
   11   11   11   12   12   12   12   12   12   14   16   18   20   21   20   20
   20   20   21   22   24   25   25   25   24   24   26   28   31   35   39   43
   45   48   50   52   56   60   63   65   65
    57.5-180.0 180.0   5.0 450.0                            LAT/LON1/LON2/DLON/H
   69   68   66   64   62   59   56   54   51   48   45   42   38   34   31   27
   24   22   20   18   16   15   14   14   14   14   14   14   12   11   11   11
   11   12   14   15   15   16   17   19   20   22   25   28   30   30   28   27
   27   28   28   29   29   31   31   30   29   29   30   33   37   41   45   49
   51   53   55   58   61   64   67   69   69
    55.0-180.0 180.0   5.0 450.0                            LAT/LON1/LON2/DLON/H
   73   71   69   67   65   62   60   58   56   53   50   47   44   40   36   32
   29   26   23   20   18   16   14   16   16   15   15   16   14   13   13   13
   15   16   18   20   22   24   26   28   30   33   37   39   41   41   38   37
   37   36   35   35   35   35   35   34   33   32   34   36   41   46   51   54
   57   59   60   62   66   69   71   73   73
    52.5-180.0 180.0   5.0 450.0                            LAT/LON1/LON2/DLON/H
   78   76   73   71   70   67   65   62   61   58   56   53   50   46   41   37
   33   30   26   23   21   19   17   17   19   19   19   20   18   18   17   18
   19   23   26   29   31   32   35   39   42   45   48   50   51   51   50   48
   45   44   42   40   39   38   37   37   35   35   36   38   44   49   54   59
   62   63   66   68   71   74   76   78   78
    50.0-180.0 180.0   5.0 450.0                            LAT/LON1/LON2/DLON/H
   84   82   79   76   75   73   70   67   65   64   62   60   57   54   48   43
   39   35   30   28   26   24   24   24   25   25   26   26   25   25   25   26
   29   31   34   37   40   42   45   49   52   55   58   60   61   61   59   56
   53   49   46   43   40   39   38   37   37   37   38   41   46   52   57   63
   66   68   71   73   77   80   83   84   84
    47.5-180.0 180.0   5.0 450.0                            LAT/LON1/LON2/DLON/H
   91   90   87   84   82   79   76   72   70   69   68   65   63   60   54   50
   45   41   37   35   33   32   33   34   34   35   35   35   34   33   34   35
   37   40   43   46   48   51   54   58   62   65   66   67   69   68   65   61
   57   53   48   43   40   39   38   38   39   40   42   46   50   55   60   65
   70   72   75   79   83   86   89   91   91
    45.0-180.0 180.0   5.0 450.0                            LAT/LON1/LON2/DLON/H
   98   97   95   92   91   86   81   78   75   74   73   71   69   65   61   56
   52   48   44   43   42   43   44   45   47   46   45   44   42   42   42   43
   46   48   51   54   56   58   61   65   69   72   72   73   73   72   70   65
   60   55   49   43   40   38   39   40   41   44   47   51   55   59   64   68
   72   76   79   83   87   91   94   97   98
    42.5-180.0 180.0   5.0 450.0                            LAT/LON1/LON2/DLON/H
  102  103  101  100   98   94   88   84   81   79   79   78   76   72   68   63
   58   55   52   52   52   54   55   55   57   56   54   53   51   49   49   50
   53   55   57   60   61   63   66   68   73   74   74   74   74   73   71   67
   62   57   51   46   42   41   41   42   44   48   53   57   60   64   67   71
   75   78   82   86   90   94   98  101  102
    40.0-180.0 180.0   5.0 450.0                            LAT/LON1/LON2/DLON/H
  106  107  107  106  104  100   94   90   87   85   85   84   82   78   74   69
   65   62   59   59   61   63   65   65   64   64   61   59   57   55   55   56
   58   60   61   63   64   65   67   70   72   73   73   73   74   74   71   68
   63   59   54   49   46   44   44   46   49   53   58   63   66   69   72   75
   78   82   85   89   92   95   99  103  106
    37.5-180.0 180.0   5.0 450.0                            LAT/LON1/LON2/DLON/H
  106  109  109  109  107  104   99   95   93   92   91   90   88   84   80   76
   73   68   65   65   68   70   72   72   71   70   66   64   61   59   59   60
   62   63   64   65   65   65   67   69   71   70   72   74   76   75   72   68
   64   61   57   53   49   47   46   49   53   59   65   69   72   74   77   80
   83   86   89   91   94   97  100  104  106
    35.0-180.0 180.0   5.0 450.0                            LAT/LON1/LON2/DLON/H
  107  109  110  109  107  105  102   99   97   96   97   95   93   89   85   81
   79   74   69   69   71   74   76   76   74   72   68   65   63   62   62   63
   64   66   67   67   66   65   65   67   68   70   73   75   76   75   72   68
   64   62   59   55   51   49   48   51   57   63   70   75   78   81   83   87
   90   92   94   96   97   99  102  105  107
    32.5-180.0 180.0   5.0 450.0                            LAT/LON1/LON2/DLON/H
  110  110  110  109  107  105  104  101  100  100  101  100   97   94   89   85
   81   78   72   71   73   75   77   77   74   70   66   64   63   63   64   64
   66   67   68   69   67   65   66   66   67   70   73   74   74   73   69   66
   63   61   59   56   52   50   49   52   58   66   75   81   86   88   90   95
   99  102  104  104  105  106  107  109  110
    30.0-180.0 180.0   5.0 450.0                            LAT/LON1/LON2/DLON/H
  117  115  113  110  107  106  104  103  103  104  105  103  101   97   92   86
   82   81   75   73   73   73   74   73   71   67   64   63   64   65   66   66
   67   68   69   70   67   66   67   67   68   69   71   71   70   68   66   64
   61   60   58   55   52   50   49   51   58   67   78   86   92   95   98  104
  110  115  118  117  118  118  118  118  117
    27.5-180.0 180.0   5.0 450.0                            LAT/LON1/LON2/DLON/H
  130  125  120  115  112  109  107  107  107  109  109  106  105  100   94   89
   84   82   77   74   72   71   70   68   67   65   64   64   66   68   68   68
   68   69   71   71   69   68   69   70   70   69   69   68   67   66   63   60
   58   57   55   53   50   48   48   50   57   68   79   89   96  101  107  114
  123  130  135  135  136  135  135  134  130
    25.0-180.0 180.0   5.0 450.0                            LAT/LON1/LON2/DLON/H
  149  141  133  126  120  116  113  114  114  115  114  110  107  103   96   91
   87   83   78   75   71   68   67   66   66   66   66   68   71   73   73   70
   71   72   74   74   72   71   71   71   70   68   67   65   64   62   59   55
   53   53   51   50   49   47   46   48   57   68   80   91   99  106  114  124
  135  145  152  156  158  158  157  155  149
    22.5-180.0 180.0   5.0 450.0                            LAT/LON1/LON2/DLON/H
  171  162  151  142  135  129  125  123  123  123  121  116  110  105   98   94
   91   88   82   78   73   69   68   68   69   71   72   75   77   79   78   74
   74   74   75   75   73   71   70   69   67   64   62   60   58   56   53   49
   46   46   46   46   46   44   44   47   56   68   80   92  102  111  121  133
  146  158  168  174  178  181  182  178  171
    20.0-180.0 180.0   5.0 450.0                            LAT/LON1/LON2/DLON/H
  191  182  171  161  154  147  140  135  134  133  131  124  116  109  103   99
   96   94   88   84   79   73   73   75   77   79   81   84   86   87   85   78
   75   74   74   72   71   69   67   64   62   59   55   52   50   48   44   41
   39   39   40   41   41   41   42   46   56   69   81   93  104  116  127  141
  156  169  180  188  194  200  201  197  191
    17.5-180.0 180.0   5.0 450.0                            LAT/LON1/LON2/DLON/H
  206  198  189  180  174  167  157  149  143  141  138  131  124  116  109  104
  101  100   96   92   85   81   83   88   88   91   93   95   96   94   89   80
   75   72   69   68   66   65   63   61   57   52   47   43   41   40   37   35
   34   35   35   36   37   38   40   46   58   71   83   95  108  121  135  150
  164  177  188  196  203  209  212  211  206
    15.0-180.0 180.0   5.0 450.0                            LAT/LON1/LON2/DLON/H
  214  209  201  196  193  186  175  162  153  148  143  138  131  123  117  111
  106  103  102   99   94   92   96  101  101  102  104  104  102   98   90   79
   73   68   65   65   63   62   60   57   52   47   40   36   34   33   33   31
   32   32   33   34   35   37   40   48   61   74   85   98  111  126  141  157
  171  182  193  200  206  211  215  216  214
    12.5-180.0 180.0   5.0 450.0                            LAT/LON1/LON2/DLON/H
  214  212  209  208  208  203  190  174  161  153  148  143  138  133  126  118
  111  106  106  105  102  101  105  110  111  112  112  110  105   98   87   76
   70   66   63   63   61   60   58   55   49   43   36   32   31   31   31   31
   32   32   32   32   34   37   42   51   65   76   88  100  115  132  148  164
  177  187  195  202  205  208  211  213  214
    10.0-180.0 180.0   5.0 450.0                            LAT/LON1/LON2/DLON/H
  210  210  210  213  217  214  202  184  169  159  153  148  145  141  134  125
  117  110  111  113  112  110  110  112  116  116  114  110  104   95   84   74
   68   66   64   64   62   61   59   54   49   42   36   32   31   32   33   33
   34   33   32   31   33   37   43   53   66   79   91  104  118  135  152  168
  180  189  196  202  203  204  206  208  210
     7.5-180.0 180.0   5.0 450.0                            LAT/LON1/LON2/DLON/H
  205  208  211  216  221  221  210  194  178  166  159  155  152  149  143  133
  124  118  119  123  124  120  115  114  116  114  110  105   98   91   82   75
   70   68   69   69   67   65   61   57   50   44   39   36   35   35   35   36
   36   35   33   31   32   36   43   56   69   81   93  106  120  137  155  170
  181  190  196  201  202  202  201  203  205
     5.0-180.0 180.0   5.0 450.0                            LAT/LON1/LON2/DLON/H
  206  209  213  218  224  224  216  203  188  176  167  164  161  159  153  144
  134  129  130  135  136  131  125  118  113  107  105  101   95   90   83   78
   75   74   76   76   74   72   67   60   54   49   44   41   39   38   39   38
   38   36   34   32   32   36   45   58   71   82   93  105  120  138  155  170
  181  190  198  203  204  204  203  203  206
     2.5-180.0 180.0   5.0 450.0                            LAT/LON1/LON2/DLON/H
  214  216  219  222  227  228  222  211  198  186  179  174  171  169  163  156
  147  142  142  143  145  142  134  124  114  107  104  102   98   94   90   86
   84   84   85   84   81   77   71   64   59   54   50   45   44   42   42   41
   41   39   36   33   33   37   47   60   72   82   92  103  118  134  152  166
  179  190  199  206  209  211  210  212  214
