DORISInput/IGSGIM/2019/igsg3530.19i
     1.0            IONOSPHERE MAPS     MIX                 IONEX VERSION / TYPE
cmpcmb v1.2          GRL/UWM             4-jan-20 13:44     PGM / RUN BY / DATE 
ionex file containing IGS COMBINED Ionosphere maps          COMMENT             
global ionosphere maps for day 353, 2019                    DESCRIPTION         
IONEX file containing the COMBINED IGS TEC MAPS and DCBs    DESCRIPTION         
      IONEX files of the following IAACs were combined: cod DESCRIPTION         
                                                        esa DESCRIPTION         
                                                        jpl DESCRIPTION         
                                                        upc DESCRIPTION         
Contact address: Andrzej Krankowski                         DESCRIPTION
                 Geodynamics Research Laboratory            DESCRIPTION
                 University of Warmia and Mazury (GRL/UWM)  DESCRIPTION
                 Oczapowski St. 1                           DESCRIPTION
                 10-957-Olsztyn, POLAND                     DESCRIPTION
                 e-mail:  kand@uwm.edu.pl                   DESCRIPTION
                                                            DESCRIPTION         
  2019    12    19     0     0     0                        EPOCH OF FIRST MAP  
  2019    12    20     0     0     0                        EPOCH OF LAST MAP   
  7200                                                      INTERVAL            
    13                                                      # OF MAPS IN FILE   
  COSZ                                                      MAPPING FUNCTION    
     0.0                                                    ELEVATION CUTOFF    
combined TEC calculated as weighted mean of input TEC valuesOBSERVABLES USED    
   397                                                      # OF STATIONS       
    32                                                      # OF SATELLITES     
  6371.0                                                    BASE RADIUS         
     2                                                      MAP DIMENSION       
   450.0 450.0   0.0                                        HGT1 / HGT2 / DHGT  
    87.5 -87.5  -2.5                                        LAT1 / LAT2 / DLAT  
  -180.0 180.0   5.0                                        LON1 / LON2 / DLON  
    -1                                                      EXPONENT            
TEC values in 0.1 tec units;  9999, if no value available   COMMENT             
DCB values in nanoseconds, reference is Sum_of_SatDCBs = 0  COMMENT             
                                                            END OF HEADER       
[from data line 2145]
     6                                                      START OF TEC MAP    
  2019    12    19    10     0     0                        EPOCH OF CURRENT MAP
    87.5-180.0 180.0   5.0 450.0                            LAT/LON1/LON2/DLON/H
   29   29   29   29   29   29   29   28   28   28   28   27   27   27   26   26
   26   26   25   25   25   25   25   25   25   25   25   25   24   24   24   24
   24   24   24   25   25   25   25   25   25   25   25   25   25   25   25   25
   25   25   26   26   26   26   26   26   26   26   26   27   27   27   27   27
   28   28   28   28   28   29   29   29   29
    85.0-180.0 180.0   5.0 450.0                            LAT/LON1/LON2/DLON/H
   31   31   31   31   31   30   30   30   29   28   28   27   27   26   25   25
   24   23   23   22   22   21   21   21   21   21   21   21   21   21   21   21
   22   22   22   23   23   23   23   24   24   23   24   24   24   23   24   24
   24   24   24   24   24   24   24   24   24   25   25   25   26   26   27   27
   27   28   29   29   30   30   30   30   31
    82.5-180.0 180.0   5.0 450.0                            LAT/LON1/LON2/DLON/H
   31   31   31   31   31   31   30   30   29   28   27   25   24   23   22   21
   20   19   19   18   17   17   17   17   17   17   18   18   18   19   20   20
   21   22   22   23   23   23   23   23   23   23   23   23   23   23   22   22
   23   22   22   22   22   22   22   23   23   23   22   23   24   25   25   26
   27   27   28   29   29   30   30   31   31
    80.0-180.0 180.0   5.0 450.0                            LAT/LON1/LON2/DLON/H
   31   31   31   31   31   30   30   29   28   26   25   24   22   20   18   17
   16   15   14   14   13   13   14   15   14   14   14   14   15   15   16   17
   18   19   20   20   21   22   22   22   23   23   22   22   22   22   22   22
   22   22   21   21   21   21   20   20   21   21   21   22   22   23   24   24
   24   25   26   27   28   29   29   30   31
    77.5-180.0 180.0   5.0 450.0                            LAT/LON1/LON2/DLON/H
   30   31   31   31   31   31   30   29   28   26   24   21   20   18   16   15
   14   13   13   13   13   13   13   12   13   13   14   14   14   14   14   15
   16   18   18   20   20   21   21   21   22   22   22   22   22   22   22   21
   21   21   21   21   21   20   20   19   20   20   20   21   21   22   22   23
   23   23   24   25   26   27   28   29   30
    75.0-180.0 180.0   5.0 450.0                            LAT/LON1/LON2/DLON/H
   28   29   30   31   31   30   29   28   27   24   22   20   18   16   14   13
   12   12   12   13   13   13   13   13   13   13   13   14   14   14   15   15
   15   17   18   19   20   21   21   22   22   23   23   23   23   23   23   22
   22   22   22   21   21   20   20   19   19   19   19   19   19   20   21   21
   21   22   22   23   25   25   26   28   28
    72.5-180.0 180.0   5.0 450.0                            LAT/LON1/LON2/DLON/H
   27   27   28   28   29   28   27   27   25   23   21   18   17   15   13   12
   12   13   14   15   16   16   16   16   16   15   14   14   14   14   15   15
   15   16   18   19   20   21   22   23   24   25   25   26   26   26   26   26
   25   25   24   24   23   22   21   20   19   19   19   18   19   20   20   21
   21   21   22   23   24   24   25   26   27
    70.0-180.0 180.0   5.0 450.0                            LAT/LON1/LON2/DLON/H
   25   25   25   25   25   26   25   24   23   21   19   17   16   14   13   14
   15   16   18   19   20   20   21   21   21   19   18   15   15   15   15   15
   15   17   19   20   22   23   24   26   27   28   29   30   31   30   30   30
   30   29   28   27   25   24   22   21   20   19   19   19   19   20   20   21
   21   22   23   23   23   23   24   25   25
    67.5-180.0 180.0   5.0 450.0                            LAT/LON1/LON2/DLON/H
   23   23   23   24   24   24   24   23   22   20   19   17   15   14   15   16
   17   19   21   23   24   25   26   25   25   22   19   17   15   15   15   15
   17   19   21   23   25   27   29   30   32   34   35   35   36   36   36   36
   35   33   32   30   29   27   25   22   21   20   19   20   20   21   21   22
   22   23   23   23   23   23   24   23   23
    65.0-180.0 180.0   5.0 450.0                            LAT/LON1/LON2/DLON/H
   24   23   23   23   23   23   23   22   22   21   19   18   17   16   17   17
   19   21   24   25   26   27   28   27   25   23   19   16   14   14   15   17
   19   22   25   27   29   32   34   35   38   40   41   42   43   43   43   42
   41   39   37   35   32   29   27   24   22   20   20   20   21   22   22   23
   24   24   24   24   24   25   24   24   24
    62.5-180.0 180.0   5.0 450.0                            LAT/LON1/LON2/DLON/H
   26   25   25   24   24   24   24   23   23   22   21   20   18   18   18   19
   21   22   24   26   26   27   27   26   24   21   17   15   13   14   16   19
   22   26   30   33   35   38   40   42   45   47   49   50   51   51   50   49
   47   45   42   38   35   32   28   25   22   20   20   21   21   22   23   25
   26   27   27   27   27   28   27   27   26
    60.0-180.0 180.0   5.0 450.0                            LAT/LON1/LON2/DLON/H
   32   31   30   28   27   27   26   26   25   25   23   22   21   20   19   20
   21   22   23   24   24   23   23   21   20   18   15   13   12   13   17   22
   27   32   36   40   42   45   47   50   53   55   57   59   59   60   59   57
   54   51   47   43   39   35   31   27   24   22   20   21   22   23   25   27
   28   29   30   31   32   32   32   32   32
    57.5-180.0 180.0   5.0 450.0                            LAT/LON1/LON2/DLON/H
   39   39   37   36   34   33   32   30   30   29   27   25   23   22   21   21
   21   21   21   21   20   19   18   16   15   14   13   12   13   16   20   27
   33   38   43   47   50   52   55   59   62   64   67   68   68   68   67   65
   61   57   53   49   45   40   35   31   27   24   23   22   23   25   27   30
   32   33   34   36   37   38   39   39   39
    55.0-180.0 180.0   5.0 450.0                            LAT/LON1/LON2/DLON/H
   48   47   46   45   42   40   39   37   36   35   32   29   26   24   22   21
   22   20   20   18   16   14   14   12   12   13   13   13   15   20   26   34
   41   46   51   54   56   60   63   67   71   73   75   77   77   77   75   73
   69   65   61   57   53   48   43   38   33   30   27   26   26   28   30   33
   36   38   40   41   44   45   46   47   48
    52.5-180.0 180.0   5.0 450.0                            LAT/LON1/LON2/DLON/H
   56   56   55   54   52   49   48   46   44   42   40   35   31   28   25   24
   24   22   20   18   15   13   13   12   12   14   14   16   20   26   33   41
   48   54   58   61   63   67   71   76   79   82   84   85   85   85   84   81
   78   74   71   67   62   58   53   47   41   37   34   32   31   32   34   37
   40   42   45   48   50   52   55   56   56
    50.0-180.0 180.0   5.0 450.0                            LAT/LON1/LON2/DLON/H
   64   64   63   62   61   58   57   55   53   51   48   43   39   34   31   29
   29   27   24   21   18   15   14   14   15   17   19   23   28   34   41   49
   56   60   63   66   70   74   79   84   88   91   92   93   93   92   92   90
   86   84   81   78   73   68   63   57   50   45   41   38   37   37   39   41
   44   47   50   53   56   59   61   63   64
    47.5-180.0 180.0   5.0 450.0                            LAT/LON1/LON2/DLON/H
   69   69   69   69   68   66   65   64   62   60   57   53   49   44   40   39
   37   36   33   31   27   23   21   21   23   25   29   33   38   43   50   56
   61   66   68   72   76   82   88   94   98  100  101  100  100   99   98   96
   95   93   90   87   83   78   73   66   58   52   47   44   42   42   44   47
   50   54   56   59   61   63   66   68   69
    45.0-180.0 180.0   5.0 450.0                            LAT/LON1/LON2/DLON/H
   71   71   72   72   73   71   71   70   70   69   67   64   59   55   52   52
   51   50   47   45   41   37   36   36   37   40   42   45   49   53   58   63
   67   70   73   77   83   91   99  104  109  110  109  107  106  104  103  102
  101   99   97   95   91   86   80   72   65   58   53   48   47   46   48   52
   56   59   62   64   65   67   69   70   71
    42.5-180.0 180.0   5.0 450.0                            LAT/LON1/LON2/DLON/H
   71   71   72   73   74   73   73   74   75   75   75   73   70   67   66   66
   66   66   64   62   58   55   54   54   55   56   56   57   59   62   65   69
   73   75   78   83   90  100  109  116  120  120  118  114  112  110  108  106
  105  104  103  100   96   90   83   76   69   62   57   53   51   51   53   55
   60   64   67   68   69   70   70   71   71
    40.0-180.0 180.0   5.0 450.0                            LAT/LON1/LON2/DLON/H
   69   70   70   71   72   73   73   74   76   78   80   80   79   77   77   78
   80   81   80   77   74   72   71   71   72   72   70   69   68   69   72   75
   78   81   84   89   98  109  120  128  132  131  127  122  118  115  113  111
  109  108  106  105  100   93   86   78   72   65   60   56   54   54   55   59
   63   67   70   71   72   71   69   69   69
    37.5-180.0 180.0   5.0 450.0                            LAT/LON1/LON2/DLON/H
   67   67   67   68   69   70   70   72   75   79   83   86   86   85   86   87
   89   91   91   89   85   84   85   85   85   84   81   78   76   75   77   80
   83   86   89   95  106  118  130  139  143  142  137  131  126  122  118  116
  114  113  111  109  104   97   89   81   74   68   63   59   57   56   58   61
   65   68   71   72   71   69   68   67   67
    35.0-180.0 180.0   5.0 450.0                            LAT/LON1/LON2/DLON/H
   64   64   63   64   65   65   65   67   71   77   84   89   91   91   91   92
   94   96   96   95   92   92   92   94   93   90   87   85   83   81   82   85
   88   92   96  103  113  126  139  149  153  153  149  142  136  129  126  123
  121  120  118  116  111  103   95   88   80   73   68   64   61   60   61   64
   68   70   72   72   71   68   66   65   64
    32.5-180.0 180.0   5.0 450.0                            LAT/LON1/LON2/DLON/H
   61   60   59   59   59   60   60   62   67   73   82   89   93   93   93   93
   94   95   96   95   93   93   94   96   94   92   90   88   87   85   87   89
   94   99  103  110  120  134  146  156  160  161  159  155  148  141  136  133
  132  132  131  128  123  116  108   99   91   83   76   72   68   66   66   68
   70   72   73   72   71   68   65   63   61
    30.0-180.0 180.0   5.0 450.0                            LAT/LON1/LON2/DLON/H
   59   58   56   55   55   56   55   57   61   68   78   87   92   93   93   92
   91   91   91   89   89   89   91   92   90   90   89   88   88   89   91   94
   99  106  110  118  127  139  150  160  165  167  169  168  163  156  151  149
  150  151  151  148  143  136  127  118  109   99   90   84   79   76   73   73
   75   76   75   74   70   67   64   62   59
    27.5-180.0 180.0   5.0 450.0                            LAT/LON1/LON2/DLON/H
   60   58   56   54   54   53   52   53   56   63   73   82   88   90   89   88
   86   85   84   82   81   81   83   85   85   86   85   86   89   92   94   98
  106  113  118  124  133  143  152  161  168  175  178  182  179  175  172  172
  175  179  179  177  170  163  152  142  130  119  108  101   95   89   84   81
   80   80   78   75   72   67   65   63   60
    25.0-180.0 180.0   5.0 450.0                            LAT/LON1/LON2/DLON/H
   63   61   59   57   55   53   52   51   54   59   67   76   82   83   84   82
   80   79   78   75   73   73   75   78   79   80   81   84   89   94   98  103
  111  119  125  131  138  146  154  162  171  180  187  195  197  195  197  201
  206  212  212  209  201  190  179  168  154  142  131  122  113  103   96   92
   88   86   82   78   74   70   67   65   63
    22.5-180.0 180.0   5.0 450.0                            LAT/LON1/LON2/DLON/H
   67   66   64   62   60   58   55   53   54   57   64   70   75   77   78   76
   75   74   72   70   67   67   69   73   74   76   78   83   89   96  101  107
  115  124  131  139  145  150  157  164  175  185  195  207  213  216  221  229
  237  244  243  237  227  216  204  192  177  165  154  144  133  120  109  102
   98   92   87   83   79   74   70   68   67
    20.0-180.0 180.0   5.0 450.0                            LAT/LON1/LON2/DLON/H
   70   70   69   68   67   64   62   58   57   58   62   66   69   71   72   72
   72   71   70   67   65   64   67   70   71   73   76   83   90   97  103  111
  120  129  139  148  153  157  163  170  178  191  205  219  228  235  242  252
  261  267  263  255  243  231  221  209  197  186  176  165  153  138  123  113
  107  100   94   89   84   79   75   71   70
    17.5-180.0 180.0   5.0 450.0                            LAT/LON1/LON2/DLON/H
   74   73   74   74   74   72   68   64   61   60   62   64   65   67   68   70
   70   70   68   66   64   64   66   69   71   73   75   83   91  100  107  115
  125  136  147  157  163  166  171  178  186  198  214  230  242  250  258  268
  276  277  271  260  249  238  229  220  210  201  192  181  169  153  138  125
  116  108  102   96   90   85   80   75   74
    15.0-180.0 180.0   5.0 450.0                            LAT/LON1/LON2/DLON/H
   77   76   76   78   79   78   75   70   66   64   63   63   63   64   66   68
   70   69   68   67   66   67   69   71   73   74   77   85   93  102  112  121
  132  143  156  167  174  178  182  188  196  208  224  240  253  260  268  274
  279  278  268  256  244  235  229  222  215  209  201  192  180  164  149  135
  123  114  108  101   95   91   85   81   77
    12.5-180.0 180.0   5.0 450.0                            LAT/LON1/LON2/DLON/H
   80   78   78   82   83   82   79   74   70   67   64   63   62   62   63   66
   68   69   69   69   69   70   72   73   75   77   80   87   96  106  117  127
  139  152  164  177  185  190  194  200  207  217  232  247  259  266  271  273
  273  270  259  246  235  228  222  217  212  208  202  195  185  172  156  141
  128  119  111  104   98   93   88   84   80
    10.0-180.0 180.0   5.0 450.0                            LAT/LON1/LON2/DLON/H
   81   78   78   82   84   83   80   77   73   69   66   63   62   61   60   61
   65   67   68   70   71   72   74   75   77   79   83   89   97  109  121  132
  144  157  171  185  195  200  205  210  216  224  237  249  259  264  268  268
  265  258  247  235  226  220  215  211  207  203  199  195  187  175  159  144
  130  120  113  106   99   94   89   85   81
     7.5-180.0 180.0   5.0 450.0                            LAT/LON1/LON2/DLON/H
   79   77   77   79   81   80   78   75   72   68   65   63   61   59   57   57
   60   63   67   69   70   71   73   75   78   81   85   91   99  111  123  135
  148  162  177  192  202  209  213  217  220  228  237  246  253  257  259  259
  255  248  238  229  223  218  215  211  206  201  198  194  188  176  162  146
  131  121  114  107  101   95   89   84   79
     5.0-180.0 180.0   5.0 450.0                            LAT/LON1/LON2/DLON/H
   77   74   74   74   75   73   72   70   69   66   63   61   60   58   55   54
   56   59   63   67   68   69   71   74   79   82   87   93  101  114  126  138
  151  165  181  195  206  213  216  218  222  227  233  240  245  248  250  251
  248  242  236  231  229  225  222  217  211  207  202  198  193  181  166  149
  134  123  115  108  101   95   89   82   77
     2.5-180.0 180.0   5.0 450.0                            LAT/LON1/LON2/DLON/H
   76   73   71   69   68   66   63   63   63   61   60   58   57   55   53   53
   53   56   60   64   66   67   69   73   79   84   90   96  104  115  128  140
  152  166  181  196  207  214  216  218  220  224  229  234  238  241  245  247
  244  240  239  241  241  239  235  230  225  220  215  210  203  191  174  157
  139  127  116  108  101   94   88   82   76
