DORISInput/IGSGIM/2019/igsg3340.19i
     1.0            IONOSPHERE MAPS     MIX                 IONEX VERSION / TYPE
cmpcmb v1.2          GRL/UWM            20-dec-19 09:48     PGM / RUN BY / DATE 
ionex file containing IGS COMBINED Ionosphere maps          COMMENT             
global ionosphere maps for day 334, 2019                    DESCRIPTION         
IONEX file containing the COMBINED IGS TEC MAPS and DCBs    DESCRIPTION         
      IONEX files of the following IAACs were combined: cod DESCRIPTION         
                                                        esa DESCRIPTION         
                                                        jpl DESCRIPTION         
                                                        upc DESCRIPTION         
Contact address: Andrzej Krankowski                         DESCRIPTION
                 Geodynamics Research Laboratory            DESCRIPTION
                 University of Warmia and Mazury (GRL/UWM)  DESCRIPTION
                 Oczapowski St. 1                           DESCRIPTION
                 10-957-Olsztyn, POLAND                     DESCRIPTION
                 e-mail:  kand@uwm.edu.pl                   DESCRIPTION
                                                            DESCRIPTION         
  2019    11    30     0     0     0                        EPOCH OF FIRST MAP  
  2019    12     1     0     0     0                        EPOCH OF LAST MAP   
  7200                                                      INTERVAL            
    13                                                      # OF MAPS IN FILE   
  COSZ                                                      MAPPING FUNCTION    
     0.0                                                    ELEVATION CUTOFF    
combined TEC calculated as weighted mean of input TEC valuesOBSERVABLES USED    
   396                                                      # OF STATIONS       
    32                                                      # OF SATELLITES     
  6371.0                                                    BASE RADIUS         
     2                                                      MAP DIMENSION       
   450.0 450.0   0.0                                        HGT1 / HGT2 / DHGT  
    87.5 -87.5  -2.5                                        LAT1 / LAT2 / DLAT  
  -180.0 180.0   5.0                                        LON1 / LON2 / DLON  
    -1                                                      EXPONENT            
TEC values in 0.1 tec units;  9999, if no value available   COMMENT             
DCB values in nanoseconds, reference is Sum_of_SatDCBs = 0  COMMENT             
                                                            END OF HEADER       
[from data line 5148]
    13                                                      START OF TEC MAP    
  2019    12     1     0     0     0                        EPOCH OF CURRENT MAP
    87.5-180.0 180.0   5.0 450.0                            LAT/LON1/LON2/DLON/H
   30   30   30   30   30   29   29   29   29   29   28   28   27   27   26   26
   25   25   24   23   23   23   22   22   21   21   21   21   21   21   21   21
   21   21   22   22   22   22   23   23   24   24   25   25   25   26   26   26
   27   27   28   28   29   29   29   29   29   29   29   29   29   29   30   30
   30   29   30   30   30   30   30   30   30
    85.0-180.0 180.0   5.0 450.0                            LAT/LON1/LON2/DLON/H
   31   31   31   32   31   31   31   31   30   30   29   29   28   27   26   25
   24   22   21   21   20   19   19   18   17   17   16   16   16   15   15   15
   15   16   16   16   17   17   17   18   19   20   21   22   23   25   26   28
   28   29   30   30   30   30   30   30   30   30   30   30   29   30   30   30
   30   30   30   31   31   31   31   31   31
    82.5-180.0 180.0   5.0 450.0                            LAT/LON1/LON2/DLON/H
   32   32   33   34   34   34   34   34   34   33   33   32   31   30   28   26
   24   22   21   18   16   15   14   13   12   11   11   10   11   10   10   11
   11   12   12   13   13   14   15   16   17   19   19   21   22   23   25   25
   27   28   30   31   30   30   30   29   28   28   27   27   27   27   27   27
   27   28   28   29   29   30   31   31   32
    80.0-180.0 180.0   5.0 450.0                            LAT/LON1/LON2/DLON/H
   32   33   33   34   35   36   36   36   36   36   36   35   34   32   30   28
   25   23   21   19   16   14   12   10    9    9    9    9    8    8    8    8
    9    9   10   10   11   12   13   14   16   17   19   20   22   24   25   26
   26   27   28   30   29   28   26   26   24   24   23   23   23   23   23   23
   24   24   25   26   27   28   30   31   32
    77.5-180.0 180.0   5.0 450.0                            LAT/LON1/LON2/DLON/H
   32   33   34   36   36   37   38   37   38   37   37   36   35   33   32   30
   28   26   24   21   18   16   13   11   10    9    9    9    8    8    7    8
    8    8    9   10   11   12   13   15   17   18   19   20   21   23   24   26
   27   26   26   26   26   24   22   21   20   19   18   18   18   18   19   20
   21   22   23   25   26   27   29   31   32
    75.0-180.0 180.0   5.0 450.0                            LAT/LON1/LON2/DLON/H
   34   35   36   37   38   38   39   39   38   38   38   37   36   35   33   31
   30   28   26   24   21   20   17   15   13   11    9    9    9    9    9    9
    8    8   10   11   12   14   15   17   18   19   19   21   21   23   24   25
   25   25   24   23   22   20   18   17   16   15   14   15   15   15   17   19
   21   22   24   25   28   29   31   32   34
    72.5-180.0 180.0   5.0 450.0                            LAT/LON1/LON2/DLON/H
   38   39   40   41   41   40   40   39   39   38   36   35   35   33   32   31
   30   30   29   28   26   25   22   20   17   16   14   12   10   10   10   11
   11   11   11   13   13   15   16   18   18   19   20   21   22   23   23   22
   22   22   21   20   18   16   15   14   13   12   12   13   14   16   18   20
   22   25   27   29   31   33   35   37   38
    70.0-180.0 180.0   5.0 450.0                            LAT/LON1/LON2/DLON/H
   44   45   45   45   45   44   43   41   39   37   36   35   34   31   30   29
   31   30   30   30   30   29   28   25   22   19   18   16   15   13   13   12
   12   13   13   14   14   15   16   18   18   18   18   19   20   21   21   20
   19   18   17   17   16   15   14   13   12   11   12   13   16   18   21   24
   27   29   33   35   38   40   41   43   44
    67.5-180.0 180.0   5.0 450.0                            LAT/LON1/LON2/DLON/H
   51   52   52   51   50   48   46   44   41   38   36   34   32   29   28   28
   28   28   30   31   32   31   30   28   25   22   20   19   18   16   15   14
   14   15   15   14   14   15   16   16   17   16   17   17   17   18   18   18
   17   17   16   16   15   14   13   12   11   12   13   15   19   22   26   30
   33   37   40   43   46   47   49   51   51
    65.0-180.0 180.0   5.0 450.0                            LAT/LON1/LON2/DLON/H
   59   59   59   57   55   53   51   47   44   40   37   34   31   29   28   26
   26   27   28   29   31   31   29   26   24   22   20   19   18   17   15   16
   15   15   15   15   14   14   15   15   15   16   16   15   16   16   16   16
   17   17   18   17   16   15   14   13   13   13   16   18   23   26   32   36
   41   44   48   51   54   56   58   59   59
    62.5-180.0 180.0   5.0 450.0                            LAT/LON1/LON2/DLON/H
   67   66   65   63   61   58   55   51   47   44   39   35   32   29   28   26
   26   25   25   26   27   26   25   22   20   19   18   17   17   17   16   15
   15   14   14   14   14   14   14   14   14   15   16   15   15   16   17   18
   19   19   19   20   19   17   16   15   15   17   19   23   28   33   39   44
   48   52   56   59   62   64   65   67   67
    60.0-180.0 180.0   5.0 450.0                            LAT/LON1/LON2/DLON/H
   73   72   71   69   66   64   60   56   52   47   43   39   35   32   29   27
   27   25   24   24   23   21   19   17   16   15   15   15   15   14   15   14
   14   14   14   14   14   14   15   15   16   17   17   17   18   18   20   22
   23   23   23   23   22   20   19   18   19   21   25   29   34   39   45   51
   55   59   62   66   68   70   72   73   73
    57.5-180.0 180.0   5.0 450.0                            LAT/LON1/LON2/DLON/H
   77   77   76   74   71   68   65   61   56   52   47   43   39   36   32   30
   28   26   24   22   20   17   16   14   14   13   13   13   13   13   14   14
   14   14   14   15   16   16   18   19   21   22   22   22   22   23   25   27
   28   27   27   28   27   25   23   22   23   25   29   34   39   45   50   56
   61   65   68   71   74   75   77   77   77
    55.0-180.0 180.0   5.0 450.0                            LAT/LON1/LON2/DLON/H
   82   81   80   78   76   72   69   66   61   57   53   48   44   40   37   34
   31   28   25   21   19   17   15   14   14   14   15   15   15   15   15   16
   16   17   18   19   21   22   24   25   27   29   30   30   30   31   31   33
   33   33   34   34   33   31   28   27   27   29   34   39   44   49   54   60
   65   69   73   76   79   80   81   82   82
    52.5-180.0 180.0   5.0 450.0                            LAT/LON1/LON2/DLON/H
   87   86   85   83   81   77   74   71   67   63   59   54   50   46   42   39
   35   31   27   22   20   17   16   16   16   18   19   19   19   20   21   21
   21   22   25   26   28   31   33   34   35   37   39   40   40   41   40   41
   40   41   41   41   39   37   34   31   31   33   37   43   47   52   57   61
   68   72   76   80   83   85   85   86   87
    50.0-180.0 180.0   5.0 450.0                            LAT/LON1/LON2/DLON/H
   92   92   90   89   86   82   78   76   73   69   65   61   57   51   47   44
   39   35   30   26   23   21   20   22   23   25   26   27   27   28   28   28
   28   30   32   35   37   40   42   43   44   45   48   49   50   51   50   49
   48   49   49   48   46   43   40   36   36   38   41   46   50   55   59   63
   69   74   79   84   88   89   90   91   92
    47.5-180.0 180.0   5.0 450.0                            LAT/LON1/LON2/DLON/H
   98   98   97   95   92   88   84   81   79   76   71   67   63   58   53   49
   44   40   35   32   29   29   31   33   34   35   36   36   36   37   37   36
   36   38   40   43   45   48   51   52   52   53   55   56   58   59   58   57
   56   56   56   56   54   50   46   43   42   43   47   50   54   58   61   66
   71   76   82   87   92   94   95   96   98
    45.0-180.0 180.0   5.0 450.0                            LAT/LON1/LON2/DLON/H
  103  104  103  102   98   95   90   87   85   82   78   74   70   65   60   55
   50   46   42   40   39   41   44   46   46   46   46   45   45   45   44   43
   43   45   47   50   53   56   58   59   59   58   59   60   62   63   63   62
   62   63   63   63   60   56   52   50   50   51   54   57   60   62   65   69
   73   78   85   89   94   97   99  101  103
    42.5-180.0 180.0   5.0 450.0                            LAT/LON1/LON2/DLON/H
  107  109  109  109  106  102   97   94   91   89   86   82   77   72   66   61
   56   52   50   50   51   53   56   58   57   56   55   54   53   51   51   50
   49   50   53   56   59   61   63   63   62   62   62   64   67   68   68   67
   67   68   67   66   64   61   58   56   57   58   61   64   67   68   70   73
   77   82   87   93   97   99  101  104  107
    40.0-180.0 180.0   5.0 450.0                            LAT/LON1/LON2/DLON/H
  109  112  114  114  112  108  103  100   98   97   94   90   85   79   73   68
   62   58   56   58   61   63   65   67   66   65   63   61   58   57   55   54
   54   55   57   60   62   64   66   65   65   66   67   70   72   73   72   72
   71   70   70   68   66   64   62   61   63   65   68   71   74   75   76   78
   81   86   90   94   97   99  101  105  109
    37.5-180.0 180.0   5.0 450.0                            LAT/LON1/LON2/DLON/H
  110  115  117  118  116  112  108  106  104  104  101   98   94   88   81   74
   68   64   63   66   69   71   73   74   74   72   69   65   61   59   57   57
   56   58   60   63   64   66   67   66   67   69   72   74   76   76   75   73
   71   70   68   67   66   64   63   63   67   71   75   78   80   81   81   83
   86   90   94   96   99  100  102  105  110
    35.0-180.0 180.0   5.0 450.0                            LAT/LON1/LON2/DLON/H
  111  116  119  119  119  116  112  111  110  109  108  106  101   95   89   81
   75   71   69   72   74   75   78   78   77   74   69   65   63   61   59   58
   58   59   62   64   66   68   68   69   69   71   74   76   76   76   74   71
   68   66   64   64   63   62   62   65   69   75   80   83   85   86   86   88
   91   95   98  100  102  102  104  107  111
    32.5-180.0 180.0   5.0 450.0                            LAT/LON1/LON2/DLON/H
  114  118  120  121  120  118  115  114  114  115  113  111  107  102   94   88
   82   77   74   76   78   77   77   77   74   71   68   65   63   62   60   60
   60   62   64   67   68   69   70   71   71   73   74   74   74   72   69   67
   64   62   60   59   58   58   59   64   70   77   82   86   89   89   91   94
   97  101  103  105  107  108  109  112  114
    30.0-180.0 180.0   5.0 450.0                            LAT/LON1/LON2/DLON/H
  122  124  125  125  123  121  119  117  117  117  116  114  111  107  100   93
   86   81   78   77   79   74   72   72   69   67   66   64   63   63   63   62
   63   64   67   69   70   71   71   73   73   74   74   73   72   69   66   63
   60   58   56   54   52   52   55   62   70   78   83   87   90   92   95  100
  104  109  112  114  117  118  119  121  122
    27.5-180.0 180.0   5.0 450.0                            LAT/LON1/LON2/DLON/H
  136  136  136  134  131  127  124  121  119  118  117  115  113  110  105   98
   90   84   79   77   75   70   68   67   65   65   64   65   66   66   66   66
   66   68   70   71   73   73   73   74   74   74   72   70   69   66   63   59
   57   54   50   48   47   48   52   60   70   78   84   88   91   94   99  106
  112  118  124  128  131  133  135  136  136
    25.0-180.0 180.0   5.0 450.0                            LAT/LON1/LON2/DLON/H
  157  156  154  149  144  139  134  129  124  120  118  116  115  112  107  100
   93   86   81   76   71   69   66   65   65   66   66   68   70   71   70   70
   71   71   72   74   74   74   73   73   73   71   69   67   65   62   58   55
   51   48   45   43   42   44   49   58   69   78   83   87   92   97  104  113
  120  129  137  144  148  152  156  158  157
    22.5-180.0 180.0   5.0 450.0                            LAT/LON1/LON2/DLON/H
  182  180  176  170  164  156  149  142  134  126  121  118  116  114  109  102
   94   87   82   76   70   69   67   67   68   70   71   73   75   76   77   76
   75   75   75   76   75   74   72   71   70   68   65   61   59   56   52   49
   45   42   40   39   39   41   46   56   67   76   83   87   93  100  109  120
  129  140  150  161  168  175  179  182  182
    20.0-180.0 180.0   5.0 450.0                            LAT/LON1/LON2/DLON/H
  208  206  202  196  189  181  172  161  148  137  129  122  119  116  111  104
   96   88   83   77   71   70   73   74   76   77   77   79   81   83   84   83
   82   79   77   75   74   71   69   67   64   62   58   55   52   49   47   44
   41   39   37   36   37   39   45   55   67   76   82   88   95  105  115  128
  140  151  164  178  189  199  204  206  208
    17.5-180.0 180.0   5.0 450.0                            LAT/LON1/LON2/DLON/H
  232  230  226  221  215  208  199  185  169  152  141  130  125  121  116  108
   98   90   84   78   73   75   82   85   85   87   87   88   88   91   92   92
   88   82   77   73   71   67   64   61   59   55   52   49   46   44   43   41
   40   38   36   35   36   38   45   57   69   77   83   90   99  111  124  137
  149  163  177  193  208  220  228  232  232
    15.0-180.0 180.0   5.0 450.0                            LAT/LON1/LON2/DLON/H
  251  250  247  245  241  236  226  212  196  175  157  145  137  130  123  114
  104   95   87   81   78   83   93   95   93   94   93   94   95   97   99   98
   91   83   76   71   67   62   59   56   53   50   47   45   43   41   41   40
   39   37   36   35   37   40   48   60   72   80   85   93  104  118  133  146
  159  174  190  205  219  233  244  250  251
    12.5-180.0 180.0   5.0 450.0                            LAT/LON1/LON2/DLON/H
  261  261  261  260  259  257  251  240  224  203  181  166  153  144  134  124
  113  104   94   88   85   90   99  100   98  100   97   96   98  100  100   97
   89   81   73   67   64   58   54   51   48   46   45   43   41   41   41   40
   39   37   36   36   38   42   50   63   75   84   90   98  109  124  140  154
  168  184  199  212  225  238  250  257  261
    10.0-180.0 180.0   5.0 450.0                            LAT/LON1/LON2/DLON/H
  262  265  266  267  269  271  267  261  248  230  209  191  174  162  150  139
  126  114  104   97   94   96  100  102  102  102   98   96   97   99   98   94
   86   77   70   65   62   56   52   49   47   46   45   43   42   42   41   40
   38   37   36   36   37   43   53   66   78   88   94  102  114  129  144  159
  174  189  204  217  227  236  248  255  262
     7.5-180.0 180.0   5.0 450.0                            LAT/LON1/LON2/DLON/H
  258  264  266  269  272  274  275  272  264  251  236  218  197  183  167  158
  141  128  116  110  105  103  103  105  104  103   98   94   94   96   96   92
   84   76   69   64   61   57   53   50   48   47   47   45   44   43   41   38
   37   36   35   35   37   45   57   71   83   91   97  106  118  132  147  161
  175  191  206  217  224  230  240  250  258
     5.0-180.0 180.0   5.0 450.0                            LAT/LON1/LON2/DLON/H
  254  262  266  268  270  273  275  275  271  263  253  239  218  202  187  176
  160  146  133  126  118  113  111  111  109  105   99   94   93   94   96   92
   85   77   71   67   64   60   57   54   52   51   50   48   46   43   40   37
   36   35   35   35   39   48   61   76   88   95  100  108  119  133  146  160
  174  189  204  214  219  225  234  244  254
     2.5-180.0 180.0   5.0 450.0                            LAT/LON1/LON2/DLON/H
  254  262  267  268  268  269  272  273  271  266  258  245  230  216  204  192
  178  165  150  139  132  126  121  119  115  108  102   96   96   97   98   95
   89   81   76   73   70   66   63   60   58   57   55   52   48   43   39   37
   36   36   36   37   41   51   65   80   92   98  102  109  119  131  143  155
  169  185  199  209  217  224  232  242  254
