DORISInput/IGSGIM/2019/igsg3460.19i
     1.0            IONOSPHERE MAPS     MIX                 IONEX VERSION / TYPE
cmpcmb v1.2          GRL/UWM            27-dec-19 12:36     PGM / RUN BY / DATE 
ionex file containing IGS COMBINED Ionosphere maps          COMMENT             
global ionosphere maps for day 346, 2019                    DESCRIPTION         
IONEX file containing the COMBINED IGS TEC MAPS and DCBs    DESCRIPTION         
      IONEX files of the following IAACs were combined: cod DESCRIPTION         
                                                        esa DESCRIPTION         
                                                        jpl DESCRIPTION         
                                                        upc DESCRIPTION         
Contact address: Andrzej Krankowski                         DESCRIPTION
                 Geodynamics Research Laboratory            DESCRIPTION
                 University of Warmia and Mazury (GRL/UWM)  DESCRIPTION
                 Oczapowski St. 1                           DESCRIPTION
                 10-957-Olsztyn, POLAND                     DESCRIPTION
                 e-mail:  kand@uwm.edu.pl                   DESCRIPTION
                                                            DESCRIPTION         
  2019    12    12     0     0     0                        EPOCH OF FIRST MAP  
  2019    12    13     0     0     0                        EPOCH OF LAST MAP   
  7200                                                      INTERVAL            
    13                                                      # OF MAPS IN FILE   
  COSZ                                                      MAPPING FUNCTION    
     0.0                                                    ELEVATION CUTOFF    
combined TEC calculated as weighted mean of input TEC valuesOBSERVABLES USED    
   398                                                      # OF STATIONS       
    32                                                      # OF SATELLITES     
  6371.0                                                    BASE RADIUS         
     2                                                      MAP DIMENSION       
   450.0 450.0   0.0                                        HGT1 / HGT2 / DHGT  
    87.5 -87.5  -2.5                                        LAT1 / LAT2 / DLAT  
  -180.0 180.0   5.0                                        LON1 / LON2 / DLON  
    -1                                                      EXPONENT            
TEC values in 0.1 tec units;  9999, if no value available   COMMENT             
DCB values in nanoseconds, reference is Sum_of_SatDCBs = 0  COMMENT             
                                                            END OF HEADER       
[from data line 429]
     2                                                      START OF TEC MAP    
  2019    12    12     2     0     0                        EPOCH OF CURRENT MAP
    87.5-180.0 180.0   5.0 450.0                            LAT/LON1/LON2/DLON/H
   18   18   19   19   19   19   19   19   19   19   19   18   18   18   17   17
   16   16   16   15   15   15   14   14   14   14   13   13   13   13   13   13
   13   13   13   13   13   13   13   13   13   14   14   14   14   14   14   15
   15   15   15   15   16   16   16   16   16   16   16   16   16   16   16   17
   17   17   17   17   18   18   18   18   18
    85.0-180.0 180.0   5.0 450.0                            LAT/LON1/LON2/DLON/H
   20   20   20   21   21   21   21   21   21   20   20   20   19   19   18   18
   17   16   15   14   13   13   12   11   10    9    9    9    9    9    9    9
    9    9    9   10   10   10   11   11   11   12   12   12   12   13   13   13
   13   13   14   14   14   14   14   14   14   14   14   14   15   15   15   15
   15   16   17   17   17   18   18   19   20
    82.5-180.0 180.0   5.0 450.0                            LAT/LON1/LON2/DLON/H
   19   20   21   21   22   23   23   23   23   23   23   22   21   21   20   18
   17   16   14   13   12   11    9    8    7    7    7    6    7    7    7    7
    7    7    8    8    8    8    9    9   10   10   11   11   11   11   12   12
   12   13   12   12   12   12   12   11   11   11   11   12   12   12   12   13
   13   13   14   15   15   16   17   18   19
    80.0-180.0 180.0   5.0 450.0                            LAT/LON1/LON2/DLON/H
   17   18   19   20   21   22   23   23   24   24   23   22   22   21   19   18
   16   14   12   11   10    9    8    6    5    5    5    5    6    6    6    7
    7    7    7    7    7    7    8    8    9    9    9   10   10   11   11   11
   11   11   11   11   10   10    9    9    9    9    9   10   10   10   10   11
   11   11   12   13   14   15   16   16   17
    77.5-180.0 180.0   5.0 450.0                            LAT/LON1/LON2/DLON/H
   16   17   17   18   20   20   21   22   22   22   22   22   21   20   18   17
   15   13   12   10    8    8    6    6    5    5    5    5    5    6    6    7
    6    7    7    7    7    7    7    7    7    8    8    9   10   10   10   10
   10   10   10   10    9    9    9    9    9    8    9    9    9   10   10   11
   11   12   12   13   13   14   14   15   16
    75.0-180.0 180.0   5.0 450.0                            LAT/LON1/LON2/DLON/H
   17   17   17   17   18   18   18   19   19   20   19   19   18   18   17   16
   14   12   10    9    9    7    6    6    6    6    6    6    7    7    7    7
    7    7    7    7    7    7    7    7    7    7    8    8    9    9    9    9
   10   10   10   10   10   10    9    9    9    9    9   10   10   11   11   12
   13   13   14   15   15   16   16   16   17
    72.5-180.0 180.0   5.0 450.0                            LAT/LON1/LON2/DLON/H
   20   19   18   18   17   17   16   16   16   16   16   16   15   15   14   13
   12   11   10   10    9    8    7    7    6    6    7    7    7    9    9    8
    8    8    8    8    7    7    7    7    7    7    7    7    8    9    9   10
   10   10   10   10   10   10   11   11   11   11   12   12   13   15   16   17
   19   20   20   21   21   22   22   21   20
    70.0-180.0 180.0   5.0 450.0                            LAT/LON1/LON2/DLON/H
   26   24   22   20   19   17   16   15   14   13   13   12   11   11   11   11
   11   11   11   10   10   10    9    8    8    7    8    9    9   10   10   10
   10   10   10   10    9    8    8    8    7    7    8    8    8    9    9   10
   10   10   10   11   11   12   13   13   14   15   17   18   20   22   24   26
   28   28   29   30   30   30   29   28   26
    67.5-180.0 180.0   5.0 450.0                            LAT/LON1/LON2/DLON/H
   33   31   28   25   22   19   17   16   14   12   11    9    9    9    9    9
    9    9   10   11   11   12   11   11   10    9    9   10   10   11   11   12
   12   12   12   11   11   10    9    9    9    9    9    9    9   10   10   10
   10   11   11   12   14   15   16   18   20   22   24   26   29   30   32   35
   36   37   38   40   39   39   38   36   33
    65.0-180.0 180.0   5.0 450.0                            LAT/LON1/LON2/DLON/H
   42   39   35   31   27   24   21   18   15   12   11    9    8    8    8    9
    9    9    9   11   12   13   13   12   12   11   11   11   11   12   12   13
   13   14   14   13   13   13   12   12   12   12   12   12   13   12   13   12
   12   13   14   15   16   18   20   23   25   27   30   33   35   38   40   42
   43   45   46   47   47   48   46   45   42
    62.5-180.0 180.0   5.0 450.0                            LAT/LON1/LON2/DLON/H
   49   46   43   39   34   30   26   22   18   15   12   10    8    8    8    8
    8    9    9   10   12   12   12   12   11   11   12   12   12   12   13   14
   15   15   16   16   16   17   16   16   17   17   16   17   17   17   16   16
   15   15   16   17   18   20   23   27   29   32   35   39   42   44   46   47
   48   50   51   53   54   54   53   52   49
    60.0-180.0 180.0   5.0 450.0                            LAT/LON1/LON2/DLON/H
   55   53   49   46   41   37   33   27   23   19   15   12   10    9    8    8
    8    8    9   10   10   11   11   11   11   11   12   13   14   14   15   15
   17   18   19   20   21   22   22   22   22   23   23   23   23   22   21   20
   19   17   18   19   20   23   26   31   34   38   41   44   48   50   51   51
   52   53   54   56   58   59   58   57   55
    57.5-180.0 180.0   5.0 450.0                            LAT/LON1/LON2/DLON/H
   60   58   55   52   49   44   39   33   28   23   19   16   13   11   10    9
    9    9   10   10   10   11   10   11   11   12   13   15   16   17   18   18
   21   23   25   26   27   27   29   29   30   30   30   30   29   28   26   24
   22   21   20   21   23   26   30   35   39   43   47   50   53   54   55   55
   55   56   57   59   61   62   62   61   60
    55.0-180.0 180.0   5.0 450.0                            LAT/LON1/LON2/DLON/H
   63   62   60   58   54   50   45   39   33   28   23   20   16   14   13   11
   11   11   11   11   11   10   10   11   12   15   16   18   20   22   23   25
   28   30   32   34   34   35   37   37   37   37   38   37   36   34   31   28
   25   24   24   25   27   31   35   40   45   48   52   55   58   59   58   58
   58   58   60   61   64   65   65   65   63
    52.5-180.0 180.0   5.0 450.0                            LAT/LON1/LON2/DLON/H
   68   66   64   63   60   56   50   44   38   32   27   24   21   18   16   14
   14   13   13   13   12   11   11   12   15   19   23   26   28   31   33   34
   36   38   40   42   43   43   44   44   44   44   44   43   42   39   35   32
   29   28   28   29   32   36   41   46   50   53   56   60   62   63   63   62
   61   61   62   65   67   68   69   69   68
    50.0-180.0 180.0   5.0 450.0                            LAT/LON1/LON2/DLON/H
   72   70   69   67   64   60   55   49   42   36   32   28   26   23   21   19
   18   17   17   16   14   13   14   16   21   27   32   38   41   44   45   45
   46   47   48   49   50   50   51   50   51   50   49   48   46   43   39   36
   34   33   33   35   38   43   47   51   55   58   61   64   66   68   68   67
   66   65   66   69   71   73   74   73   72
    47.5-180.0 180.0   5.0 450.0                            LAT/LON1/LON2/DLON/H
   76   74   73   72   69   65   60   53   46   41   36   33   30   28   26   25
   23   23   23   22   21   20   21   26   33   40   47   53   56   57   56   55
   54   56   57   56   56   56   57   56   56   55   53   51   48   45   42   40
   39   39   39   41   45   50   54   58   60   63   65   68   70   73   74   73
   73   72   72   74   76   78   79   78   76
    45.0-180.0 180.0   5.0 450.0                            LAT/LON1/LON2/DLON/H
   81   79   77   75   73   68   63   57   51   45   41   38   35   34   31   30
   30   30   30   30   30   30   33   39   46   55   62   67   70   69   68   65
   63   63   63   62   61   61   61   61   60   58   56   53   50   48   46   45
   45   45   46   48   53   57   61   64   66   68   70   73   75   78   80   80
   80   79   79   81   83   84   84   83   81
    42.5-180.0 180.0   5.0 450.0                            LAT/LON1/LON2/DLON/H
   85   83   81   78   75   71   66   60   55   50   46   44   42   39   37   37
   37   38   38   40   41   43   47   54   62   70   76   79   79   77   74   72
   69   68   67   66   65   65   65   64   63   61   58   55   53   51   50   49
   50   52   53   56   60   64   68   71   73   74   75   77   80   82   84   85
   85   86   86   87   89   89   89   87   85
    40.0-180.0 180.0   5.0 450.0                            LAT/LON1/LON2/DLON/H
   88   85   83   81   78   74   69   64   60   56   53   50   48   46   44   44
   44   45   47   51   53   57   62   69   76   83   87   86   84   81   78   74
   72   70   69   68   67   67   67   67   66   64   61   58   55   54   54   54
   55   58   60   63   67   72   75   78   79   79   81   82   84   86   88   89
   90   90   91   93   93   93   93   90   88
    37.5-180.0 180.0   5.0 450.0                            LAT/LON1/LON2/DLON/H
   90   87   85   82   79   76   71   67   64   62   59   56   54   52   51   51
   52   53   56   59   64   69   74   81   87   90   92   90   87   82   78   74
   72   70   69   68   68   69   69   70   69   67   64   60   58   57   57   57
   59   61   64   68   72   77   81   84   84   85   85   87   88   90   91   93
   93   94   95   96   95   95   94   92   90
    35.0-180.0 180.0   5.0 450.0                            LAT/LON1/LON2/DLON/H
   92   90   87   84   81   77   74   70   68   66   65   62   61   59   58   58
   58   60   63   67   73   79   84   88   93   94   92   89   86   80   77   72
   71   69   69   69   69   70   71   72   71   69   65   62   60   59   59   59
   60   63   66   71   76   81   86   88   89   89   90   91   92   93   94   96
   97   98  100   99   98   96   95   93   92
    32.5-180.0 180.0   5.0 450.0                            LAT/LON1/LON2/DLON/H
   95   94   91   88   83   78   75   71   71   70   69   67   66   65   64   63
   64   65   68   73   78   83   87   90   92   93   90   86   81   77   74   71
   70   69   69   69   70   72   72   73   72   69   66   63   61   59   59   59
   59   61   66   72   78   84   89   92   93   94   95   95   96   97   98  100
  102  105  108  107  104  101   98   96   95
    30.0-180.0 180.0   5.0 450.0                            LAT/LON1/LON2/DLON/H
  102  100   97   92   86   81   75   72   72   72   72   71   70   70   69   68
   68   69   71   75   80   84   86   87   88   89   85   80   77   74   73   71
   71   70   71   71   72   72   73   73   72   69   65   61   59   57   57   56
   56   58   64   71   79   85   91   95   98  100  100  101  102  103  106  109
  112  117  120  119  116  110  106  104  102
    27.5-180.0 180.0   5.0 450.0                            LAT/LON1/LON2/DLON/H
  115  112  106   99   91   84   77   73   71   72   72   72   72   73   73   72
   71   71   73   75   78   80   81   82   83   82   79   76   74   73   73   73
   73   73   73   74   72   72   72   72   70   65   61   58   55   53   52   51
   51   55   62   71   80   87   93  100  105  108  109  110  111  114  117  122
  127  134  138  138  135  126  121  118  115
    25.0-180.0 180.0   5.0 450.0                            LAT/LON1/LON2/DLON/H
  135  131  125  113  101   90   82   75   71   71   72   73   73   73   74   73
   73   72   73   74   76   76   76   76   77   76   74   74   73   74   75   76
   77   76   75   75   74   72   71   70   66   61   56   52   49   47   45   44
   46   51   60   71   81   89   97  105  113  117  120  121  123  129  132  139
  146  156  162  163  158  150  144  140  135
    22.5-180.0 180.0   5.0 450.0                            LAT/LON1/LON2/DLON/H
  160  156  148  134  118  104   91   82   75   71   71   72   72   72   73   73
   73   73   73   73   73   73   72   74   74   74   74   74   74   77   78   81
   80   79   77   77   75   73   69   66   61   55   50   45   42   40   38   38
   41   49   59   72   84   93  103  113  122  129  133  135  139  144  151  161
  169  180  187  190  185  180  171  167  160
    20.0-180.0 180.0   5.0 450.0                            LAT/LON1/LON2/DLON/H
  184  178  171  157  140  124  107   94   83   76   73   72   72   71   71   72
   72   72   72   72   71   71   72   74   75   76   76   77   79   82   84   85
   84   82   81   79   75   71   66   61   55   48   42   37   34   33   32   32
   38   48   61   75   89  100  111  123  134  142  148  152  157  166  173  184
  193  203  211  215  212  208  200  192  184
    17.5-180.0 180.0   5.0 450.0                            LAT/LON1/LON2/DLON/H
  205  196  188  177  163  145  130  111   95   86   80   76   73   71   70   71
   71   71   72   72   71   72   75   78   80   81   80   82   84   86   88   88
   86   84   82   80   75   68   63   56   49   42   35   30   28   27   27   30
   36   49   65   80   95  108  121  134  147  156  163  170  177  184  193  201
  211  222  231  236  232  229  222  213  205
    15.0-180.0 180.0   5.0 450.0                            LAT/LON1/LON2/DLON/H
  219  210  203  196  186  170  151  131  112  100   91   85   79   74   71   71
   71   71   72   73   72   75   79   84   86   88   86   87   89   90   90   90
   87   86   82   79   73   66   59   51   44   37   31   26   25   24   26   29
   38   52   69   87  103  117  131  146  159  168  177  185  193  199  208  214
  222  232  241  246  245  240  234  226  219
    12.5-180.0 180.0   5.0 450.0                            LAT/LON1/LON2/DLON/H
  225  218  213  211  206  194  175  151  133  117  106   97   88   79   75   73
   73   73   73   75   76   79   84   90   93   94   91   90   91   91   91   90
   87   83   80   75   69   63   55   47   41   35   29   26   24   25   27   31
   41   56   74   92  109  124  140  154  167  177  186  194  202  209  215  220
  227  234  241  248  248  244  238  231  225
    10.0-180.0 180.0   5.0 450.0                            LAT/LON1/LON2/DLON/H
  226  221  219  219  219  212  196  175  153  135  122  111   99   88   80   76
   75   75   76   78   80   84   90   96   98   98   95   92   91   91   91   88
   84   78   75   70   64   58   51   45   40   35   31   27   25   26   28   34
   44   59   78   96  113  128  144  159  171  181  190  197  204  211  216  221
  225  230  236  242  243  241  236  231  226
     7.5-180.0 180.0   5.0 450.0                            LAT/LON1/LON2/DLON/H
  225  221  220  223  226  223  211  192  172  154  141  127  111   98   87   81
   78   78   79   81   84   87   93   99  101   99   97   93   90   90   89   85
   80   76   71   66   61   55   49   44   41   36   32   29   27   27   30   36
   46   62   80   98  114  130  145  159  171  182  191  198  204  211  216  219
  221  224  229  233  235  234  232  229  225
     5.0-180.0 180.0   5.0 450.0                            LAT/LON1/LON2/DLON/H
  223  221  221  225  229  228  220  205  188  172  159  143  125  109   95   87
   82   82   83   84   86   89   95   99  101   98   95   91   89   89   89   85
   80   75   70   65   60   54   49   45   41   38   34   31   30   30   32   38
   49   65   82   99  115  130  144  157  170  180  190  198  205  210  214  217
  218  219  222  225  227  228  227  226  223
     2.5-180.0 180.0   5.0 450.0                            LAT/LON1/LON2/DLON/H
  224  224  225  229  233  233  227  214  200  187  174  158  139  122  106   95
   89   87   88   88   88   90   94   99   99   96   92   90   90   92   92   89
   83   77   71   66   60   54   50   45   42   38   35   33   32   32   35   42
   52   67   84  100  114  128  141  154  165  175  186  196  202  207  211  214
  215  215  218  220  223  224  224  225  224
