DORISInput/IGSGIM/2019/igsg3630.19i
     1.0            IONOSPHERE MAPS     MIX                 IONEX VERSION / TYPE
cmpcmb v1.2          GRL/UWM            16-jan-20 12:43     PGM / RUN BY / DATE 
ionex file containing IGS COMBINED Ionosphere maps          COMMENT             
global ionosphere maps for day 363, 2019                    DESCRIPTION         
IONEX file containing the COMBINED IGS TEC MAPS and DCBs    DESCRIPTION         
      IONEX files of the following IAACs were combined: cod DESCRIPTION         
                                                        esa DESCRIPTION         
                                                        jpl DESCRIPTION         
                                                        upc DESCRIPTION         
Contact address: Andrzej Krankowski                         DESCRIPTION
                 Geodynamics Research Laboratory            DESCRIPTION
                 University of Warmia and Mazury (GRL/UWM)  DESCRIPTION
                 Oczapowski St. 1                           DESCRIPTION
                 10-957-Olsztyn, POLAND                     DESCRIPTION
                 e-mail:  kand@uwm.edu.pl                   DESCRIPTION
                                                            DESCRIPTION         
  2019    12    29     0     0     0                        EPOCH OF FIRST MAP  
  2019    12    30     0     0     0                        EPOCH OF LAST MAP   
  7200                                                      INTERVAL            
    13                                                      # OF MAPS IN FILE   
  COSZ                                                      MAPPING FUNCTION    
     0.0                                                    ELEVATION CUTOFF    
combined TEC calculated as weighted mean of input TEC valuesOBSERVABLES USED    
   394                                                      # OF STATIONS       
    32                                                      # OF SATELLITES     
  6371.0                                                    BASE RADIUS         
     2                                                      MAP DIMENSION       
   450.0 450.0   0.0                                        HGT1 / HGT2 / DHGT  
    87.5 -87.5  -2.5                                        LAT1 / LAT2 / DLAT  
  -180.0 180.0   5.0                                        LON1 / LON2 / DLON  
    -1                                                      EXPONENT            
TEC values in 0.1 tec units;  9999, if no value available   COMMENT             
DCB values in nanoseconds, reference is Sum_of_SatDCBs = 0  COMMENT             
                                                            END OF HEADER       
[from data line 429]
     2                                                      START OF TEC MAP    
  2019    12    29     2     0     0                        EPOCH OF CURRENT MAP
    87.5-180.0 180.0   5.0 450.0                            LAT/LON1/LON2/DLON/H
   19   19   19   19   19   19   19   19   19   19   19   18   18   18   18   17
   17   16   16   16   16   16   15   15   15   14   14   14   13   13   13   13
   12   12   12   12   12   13   13   13   13   13   13   14   14   14   14   14
   14   14   15   15   15   15   15   16   16   16   16   16   16   17   17   17
   17   17   18   18   18   18   19   19   19
    85.0-180.0 180.0   5.0 450.0                            LAT/LON1/LON2/DLON/H
   20   20   21   21   21   22   22   22   22   22   22   21   21   21   20   20
   18   18   17   16   15   14   13   12   12   10   10    9    9    9    9   10
   10   10   10   10   11   11   11   12   12   12   13   13   14   14   14   15
   15   15   15   15   15   16   16   15   15   15   15   15   15   15   16   16
   16   16   17   17   18   18   18   19   20
    82.5-180.0 180.0   5.0 450.0                            LAT/LON1/LON2/DLON/H
   17   18   20   20   21   22   23   23   24   24   24   23   23   22   21   20
   19   18   17   16   15   13   12   10    9    9    8    8    8    8    8    8
    8    8    8    9    9   10   10   10   11   11   12   12   13   13   14   14
   14   15   15   15   15   15   14   14   14   14   13   13   13   13   13   13
   13   13   13   14   14   15   16   17   17
    80.0-180.0 180.0   5.0 450.0                            LAT/LON1/LON2/DLON/H
   15   16   17   18   19   20   22   23   24   24   24   24   23   23   22   21
   20   19   17   15   14   13   11   10    8    8    8    8    8    7    7    7
    8    7    8    8    9    9    9   10   10   11   11   12   12   12   13   13
   13   13   13   13   13   12   12   12   11   11   11   10   10   10   10   10
   10   10   11   11   11   12   13   14   15
    77.5-180.0 180.0   5.0 450.0                            LAT/LON1/LON2/DLON/H
   12   14   15   16   17   18   19   21   21   22   23   23   23   23   22   21
   19   18   16   15   14   13   11   10    9    8    8    8    7    8    7    7
    7    7    7    8    8    8    8    9    9   10   10   10   11   11   11   11
   11   11   11   11   10   10   10   10   10    9    9    8    8    8    9    9
    9   10    9   10   10   10   11   11   12
    75.0-180.0 180.0   5.0 450.0                            LAT/LON1/LON2/DLON/H
   12   13   13   14   14   15   16   17   18   19   20   20   20   20   20   19
   19   18   17   16   15   13   13   11    9    9    8    8    8    7    7    7
    7    8    8    8    8    8    8    9    9   10   10   10   10   10   10   10
   10    9    9    9    9    9    9    8    9    9    9    9   10   10   11   11
   11   11   11   11   12   12   12   12   12
    72.5-180.0 180.0   5.0 450.0                            LAT/LON1/LON2/DLON/H
   14   14   13   13   13   13   14   14   15   15   16   16   17   17   17   17
   17   17   17   17   17   16   16   14   12   11    9   10    9    8    8    8
    7    7    7    8    8    9    9    9    9    9    9    9   10    9    9    9
    9    9    9    9    9    9    9   10   10   11   12   13   14   15   15   16
   17   17   17   17   17   16   16   15   14
    70.0-180.0 180.0   5.0 450.0                            LAT/LON1/LON2/DLON/H
   19   17   15   14   14   13   13   13   13   13   13   12   13   13   13   14
   15   17   18   19   19   19   19   17   16   14   13   12   11   10    9    8
    8    8    8    8    8    8    8    8    9    9    9    9    9   10   10    9
    9    9    9    9    9   10   10   11   13   15   16   18   20   21   22   24
   25   25   26   26   25   24   23   21   19
    67.5-180.0 180.0   5.0 450.0                            LAT/LON1/LON2/DLON/H
   26   23   20   18   16   14   13   12   12   11   11   10   10   10   11   12
   13   15   17   19   20   21   20   19   18   17   15   14   13   11   10   10
    9    9    9    9    8    8    8    8    8    8    9   10   10   10   10   10
   10    9    9   10   10   11   13   15   17   20   22   24   26   28   30   32
   33   34   35   35   35   34   32   30   26
    65.0-180.0 180.0   5.0 450.0                            LAT/LON1/LON2/DLON/H
   35   31   27   24   20   18   16   14   13   12   10   10   10    9    9   10
   11   14   16   18   19   20   20   20   18   17   16   14   13   12   12   10
    9    9    9    9    8    8    8    8    9    9    9   10   11   12   12   12
   12   11   11   12   13   14   16   19   22   26   28   30   33   34   37   38
   40   41   42   43   43   43   41   39   35
    62.5-180.0 180.0   5.0 450.0                            LAT/LON1/LON2/DLON/H
   44   39   35   30   26   22   20   18   16   15   12   10    9    9    9    9
    9   12   14   15   17   17   17   17   17   16   14   13   12   12   11   10
    9    9   10    9   10    9    9   10   10   10   11   12   13   15   16   15
   15   15   15   15   16   18   21   24   28   31   34   36   38   40   41   43
   44   46   48   49   50   50   49   47   44
    60.0-180.0 180.0   5.0 450.0                            LAT/LON1/LON2/DLON/H
   51   47   42   37   32   28   25   22   20   18   16   13   11    9    9    8
    9   11   12   13   14   14   14   14   13   13   12   12   11   12   11   11
   11   11   11   12   12   12   12   13   13   14   15   16   18   19   20   20
   20   19   19   20   20   23   26   30   34   37   40   41   43   44   45   46
   47   49   51   52   54   55   55   54   51
    57.5-180.0 180.0   5.0 450.0                            LAT/LON1/LON2/DLON/H
   57   54   49   44   39   34   30   27   24   22   20   17   14   12   11   10
   11   11   11   11   11   11   12   12   12   12   13   12   12   12   12   13
   13   14   15   16   17   17   18   18   19   19   21   23   24   25   26   26
   26   26   25   25   26   29   32   36   40   43   45   46   47   48   48   48
   49   50   52   53   55   58   59   59   57
    55.0-180.0 180.0   5.0 450.0                            LAT/LON1/LON2/DLON/H
   62   60   56   51   45   40   35   31   29   26   24   21   19   17   15   14
   14   13   12   11   10   10   11   12   13   14   15   14   14   14   14   17
   18   19   21   22   22   23   24   25   26   26   28   30   31   32   33   33
   32   32   32   31   32   35   38   42   46   49   50   52   51   51   51   51
   51   52   52   53   56   59   61   62   62
    52.5-180.0 180.0   5.0 450.0                            LAT/LON1/LON2/DLON/H
   66   65   62   58   52   46   40   36   33   30   28   26   24   22   20   19
   17   16   14   12   12   12   13   15   17   18   18   18   17   18   20   22
   24   26   27   28   29   30   31   33   33   35   36   37   38   39   39   39
   38   38   37   37   37   40   44   48   52   54   55   56   56   55   54   54
   54   54   54   55   56   59   62   64   66
    50.0-180.0 180.0   5.0 450.0                            LAT/LON1/LON2/DLON/H
   69   69   67   64   59   53   46   42   38   34   32   30   29   27   26   24
   23   21   19   17   15   15   17   20   22   24   24   25   25   26   26   29
   31   32   33   34   35   36   38   40   41   43   43   44   44   45   45   45
   44   43   42   42   42   46   49   53   56   58   59   60   60   59   59   59
   58   58   57   56   57   60   63   67   69
    47.5-180.0 180.0   5.0 450.0                            LAT/LON1/LON2/DLON/H
   71   73   72   70   67   61   54   48   44   39   36   35   34   33   32   31
   29   28   26   24   24   25   28   31   33   36   36   35   34   33   33   36
   37   37   38   39   39   42   44   46   48   49   49   49   49   50   50   49
   49   48   47   46   48   51   54   58   61   62   63   64   65   65   65   65
   64   63   61   60   60   62   64   68   71
    45.0-180.0 180.0   5.0 450.0                            LAT/LON1/LON2/DLON/H
   72   74   76   75   73   69   63   56   49   45   42   41   40   40   39   38
   37   36   35   36   36   39   43   46   49   51   50   47   43   42   41   41
   41   41   42   42   43   45   48   50   52   53   54   54   54   54   54   54
   54   53   52   52   54   57   60   63   65   66   67   68   69   71   72   72
   71   69   67   65   64   64   66   69   72
    42.5-180.0 180.0   5.0 450.0                            LAT/LON1/LON2/DLON/H
   72   75   77   78   78   77   71   64   57   51   48   47   47   47   47   46
   46   46   47   49   52   56   60   63   66   66   62   58   52   49   47   46
   45   45   44   44   45   47   50   53   55   56   57   58   58   58   58   58
   58   57   57   57   59   62   65   67   69   70   70   72   75   77   79   79
   78   75   72   70   68   67   68   70   72
    40.0-180.0 180.0   5.0 450.0                            LAT/LON1/LON2/DLON/H
   73   74   76   78   80   81   78   71   65   60   55   54   54   54   54   54
   55   57   59   63   67   71   76   78   79   79   72   67   61   55   52   50
   49   47   47   46   47   48   51   54   57   59   60   61   61   61   62   62
   62   61   61   61   64   67   70   71   72   73   74   76   80   83   86   86
   84   81   78   75   73   72   72   72   73
    37.5-180.0 180.0   5.0 450.0                            LAT/LON1/LON2/DLON/H
   74   73   74   77   80   83   82   78   72   68   63   61   60   60   61   62
   63   66   70   75   80   84   88   90   89   87   80   74   66   59   55   52
   51   50   49   48   49   50   52   55   58   61   62   63   64   64   64   64
   64   64   63   64   66   70   73   75   75   76   77   80   85   89   91   91
   90   87   84   82   80   78   77   76   74
    35.0-180.0 180.0   5.0 450.0                            LAT/LON1/LON2/DLON/H
   77   74   73   74   78   81   83   81   77   74   70   67   66   66   67   69
   71   74   79   84   89   93   95   95   94   91   85   78   69   61   57   54
   53   52   51   51   51   52   54   56   59   62   64   65   65   65   65   65
   64   63   63   64   68   73   76   77   77   79   80   83   89   93   96   97
   96   93   92   90   90   88   85   82   77
    32.5-180.0 180.0   5.0 450.0                            LAT/LON1/LON2/DLON/H
   83   77   73   72   74   78   82   83   81   78   76   72   70   71   73   75
   77   80   84   88   92   95   96   95   93   90   85   77   69   62   59   56
   55   54   54   54   55   55   55   58   60   62   64   65   65   65   64   63
   62   61   61   64   69   75   78   80   80   80   82   86   92   98  102  104
  104  103  102  102  103  100   97   91   83
    30.0-180.0 180.0   5.0 450.0                            LAT/LON1/LON2/DLON/H
   95   85   78   73   73   75   79   82   82   81   80   76   74   75   76   79
   81   83   85   87   90   91   91   90   88   85   81   75   68   64   61   59
   57   57   57   57   57   56   56   58   60   61   62   62   62   61   60   59
   58   57   59   63   69   76   80   82   83   83   85   89   96  102  108  113
  115  116  116  117  120  118  114  107   95
    27.5-180.0 180.0   5.0 450.0                            LAT/LON1/LON2/DLON/H
  116  103   92   83   77   76   78   80   81   83   81   79   77   77   78   81
   83   83   83   84   85   85   85   84   82   78   75   71   69   66   64   61
   59   59   59   59   59   58   57   56   58   59   59   59   58   56   55   53
   52   53   57   62   69   76   82   85   86   87   89   94  101  109  117  124
  129  132  134  138  143  140  137  129  116
    25.0-180.0 180.0   5.0 450.0                            LAT/LON1/LON2/DLON/H
  144  130  116  102   91   83   81   82   83   84   83   80   78   78   79   81
   82   82   81   80   80   79   79   79   76   72   69   68   68   66   65   62
   61   60   60   60   59   57   55   54   54   54   54   53   52   50   48   47
   47   49   54   62   70   77   82   87   90   92   95  100  108  118  128  139
  148  152  155  162  167  167  166  158  144
    22.5-180.0 180.0   5.0 450.0                            LAT/LON1/LON2/DLON/H
  176  164  150  131  113   99   92   89   88   88   86   83   80   78   78   79
   80   79   78   76   76   75   74   74   71   67   65   65   66   66   65   63
   60   59   59   59   58   55   53   50   49   49   48   47   45   43   41   41
   42   46   54   62   70   78   84   90   94   99  103  109  119  131  144  157
  167  173  177  186  193  195  192  186  176
    20.0-180.0 180.0   5.0 450.0                            LAT/LON1/LON2/DLON/H
  205  195  189  169  145  124  110  103   99   96   92   88   83   79   77   77
   77   77   75   74   73   72   71   71   67   64   62   62   64   64   64   62
   59   58   57   57   55   52   48   46   45   44   42   40   38   37   36   37
   40   46   55   64   73   80   87   94  101  107  113  122  132  146  160  173
  185  191  196  203  210  215  214  210  205
    17.5-180.0 180.0   5.0 450.0                            LAT/LON1/LON2/DLON/H
  225  225  221  207  179  152  136  122  114  108  102   95   88   81   77   76
   76   75   74   73   73   72   71   70   66   62   59   59   61   61   62   60
   58   56   55   55   52   48   44   41   40   39   37   35   34   33   33   35
   40   48   58   67   76   83   91  101  109  117  124  134  146  161  176  187
  198  205  208  212  218  225  227  226  225
    15.0-180.0 180.0   5.0 450.0                            LAT/LON1/LON2/DLON/H
  233  237  243  238  212  183  160  144  135  124  114  105   94   85   80   77
   77   76   75   74   74   73   72   69   65   61   57   57   59   60   61   59
   57   54   53   52   49   44   40   38   36   35   34   33   32   32   33   35
   41   50   62   71   79   87   97  108  119  128  136  147  160  174  187  196
  204  209  210  213  219  226  230  231  233
    12.5-180.0 180.0   5.0 450.0                            LAT/LON1/LON2/DLON/H
  229  236  247  249  229  204  181  166  154  141  128  115  101   91   84   81
   79   78   77   77   76   76   74   70   65   61   57   57   60   61   61   58
   55   53   52   50   46   42   38   36   35   34   33   33   32   33   33   36
   42   53   65   75   84   92  103  115  127  137  147  158  171  183  193  200
  205  206  208  212  217  222  225  226  229
    10.0-180.0 180.0   5.0 450.0                            LAT/LON1/LON2/DLON/H
  218  225  236  241  230  211  193  180  169  156  141  125  109   98   89   85
   84   82   81   79   77   76   74   70   66   62   60   60   62   61   62   59
   56   53   51   49   45   41   38   36   36   36   35   35   35   35   34   36
   43   56   69   79   87   95  107  120  133  144  154  165  177  187  193  197
  200  202  204  208  213  216  217  216  218
     7.5-180.0 180.0   5.0 450.0                            LAT/LON1/LON2/DLON/H
  207  212  221  225  219  208  195  187  178  166  151  133  116  104   96   91
   89   86   83   79   77   75   72   69   66   64   64   64   65   63   63   61
   59   55   52   49   46   43   40   39   39   39   39   38   38   37   36   38
   45   58   72   82   90   98  110  124  137  148  158  168  178  186  191  192
  194  196  199  203  209  211  209  208  207
     5.0-180.0 180.0   5.0 450.0                            LAT/LON1/LON2/DLON/H
  202  203  208  211  208  200  193  188  183  171  157  139  122  111  102   98
   95   90   85   80   76   73   70   68   67   68   68   69   70   69   68   66
   62   59   56   52   49   46   44   43   42   42   42   41   41   40   39   40
   46   59   73   84   92  100  112  125  138  149  158  168  177  184  187  189
  191  193  196  202  208  210  208  205  202
     2.5-180.0 180.0   5.0 450.0                            LAT/LON1/LON2/DLON/H
  208  205  205  205  202  197  192  189  184  174  160  143  129  117  110  105
  100   94   87   81   75   72   69   68   69   71   73   75   76   75   74   71
   67   63   59   56   52   50   48   47   46   45   44   44   43   42   40   40
   47   60   75   86   94  102  112  125  137  147  156  165  174  182  186  188
  190  193  198  204  211  215  215  211  208
