DORISInput/IGSGIM/2019/igsg3620.19i
     1.0            IONOSPHERE MAPS     MIX                 IONEX VERSION / TYPE
cmpcmb v1.2          GRL/UWM            16-jan-20 12:17     PGM / RUN BY / DATE 
ionex file containing IGS COMBINED Ionosphere maps          COMMENT             
global ionosphere maps for day 362, 2019                    DESCRIPTION         
IONEX file containing the COMBINED IGS TEC MAPS and DCBs    DESCRIPTION         
      IONEX files of the following IAACs were combined: cod DESCRIPTION         
                                                        esa DESCRIPTION         
                                                        jpl DESCRIPTION         
                                                        upc DESCRIPTION         
Contact address: Andrzej Krankowski                         DESCRIPTION
                 Geodynamics Research Laboratory            DESCRIPTION
                 University of Warmia and Mazury (GRL/UWM)  DESCRIPTION
                 Oczapowski St. 1                           DESCRIPTION
                 10-957-Olsztyn, POLAND                     DESCRIPTION
                 e-mail:  kand@uwm.edu.pl                   DESCRIPTION
                                                            DESCRIPTION         
  2019    12    28     0     0     0                        EPOCH OF FIRST MAP  
  2019    12    29     0     0     0                        EPOCH OF LAST MAP   
  7200                                                      INTERVAL            
    13                                                      # OF MAPS IN FILE   
  COSZ                                                      MAPPING FUNCTION    
     0.0                                                    ELEVATION CUTOFF    
combined TEC calculated as weighted mean of input TEC valuesOBSERVABLES USED    
   392                                                      # OF STATIONS       
    32                                                      # OF SATELLITES     
  6371.0                                                    BASE RADIUS         
     2                                                      MAP DIMENSION       
   450.0 450.0   0.0                                        HGT1 / HGT2 / DHGT  
    87.5 -87.5  -2.5                                        LAT1 / LAT2 / DLAT  
  -180.0 180.0   5.0                                        LON1 / LON2 / DLON  
    -1                                                      EXPONENT            
TEC values in 0.1 tec units;  9999, if no value available   COMMENT             
DCB values in nanoseconds, reference is Sum_of_SatDCBs = 0  COMMENT             
                                                            END OF HEADER       
[from data line 1716]
     5                                                      START OF TEC MAP    
  2019    12    28     8     0     0                        EPOCH OF CURRENT MAP
    87.5-180.0 180.0   5.0 450.0                            LAT/LON1/LON2/DLON/H
   24   25   25   25   25   25   25   25   25   24   24   24   24   23   23   23
   22   22   22   22   21   21   21   21   21   21   21   22   22   22   22   22
   23   23   23   23   23   23   23   23   24   24   24   24   24   24   24   24
   24   24   24   24   24   23   23   23   23   22   22   22   23   23   22   23
   22   23   23   23   24   24   24   24   24
    85.0-180.0 180.0   5.0 450.0                            LAT/LON1/LON2/DLON/H
   25   25   25   25   26   26   26   25   25   24   24   23   23   21   20   20
   19   19   18   17   17   16   16   16   16   16   17   17   18   18   19   19
   19   20   20   20   21   21   21   21   21   21   21   21   21   21   21   21
   21   21   21   21   21   20   20   20   19   19   19   19   19   19   19   19
   20   20   21   22   23   23   24   24   25
    82.5-180.0 180.0   5.0 450.0                            LAT/LON1/LON2/DLON/H
   23   24   25   25   26   26   26   26   24   24   22   21   20   18   17   16
   14   13   12   11   11   11   11   11   11   11   11   11   12   12   13   14
   15   16   16   17   18   18   18   18   19   19   19   19   19   19   18   18
   18   18   17   17   16   16   16   15   15   14   14   14   14   14   14   14
   15   16   17   18   19   20   21   22   23
    80.0-180.0 180.0   5.0 450.0                            LAT/LON1/LON2/DLON/H
   20   21   23   24   24   25   25   25   24   23   21   19   18   15   13   11
   10    9    8    7    6    7    7    7    7    8    8    9    9   10   11   11
   13   13   14   16   16   17   17   17   17   17   16   16   17   17   16   16
   16   15   15   14   14   13   12   12   12   11   11   11   10    9   10   10
   11   11   12   13   14   15   17   18   20
    77.5-180.0 180.0   5.0 450.0                            LAT/LON1/LON2/DLON/H
   16   18   20   22   23   24   24   24   24   22   20   18   16   13   11    9
    7    6    5    5    5    5    5    5    5    6    7    8   10   11   11   11
   11   12   13   13   14   14   14   14   15   15   15   15   15   16   16   15
   15   15   15   14   14   13   13   12   11   10    9    9    9    9    9    9
    9   10   10   10   11   11   12   13   16
    75.0-180.0 180.0   5.0 450.0                            LAT/LON1/LON2/DLON/H
   12   14   16   19   20   21   22   22   22   20   18   16   14   11    9    7
    6    6    6    5    5    5    5    5    6    6    7    8    9   10   11   12
   12   12   11   12   12   12   12   12   13   13   14   15   16   16   16   17
   17   18   18   17   17   17   16   14   14   13   12   10    9    9    9    9
    9    9    9    9    9    9    9   10   12
    72.5-180.0 180.0   5.0 450.0                            LAT/LON1/LON2/DLON/H
   10   11   13   15   17   18   19   20   20   19   17   15   12   10    8    7
    6    6    6    6    6    5    6    6    7    8   10   10   11   11   11   12
   11   11   11   11   11   11   11   12   13   14   15   16   17   19   19   21
   22   22   23   23   23   22   21   20   19   18   16   15   14   12   11   10
    9    9    9    8    8    8    9    9   10
    70.0-180.0 180.0   5.0 450.0                            LAT/LON1/LON2/DLON/H
    9    9   11   13   14   16   17   17   17   17   14   13   11    9    8    7
    7    7    7    7    8    8   10   11   12   13   14   14   13   12   11   11
   11   10   10   10   10   11   12   12   14   16   17   19   21   23   25   26
   28   29   30   30   29   29   28   27   25   24   22   21   20   18   16   14
   11   10    9    8    8    8    9    9    9
    67.5-180.0 180.0   5.0 450.0                            LAT/LON1/LON2/DLON/H
    9    9   10   11   12   13   14   14   14   13   12   11   10    9    8    8
    8    8    9   10   12   12   14   15   15   16   15   16   15   12   11   10
   10   10   10   10   11   12   13   14   16   19   21   24   27   29   31   34
   35   36   37   37   36   36   34   33   31   30   28   27   25   24   22   20
   17   14   12   10   10    9    9    9    9
    65.0-180.0 180.0   5.0 450.0                            LAT/LON1/LON2/DLON/H
   11   11   11   11   12   12   12   12   12   11   11   10    9    9    8    8
    9   10   11   13   14   15   16   15   16   15   15   15   14   12   11   10
   10   10   10   11   12   14   15   18   20   23   26   30   33   36   39   41
   43   43   45   44   43   42   40   38   36   34   33   31   30   28   27   24
   22   20   17   15   13   12   11   11   11
    62.5-180.0 180.0   5.0 450.0                            LAT/LON1/LON2/DLON/H
   15   15   14   13   13   12   11   11   11   10   10   10    9    9    9    9
   10   11   13   14   14   15   15   14   13   13   13   14   13   11   11   10
   10   10   11   13   15   17   19   22   25   29   32   36   40   43   46   48
   49   50   51   50   49   47   44   41   39   37   35   34   33   31   30   28
   26   23   21   19   18   16   15   15   15
    60.0-180.0 180.0   5.0 450.0                            LAT/LON1/LON2/DLON/H
   20   19   19   18   16   15   14   12   11   11   11   11   10    9   10   10
   11   12   13   13   13   13   12   11   11   11   11   12   13   12   12   11
   11   12   14   16   18   21   24   27   31   34   39   43   46   49   52   54
   56   57   56   56   54   51   48   45   42   39   37   36   35   33   32   30
   28   27   25   22   21   20   20   20   20
    57.5-180.0 180.0   5.0 450.0                            LAT/LON1/LON2/DLON/H
   26   25   24   24   22   20   18   16   15   14   14   13   13   12   11   11
   11   12   12   12   11   11   10   10   11   11   12   13   14   14   14   14
   14   15   18   20   22   25   29   32   36   40   45   49   52   55   58   60
   61   62   62   61   59   56   53   49   45   41   39   38   37   35   34   32
   30   28   26   25   24   24   25   25   26
    55.0-180.0 180.0   5.0 450.0                            LAT/LON1/LON2/DLON/H
   31   32   31   31   29   27   25   22   21   20   19   18   17   15   14   13
   13   12   13   12   11   11   11   11   12   14   14   15   16   18   18   18
   18   19   22   25   27   30   34   38   42   46   51   55   58   61   63   65
   66   67   67   67   65   63   59   55   50   46   43   41   40   38   35   33
   31   30   28   27   27   27   29   30   31
    52.5-180.0 180.0   5.0 450.0                            LAT/LON1/LON2/DLON/H
   36   38   38   38   38   36   34   32   29   27   25   24   22   20   18   17
   16   15   15   14   13   13   14   16   17   18   20   22   23   25   24   24
   24   24   27   30   33   36   40   43   48   52   57   60   64   66   68   69
   70   71   71   72   71   70   67   63   58   54   50   47   44   41   38   35
   33   31   30   29   30   31   33   34   36
    50.0-180.0 180.0   5.0 450.0                            LAT/LON1/LON2/DLON/H
   41   43   44   46   47   46   45   43   40   37   34   32   30   27   25   23
   22   21   21   20   20   21   23   25   27   29   31   33   34   34   32   30
   29   30   32   35   39   42   46   50   54   59   63   68   70   72   73   74
   74   74   75   76   77   76   75   72   67   63   58   54   49   45   41   38
   35   33   32   31   32   34   37   38   41
    47.5-180.0 180.0   5.0 450.0                            LAT/LON1/LON2/DLON/H
   44   47   50   53   55   55   54   53   51   48   45   42   40   36   34   31
   30   30   30   31   32   34   37   40   42   43   44   45   44   42   39   36
   35   35   37   40   45   49   53   57   61   66   71   75   78   79   79   79
   78   78   78   79   81   81   81   79   75   71   66   61   56   51   46   41
   38   36   34   34   35   36   39   42   44
    45.0-180.0 180.0   5.0 450.0                            LAT/LON1/LON2/DLON/H
   46   49   53   57   60   62   62   62   60   58   55   52   50   47   44   42
   40   40   41   44   47   50   54   58   59   58   57   57   54   49   45   42
   40   41   44   48   51   56   60   64   69   73   78   82   85   86   86   85
   83   82   81   82   84   86   85   84   81   77   72   67   61   56   51   46
   42   40   38   38   38   39   41   44   46
    42.5-180.0 180.0   5.0 450.0                            LAT/LON1/LON2/DLON/H
   48   50   54   59   63   66   68   68   68   66   63   61   59   58   55   53
   51   52   55   59   63   67   71   74   74   71   68   64   59   54   50   47
   45   47   50   54   58   63   66   71   75   80   85   89   92   93   93   91
   89   86   85   85   86   88   88   86   84   81   76   71   66   61   56   51
   47   43   42   41   41   42   43   45   48
    40.0-180.0 180.0   5.0 450.0                            LAT/LON1/LON2/DLON/H
   48   50   54   59   63   67   70   72   72   72   70   69   68   67   66   63
   62   64   67   73   79   83   85   86   85   81   75   69   63   58   54   50
   49   52   55   60   64   68   72   77   82   86   91   96   99  101  101   99
   96   92   89   88   88   89   89   88   86   84   80   75   70   65   61   56
   51   48   46   44   44   45   46   46   48
    37.5-180.0 180.0   5.0 450.0                            LAT/LON1/LON2/DLON/H
   48   49   52   56   60   65   70   73   74   75   74   75   75   75   74   73
   72   74   78   84   91   94   96   94   90   84   77   70   64   58   55   53
   53   56   61   65   70   74   78   82   87   91   95  101  105  108  109  106
  103   98   94   92   91   91   91   91   89   88   84   80   74   69   64   60
   55   51   48   46   46   46   47   47   48
    35.0-180.0 180.0   5.0 450.0                            LAT/LON1/LON2/DLON/H
   48   49   50   53   56   61   66   71   74   76   76   77   79   80   81   80
   80   82   85   91   98  101  101   96   90   81   74   69   62   57   55   55
   57   60   65   69   74   78   82   86   90   94   99  104  109  113  116  115
  111  106  102   99   98   97   96   96   95   94   91   86   81   75   70   66
   60   56   52   49   48   48   48   48   48
    32.5-180.0 180.0   5.0 450.0                            LAT/LON1/LON2/DLON/H
   49   49   49   50   52   56   62   67   70   74   75   77   80   83   84   85
   85   86   89   94   99  101   99   92   84   75   68   64   58   54   54   56
   59   63   68   73   78   81   85   89   93   97  101  106  112  117  122  124
  121  117  113  110  110  109  109  108  108  106  102   97   91   85   79   74
   67   61   56   51   49   49   50   50   49
    30.0-180.0 180.0   5.0 450.0                            LAT/LON1/LON2/DLON/H
   51   50   49   48   49   52   56   61   65   70   72   75   78   83   85   86
   87   88   89   93   94   94   91   84   75   67   61   57   53   51   53   57
   61   66   71   76   81   84   88   92   95   99  103  108  114  122  129  134
  133  131  128  127  130  130  131  130  127  124  119  113  107  100   93   85
   77   69   61   55   51   51   52   52   51
    27.5-180.0 180.0   5.0 450.0                            LAT/LON1/LON2/DLON/H
   55   53   51   49   48   49   51   56   60   64   67   70   74   80   83   85
   85   86   87   88   88   86   82   75   66   60   55   51   49   50   53   57
   62   67   74   79   82   86   89   94   99  102  106  111  118  128  138  145
  147  148  148  151  155  157  159  158  156  150  142  134  128  120  111  100
   89   78   68   60   55   54   55   56   55
    25.0-180.0 180.0   5.0 450.0                            LAT/LON1/LON2/DLON/H
   60   58   55   51   49   48   50   53   56   59   62   65   69   73   78   81
   81   81   81   82   81   78   73   67   59   54   50   47   47   49   52   56
   61   67   74   80   84   87   92   98  103  107  111  117  125  137  149  158
  164  166  171  178  184  188  191  190  187  179  170  161  152  143  131  118
  104   90   77   67   60   58   59   60   60
    22.5-180.0 180.0   5.0 450.0                            LAT/LON1/LON2/DLON/H
   65   63   58   54   50   49   50   52   54   55   57   59   63   67   71   75
   75   74   75   75   74   71   66   60   55   50   47   47   46   47   50   55
   59   67   74   81   85   91   96  104  110  115  119  125  135  147  160  171
  180  186  194  204  213  216  219  218  213  205  195  186  176  166  152  138
  119  102   87   75   66   63   63   64   65
    20.0-180.0 180.0   5.0 450.0                            LAT/LON1/LON2/DLON/H
   70   67   62   57   52   51   51   52   53   54   55   55   58   61   65   67
   68   68   69   70   68   66   61   56   52   49   47   46   45   45   48   52
   59   67   76   83   89   95  103  111  119  126  130  136  147  160  174  187
  197  203  212  223  232  240  238  234  229  223  214  206  197  186  171  156
  135  116   98   84   75   70   69   70   70
    17.5-180.0 180.0   5.0 450.0                            LAT/LON1/LON2/DLON/H
   75   71   66   60   55   53   53   53   54   54   53   53   55   58   60   62
   62   63   64   65   64   62   58   54   51   49   48   46   45   44   46   52
   60   70   78   87   94  101  110  120  129  137  142  149  158  172  186  199
  208  214  222  231  240  248  246  241  236  230  224  218  210  201  187  171
  150  130  110   94   85   79   76   76   75
    15.0-180.0 180.0   5.0 450.0                            LAT/LON1/LON2/DLON/H
   80   75   69   63   58   56   55   55   55   55   54   54   54   56   56   57
   58   59   61   62   62   60   57   54   51   49   47   46   44   43   46   52
   61   72   82   91   99  108  118  129  138  147  154  161  170  181  193  204
  211  217  225  232  239  244  242  237  232  228  224  221  216  209  198  182
  162  142  122  106   93   87   84   83   80
    12.5-180.0 180.0   5.0 450.0                            LAT/LON1/LON2/DLON/H
   85   78   72   66   61   58   57   56   56   56   55   55   55   56   55   55
   55   56   59   61   61   60   57   54   52   49   47   45   43   43   46   53
   62   75   85   96  104  113  124  135  146  155  163  170  179  187  195  201
  207  215  222  228  232  234  231  225  221  219  216  216  213  208  201  189
  171  151  132  115  102   95   90   88   85
    10.0-180.0 180.0   5.0 450.0                            LAT/LON1/LON2/DLON/H
   87   81   74   68   63   60   58   57   58   58   57   57   56   56   55   55
   55   56   58   60   61   59   56   53   51   48   45   43   41   43   46   53
   65   77   89   99  109  118  129  141  151  161  169  176  182  187  191  194
  200  207  214  220  222  222  220  213  209  207  206  208  208  205  201  191
  177  158  139  123  110  101   95   91   87
     7.5-180.0 180.0   5.0 450.0                            LAT/LON1/LON2/DLON/H
   89   82   75   67   62   60   58   58   59   59   59   58   57   57   57   56
   56   56   57   59   59   57   54   52   49   46   43   40   40   42   48   56
   69   81   92  102  112  122  132  143  154  163  171  178  182  184  185  187
  191  199  205  211  214  214  211  206  203  201  201  203  205  205  201  193
  180  164  146  130  116  105   99   94   89
     5.0-180.0 180.0   5.0 450.0                            LAT/LON1/LON2/DLON/H
   90   82   74   67   61   58   57   57   58   59   59   58   57   57   58   57
   57   58   58   58   57   55   53   50   47   43   40   38   38   42   50   60
   73   85   95  104  114  123  133  143  151  159  167  173  178  179  179  180
  183  191  199  207  212  213  212  210  206  203  203  205  207  208  206  198
  186  170  152  135  120  109  102   96   90
     2.5-180.0 180.0   5.0 450.0                            LAT/LON1/LON2/DLON/H
   92   84   74   65   58   56   55   55   56   57   58   57   56   57   57   57
   57   58   58   57   55   53   51   48   44   41   38   36   38   43   52   64
   77   88   96  105  114  123  130  138  145  152  160  168  173  176  176  178
  182  189  199  209  216  220  223  222  220  217  215  216  217  217  215  208
  194  177  157  139  124  112  104   98   92
