DORISInput/IGSGIM/2019/igsg3650.19i
     1.0            IONOSPHERE MAPS     MIX                 IONEX VERSION / TYPE
cmpcmb v1.2          GRL/UWM            16-jan-20 12:56     PGM / RUN BY / DATE 
ionex file containing IGS COMBINED Ionosphere maps          COMMENT             
global ionosphere maps for day 365, 2019                    DESCRIPTION         
IONEX file containing the COMBINED IGS TEC MAPS and DCBs    DESCRIPTION         
      IONEX files of the following IAACs were combined: cod DESCRIPTION         
                                                        esa DESCRIPTION         
                                                        jpl DESCRIPTION         
                                                        upc DESCRIPTION         
Contact address: Andrzej Krankowski                         DESCRIPTION
                 Geodynamics Research Laboratory            DESCRIPTION
                 University of Warmia and Mazury (GRL/UWM)  DESCRIPTION
                 Oczapowski St. 1                           DESCRIPTION
                 10-957-Olsztyn, POLAND                     DESCRIPTION
                 e-mail:  kand@uwm.edu.pl                   DESCRIPTION
                                                            DESCRIPTION         
  2019    12    31     0     0     0                        EPOCH OF FIRST MAP  
  2020     1     1     0     0     0                        EPOCH OF LAST MAP   
  7200                                                      INTERVAL            
    13                                                      # OF MAPS IN FILE   
  COSZ                                                      MAPPING FUNCTION    
     0.0                                                    ELEVATION CUTOFF    
combined TEC calculated as weighted mean of input TEC valuesOBSERVABLES USED    
   390                                                      # OF STATIONS       
    32                                                      # OF SATELLITES     
  6371.0                                                    BASE RADIUS         
     2                                                      MAP DIMENSION       
   450.0 450.0   0.0                                        HGT1 / HGT2 / DHGT  
    87.5 -87.5  -2.5                                        LAT1 / LAT2 / DLAT  
  -180.0 180.0   5.0                                        LON1 / LON2 / DLON  
    -1                                                      EXPONENT            
TEC values in 0.1 tec units;  9999, if no value available   COMMENT             
DCB values in nanoseconds, reference is Sum_of_SatDCBs = 0  COMMENT             
                                                            END OF HEADER       
[from data line 1716]
     5                                                      START OF TEC MAP    
  2019    12    31     8     0     0                        EPOCH OF CURRENT MAP
    87.5-180.0 180.0   5.0 450.0                            LAT/LON1/LON2/DLON/H
   29   29   29   29   29   29   29   29   28   28   28   27   27   27   26   26
   26   26   25   25   25   25   24   24   24   24   24   24   24   24   24   24
   24   24   25   25   26   25   25   26   26   26   26   26   26   26   26   26
   26   26   26   26   26   26   26   27   27   27   27   27   28   28   28   28
   28   28   28   28   28   29   29   29   29
    85.0-180.0 180.0   5.0 450.0                            LAT/LON1/LON2/DLON/H
   30   30   30   30   31   31   30   30   29   28   28   27   26   25   24   23
   22   21   21   20   20   19   18   19   18   19   20   20   21   21   21   22
   22   23   23   23   23   23   23   23   23   23   23   23   23   23   23   23
   24   24   23   23   23   23   23   23   24   24   24   24   24   24   25   25
   26   26   27   27   28   28   28   29   30
    82.5-180.0 180.0   5.0 450.0                            LAT/LON1/LON2/DLON/H
   29   30   30   30   31   31   30   29   28   27   26   25   23   22   20   18
   17   15   14   14   13   12   12   12   13   13   13   14   15   15   16   17
   18   19   19   20   20   21   21   21   21   21   21   20   19   19   19   19
   19   18   18   19   18   19   19   18   19   19   19   19   19   20   20   21
   21   22   23   24   24   26   27   28   29
    80.0-180.0 180.0   5.0 450.0                            LAT/LON1/LON2/DLON/H
   25   26   27   28   29   29   29   28   27   26   24   22   21   18   15   14
   12   11   10    9    8    8    7    8    8    9    9   10   11   13   14   15
   17   18   19   19   19   20   20   19   19   18   18   17   16   16   16   16
   16   15   15   15   15   15   15   15   14   15   15   14   14   14   15   15
   16   16   17   19   20   22   23   24   25
    77.5-180.0 180.0   5.0 450.0                            LAT/LON1/LON2/DLON/H
   20   22   24   25   26   27   27   26   26   24   22   20   18   15   13   11
    9    7    6    6    6    6    5    6    6    7    8   10   12   14   14   15
   16   17   18   18   18   18   18   17   17   16   16   15   15   15   15   14
   14   15   15   14   14   14   14   14   13   13   12   12   11   11   12   12
   12   13   13   14   15   16   17   18   20
    75.0-180.0 180.0   5.0 450.0                            LAT/LON1/LON2/DLON/H
   15   17   19   21   22   24   24   25   24   23   21   19   16   13   11    9
    7    6    6    6    6    6    6    7    7    8   10   11   13   15   16   18
   18   17   17   17   17   17   16   16   15   15   15   15   15   15   15   16
   16   17   17   17   17   17   16   16   15   14   14   13   12   11   11   11
   11   10   11   11   11   12   12   14   15
    72.5-180.0 180.0   5.0 450.0                            LAT/LON1/LON2/DLON/H
   12   14   16   17   19   20   22   23   22   22   21   18   15   13   10    9
    8    7    6    6    6    7    8    9   11   13   14   15   16   17   18   18
   18   18   17   16   16   16   16   15   15   16   16   17   17   18   19   21
   21   23   23   23   23   22   21   21   20   19   17   16   15   14   13   11
   11   10    9    9    9    9   10   11   12
    70.0-180.0 180.0   5.0 450.0                            LAT/LON1/LON2/DLON/H
   11   12   14   15   17   18   19   20   21   21   19   17   15   12   11    9
    8    8    8    8    9   11   13   15   17   18   19   20   19   19   18   18
   18   17   16   15   15   16   15   16   17   17   18   20   21   23   25   27
   29   30   31   31   30   30   29   27   26   25   23   22   20   18   16   15
   13   11   10    9    9    9   10   10   11
    67.5-180.0 180.0   5.0 450.0                            LAT/LON1/LON2/DLON/H
   12   12   13   14   15   17   18   19   19   19   18   16   14   13   11   10
   10   10   11   12   13   16   19   20   22   22   22   23   21   19   18   17
   17   16   15   15   15   15   16   17   18   20   22   24   26   30   33   35
   37   39   39   40   38   37   35   34   32   31   29   28   26   23   21   19
   17   15   13   12   11   11   11   12   12
    65.0-180.0 180.0   5.0 450.0                            LAT/LON1/LON2/DLON/H
   15   15   15   14   15   16   16   17   18   18   17   16   14   13   12   11
   11   12   13   15   17   20   22   23   24   23   22   23   21   19   17   16
   15   15   15   15   16   17   18   19   21   24   26   30   33   36   40   42
   45   47   47   47   45   44   41   38   37   36   34   33   30   28   26   24
   22   19   17   16   15   15   15   15   15
    62.5-180.0 180.0   5.0 450.0                            LAT/LON1/LON2/DLON/H
   19   18   17   16   16   16   16   16   17   17   17   16   14   14   13   12
   13   14   16   17   19   21   22   22   22   22   22   21   19   17   16   15
   14   14   15   16   17   19   21   23   25   28   31   35   39   43   46   49
   52   53   54   53   51   48   45   42   40   39   37   36   34   32   30   28
   25   23   20   19   18   18   18   19   19
    60.0-180.0 180.0   5.0 450.0                            LAT/LON1/LON2/DLON/H
   22   22   21   19   18   17   17   16   16   16   16   16   15   15   14   14
   15   16   17   17   19   20   20   20   20   18   18   18   17   16   16   15
   14   15   17   19   20   22   24   28   30   34   37   41   45   48   52   54
   57   59   59   58   55   52   49   46   43   41   40   38   37   35   33   31
   28   26   24   22   21   22   22   23   22
    57.5-180.0 180.0   5.0 450.0                            LAT/LON1/LON2/DLON/H
   26   25   24   23   21   19   19   18   18   17   17   17   16   16   16   16
   16   17   17   17   16   17   17   17   17   16   16   17   17   17   17   16
   16   17   20   22   24   26   29   33   36   39   43   46   50   53   56   59
   61   63   63   61   59   56   52   49   46   44   43   42   41   39   37   35
   32   28   26   24   24   24   25   26   26
    55.0-180.0 180.0   5.0 450.0                            LAT/LON1/LON2/DLON/H
   30   29   28   27   25   23   22   21   20   20   20   19   19   18   18   18
   18   18   18   16   15   15   14   16   17   17   18   19   20   20   20   20
   21   22   24   27   29   31   34   38   42   46   49   53   55   57   60   63
   65   66   66   65   63   60   57   54   51   48   47   46   45   43   41   38
   34   31   28   26   26   26   28   29   30
    52.5-180.0 180.0   5.0 450.0                            LAT/LON1/LON2/DLON/H
   33   33   32   31   30   29   27   27   25   24   23   23   23   21   21   21
   21   21   20   17   15   14   15   17   19   21   22   24   26   27   27   26
   27   28   30   32   35   37   40   45   49   53   57   59   61   63   64   66
   68   69   70   70   68   66   63   60   57   54   52   51   49   47   44   41
   38   35   31   29   28   29   30   31   33
    50.0-180.0 180.0   5.0 450.0                            LAT/LON1/LON2/DLON/H
   35   36   36   36   35   35   34   33   31   29   28   28   28   27   27   27
   27   27   25   22   20   20   21   24   26   29   32   35   37   38   36   35
   34   36   37   39   41   44   47   50   55   60   64   67   69   69   70   71
   71   72   74   74   74   72   70   67   64   61   58   56   53   51   47   44
   41   38   35   32   31   32   33   34   35
    47.5-180.0 180.0   5.0 450.0                            LAT/LON1/LON2/DLON/H
   39   40   40   40   41   42   41   40   38   36   35   34   34   34   34   34
   35   35   34   32   31   31   33   37   40   43   46   50   51   50   48   45
   43   44   45   47   49   51   53   57   61   66   72   76   78   78   77   76
   76   76   78   79   79   79   76   74   70   66   63   59   56   53   50   47
   44   41   38   36   35   35   36   37   39
    45.0-180.0 180.0   5.0 450.0                            LAT/LON1/LON2/DLON/H
   42   43   44   45   47   48   48   47   45   44   43   42   42   42   42   44
   45   46   46   46   45   48   50   54   58   61   63   66   66   62   59   55
   52   52   53   54   57   59   60   62   66   72   79   84   87   87   84   83
   81   81   81   83   84   84   83   79   75   71   67   62   59   55   52   49
   47   43   41   39   38   38   39   40   42
    42.5-180.0 180.0   5.0 450.0                            LAT/LON1/LON2/DLON/H
   45   47   47   49   51   53   54   53   52   50   50   50   50   51   52   53
   55   58   60   62   63   66   69   73   76   78   79   81   79   74   69   64
   60   60   61   63   64   65   66   67   72   78   85   91   95   95   93   90
   88   86   86   87   88   88   87   83   79   75   71   66   61   57   54   51
   49   46   44   43   42   42   43   44   45
    40.0-180.0 180.0   5.0 450.0                            LAT/LON1/LON2/DLON/H
   48   49   50   52   54   57   58   57   56   56   56   57   58   59   60   62
   65   70   74   77   79   83   85   88   91   92   92   91   88   84   78   72
   68   67   68   70   71   71   71   72   75   81   89   96  102  103  101   98
   95   93   91   91   91   90   88   86   82   79   75   69   64   60   56   52
   50   48   47   45   44   45   45   47   48
    37.5-180.0 180.0   5.0 450.0                            LAT/LON1/LON2/DLON/H
   50   51   51   53   55   58   59   60   60   60   61   63   65   66   67   70
   74   79   85   90   93   96   98   98   99   99   99   97   94   89   84   77
   74   72   74   76   77   77   76   76   79   84   92  100  106  109  108  105
  102   98   95   94   92   91   90   89   87   85   81   75   70   65   60   57
   53   51   49   47   47   47   48   49   50
    35.0-180.0 180.0   5.0 450.0                            LAT/LON1/LON2/DLON/H
   51   51   51   52   53   57   59   60   62   62   64   68   70   72   73   75
   81   86   92   98  102  104  104  103  101   98   98   98   95   91   85   80
   77   76   77   80   82   82   80   81   83   87   93  101  108  112  114  112
  108  104  100   97   95   94   94   95   95   94   91   86   80   75   69   65
   60   56   53   50   49   49   50   51   51
    32.5-180.0 180.0   5.0 450.0                            LAT/LON1/LON2/DLON/H
   52   51   50   50   51   54   56   58   60   62   66   71   74   76   77   80
   84   89   95  100  103  104  104  102   97   93   91   92   90   87   84   81
   78   78   80   84   86   86   85   85   86   89   94  102  108  114  118  118
  115  110  106  103  102  101  103  106  108  109  108  104   98   92   86   80
   72   65   59   55   53   52   52   52   52
    30.0-180.0 180.0   5.0 450.0                            LAT/LON1/LON2/DLON/H
   54   53   51   49   49   51   52   55   57   61   67   72   75   78   80   82
   86   90   94   97   97   97   97   94   88   84   82   83   82   82   82   81
   80   80   83   86   88   89   89   89   90   92   96  102  109  115  121  124
  121  117  114  112  112  115  118  122  127  129  131  128  124  118  109  102
   90   78   70   63   59   56   56   55   54
    27.5-180.0 180.0   5.0 450.0                            LAT/LON1/LON2/DLON/H
   59   57   53   50   49   49   50   51   54   59   65   70   74   78   79   82
   86   88   90   90   89   88   86   83   79   75   73   73   74   77   80   80
   80   81   84   87   90   92   93   95   96   97  100  106  112  118  125  129
  129  125  123  123  125  131  136  142  148  153  156  157  154  147  137  127
  112   96   83   74   68   64   63   61   59
    25.0-180.0 180.0   5.0 450.0                            LAT/LON1/LON2/DLON/H
   65   62   58   53   50   50   50   51   53   57   63   67   71   75   78   80
   82   83   83   83   81   79   76   74   71   67   65   65   67   71   76   77
   77   80   83   87   90   94   97  102  105  106  108  112  118  124  132  137
  137  135  133  136  142  150  157  164  169  176  181  185  183  176  165  152
  136  117   99   87   79   74   71   69   65
    22.5-180.0 180.0   5.0 450.0                            LAT/LON1/LON2/DLON/H
   74   70   65   59   55   53   53   54   53   56   60   63   67   70   74   77
   77   77   77   76   74   72   69   67   65   62   60   59   61   65   70   72
   73   77   81   86   91   96  103  111  115  117  119  121  127  133  140  145
  146  145  146  152  159  170  178  185  191  195  199  206  206  200  191  177
  160  139  117  101   91   85   81   78   74
    20.0-180.0 180.0   5.0 450.0                            LAT/LON1/LON2/DLON/H
   84   78   72   66   61   58   57   58   57   57   59   60   64   66   69   71
   72   72   72   71   70   67   65   63   62   60   57   55   55   58   63   67
   71   76   81   87   94  101  110  120  126  129  131  134  138  143  149  153
  155  157  160  168  177  188  196  202  206  207  209  215  219  216  208  196
  179  154  133  115  102   95   91   89   84
    17.5-180.0 180.0   5.0 450.0                            LAT/LON1/LON2/DLON/H
   93   87   80   73   68   64   62   62   62   61   59   60   62   63   65   66
   68   69   68   67   66   65   63   62   61   59   57   53   52   54   59   64
   70   76   83   91   99  107  118  129  136  141  144  147  151  155  160  163
  165  169  175  184  193  202  208  211  212  213  214  217  222  222  216  205
  188  166  145  126  112  104  100   97   93
    15.0-180.0 180.0   5.0 450.0                            LAT/LON1/LON2/DLON/H
  100   93   86   79   74   70   69   68   67   64   61   61   62   62   62   63
   65   66   66   66   65   64   63   61   61   59   56   53   50   53   58   63
   70   78   86   94  103  113  125  136  146  152  157  160  163  166  170  173
  175  181  189  198  206  212  215  216  213  212  213  215  219  220  215  205
  190  170  150  131  118  109  106  103  100
    12.5-180.0 180.0   5.0 450.0                            LAT/LON1/LON2/DLON/H
  103   97   89   83   78   74   72   71   70   68   64   62   62   62   61   62
   62   63   65   65   65   64   63   62   61   60   57   53   49   51   56   61
   70   80   89   98  108  118  130  142  154  162  168  171  173  175  177  180
  182  190  200  207  214  218  220  216  213  209  208  209  212  213  209  200
  186  169  152  135  120  112  107  105  103
    10.0-180.0 180.0   5.0 450.0                            LAT/LON1/LON2/DLON/H
  101   96   89   83   79   76   74   73   72   69   66   64   63   62   61   61
   61   62   64   65   64   63   62   61   61   59   56   52   49   48   52   60
   70   81   91  100  110  121  134  147  159  168  175  179  180  180  181  182
  186  194  204  212  217  221  220  216  212  208  206  205  206  206  202  194
  182  167  151  136  121  112  107  103  101
     7.5-180.0 180.0   5.0 450.0                            LAT/LON1/LON2/DLON/H
   98   94   87   80   76   73   72   71   71   69   66   64   63   63   62   62
   62   62   63   64   62   61   59   58   58   56   52   49   47   46   51   60
   72   83   93  103  113  123  135  147  161  171  178  182  183  182  181  182
  185  194  203  211  216  221  222  220  216  212  209  207  206  203  198  190
  179  165  151  136  122  112  106  101   98
     5.0-180.0 180.0   5.0 450.0                            LAT/LON1/LON2/DLON/H
   95   90   83   76   71   69   68   68   68   67   65   64   63   63   61   62
   62   61   60   60   58   57   56   54   54   51   47   46   45   47   53   63
   75   86   95  105  115  124  133  144  157  169  177  182  183  183  181  181
  184  191  199  207  214  220  225  227  226  223  219  217  214  210  202  193
  182  169  154  138  124  113  105  100   95
     2.5-180.0 180.0   5.0 450.0                            LAT/LON1/LON2/DLON/H
   95   88   79   71   65   63   63   62   62   62   62   63   62   61   59   59
   59   57   56   55   54   54   53   51   50   47   46   45   45   48   55   66
   78   88   97  106  114  122  129  138  151  161  171  178  182  182  182  181
  183  188  196  203  211  220  230  237  239  238  236  233  230  225  217  206
  193  179  162  145  130  118  109  102   95
