DORISInput/IGSGIM/2019/igsg3450.19i
     1.0            IONOSPHERE MAPS     MIX                 IONEX VERSION / TYPE
cmpcmb v1.2          GRL/UWM            27-dec-19 12:30     PGM / RUN BY / DATE 
ionex file containing IGS COMBINED Ionosphere maps          COMMENT             
global ionosphere maps for day 345, 2019                    DESCRIPTION         
IONEX file containing the COMBINED IGS TEC MAPS and DCBs    DESCRIPTION         
      IONEX files of the following IAACs were combined: cod DESCRIPTION         
                                                        esa DESCRIPTION         
                                                        jpl DESCRIPTION         
                                                        upc DESCRIPTION         
Contact address: Andrzej Krankowski                         DESCRIPTION
                 Geodynamics Research Laboratory            DESCRIPTION
                 University of Warmia and Mazury (GRL/UWM)  DESCRIPTION
                 Oczapowski St. 1                           DESCRIPTION
                 10-957-Olsztyn, POLAND                     DESCRIPTION
                 e-mail:  kand@uwm.edu.pl                   DESCRIPTION
                                                            DESCRIPTION         
  2019    12    11     0     0     0                        EPOCH OF FIRST MAP  
  2019    12    12     0     0     0                        EPOCH OF LAST MAP   
  7200                                                      INTERVAL            
    13                                                      # OF MAPS IN FILE   
  COSZ                                                      MAPPING FUNCTION    
     0.0                                                    ELEVATION CUTOFF    
combined TEC calculated as weighted mean of input TEC valuesOBSERVABLES USED    
   401                                                      # OF STATIONS       
    32                                                      # OF SATELLITES     
  6371.0                                                    BASE RADIUS         
     2                                                      MAP DIMENSION       
   450.0 450.0   0.0                                        HGT1 / HGT2 / DHGT  
    87.5 -87.5  -2.5                                        LAT1 / LAT2 / DLAT  
  -180.0 180.0   5.0                                        LON1 / LON2 / DLON  
    -1                                                      EXPONENT            
TEC values in 0.1 tec units;  9999, if no value available   COMMENT             
DCB values in nanoseconds, reference is Sum_of_SatDCBs = 0  COMMENT             
                                                            END OF HEADER       
[from data line 3861]
    10                                                      START OF TEC MAP    
  2019    12    11    18     0     0                        EPOCH OF CURRENT MAP
    87.5-180.0 180.0   5.0 450.0                            LAT/LON1/LON2/DLON/H
   16   16   16   16   16   17   17   17   17   17   17   17   18   17   17   17
   17   17   16   16   17   17   16   16   16   16   16   16   16   15   15   15
   14   14   14   14   14   14   14   14   14   13   13   13   13   13   13   13
   13   13   13   13   13   13   13   13   13   14   14   14   14   14   14   15
   15   15   15   15   16   16   16   16   16
    85.0-180.0 180.0   5.0 450.0                            LAT/LON1/LON2/DLON/H
   16   16   17   17   18   18   18   18   19   19   19   20   20   20   20   20
   20   20   20   19   19   19   18   18   18   18   17   16   16   16   15   15
   15   14   14   14   14   14   14   13   13   13   13   13   13   13   13   13
   12   12   13   13   13   13   13   13   13   14   14   14   14   14   14   14
   14   14   15   15   15   15   15   16   16
    82.5-180.0 180.0   5.0 450.0                            LAT/LON1/LON2/DLON/H
   17   17   18   18   18   19   19   20   21   22   22   23   24   24   25   25
   25   25   24   23   21   21   21   20   19   18   17   16   16   15   15   14
   14   14   13   13   13   13   13   13   13   13   13   13   13   12   12   12
   13   12   12   13   13   13   13   13   14   14   14   14   14   14   14   14
   15   15   15   15   15   15   16   17   17
    80.0-180.0 180.0   5.0 450.0                            LAT/LON1/LON2/DLON/H
   17   17   18   18   19   19   20   21   22   23   24   25   26   27   28   28
   29   28   28   28   27   26   24   22   20   19   17   16   16   15   14   14
   13   13   13   13   13   13   13   13   12   13   12   12   12   12   12   12
   12   12   13   13   14   14   14   14   14   15   14   15   14   14   14   15
   15   15   15   15   15   15   16   17   17
    77.5-180.0 180.0   5.0 450.0                            LAT/LON1/LON2/DLON/H
   17   17   18   18   18   19   19   20   22   22   24   25   28   29   30   31
   31   32   32   31   29   28   26   26   25   22   19   16   15   14   14   13
   13   13   13   13   12   12   12   12   12   12   12   12   12   11   11   12
   12   13   13   14   14   14   15   15   15   14   15   15   15   15   15   15
   15   14   14   15   15   15   16   16   17
    75.0-180.0 180.0   5.0 450.0                            LAT/LON1/LON2/DLON/H
   17   17   17   17   17   17   17   18   19   20   23   25   27   30   32   34
   35   36   36   36   34   32   29   28   25   22   20   18   16   14   13   13
   12   12   12   12   11   12   11   11   11   11   11   10   11   11   11   12
   13   14   14   14   14   14   15   15   15   15   15   15   15   15   15   15
   14   14   14   14   15   15   15   16   17
    72.5-180.0 180.0   5.0 450.0                            LAT/LON1/LON2/DLON/H
   17   17   17   16   15   15   15   15   16   17   20   23   26   30   33   35
   37   39   40   39   39   36   33   31   28   24   21   18   16   14   12   11
   10   11   10    9   10   10   10   10   10    9    9    9   10   10   11   11
   12   14   14   14   14   15   16   16   16   16   16   16   16   16   15   15
   14   14   14   14   14   15   15   16   17
    70.0-180.0 180.0   5.0 450.0                            LAT/LON1/LON2/DLON/H
   17   17   16   15   14   13   12   12   13   16   19   22   26   30   33   36
   39   42   43   43   42   40   37   34   31   27   23   19   17   15   13   10
    9    9    9    8    8    8    7    8    8    8    8    9    9   10   11   12
   13   14   15   15   16   17   18   19   19   19   19   18   18   18   18   17
   16   15   15   15   15   15   16   17   17
    67.5-180.0 180.0   5.0 450.0                            LAT/LON1/LON2/DLON/H
   19   19   18   17   15   13   12   12   13   15   19   22   26   30   33   36
   40   44   45   46   45   44   41   38   35   31   27   22   19   16   14   11
    9    8    8    7    7    7    7    7    8    8    8    9    9   10   11   12
   14   15   17   18   18   20   21   22   23   23   22   22   22   22   21   20
   20   18   17   17   17   17   18   19   19
    65.0-180.0 180.0   5.0 450.0                            LAT/LON1/LON2/DLON/H
   23   23   21   20   18   16   14   15   16   19   22   25   28   32   35   38
   42   45   47   49   48   48   46   43   40   36   32   27   23   20   17   13
   10    9    7    7    7    8    8    8    8    9    9   10   11   11   12   14
   16   18   20   21   22   23   24   26   26   26   26   26   26   25   25   24
   23   22   21   20   20   20   21   22   23
    62.5-180.0 180.0   5.0 450.0                            LAT/LON1/LON2/DLON/H
   27   27   26   24   22   21   20   20   22   25   28   31   34   36   39   41
   45   47   49   51   51   51   50   48   45   42   39   35   29   25   22   17
   13   11    9    9    9   10   10   10   11   12   13   14   15   16   18   19
   20   22   23   24   25   26   27   29   30   30   30   30   30   30   30   29
   27   26   24   24   23   24   24   26   27
    60.0-180.0 180.0   5.0 450.0                            LAT/LON1/LON2/DLON/H
   31   32   31   30   29   27   28   29   31   34   37   39   41   43   45   47
   49   51   53   54   55   55   54   52   51   48   46   42   37   32   27   23
   19   15   12   11   11   12   13   14   15   17   19   20   23   24   24   24
   25   25   26   27   28   30   31   34   34   34   35   36   37   36   36   35
   33   31   29   28   27   26   28   30   31
    57.5-180.0 180.0   5.0 450.0                            LAT/LON1/LON2/DLON/H
   35   36   36   36   35   35   36   38   41   44   47   49   50   51   53   54
   55   57   59   59   59   58   58   57   57   54   52   50   45   40   34   30
   26   21   18   16   16   17   19   21   23   25   28   30   31   32   31   31
   31   30   30   31   32   34   36   38   39   40   41   42   42   43   42   41
   39   37   34   32   31   30   31   33   35
    55.0-180.0 180.0   5.0 450.0                            LAT/LON1/LON2/DLON/H
   37   39   40   40   41   42   44   48   52   55   57   59   60   61   62   62
   63   64   64   64   64   62   62   62   63   60   58   58   54   48   43   38
   33   28   25   23   23   24   26   29   32   35   37   40   40   40   39   38
   36   35   35   36   37   39   41   43   45   45   46   47   48   48   48   47
   45   42   38   36   34   33   34   36   37
    52.5-180.0 180.0   5.0 450.0                            LAT/LON1/LON2/DLON/H
   39   41   42   44   46   48   52   55   60   63   66   68   69   69   69   70
   71   71   70   69   68   67   66   67   69   68   67   66   62   58   52   47
   41   37   33   32   32   33   36   39   41   44   47   49   49   48   46   44
   42   41   41   41   43   45   46   48   50   51   52   52   53   52   52   51
   49   46   42   38   36   35   36   37   39
    50.0-180.0 180.0   5.0 450.0                            LAT/LON1/LON2/DLON/H
   39   41   43   46   50   53   58   62   66   69   72   74   75   75   76   77
   78   78   77   75   73   71   71   72   75   75   75   74   71   66   60   54
   50   45   42   40   41   43   45   47   50   53   56   57   57   56   53   51
   48   47   47   47   48   50   51   53   54   55   56   56   56   55   54   53
   51   48   44   40   38   36   36   37   39
    47.5-180.0 180.0   5.0 450.0                            LAT/LON1/LON2/DLON/H
   38   40   43   47   52   57   62   67   71   74   76   77   78   80   81   83
   84   84   83   81   78   77   77   79   82   84   84   83   79   74   68   61
   56   52   49   48   49   50   53   56   58   61   63   64   63   62   60   57
   55   54   53   53   54   55   56   57   58   59   59   58   57   56   54   52
   51   48   44   40   38   36   36   37   38
    45.0-180.0 180.0   5.0 450.0                            LAT/LON1/LON2/DLON/H
   37   39   42   46   52   58   65   70   74   76   77   79   81   83   85   88
   90   90   89   88   86   85   85   88   91   93   93   92   86   81   74   67
   62   58   56   55   57   58   61   63   65   67   68   68   68   67   65   63
   61   61   60   60   61   61   62   62   62   62   61   59   57   55   53   51
   49   46   43   40   38   37   35   36   37
    42.5-180.0 180.0   5.0 450.0                            LAT/LON1/LON2/DLON/H
   36   37   40   45   52   60   67   72   76   78   79   81   83   86   89   92
   94   96   96   96   95   95   96   98  100  102  101   98   93   87   81   74
   68   64   62   62   63   65   67   69   71   72   72   71   71   70   70   69
   67   67   67   66   66   67   67   65   65   64   62   59   57   55   53   51
   49   46   43   41   38   37   36   36   36
    40.0-180.0 180.0   5.0 450.0                            LAT/LON1/LON2/DLON/H
   35   36   39   44   52   61   69   75   78   81   82   84   86   88   92   95
   99  101  102  104  105  105  107  108  110  109  106  103   98   92   87   80
   74   70   68   68   69   71   72   74   75   75   75   74   74   74   74   74
   73   73   72   71   71   69   69   67   66   65   63   60   57   54   52   51
   49   46   44   41   39   38   37   36   35
    37.5-180.0 180.0   5.0 450.0                            LAT/LON1/LON2/DLON/H
   35   35   39   45   53   62   71   77   81   85   87   88   91   93   96   99
  103  107  109  112  114  116  116  117  116  114  110  107  102   97   93   87
   81   78   76   75   76   77   78   80   80   80   79   78   77   77   78   78
   78   77   75   74   72   69   69   67   67   65   63   60   57   54   53   51
   49   47   44   42   40   40   38   37   35
    35.0-180.0 180.0   5.0 450.0                            LAT/LON1/LON2/DLON/H
   37   37   40   47   55   64   73   80   86   90   93   96   98   99  101  104
  107  111  115  120  123  124  124  123  120  116  113  110  106  102  100   96
   92   89   86   84   85   84   85   86   86   84   82   80   79   80   81   81
   80   78   76   74   71   68   68   67   67   65   62   60   57   55   53   52
   50   48   45   44   43   42   41   38   37
    32.5-180.0 180.0   5.0 450.0                            LAT/LON1/LON2/DLON/H
   40   40   44   50   58   67   75   83   90   96  101  104  107  107  107  109
  111  115  120  124  127  129  129  126  122  117  114  112  109  107  108  107
  106  103   99   97   94   94   93   92   91   88   85   82   80   80   81   80
   79   77   74   72   70   68   67   67   66   64   62   60   58   56   55   53
   51   49   47   45   45   44   43   41   40
    30.0-180.0 180.0   5.0 450.0                            LAT/LON1/LON2/DLON/H
   44   45   48   55   62   70   78   85   94  103  110  114  116  115  113  113
  114  117  122  126  128  130  129  126  122  117  116  114  115  115  119  122
  123  121  117  112  108  104  101   98   96   92   87   83   80   80   80   79
   77   75   72   70   67   67   67   66   65   64   62   60   59   57   56   54
   52   49   47   46   46   46   45   44   44
    27.5-180.0 180.0   5.0 450.0                            LAT/LON1/LON2/DLON/H
   47   49   55   61   67   75   81   89   98  109  118  122  124  124  120  117
  116  118  121  124  126  127  125  122  120  118  118  121  125  129  136  142
  143  143  138  131  123  116  109  104  100   95   89   84   81   79   79   77
   75   72   69   67   66   66   65   65   64   63   61   60   59   58   57   55
   52   50   47   46   46   46   46   45   47
    25.0-180.0 180.0   5.0 450.0                            LAT/LON1/LON2/DLON/H
   49   54   60   68   74   80   87   95  104  116  125  131  133  131  126  122
  118  118  119  121  122  123  121  120  119  120  124  132  140  148  158  163
  165  165  160  152  140  128  117  110  103   97   90   85   82   79   78   76
   73   70   66   65   65   65   65   63   62   61   60   60   59   58   57   55
   52   48   46   45   45   44   45   46   49
    22.5-180.0 180.0   5.0 450.0                            LAT/LON1/LON2/DLON/H
   49   57   66   74   81   87   93  101  111  123  133  140  141  139  132  127
  121  119  117  117  118  119  118  119  122  127  136  148  161  171  181  185
  186  185  181  169  155  138  124  114  105   97   90   85   81   79   77   74
   71   68   65   64   64   64   64   63   62   61   60   59   57   56   56   53
   50   46   44   42   42   42   43   44   49
    20.0-180.0 180.0   5.0 450.0                            LAT/LON1/LON2/DLON/H
   49   58   69   81   88   94  101  109  118  130  142  149  150  148  140  134
  127  122  118  115  116  118  120  124  130  140  154  169  183  195  204  206
  206  202  196  184  165  145  128  114  105   96   89   84   81   79   76   73
   70   68   65   64   64   64   64   63   61   60   59   58   56   54   53   50
   48   44   41   40   39   39   39   42   49
    17.5-180.0 180.0   5.0 450.0                            LAT/LON1/LON2/DLON/H
   47   58   71   85   94  102  110  118  128  140  152  160  162  159  152  145
  138  131  123  120  120  122  128  135  145  158  175  190  206  217  224  224
  224  216  208  192  172  149  129  113  103   95   90   85   82   79   76   74
   71   68   66   65   64   64   64   62   61   59   58   56   54   52   50   47
   44   42   40   39   38   37   37   39   47
    15.0-180.0 180.0   5.0 450.0                            LAT/LON1/LON2/DLON/H
   46   58   73   87   99  108  117  127  139  151  164  172  175  173  168  162
  155  146  137  132  131  135  142  153  166  181  196  212  225  235  240  238
  234  226  213  194  173  150  129  111  101   95   90   86   84   81   79   75
   72   70   68   67   65   64   63   61   60   58   57   55   52   49   47   44
   41   39   38   38   36   36   36   38   46
    12.5-180.0 180.0   5.0 450.0                            LAT/LON1/LON2/DLON/H
   46   58   74   89  101  113  123  135  149  162  175  187  191  191  189  186
  179  169  159  154  153  158  165  177  191  205  218  231  239  246  249  245
  237  226  211  194  174  151  129  112  101   96   92   88   86   83   80   77
   73   72   70   68   66   64   62   59   58   57   55   52   50   47   44   42
   39   38   37   37   36   35   35   38   46
    10.0-180.0 180.0   5.0 450.0                            LAT/LON1/LON2/DLON/H
   47   59   74   89  102  115  128  141  156  171  186  200  207  211  212  212
  208  199  189  186  185  189  196  205  216  227  237  244  248  250  249  244
  235  222  209  193  176  154  134  117  106  100   95   91   89   85   82   78
   75   73   71   68   65   62   60   57   56   55   54   51   48   45   43   40
   37   37   36   37   37   36   35   39   47
     7.5-180.0 180.0   5.0 450.0                            LAT/LON1/LON2/DLON/H
   49   61   75   89  103  117  131  146  162  178  195  210  221  228  235  240
  239  232  226  222  223  226  231  236  240  245  251  253  252  250  247  242
  233  223  211  198  182  163  143  127  116  108  101   96   92   88   85   81
   78   76   74   70   65   61   59   57   56   56   54   52   49   46   43   40
   37   36   37   37   37   37   37   41   49
     5.0-180.0 180.0   5.0 450.0                            LAT/LON1/LON2/DLON/H
   52   63   77   90  104  118  133  149  165  182  200  219  231  242  252  263
  265  263  261  259  260  263  266  265  262  260  260  257  254  253  249  244
  237  229  220  209  194  176  157  140  127  117  108  101   97   93   90   87
   84   83   80   75   69   63   60   59   59   58   56   54   51   49   46   42
   39   37   37   38   39   39   39   44   52
     2.5-180.0 180.0   5.0 450.0                            LAT/LON1/LON2/DLON/H
   56   67   79   92  106  121  136  151  166  184  203  222  236  247  261  275
  285  290  289  292  294  296  296  290  280  271  265  260  259  260  259  257
  252  244  237  226  210  191  171  152  137  126  116  109  104  101   98   96
   93   92   89   83   75   67   64   63   62   61   59   57   54   52   48   46
   42   40   39   40   40   40   42   47   56
