DORISInput/IGSGIM/2019/igsg3420.19i
     1.0            IONOSPHERE MAPS     MIX                 IONEX VERSION / TYPE
cmpcmb v1.2          GRL/UWM            27-dec-19 12:14     PGM / RUN BY / DATE 
ionex file containing IGS COMBINED Ionosphere maps          COMMENT             
global ionosphere maps for day 342, 2019                    DESCRIPTION         
IONEX file containing the COMBINED IGS TEC MAPS and DCBs    DESCRIPTION         
      IONEX files of the following IAACs were combined: cod DESCRIPTION         
                                                        esa DESCRIPTION         
                                                        jpl DESCRIPTION         
                                                        upc DESCRIPTION         
Contact address: Andrzej Krankowski                         DESCRIPTION
                 Geodynamics Research Laboratory            DESCRIPTION
                 University of Warmia and Mazury (GRL/UWM)  DESCRIPTION
                 Oczapowski St. 1                           DESCRIPTION
                 10-957-Olsztyn, POLAND                     DESCRIPTION
                 e-mail:  kand@uwm.edu.pl                   DESCRIPTION
                                                            DESCRIPTION         
  2019    12     8     0     0     0                        EPOCH OF FIRST MAP  
  2019    12     9     0     0     0                        EPOCH OF LAST MAP   
  7200                                                      INTERVAL            
    13                                                      # OF MAPS IN FILE   
  COSZ                                                      MAPPING FUNCTION    
     0.0                                                    ELEVATION CUTOFF    
combined TEC calculated as weighted mean of input TEC valuesOBSERVABLES USED    
   393                                                      # OF STATIONS       
    32                                                      # OF SATELLITES     
  6371.0                                                    BASE RADIUS         
     2                                                      MAP DIMENSION       
   450.0 450.0   0.0                                        HGT1 / HGT2 / DHGT  
    87.5 -87.5  -2.5                                        LAT1 / LAT2 / DLAT  
  -180.0 180.0   5.0                                        LON1 / LON2 / DLON  
    -1                                                      EXPONENT            
TEC values in 0.1 tec units;  9999, if no value available   COMMENT             
DCB values in nanoseconds, reference is Sum_of_SatDCBs = 0  COMMENT             
                                                            END OF HEADER       
[from data line 3432]
     9                                                      START OF TEC MAP    
  2019    12     8    16     0     0                        EPOCH OF CURRENT MAP
    87.5-180.0 180.0   5.0 450.0                            LAT/LON1/LON2/DLON/H
   20   20   20   20   20   20   20   20   20   20   20   20   20   20   20   20
   19   19   19   19   19   18   18   18   18   18   18   18   18   17   18   17
   17   17   17   17   18   18   18   18   18   18   18   18   18   18   18   18
   18   18   18   18   18   18   18   18   18   18   18   18   18   18   18   18
   18   19   19   19   19   19   19   19   20
    85.0-180.0 180.0   5.0 450.0                            LAT/LON1/LON2/DLON/H
   21   21   22   22   22   22   23   23   23   22   22   22   22   21   21   21
   20   20   20   19   19   18   18   18   17   16   16   16   16   16   16   16
   16   16   16   17   17   17   17   17   17   18   18   18   18   18   18   19
   18   18   18   18   18   18   18   17   17   17   17   17   17   17   17   17
   17   18   18   18   19   19   20   21   21
    82.5-180.0 180.0   5.0 450.0                            LAT/LON1/LON2/DLON/H
   22   23   23   25   25   25   26   26   26   26   25   25   24   23   23   22
   21   21   20   20   18   18   18   17   16   16   15   15   16   16   15   16
   16   17   18   18   19   18   19   18   19   18   18   18   18   19   18   18
   18   18   18   18   17   17   17   17   16   15   15   15   15   14   14   14
   15   15   16   17   18   19   20   21   22
    80.0-180.0 180.0   5.0 450.0                            LAT/LON1/LON2/DLON/H
   22   23   25   26   26   27   27   26   26   26   26   26   25   25   24   24
   23   22   21   20   19   18   18   17   16   15   15   14   14   14   15   15
   16   16   16   17   17   18   18   18   18   18   18   18   18   18   18   18
   17   17   17   17   17   16   16   15   15   14   14   13   13   12   12   12
   12   12   14   15   16   18   19   21   22
    77.5-180.0 180.0   5.0 450.0                            LAT/LON1/LON2/DLON/H
   21   23   24   25   26   26   26   26   26   27   27   27   27   26   26   25
   25   24   23   23   22   20   19   18   19   19   18   18   18   17   17   17
   16   15   15   15   16   16   17   17   17   17   17   17   17   17   16   16
   16   16   15   15   15   15   15   14   14   13   13   12   12   11   11   10
   10   11   11   12   14   16   17   20   21
    75.0-180.0 180.0   5.0 450.0                            LAT/LON1/LON2/DLON/H
   19   21   23   24   25   25   24   24   24   25   25   26   26   26   27   26
   26   26   26   26   26   24   24   23   22   22   22   21   20   19   18   18
   18   16   15   14   14   14   15   15   15   15   15   15   15   15   14   14
   13   13   13   13   14   14   14   14   14   13   13   12   12   11   11   10
    9   10   10   11   11   13   15   17   19
    72.5-180.0 180.0   5.0 450.0                            LAT/LON1/LON2/DLON/H
   18   20   22   23   22   22   21   21   20   21   21   22   23   24   25   26
   27   29   30   31   31   31   31   30   29   28   28   26   23   21   20   19
   18   16   16   14   13   13   13   12   12   12   12   12   12   13   13   12
   12   12   12   12   13   13   14   15   15   14   14   13   13   12   11   10
   10   10   10   10   11   12   14   16   18
    70.0-180.0 180.0   5.0 450.0                            LAT/LON1/LON2/DLON/H
   17   19   20   21   21   19   18   16   16   16   16   17   19   21   23   25
   28   31   33   35   37   38   38   38   37   35   34   32   29   25   23   20
   18   17   15   14   13   12   11   11   11   11   11   11   11   11   11   11
   11   12   13   13   14   15   15   17   17   17   17   17   16   15   14   13
   12   11   11   11   12   12   14   15   17
    67.5-180.0 180.0   5.0 450.0                            LAT/LON1/LON2/DLON/H
   19   20   20   20   19   17   15   13   12   11   11   12   14   16   20   24
   30   33   37   40   42   44   44   44   44   43   40   39   34   31   28   25
   21   18   16   14   13   12   11   10   10   11   11   11   11   11   11   12
   12   13   14   16   17   18   19   20   21   22   22   22   22   21   20   18
   17   15   14   14   14   15   16   17   19
    65.0-180.0 180.0   5.0 450.0                            LAT/LON1/LON2/DLON/H
   22   22   22   21   20   17   14   12   11    9    9    9   11   14   19   25
   31   35   40   43   45   47   48   49   49   48   46   44   41   37   34   29
   25   21   18   15   13   11   11   10   11   11   12   13   13   14   14   14
   15   16   18   19   20   22   23   25   26   27   28   29   28   28   26   25
   23   21   19   18   19   19   20   21   22
    62.5-180.0 180.0   5.0 450.0                            LAT/LON1/LON2/DLON/H
   25   26   26   25   23   21   17   14   12   10    9    9   11   15   21   27
   33   38   43   46   48   50   51   52   52   52   51   50   47   43   38   34
   29   25   21   17   14   13   11   11   12   13   14   16   16   17   18   18
   19   20   22   24   25   26   27   29   31   32   34   34   34   35   34   32
   30   28   26   24   24   25   25   25   25
    60.0-180.0 180.0   5.0 450.0                            LAT/LON1/LON2/DLON/H
   30   31   31   30   28   26   23   20   17   15   13   13   15   19   25   31
   37   42   46   48   50   51   52   53   54   54   54   54   52   47   43   38
   34   29   25   21   17   15   14   14   15   17   19   20   22   23   23   23
   23   24   25   27   29   30   31   33   35   37   39   40   41   41   41   40
   37   35   33   32   31   30   30   30   30
    57.5-180.0 180.0   5.0 450.0                            LAT/LON1/LON2/DLON/H
   36   37   37   37   35   33   30   27   25   22   20   20   22   25   31   37
   42   46   50   51   51   53   52   53   54   56   56   57   56   52   47   43
   39   34   30   25   21   19   18   19   20   22   25   27   28   29   28   28
   28   29   30   33   33   34   35   38   40   42   44   45   46   47   46   45
   44   41   40   38   37   36   36   36   36
    55.0-180.0 180.0   5.0 450.0                            LAT/LON1/LON2/DLON/H
   42   42   43   44   43   41   38   35   33   31   29   29   30   34   38   43
   48   51   54   54   54   54   54   53   55   57   58   59   59   56   52   48
   44   40   35   31   26   24   23   24   25   28   31   33   34   34   34   34
   35   36   37   39   39   40   41   43   45   47   48   50   50   50   50   49
   48   46   44   42   41   40   41   41   42
    52.5-180.0 180.0   5.0 450.0                            LAT/LON1/LON2/DLON/H
   47   47   48   49   49   48   46   43   41   40   39   38   40   42   46   50
   55   57   59   59   57   56   56   56   57   58   61   61   62   60   56   53
   50   46   41   37   32   30   29   30   31   34   37   39   40   41   40   41
   41   42   43   45   45   45   46   47   49   52   52   53   53   53   52   51
   50   49   47   45   44   44   45   46   47
    50.0-180.0 180.0   5.0 450.0                            LAT/LON1/LON2/DLON/H
   50   51   51   53   54   54   52   50   48   47   47   48   49   50   53   57
   61   64   65   65   63   61   60   60   60   62   64   65   65   63   61   59
   56   52   48   43   39   36   35   36   38   41   44   45   47   48   48   48
   48   48   49   50   50   51   51   52   53   55   56   56   55   54   53   52
   51   50   48   47   46   46   47   49   50
    47.5-180.0 180.0   5.0 450.0                            LAT/LON1/LON2/DLON/H
   51   52   53   55   56   56   56   54   53   53   54   55   57   58   60   63
   66   70   72   72   71   69   67   67   67   68   69   70   69   68   65   64
   61   58   55   50   47   44   43   43   45   47   50   52   53   55   56   56
   55   55   55   54   55   55   56   56   57   58   58   57   56   54   53   52
   51   50   49   47   46   47   48   50   51
    45.0-180.0 180.0   5.0 450.0                            LAT/LON1/LON2/DLON/H
   50   51   52   54   55   56   57   56   56   57   59   61   64   65   65   68
   71   75   79   81   80   79   78   77   77   77   76   77   75   73   70   68
   66   64   61   58   55   52   50   50   51   53   55   57   59   61   62   63
   62   62   60   60   60   61   60   61   61   61   60   59   57   55   54   52
   51   50   48   46   45   46   48   49   50
    42.5-180.0 180.0   5.0 450.0                            LAT/LON1/LON2/DLON/H
   48   48   49   51   53   54   55   55   56   59   63   67   69   70   71   72
   75   80   86   90   91   91   90   89   87   87   86   85   81   79   76   73
   71   70   68   65   62   59   58   57   57   58   59   61   64   67   69   70
   70   69   67   67   66   66   65   65   64   64   63   62   60   57   55   53
   52   50   48   46   45   46   47   48   48
    40.0-180.0 180.0   5.0 450.0                            LAT/LON1/LON2/DLON/H
   46   45   46   48   49   50   51   52   55   61   66   71   75   75   76   77
   79   85   92   97  100  101  101   99   98   97   95   93   89   84   80   77
   76   75   74   72   70   67   65   63   62   62   63   65   68   72   74   76
   76   74   72   71   71   70   69   68   67   66   65   64   62   60   57   55
   53   50   48   46   45   46   46   46   46
    37.5-180.0 180.0   5.0 450.0                            LAT/LON1/LON2/DLON/H
   43   42   42   44   45   45   47   49   54   62   69   76   80   82   81   81
   84   89   96  104  108  110  109  108  106  105  102  100   95   90   85   83
   82   81   81   80   78   76   72   69   66   66   66   69   72   75   78   80
   79   77   74   73   72   71   71   69   69   68   68   66   65   62   59   56
   54   51   49   47   45   45   45   45   43
    35.0-180.0 180.0   5.0 450.0                            LAT/LON1/LON2/DLON/H
   42   40   40   41   42   41   43   46   53   63   73   81   86   89   88   88
   89   94  100  108  113  114  116  114  112  111  108  105  101   96   92   90
   89   89   89   88   87   84   80   75   71   70   69   71   75   79   81   82
   79   77   74   73   72   71   70   69   69   69   69   68   67   64   61   58
   55   52   50   48   46   46   45   43   42
    32.5-180.0 180.0   5.0 450.0                            LAT/LON1/LON2/DLON/H
   41   40   39   39   39   39   40   45   54   65   77   86   92   96   96   96
   96   99  104  110  114  117  118  117  116  114  112  110  106  103  100   97
   97   98   98   99   97   93   88   82   77   74   73   75   78   82   83   82
   79   75   73   71   71   70   70   69   69   69   70   70   68   66   63   59
   56   53   50   49   48   46   46   44   41
    30.0-180.0 180.0   5.0 450.0                            LAT/LON1/LON2/DLON/H
   42   40   39   39   39   38   40   45   55   67   79   89   97  101  103  103
  103  105  108  111  115  118  117  116  116  116  114  113  111  110  109  107
  108  109  110  111  109  104   97   90   83   79   78   79   82   84   84   83
   78   74   71   70   71   71   70   70   70   70   71   71   70   67   63   59
   56   53   51   49   49   48   46   44   42
    27.5-180.0 180.0   5.0 450.0                            LAT/LON1/LON2/DLON/H
   43   42   42   41   40   39   41   47   57   68   81   92  100  104  107  108
  108  109  109  111  113  115  113  110  110  113  115  117  118  119  120  120
  121  122  123  125  122  117  107   98   90   86   85   85   86   87   87   84
   79   74   70   70   71   71   70   70   71   71   72   72   71   67   63   59
   55   52   50   50   50   48   47   45   43
    25.0-180.0 180.0   5.0 450.0                            LAT/LON1/LON2/DLON/H
   44   44   43   43   42   42   45   51   60   72   83   93  101  106  109  111
  111  112  111  110  111  110  108  106  106  111  117  122  127  131  133  134
  137  137  139  139  135  129  119  108   99   94   92   92   92   92   92   87
   80   75   70   70   70   70   69   70   71   72   73   72   71   67   63   58
   54   51   50   50   49   48   47   46   44
    22.5-180.0 180.0   5.0 450.0                            LAT/LON1/LON2/DLON/H
   44   44   45   44   44   45   48   56   65   75   85   94  101  107  111  114
  114  114  112  111  110  109  106  105  107  113  122  131  138  145  150  152
  153  152  154  154  149  142  133  121  109  104  102  101  100  100   97   91
   83   76   72   71   71   70   70   70   71   71   71   70   69   65   61   57
   54   51   49   49   48   48   47   45   44
    20.0-180.0 180.0   5.0 450.0                            LAT/LON1/LON2/DLON/H
   43   43   45   44   44   47   52   60   69   79   87   95  103  109  115  120
  119  117  115  114  113  110  109  109  113  122  133  144  155  163  168  169
  168  168  168  167  162  153  145  133  122  116  113  111  109  107  102   94
   86   80   76   74   73   72   71   70   71   71   69   68   66   62   59   56
   53   50   48   47   47   47   45   44   43
    17.5-180.0 180.0   5.0 450.0                            LAT/LON1/LON2/DLON/H
   42   42   42   43   44   48   54   64   74   82   90   97  104  112  120  125
  125  124  121  121  119  116  115  118  124  135  148  160  173  182  187  186
  183  181  179  178  173  164  154  143  135  129  125  122  118  113  106   98
   91   85   81   78   77   75   73   71   70   70   68   65   64   60   58   55
   52   50   47   46   46   45   45   43   42
    15.0-180.0 180.0   5.0 450.0                            LAT/LON1/LON2/DLON/H
   42   41   41   41   42   47   55   66   77   85   92   99  107  115  124  129
  131  132  130  129  127  124  123  129  139  152  165  178  190  199  202  200
  195  192  189  187  180  172  163  154  148  143  139  133  126  118  110  102
   95   91   87   84   81   77   75   73   71   70   67   63   61   58   56   54
   51   49   47   45   45   44   43   42   42
    12.5-180.0 180.0   5.0 450.0                            LAT/LON1/LON2/DLON/H
   41   40   39   38   40   46   56   67   79   88   96  103  110  119  128  135
  139  140  140  140  138  135  136  142  154  168  182  194  204  211  212  209
  204  199  196  193  187  179  172  165  160  156  150  141  132  122  113  104
   98   95   92   89   84   79   76   73   71   69   65   61   59   57   56   54
   52   50   47   46   44   43   42   41   41
    10.0-180.0 180.0   5.0 450.0                            LAT/LON1/LON2/DLON/H
   40   39   37   36   38   44   54   67   80   90   99  107  115  124  133  141
  146  151  153  153  151  149  151  158  170  184  197  207  213  217  218  213
  207  203  201  200  195  189  182  175  170  165  159  149  137  126  113  105
  101   98   95   92   87   82   78   75   72   69   65   60   58   57   56   55
   53   50   48   46   44   42   41   40   40
     7.5-180.0 180.0   5.0 450.0                            LAT/LON1/LON2/DLON/H
   39   38   35   34   36   43   54   67   81   92  102  112  121  130  140  149
  156  163  167  168  166  164  166  175  187  199  209  215  218  220  219  215
  211  209  208  208  204  199  193  185  179  173  166  156  142  128  116  107
  102   99   97   94   90   86   82   79   76   72   68   63   60   59   58   57
   54   51   48   45   43   41   40   40   39
     5.0-180.0 180.0   5.0 450.0                            LAT/LON1/LON2/DLON/H
   39   37   34   32   34   42   54   68   81   94  106  118  128  138  149  158
  168  178  183  185  182  179  182  191  201  211  218  221  220  220  220  218
  217  217  219  220  217  212  205  196  188  180  172  162  148  134  120  111
  104   99   98   96   94   92   88   86   83   79   75   70   66   64   63   60
   55   52   49   46   43   41   40   39   39
     2.5-180.0 180.0   5.0 450.0                            LAT/LON1/LON2/DLON/H
   38   36   33   31   34   42   54   69   83   96  110  123  134  146  157  168
  180  192  199  200  197  194  196  204  214  222  225  224  222  221  223  225
  227  230  234  235  233  226  217  207  197  188  179  169  156  142  130  119
  110  104  102  101  100   98   96   95   94   90   85   80   76   72   69   64
   58   54   50   47   45   42   40   39   38
