DORISInput/IGSGIM/2019/igsg3520.19i
     1.0            IONOSPHERE MAPS     MIX                 IONEX VERSION / TYPE
cmpcmb v1.2          GRL/UWM             4-jan-20 13:39     PGM / RUN BY / DATE 
ionex file containing IGS COMBINED Ionosphere maps          COMMENT             
global ionosphere maps for day 352, 2019                    DESCRIPTION         
IONEX file containing the COMBINED IGS TEC MAPS and DCBs    DESCRIPTION         
      IONEX files of the following IAACs were combined: cod DESCRIPTION         
                                                        esa DESCRIPTION         
                                                        jpl DESCRIPTION         
                                                        upc DESCRIPTION         
Contact address: Andrzej Krankowski                         DESCRIPTION
                 Geodynamics Research Laboratory            DESCRIPTION
                 University of Warmia and Mazury (GRL/UWM)  DESCRIPTION
                 Oczapowski St. 1                           DESCRIPTION
                 10-957-Olsztyn, POLAND                     DESCRIPTION
                 e-mail:  kand@uwm.edu.pl                   DESCRIPTION
                                                            DESCRIPTION         
  2019    12    18     0     0     0                        EPOCH OF FIRST MAP  
  2019    12    19     0     0     0                        EPOCH OF LAST MAP   
  7200                                                      INTERVAL            
    13                                                      # OF MAPS IN FILE   
  COSZ                                                      MAPPING FUNCTION    
     0.0                                                    ELEVATION CUTOFF    
combined TEC calculated as weighted mean of input TEC valuesOBSERVABLES USED    
   397                                                      # OF STATIONS       
    32                                                      # OF SATELLITES     
  6371.0                                                    BASE RADIUS         
     2                                                      MAP DIMENSION       
   450.0 450.0   0.0                                        HGT1 / HGT2 / DHGT  
    87.5 -87.5  -2.5                                        LAT1 / LAT2 / DLAT  
  -180.0 180.0   5.0                                        LON1 / LON2 / DLON  
    -1                                                      EXPONENT            
TEC values in 0.1 tec units;  9999, if no value available   COMMENT             
DCB values in nanoseconds, reference is Sum_of_SatDCBs = 0  COMMENT             
                                                            END OF HEADER       
[from data line 4719]
    12                                                      START OF TEC MAP    
  2019    12    18    22     0     0                        EPOCH OF CURRENT MAP
    87.5-180.0 180.0   5.0 450.0                            LAT/LON1/LON2/DLON/H
   26   26   26   25   25   24   24   24   24   23   23   22   22   22   21   21
   20   19   19   19   18   18   17   17   16   16   15   15   15   14   14   14
   14   14   14   14   14   15   15   15   15   15   16   16   16   16   17   17
   18   18   19   19   19   20   20   21   21   22   23   23   24   24   24   24
   25   25   25   25   25   26   26   26   26
    85.0-180.0 180.0   5.0 450.0                            LAT/LON1/LON2/DLON/H
   29   29   29   29   29   29   29   28   28   27   26   26   24   23   22   21
   20   18   18   17   16   15   14   13   12   12   12   12   12   11   11   11
   11   10   10   10   11   11   11   11   12   12   13   14   14   15   15   16
   17   17   18   19   19   20   21   21   23   23   24   25   25   26   26   27
   27   28   28   28   29   29   29   29   29
    82.5-180.0 180.0   5.0 450.0                            LAT/LON1/LON2/DLON/H
   31   31   31   31   32   32   31   31   30   30   29   28   27   26   25   24
   22   20   18   16   15   13   13   12   12   11   11   10   10   10    9    9
   10   10   10   10   10   10   10   11   11   11   12   13   13   14   15   16
   17   18   19   19   20   21   21   22   23   24   24   24   25   26   26   26
   27   27   28   28   29   29   30   31   31
    80.0-180.0 180.0   5.0 450.0                            LAT/LON1/LON2/DLON/H
   29   30   30   31   32   32   32   32   32   32   31   30   29   28   26   24
   22   21   19   17   16   14   13   13   11   11   10   10    9    9    9    9
   10   10   10    9   10   10   10   11   11   12   13   13   14   15   16   17
   18   18   19   20   21   21   22   22   23   24   24   24   24   24   24   24
   25   25   25   26   26   27   28   28   29
    77.5-180.0 180.0   5.0 450.0                            LAT/LON1/LON2/DLON/H
   26   27   28   29   30   31   32   32   33   34   33   32   31   30   28   26
   23   21   19   18   16   15   15   14   13   12   12   11   10   10   10   10
   10   10   10   11   11   11   11   12   13   13   14   14   15   16   17   18
   18   20   21   22   22   23   23   23   23   23   23   22   22   22   21   21
   21   22   22   22   22   23   24   25   26
    75.0-180.0 180.0   5.0 450.0                            LAT/LON1/LON2/DLON/H
   23   24   26   27   28   30   31   32   33   33   33   33   32   31   29   28
   26   24   23   22   20   18   17   16   15   14   14   14   14   14   13   13
   13   12   13   13   13   13   13   13   14   14   15   14   15   16   17   18
   19   21   22   22   23   23   24   23   23   22   22   21   20   19   18   18
   18   18   18   18   18   19   20   21   23
    72.5-180.0 180.0   5.0 450.0                            LAT/LON1/LON2/DLON/H
   21   22   24   25   27   28   30   32   33   34   34   34   34   34   32   31
   30   28   27   26   24   21   20   21   20   18   18   18   18   18   17   16
   16   16   15   15   15   15   14   14   15   14   15   15   16   16   17   18
   19   20   22   22   23   23   23   22   21   21   20   18   18   17   16   15
   15   15   15   15   16   17   18   20   21
    70.0-180.0 180.0   5.0 450.0                            LAT/LON1/LON2/DLON/H
   21   23   24   26   28   30   31   32   34   35   36   36   37   36   35   34
   32   31   29   28   26   25   24   25   25   23   22   21   21   20   20   19
   18   17   16   16   15   15   15   15   15   15   15   15   16   17   18   18
   19   20   21   22   22   22   22   21   20   19   17   17   16   15   14   13
   13   14   14   14   15   16   18   20   21
    67.5-180.0 180.0   5.0 450.0                            LAT/LON1/LON2/DLON/H
   25   27   28   30   32   33   34   35   36   37   38   39   39   38   37   36
   35   33   32   30   28   27   27   27   26   25   24   23   23   22   22   20
   19   18   16   16   15   16   16   16   16   16   16   16   17   17   18   19
   19   20   21   21   21   22   21   20   19   17   16   16   15   14   13   13
   13   13   14   16   17   18   21   23   25
    65.0-180.0 180.0   5.0 450.0                            LAT/LON1/LON2/DLON/H
   31   33   35   37   38   39   40   40   41   41   42   42   42   41   41   40
   38   35   33   31   29   27   26   26   25   24   23   22   22   22   21   20
   19   17   16   15   16   16   16   17   17   18   18   18   18   18   19   18
   19   20   21   21   21   21   21   20   19   17   16   16   16   15   14   14
   15   15   17   19   21   23   26   29   31
    62.5-180.0 180.0   5.0 450.0                            LAT/LON1/LON2/DLON/H
   40   42   44   46   47   48   48   47   47   47   47   46   46   46   46   44
   42   39   36   33   30   27   24   23   23   22   21   20   19   19   18   17
   17   16   16   15   16   17   18   19   20   21   21   21   22   21   21   21
   20   21   21   21   21   21   20   19   18   17   17   17   17   17   17   16
   18   19   21   24   26   30   34   37   40
    60.0-180.0 180.0   5.0 450.0                            LAT/LON1/LON2/DLON/H
   51   54   56   58   59   59   58   57   55   54   53   52   51   51   51   49
   47   44   40   36   32   27   23   21   20   20   19   18   17   17   16   16
   16   16   16   17   19   21   22   24   25   26   26   26   26   26   25   24
   23   23   23   22   21   20   19   19   19   19   19   19   19   19   19   20
   21   23   26   29   33   39   43   48   51
    57.5-180.0 180.0   5.0 450.0                            LAT/LON1/LON2/DLON/H
   63   66   69   72   72   71   70   67   64   62   59   58   57   57   57   55
   53   49   45   41   35   29   25   21   19   19   18   18   18   17   16   17
   18   19   20   22   24   26   29   31   33   33   34   34   32   32   31   29
   27   26   26   25   23   22   21   20   20   21   21   21   21   21   22   23
   24   27   31   35   41   47   53   58   63
    55.0-180.0 180.0   5.0 450.0                            LAT/LON1/LON2/DLON/H
   74   78   81   84   84   83   80   76   73   70   67   65   64   63   62   60
   57   54   50   45   39   33   28   24   22   22   21   21   21   21   21   22
   23   25   27   29   32   34   37   39   41   42   42   41   40   39   38   36
   33   32   31   30   28   27   25   24   23   23   23   24   24   23   23   25
   27   30   35   41   48   56   62   68   74
    52.5-180.0 180.0   5.0 450.0                            LAT/LON1/LON2/DLON/H
   84   88   92   94   95   93   90   87   82   78   74   72   70   69   67   65
   63   59   55   51   44   39   34   30   28   28   27   28   28   29   28   28
   30   33   35   38   40   43   46   48   49   49   50   49   48   47   45   44
   41   39   39   37   35   33   31   29   27   27   26   26   25   24   25   27
   29   33   39   46   55   62   70   78   84
    50.0-180.0 180.0   5.0 450.0                            LAT/LON1/LON2/DLON/H
   92   97  101  103  104  103   99   95   91   87   82   79   77   75   73   71
   68   66   62   58   52   47   42   38   38   37   37   38   38   38   37   37
   39   41   43   46   49   51   53   54   56   56   56   55   54   53   52   50
   48   47   47   45   43   40   37   34   32   30   29   28   26   25   26   28
   32   37   44   52   61   69   77   86   92
    47.5-180.0 180.0   5.0 450.0                            LAT/LON1/LON2/DLON/H
   97  103  106  109  111  110  107  104  100   95   90   86   83   81   79   78
   76   74   70   67   61   57   53   50   50   50   50   50   50   49   46   46
   47   49   50   53   55   57   59   60   60   60   60   60   59   59   57   56
   55   54   53   52   50   47   44   40   36   34   32   29   28   27   27   30
   35   42   51   59   67   75   83   90   97
    45.0-180.0 180.0   5.0 450.0                            LAT/LON1/LON2/DLON/H
  100  105  109  112  115  116  115  112  108  104   99   94   91   88   86   84
   83   82   80   77   73   70   67   65   64   64   64   63   60   57   54   53
   53   55   57   59   61   62   63   63   63   62   62   63   63   62   62   61
   60   60   59   58   57   54   50   45   42   39   36   33   30   29   29   34
   40   49   58   67   75   81   87   95  100
    42.5-180.0 180.0   5.0 450.0                            LAT/LON1/LON2/DLON/H
  101  106  110  114  118  120  122  120  117  113  108  104  100   96   93   92
   91   91   90   88   86   84   82   80   79   79   79   76   69   65   61   60
   60   60   61   63   65   66   66   65   64   63   63   65   65   65   65   64
   65   65   65   64   63   59   54   50   47   44   40   37   34   32   33   38
   46   55   65   75   81   86   90   96  101
    40.0-180.0 180.0   5.0 450.0                            LAT/LON1/LON2/DLON/H
  102  106  111  114  119  124  128  128  125  121  117  112  108  104  101   99
   99   99   99   99   98   96   96   94   93   91   90   85   78   72   68   66
   64   65   65   66   67   68   68   67   65   65   65   67   67   68   68   67
   68   69   68   68   65   62   58   54   51   48   45   41   37   36   37   43
   53   63   73   81   88   91   93   98  102
    37.5-180.0 180.0   5.0 450.0                            LAT/LON1/LON2/DLON/H
  102  107  110  113  118  124  130  132  130  127  126  121  117  114  110  108
  107  108  108  108  108  107  106  105  104  102   97   92   85   78   73   69
   68   68   68   68   69   69   69   68   67   67   67   69   70   70   69   68
   69   69   68   66   65   62   59   56   54   52   48   44   40   40   42   49
   60   71   80   87   93   95   97   99  102
    35.0-180.0 180.0   5.0 450.0                            LAT/LON1/LON2/DLON/H
  104  107  110  112  116  122  128  133  134  133  132  130  127  123  119  116
  114  115  115  116  116  116  115  112  110  108  102   96   89   82   76   72
   71   70   70   70   70   71   70   70   69   70   70   72   72   71   69   67
   67   67   65   64   62   60   58   57   56   54   51   46   43   43   47   55
   66   76   86   92   96   98   99  101  104
    32.5-180.0 180.0   5.0 450.0                            LAT/LON1/LON2/DLON/H
  107  109  111  112  115  119  126  131  134  136  136  136  135  133  129  125
  122  121  121  122  122  122  120  116  112  109  103   97   90   84   78   74
   73   72   72   73   72   72   72   72   72   73   73   75   74   72   69   66
   64   64   63   61   59   58   57   55   55   54   51   48   45   46   51   60
   71   82   90   96   99  100  102  104  107
    30.0-180.0 180.0   5.0 450.0                            LAT/LON1/LON2/DLON/H
  112  114  115  115  116  118  123  129  133  136  139  141  142  141  137  134
  129  127  125  125  125  124  121  116  111  109  103   96   90   84   80   78
   77   76   75   75   74   73   73   74   74   76   77   76   74   72   67   64
   62   61   61   60   58   56   54   54   54   53   51   48   46   48   54   64
   75   85   93   99  103  104  105  109  112
    27.5-180.0 180.0   5.0 450.0                            LAT/LON1/LON2/DLON/H
  120  123  124  122  120  119  122  126  131  134  139  145  148  148  144  141
  137  133  129  127  125  121  117  112  109  106  101   94   89   86   83   83
   82   81   80   79   76   75   74   74   75   77   78   76   72   69   65   62
   60   59   59   58   55   52   51   51   51   51   49   46   45   48   56   67
   77   87   95  101  105  108  112  116  120
    25.0-180.0 180.0   5.0 450.0                            LAT/LON1/LON2/DLON/H
  133  136  137  133  128  124  123  125  129  133  140  148  154  155  151  147
  144  139  133  129  123  118  113  110  106  103   99   94   90   88   88   88
   87   86   84   82   80   76   75   74   75   77   76   73   69   65   61   59
   57   56   55   53   51   47   45   46   47   47   45   43   43   48   57   68
   79   88   96  103  108  114  120  127  133
    22.5-180.0 180.0   5.0 450.0                            LAT/LON1/LON2/DLON/H
  148  151  154  151  143  135  130  128  129  133  142  152  159  161  158  152
  150  145  138  131  123  116  111  108  104  101   99   95   93   93   93   93
   93   91   89   87   82   77   74   73   73   74   73   69   65   60   56   54
   53   52   51   48   46   42   41   40   41   42   41   39   40   46   57   69
   80   89   97  104  112  121  129  139  148
    20.0-180.0 180.0   5.0 450.0                            LAT/LON1/LON2/DLON/H
  160  167  171  171  161  151  145  138  135  139  148  158  167  168  165  158
  156  151  143  134  124  116  111  109  107  104  101   99   97   98  100   99
   99   98   95   92   86   79   74   71   70   69   68   63   59   54   51   49
   48   48   47   46   43   40   37   37   37   37   36   35   37   45   57   71
   82   90   99  107  118  129  139  149  160
    17.5-180.0 180.0   5.0 450.0                            LAT/LON1/LON2/DLON/H
  170  182  188  190  183  172  162  155  150  150  157  167  175  178  175  169
  164  158  149  138  128  119  114  114  113  110  107  105  105  106  107  107
  107  105  102   97   90   81   73   68   66   64   62   58   54   49   46   44
   44   45   44   43   41   38   36   35   35   34   32   32   36   46   59   73
   84   94  103  113  126  137  148  159  170
    15.0-180.0 180.0   5.0 450.0                            LAT/LON1/LON2/DLON/H
  179  193  202  208  204  194  185  176  168  165  170  178  184  186  183  178
  172  166  156  145  133  126  122  123  122  119  116  115  114  116  117  116
  115  112  109  103   93   83   73   66   62   59   58   53   49   46   43   41
   41   42   42   41   40   37   36   36   35   33   31   31   36   47   61   76
   88   99  109  120  133  144  156  168  179
    12.5-180.0 180.0   5.0 450.0                            LAT/LON1/LON2/DLON/H
  189  201  213  224  224  218  208  198  188  183  186  191  195  195  191  186
  181  175  167  155  144  137  133  134  134  132  128  126  125  127  127  125
  123  119  114  106   96   85   75   66   60   56   55   50   46   43   41   39
   39   40   40   40   38   37   36   36   35   32   30   31   37   50   65   81
   93  104  115  127  139  151  163  176  189
    10.0-180.0 180.0   5.0 450.0                            LAT/LON1/LON2/DLON/H
  194  206  218  230  237  236  229  218  207  202  203  206  206  205  200  195
  191  187  179  168  158  150  147  148  148  147  142  138  137  137  135  132
  128  124  118  110   99   88   78   69   62   57   54   49   45   42   40   39
   39   39   39   38   37   37   36   36   35   33   30   32   40   53   68   84
   98  110  120  133  145  157  169  182  194
     7.5-180.0 180.0   5.0 450.0                            LAT/LON1/LON2/DLON/H
  196  207  218  231  238  242  238  231  221  217  218  219  218  215  211  206
  203  199  193  184  173  166  163  162  162  159  154  149  147  145  141  136
  132  127  120  112  103   93   83   74   67   60   56   50   47   44   42   40
   39   39   38   37   36   37   37   37   36   34   32   34   42   56   72   87
  101  113  124  136  149  161  173  185  196
     5.0-180.0 180.0   5.0 450.0                            LAT/LON1/LON2/DLON/H
  198  207  216  226  233  239  241  237  231  228  230  232  230  226  224  220
  217  214  208  201  191  183  180  178  175  171  166  160  156  151  145  140
  135  128  121  114  106   98   90   81   74   65   60   54   50   47   46   44
   42   41   39   38   38   38   38   39   38   35   33   37   46   61   76   90
  102  114  125  137  151  163  175  187  198
     2.5-180.0 180.0   5.0 450.0                            LAT/LON1/LON2/DLON/H
  199  209  216  224  231  236  238  238  233  232  235  239  239  238  238  236
  234  232  226  218  208  202  197  193  189  184  177  170  165  158  150  144
  137  128  121  115  109  103   96   90   81   73   66   60   56   53   52   50
   47   45   43   41   39   39   40   41   40   37   35   39   50   64   78   92
  103  113  124  136  150  164  176  188  199
