DORISInput/IGSGIM/2019/igsg3410.19i
     1.0            IONOSPHERE MAPS     MIX                 IONEX VERSION / TYPE
cmpcmb v1.2          GRL/UWM            23-dec-19 15:10     PGM / RUN BY / DATE 
ionex file containing IGS COMBINED Ionosphere maps          COMMENT             
global ionosphere maps for day 341, 2019                    DESCRIPTION         
IONEX file containing the COMBINED IGS TEC MAPS and DCBs    DESCRIPTION         
      IONEX files of the following IAACs were combined: cod DESCRIPTION         
                                                        esa DESCRIPTION         
                                                        jpl DESCRIPTION         
                                                        upc DESCRIPTION         
Contact address: Andrzej Krankowski                         DESCRIPTION
                 Geodynamics Research Laboratory            DESCRIPTION
                 University of Warmia and Mazury (GRL/UWM)  DESCRIPTION
                 Oczapowski St. 1                           DESCRIPTION
                 10-957-Olsztyn, POLAND                     DESCRIPTION
                 e-mail:  kand@uwm.edu.pl                   DESCRIPTION
                                                            DESCRIPTION         
  2019    12     7     0     0     0                        EPOCH OF FIRST MAP  
  2019    12     8     0     0     0                        EPOCH OF LAST MAP   
  7200                                                      INTERVAL            
    13                                                      # OF MAPS IN FILE   
  COSZ                                                      MAPPING FUNCTION    
     0.0                                                    ELEVATION CUTOFF    
combined TEC calculated as weighted mean of input TEC valuesOBSERVABLES USED    
   393                                                      # OF STATIONS       
    32                                                      # OF SATELLITES     
  6371.0                                                    BASE RADIUS         
     2                                                      MAP DIMENSION       
   450.0 450.0   0.0                                        HGT1 / HGT2 / DHGT  
    87.5 -87.5  -2.5                                        LAT1 / LAT2 / DLAT  
  -180.0 180.0   5.0                                        LON1 / LON2 / DLON  
    -1                                                      EXPONENT            
TEC values in 0.1 tec units;  9999, if no value available   COMMENT             
DCB values in nanoseconds, reference is Sum_of_SatDCBs = 0  COMMENT             
                                                            END OF HEADER       
[from data line 429]
     2                                                      START OF TEC MAP    
  2019    12     7     2     0     0                        EPOCH OF CURRENT MAP
    87.5-180.0 180.0   5.0 450.0                            LAT/LON1/LON2/DLON/H
   18   18   18   18   18   18   18   18   18   18   17   17   17   17   16   16
   16   15   15   15   14   14   13   13   13   13   13   12   12   12   12   12
   12   12   12   12   12   13   13   13   14   14   14   14   14   15   15   15
   15   15   15   16   16   16   16   16   16   16   17   17   17   17   17   17
   17   17   18   18   18   18   18   18   18
    85.0-180.0 180.0   5.0 450.0                            LAT/LON1/LON2/DLON/H
   19   20   20   21   21   21   21   21   21   21   20   20   20   19   18   17
   16   16   14   13   13   12   10   10    9    9    9    9    8    8    8    8
    9    9    9   10   10   11   11   12   12   13   13   14   14   15   15   15
   15   15   15   15   15   15   15   15   15   15   15   15   15   15   16   16
   16   16   16   17   17   18   19   19   19
    82.5-180.0 180.0   5.0 450.0                            LAT/LON1/LON2/DLON/H
   20   20   21   21   22   23   24   24   24   24   24   23   22   22   20   19
   18   16   15   14   12   11    9    9    8    8    7    7    7    7    7    6
    6    7    7    7    8    9   10   11   12   12   13   14   14   15   15   15
   15   15   15   15   14   14   14   13   13   13   13   12   12   12   12   13
   13   14   15   15   16   17   18   19   20
    80.0-180.0 180.0   5.0 450.0                            LAT/LON1/LON2/DLON/H
   19   20   21   22   23   24   25   26   26   26   26   25   25   24   22   21
   19   17   15   14   11   11    9    8    7    7    6    6    6    6    6    7
    7    7    7    7    7    9   10   11   12   13   13   13   14   15   15   15
   15   15   14   14   13   12   11   11   10   10    9    9    9    9   10   10
   11   12   13   13   14   15   16   17   19
    77.5-180.0 180.0   5.0 450.0                            LAT/LON1/LON2/DLON/H
   19   20   21   22   23   24   25   26   27   27   26   26   25   24   23   22
   21   19   17   15   12   10    9    8    8    7    7    6    6    6    6    6
    6    7    7    7    8    9   11   12   13   13   14   14   14   14   14   14
   13   13   12   12   11   10   10    9    9    9    9    9    8    9    9   10
   11   11   12   13   14   15   16   17   19
    75.0-180.0 180.0   5.0 450.0                            LAT/LON1/LON2/DLON/H
   20   20   21   21   21   22   23   23   24   24   24   24   24   24   24   23
   21   19   18   16   13   11   10    9    8    8    8    8    7    7    7    7
    6    7    7    8    9   10   11   12   12   13   13   13   12   12   12   12
   11   11   10   10   10   10   10   10   10   10   10   10   10   11   11   12
   13   14   15   15   16   17   18   19   20
    72.5-180.0 180.0   5.0 450.0                            LAT/LON1/LON2/DLON/H
   22   21   21   21   20   20   20   19   20   20   20   21   20   21   21   21
   21   20   18   18   16   14   12   11   10    9    9    9    9    8    8    9
    8    9    9   10   11   11   12   12   12   12   12   12   11   10   10   10
    9    9    9    9   10   10   11   11   11   12   13   14   15   16   16   17
   19   20   20   21   21   22   23   23   22
    70.0-180.0 180.0   5.0 450.0                            LAT/LON1/LON2/DLON/H
   26   25   23   21   20   19   18   17   17   16   16   16   17   17   18   18
   19   19   20   19   18   17   16   14   13   12   11   10   11   10   10   12
   12   12   12   13   13   12   11   12   11   11   11   11   10   10    9    9
    9    8    8    9   10   12   13   15   15   17   18   20   21   22   23   25
   26   27   28   29   29   29   29   28   26
    67.5-180.0 180.0   5.0 450.0                            LAT/LON1/LON2/DLON/H
   32   30   27   25   22   20   18   16   15   14   13   13   13   13   14   15
   16   17   19   19   19   19   18   17   15   14   13   13   14   14   14   15
   15   15   14   14   13   13   12   11   10   10   10   10   10    9    9    8
    8    9   10   11   12   14   17   19   21   23   25   27   29   30   31   33
   34   36   36   36   37   37   35   34   32
    65.0-180.0 180.0   5.0 450.0                            LAT/LON1/LON2/DLON/H
   38   36   33   30   27   24   20   17   15   13   12   11   10   10   10   11
   12   15   16   17   18   18   18   17   15   15   14   15   16   16   17   17
   18   16   16   15   14   13   11   10   10   10   11   11   10   10   10    9
   10   11   12   14   16   18   20   24   27   30   32   34   37   38   39   40
   41   42   43   44   44   43   43   40   38
    62.5-180.0 180.0   5.0 450.0                            LAT/LON1/LON2/DLON/H
   44   42   39   36   33   29   25   21   17   14   13   11   10    9    9   10
   10   12   14   15   16   16   16   14   14   13   14   14   15   16   17   17
   18   18   17   16   15   13   12   11   11   12   11   12   12   12   12   12
   12   13   14   16   19   21   24   29   32   36   39   42   44   45   46   47
   47   47   48   49   49   49   48   46   44
    60.0-180.0 180.0   5.0 450.0                            LAT/LON1/LON2/DLON/H
   49   47   45   43   39   35   31   26   21   18   15   13   11   10   10    9
   10   11   12   13   13   12   12   12   12   12   13   14   15   16   18   19
   20   20   19   18   17   15   14   14   13   14   15   16   17   17   17   17
   17   17   18   20   22   25   29   33   37   41   45   48   50   52   52   53
   53   53   53   53   53   53   52   51   49
    57.5-180.0 180.0   5.0 450.0                            LAT/LON1/LON2/DLON/H
   55   53   51   48   45   42   37   32   28   23   19   16   13   12   11   11
   11   12   12   12   12   11   12   11   11   12   13   14   16   18   20   22
   23   23   23   23   21   20   19   18   18   19   20   21   22   23   23   22
   22   22   23   24   26   29   33   37   42   46   50   53   55   57   57   57
   57   56   56   56   56   56   56   55   55
    55.0-180.0 180.0   5.0 450.0                            LAT/LON1/LON2/DLON/H
   58   57   57   54   52   48   43   38   34   29   25   21   18   15   14   14
   14   14   13   13   12   12   12   12   12   14   17   18   20   23   25   27
   28   29   29   29   28   27   26   26   25   26   26   27   28   29   29   28
   28   27   27   29   30   34   37   42   46   50   54   57   59   61   61   61
   61   60   59   59   59   59   59   59   58
    52.5-180.0 180.0   5.0 450.0                            LAT/LON1/LON2/DLON/H
   62   62   62   60   58   54   49   45   40   36   31   27   23   20   18   17
   17   16   16   15   13   13   14   14   16   21   23   26   29   31   33   34
   35   35   36   36   36   36   35   34   33   33   33   33   34   34   34   33
   33   32   33   33   35   38   42   46   50   54   57   60   62   64   65   65
   65   64   63   62   62   62   62   62   62
    50.0-180.0 180.0   5.0 450.0                            LAT/LON1/LON2/DLON/H
   67   66   66   65   63   59   55   50   46   42   38   34   29   26   24   22
   22   21   19   19   16   16   16   19   24   30   34   38   41   43   43   43
   43   43   43   43   44   45   45   43   42   40   39   38   38   38   38   37
   37   37   38   39   40   43   46   50   54   57   60   63   66   68   69   69
   69   68   67   66   66   67   67   67   67
    47.5-180.0 180.0   5.0 450.0                            LAT/LON1/LON2/DLON/H
   72   72   71   70   68   65   60   56   51   48   44   40   36   32   30   29
   28   28   26   26   25   24   26   31   38   45   50   55   57   55   54   52
   50   51   51   52   52   54   53   52   50   47   44   42   41   41   40   41
   42   42   43   44   46   49   52   55   58   62   64   67   70   72   73   74
   73   72   72   72   72   72   73   73   72
    45.0-180.0 180.0   5.0 450.0                            LAT/LON1/LON2/DLON/H
   78   78   76   75   72   69   65   60   56   53   50   47   43   39   36   35
   35   36   37   38   38   39   42   48   56   64   69   72   71   67   64   60
   57   56   57   58   60   60   60   58   56   52   48   45   43   42   43   44
   45   47   48   50   52   55   58   61   64   66   68   71   73   76   77   78
   77   77   77   77   78   79   79   79   78
    42.5-180.0 180.0   5.0 450.0                            LAT/LON1/LON2/DLON/H
   83   82   80   79   76   73   68   64   61   58   56   53   50   45   42   42
   43   45   48   51   54   56   61   67   75   82   86   86   81   75   71   66
   63   62   62   63   64   65   65   63   60   56   51   48   46   45   45   47
   49   52   54   58   60   62   65   67   69   71   72   75   77   79   80   81
   81   81   82   82   83   84   84   84   83
    40.0-180.0 180.0   5.0 450.0                            LAT/LON1/LON2/DLON/H
   87   85   84   81   79   75   71   68   65   63   61   58   55   52   49   49
   51   54   59   65   70   74   80   86   92   97   98   95   88   81   76   71
   67   65   65   66   67   67   67   65   63   58   54   50   49   48   48   50
   54   58   61   65   68   70   71   73   74   76   77   78   80   82   84   85
   85   84   85   86   87   88   89   88   87
    37.5-180.0 180.0   5.0 450.0                            LAT/LON1/LON2/DLON/H
   90   87   85   83   80   76   73   70   68   67   66   64   62   59   57   56
   58   63   70   78   84   90   96  101  104  106  103   98   92   85   79   73
   70   68   67   67   68   67   67   66   63   60   56   54   52   51   51   54
   57   61   66   70   73   75   77   78   79   80   81   82   84   86   88   89
   89   88   89   90   92   92   92   91   90
    35.0-180.0 180.0   5.0 450.0                            LAT/LON1/LON2/DLON/H
   92   90   87   85   81   77   74   72   72   71   71   70   68   66   64   63
   65   70   79   88   96  103  108  111  110  108  103   97   92   85   80   74
   72   70   69   68   67   66   65   65   64   61   59   56   55   54   54   56
   59   63   69   73   76   79   81   82   83   84   84   86   88   91   93   94
   95   95   96   96   97   97   96   94   92
    32.5-180.0 180.0   5.0 450.0                            LAT/LON1/LON2/DLON/H
   95   92   89   86   83   79   76   74   73   74   75   75   74   73   71   70
   72   78   86   95  104  111  114  114  111  106  100   93   87   82   78   75
   73   72   70   68   66   64   63   63   63   62   60   58   57   56   56   57
   60   64   70   75   79   82   84   86   88   88   89   91   93   97  100  103
  104  105  105  106  106  105  103   99   95
    30.0-180.0 180.0   5.0 450.0                            LAT/LON1/LON2/DLON/H
  101   97   94   90   86   82   79   76   75   75   77   78   77   77   75   75
   78   83   90   98  107  112  114  111  106  100   94   86   80   77   75   74
   74   72   70   69   65   63   61   61   62   61   60   58   58   57   56   57
   59   64   70   77   81   84   87   90   93   94   95   97  100  104  110  114
  117  119  120  120  119  116  112  107  101
    27.5-180.0 180.0   5.0 450.0                            LAT/LON1/LON2/DLON/H
  111  106  102   97   92   88   83   79   77   77   77   79   79   78   78   78
   81   86   92   97  102  106  107  104   97   90   84   78   74   73   73   73
   74   73   71   68   64   61   59   59   60   59   58   57   56   56   55   54
   56   62   69   77   82   86   90   94   98  101  103  106  110  116  122  129
  134  137  139  140  137  133  127  118  111
    25.0-180.0 180.0   5.0 450.0                            LAT/LON1/LON2/DLON/H
  124  118  114  109  103   97   91   85   81   79   78   78   78   78   78   79
   81   85   90   93   95   96   96   94   86   79   74   71   70   70   71   73
   74   73   71   66   62   60   58   57   56   56   54   53   53   52   51   50
   52   59   68   76   82   87   92   97  104  109  113  117  123  130  138  147
  154  159  161  162  159  153  144  133  124
    22.5-180.0 180.0   5.0 450.0                            LAT/LON1/LON2/DLON/H
  139  131  126  122  116  109  101   93   87   83   80   78   77   77   78   79
   81   84   87   87   88   87   86   83   77   71   68   69   69   70   72   74
   74   72   69   64   60   58   55   54   53   51   50   49   48   47   46   46
   48   56   66   76   83   89   95  103  111  119  126  132  139  147  155  165
  177  183  186  187  182  175  163  150  139
    20.0-180.0 180.0   5.0 450.0                            LAT/LON1/LON2/DLON/H
  155  146  140  136  130  122  114  105   96   89   84   80   77   76   76   79
   81   83   83   83   83   81   80   77   74   70   69   70   70   72   72   74
   73   71   67   63   59   55   53   51   49   47   45   44   43   42   41   42
   46   55   66   77   85   92  100  111  120  130  140  148  157  165  173  182
  196  206  210  208  204  196  183  169  155
    17.5-180.0 180.0   5.0 450.0                            LAT/LON1/LON2/DLON/H
  172  160  155  151  146  138  126  115  105   96   89   83   78   76   77   81
   83   83   82   80   79   79   79   78   76   74   74   74   73   74   73   74
   72   69   65   61   57   53   50   48   46   43   41   39   38   37   37   39
   45   56   69   80   89   98  107  120  132  144  155  165  174  183  190  198
  208  218  221  221  218  212  200  186  172
    15.0-180.0 180.0   5.0 450.0                            LAT/LON1/LON2/DLON/H
  187  175  169  166  160  151  139  126  114  104   95   88   81   78   77   82
   85   84   82   80   78   80   82   83   81   80   79   78   77   75   74   73
   71   68   63   59   55   51   48   46   42   39   37   36   35   34   35   39
   47   59   73   86   96  106  117  131  144  157  169  179  189  198  204  210
  214  219  222  224  224  220  211  199  187
    12.5-180.0 180.0   5.0 450.0                            LAT/LON1/LON2/DLON/H
  198  189  183  179  174  164  151  136  123  112  104   95   87   81   78   82
   85   85   83   81   81   83   87   89   88   86   84   82   80   76   74   71
   70   66   61   56   53   49   47   44   40   38   36   34   34   33   35   40
   50   63   78   91  102  113  126  140  154  166  178  190  201  209  213  213
  214  215  219  222  223  221  216  208  198
    10.0-180.0 180.0   5.0 450.0                            LAT/LON1/LON2/DLON/H
  206  199  195  191  186  177  163  148  134  123  114  104   94   86   80   81
   84   85   84   83   83   87   93   96   95   91   88   85   81   77   74   71
   69   65   60   55   51   49   46   43   40   38   37   36   35   34   36   42
   53   66   82   95  106  118  132  146  159  171  182  195  206  214  217  214
  211  210  213  217  219  219  217  212  206
     7.5-180.0 180.0   5.0 450.0                            LAT/LON1/LON2/DLON/H
  212  208  204  201  197  190  176  161  146  135  126  115  102   92   85   83
   84   84   84   85   87   92   99  104  103   98   91   87   82   78   75   72
   70   65   60   56   51   49   47   45   42   40   39   38   37   36   38   44
   55   69   84   97  109  122  135  149  161  172  182  194  206  216  219  215
  210  207  208  211  213  215  216  215  212
     5.0-180.0 180.0   5.0 450.0                            LAT/LON1/LON2/DLON/H
  218  216  213  210  209  203  191  175  161  150  139  127  113  100   90   85
   84   85   86   88   92   98  106  111  110  103   94   88   83   78   75   72
   69   66   61   56   53   51   49   47   45   43   43   42   40   39   40   47
   58   72   86   99  111  124  137  149  160  169  179  190  203  214  219  216
  210  206  206  207  210  212  216  218  218
     2.5-180.0 180.0   5.0 450.0                            LAT/LON1/LON2/DLON/H
  223  223  221  218  218  214  205  191  179  167  155  141  124  109   97   90
   88   87   88   92   97  103  110  114  113  106   97   89   83   78   75   72
   70   66   61   57   55   53   52   49   47   45   45   45   43   42   43   50
   61   74   88  101  112  124  135  147  157  164  174  186  199  211  217  216
  210  206  205  206  209  212  215  220  223
