DORISInput/IGSGIM/2019/igsg3550.19i
     1.0            IONOSPHERE MAPS     MIX                 IONEX VERSION / TYPE
cmpcmb v1.2          GRL/UWM             4-jan-20 13:55     PGM / RUN BY / DATE 
ionex file containing IGS COMBINED Ionosphere maps          COMMENT             
global ionosphere maps for day 355, 2019                    DESCRIPTION         
IONEX file containing the COMBINED IGS TEC MAPS and DCBs    DESCRIPTION         
      IONEX files of the following IAACs were combined: cod DESCRIPTION         
                                                        esa DESCRIPTION         
                                                        jpl DESCRIPTION         
                                                        upc DESCRIPTION         
Contact address: Andrzej Krankowski                         DESCRIPTION
                 Geodynamics Research Laboratory            DESCRIPTION
                 University of Warmia and Mazury (GRL/UWM)  DESCRIPTION
                 Oczapowski St. 1                           DESCRIPTION
                 10-957-Olsztyn, POLAND                     DESCRIPTION
                 e-mail:  kand@uwm.edu.pl                   DESCRIPTION
                                                            DESCRIPTION         
  2019    12    21     0     0     0                        EPOCH OF FIRST MAP  
  2019    12    22     0     0     0                        EPOCH OF LAST MAP   
  7200                                                      INTERVAL            
    13                                                      # OF MAPS IN FILE   
  COSZ                                                      MAPPING FUNCTION    
     0.0                                                    ELEVATION CUTOFF    
combined TEC calculated as weighted mean of input TEC valuesOBSERVABLES USED    
   393                                                      # OF STATIONS       
    32                                                      # OF SATELLITES     
  6371.0                                                    BASE RADIUS         
     2                                                      MAP DIMENSION       
   450.0 450.0   0.0                                        HGT1 / HGT2 / DHGT  
    87.5 -87.5  -2.5                                        LAT1 / LAT2 / DLAT  
  -180.0 180.0   5.0                                        LON1 / LON2 / DLON  
    -1                                                      EXPONENT            
TEC values in 0.1 tec units;  9999, if no value available   COMMENT             
DCB values in nanoseconds, reference is Sum_of_SatDCBs = 0  COMMENT             
                                                            END OF HEADER       
[from data line 5148]
    13                                                      START OF TEC MAP    
  2019    12    22     0     0     0                        EPOCH OF CURRENT MAP
    87.5-180.0 180.0   5.0 450.0                            LAT/LON1/LON2/DLON/H
   23   23   23   23   23   23   22   22   22   22   22   22   22   21   21   21
   21   20   20   20   19   19   18   18   18   17   17   17   17   17   17   17
   17   17   17   17   17   17   17   18   18   18   18   19   19   19   19   19
   20   20   20   20   20   20   21   21   21   21   22   22   22   22   22   22
   22   22   23   23   22   23   22   22   23
    85.0-180.0 180.0   5.0 450.0                            LAT/LON1/LON2/DLON/H
   24   24   24   24   24   24   24   24   24   23   23   22   22   22   21   21
   20   20   20   19   18   17   16   15   14   13   13   13   13   13   13   13
   13   13   13   13   13   14   14   15   15   16   16   17   17   18   18   18
   18   19   18   18   18   18   18   19   19   19   20   20   20   20   21   21
   21   21   21   22   22   22   23   23   24
    82.5-180.0 180.0   5.0 450.0                            LAT/LON1/LON2/DLON/H
   23   24   24   24   25   25   25   25   26   26   25   25   24   23   22   21
   20   19   18   17   16   16   14   13   12   11   10    9    9    8    8    9
    9    9    9   10   10   11   11   12   13   14   15   16   16   17   18   18
   18   18   17   17   16   16   16   16   16   17   17   17   18   18   18   19
   19   19   20   20   21   22   22   23   23
    80.0-180.0 180.0   5.0 450.0                            LAT/LON1/LON2/DLON/H
   23   24   24   25   26   26   26   27   27   28   27   27   26   25   23   21
   19   17   16   14   12   12   12   10    9   10   10   10   10    9    9    9
    9    9    9   10   10   10   11   11   12   13   14   15   16   17   17   18
   18   17   17   17   16   15   15   15   14   14   14   14   14   15   15   16
   17   17   19   19   20   21   21   22   23
    77.5-180.0 180.0   5.0 450.0                            LAT/LON1/LON2/DLON/H
   24   25   25   26   26   26   26   27   27   27   26   26   25   23   22   20
   18   17   15   14   13   11   10    9   10    9    9    8    9    9    8    9
    9    9    9    9    9   10   10   11   12   14   15   16   16   17   17   17
   17   17   16   16   15   14   13   13   12   12   12   12   12   12   13   14
   15   16   17   19   20   21   22   23   24
    75.0-180.0 180.0   5.0 450.0                            LAT/LON1/LON2/DLON/H
   26   27   27   27   26   26   26   27   27   26   25   25   25   23   22   21
   19   17   16   14   13   11    9    9    9    9    9    9    9    9    9    9
    9    8    9    9    9    9   10   11   13   15   16   17   18   18   17   17
   16   15   14   14   13   13   12   11   11   10   10   10   10   11   13   14
   16   17   19   20   21   23   24   25   26
    72.5-180.0 180.0   5.0 450.0                            LAT/LON1/LON2/DLON/H
   30   31   30   29   28   28   28   27   26   25   25   25   25   23   21   19
   19   17   15   14   13   11   10    9   10   10   10   10   10   10    9   10
   10    9    9    9   10   10   10   11   13   14   16   17   18   17   17   16
   15   14   14   13   12   12   11   11   10   10    9   10   10   11   13   14
   16   19   21   23   24   27   29   29   30
    70.0-180.0 180.0   5.0 450.0                            LAT/LON1/LON2/DLON/H
   36   36   35   35   33   31   30   29   27   26   26   25   23   22   20   18
   17   16   15   15   13   12   12   11   11   11   10   10   10   11   11   11
   11   11   11   10   10   11   11   10   11   12   14   14   15   16   15   15
   14   13   13   13   12   11   11   11   11   10   10   11   12   13   15   17
   20   22   25   27   30   32   34   36   36
    67.5-180.0 180.0   5.0 450.0                            LAT/LON1/LON2/DLON/H
   44   44   42   41   39   36   34   32   30   28   27   25   23   21   19   18
   16   15   15   15   14   14   13   13   13   12   12   11   11   12   12   12
   12   11   11   10    9    9    9    8    9    9   10   12   13   13   14   14
   13   13   13   12   12   12   12   12   12   13   14   14   15   17   19   22
   25   28   30   34   37   40   42   44   44
    65.0-180.0 180.0   5.0 450.0                            LAT/LON1/LON2/DLON/H
   52   51   50   47   45   42   39   36   34   33   30   27   24   22   20   17
   16   15   15   15   15   15   14   14   13   13   13   13   12   12   12   12
   12   11    9    9    8    8    8    8    7    8    9   10   11   13   13   13
   13   13   13   13   13   14   14   15   15   15   17   18   20   22   26   29
   32   35   38   41   44   47   50   51   52
    62.5-180.0 180.0   5.0 450.0                            LAT/LON1/LON2/DLON/H
   59   58   57   54   51   48   44   42   39   38   35   31   27   24   21   18
   17   16   16   15   16   15   15   14   13   13   14   14   12   11   11   11
   11   10   10    9    8    8    8    8    8    8    9   11   13   14   15   15
   15   14   14   14   15   16   18   18   19   20   22   24   27   29   33   36
   40   43   46   48   51   54   57   58   59
    60.0-180.0 180.0   5.0 450.0                            LAT/LON1/LON2/DLON/H
   65   64   63   60   57   54   50   47   45   43   39   35   31   27   23   20
   19   17   17   17   16   16   15   14   13   12   13   14   12   11   11   11
   11   11   11   11   11   11   10   10   10   11   12   14   16   18   18   18
   17   15   16   17   19   20   21   23   24   26   28   30   34   38   41   45
   48   51   53   55   57   60   62   64   65
    57.5-180.0 180.0   5.0 450.0                            LAT/LON1/LON2/DLON/H
   69   69   68   65   63   59   55   53   50   47   43   40   35   30   27   24
   22   20   20   18   17   16   15   15   13   12   12   13   12   12   12   12
   12   13   14   14   14   14   14   15   15   16   18   20   21   22   21   21
   20   19   19   21   23   24   26   28   29   30   33   36   40   44   49   53
   55   58   59   61   63   64   67   68   69
    55.0-180.0 180.0   5.0 450.0                            LAT/LON1/LON2/DLON/H
   73   73   72   70   68   64   60   57   54   51   48   43   39   35   32   28
   25   24   22   21   19   17   15   15   14   12   13   14   14   14   15   15
   16   17   18   19   21   22   23   24   24   24   25   26   26   26   27   26
   26   25   25   26   27   28   29   33   33   34   36   40   45   51   56   60
   63   64   65   66   67   69   71   72   73
    52.5-180.0 180.0   5.0 450.0                            LAT/LON1/LON2/DLON/H
   77   77   77   75   73   70   66   62   59   55   52   49   45   40   36   33
   30   27   25   23   21   18   16   15   14   14   16   19   19   20   20   20
   22   23   26   27   29   31   32   34   34   33   33   33   33   33   33   33
   32   31   31   31   32   31   32   36   36   36   38   42   47   54   60   64
   67   69   71   71   72   73   75   75   77
    50.0-180.0 180.0   5.0 450.0                            LAT/LON1/LON2/DLON/H
   80   82   82   80   80   76   72   68   64   60   57   54   51   47   42   38
   35   31   30   28   25   23   21   19   19   20   22   26   26   27   28   29
   30   32   35   37   40   41   43   44   43   42   40   40   40   40   40   39
   38   38   36   35   35   35   36   37   38   38   40   45   49   56   62   66
   70   73   74   75   75   76   77   79   80
    47.5-180.0 180.0   5.0 450.0                            LAT/LON1/LON2/DLON/H
   85   87   88   87   87   84   80   75   69   66   63   60   57   53   49   45
   41   38   35   34   32   30   29   27   28   28   31   34   35   35   36   37
   39   41   44   46   49   51   52   52   52   50   48   46   46   46   46   45
   44   43   41   38   37   38   38   38   40   42   44   48   52   58   63   68
   71   75   76   77   78   79   81   83   85
    45.0-180.0 180.0   5.0 450.0                            LAT/LON1/LON2/DLON/H
   89   92   94   94   94   92   88   82   76   72   69   67   64   60   56   52
   48   46   43   42   41   41   41   39   41   41   42   45   44   44   45   46
   47   50   52   53   56   59   60   59   58   55   53   52   51   51   51   51
   49   47   44   41   40   41   41   41   44   46   49   54   57   62   65   69
   73   76   78   80   81   82   84   86   89
    42.5-180.0 180.0   5.0 450.0                            LAT/LON1/LON2/DLON/H
   92   96   98  100  101  100   96   89   83   78   76   74   72   68   64   60
   56   54   52   53   54   55   55   52   53   52   52   53   53   53   53   53
   55   57   58   60   62   63   65   63   61   58   56   54   53   54   55   55
   53   51   48   46   45   44   44   46   48   51   56   60   62   65   68   71
   75   78   80   81   83   85   86   89   92
    40.0-180.0 180.0   5.0 450.0                            LAT/LON1/LON2/DLON/H
   93   97  100  103  105  105  103   96   90   85   82   81   80   76   72   67
   63   62   62   64   67   70   69   67   64   63   62   61   61   60   60   60
   61   62   63   63   64   65   65   65   63   60   57   56   55   57   58   57
   56   54   52   51   49   48   48   50   53   58   63   67   68   70   73   75
   78   80   82   84   86   86   88   90   93
    37.5-180.0 180.0   5.0 450.0                            LAT/LON1/LON2/DLON/H
   93   96  100  104  106  108  107  103   96   91   88   87   86   84   80   75
   71   70   71   74   78   82   82   79   76   72   69   68   67   65   64   64
   64   65   65   64   65   65   65   64   63   61   59   58   59   61   61   59
   58   56   55   54   52   51   52   54   59   65   70   74   76   76   77   79
   82   84   86   87   88   89   90   91   93
    35.0-180.0 180.0   5.0 450.0                            LAT/LON1/LON2/DLON/H
   92   94   97  102  106  109  109  106  101   97   95   94   92   90   87   84
   80   78   78   82   87   91   92   90   84   78   75   73   71   69   68   67
   67   67   66   65   64   64   64   64   64   63   62   61   61   63   63   61
   60   57   56   55   54   53   54   57   63   71   77   81   82   82   82   84
   86   89   91   92   92   93   93   92   92
    32.5-180.0 180.0   5.0 450.0                            LAT/LON1/LON2/DLON/H
   94   93   94   99  103  108  110  108  105  103  101   99   97   95   92   90
   88   85   83   87   92   96   98   94   87   80   76   74   73   72   71   69
   69   69   68   66   65   64   64   64   64   64   63   62   61   61   62   61
   59   57   55   55   54   54   55   58   66   74   81   86   88   87   87   89
   92   95   98   99  100   99   98   96   94
    30.0-180.0 180.0   5.0 450.0                            LAT/LON1/LON2/DLON/H
   99   96   95   98  102  107  111  111  109  108  107  105  102   99   96   94
   92   89   87   89   92   97   97   92   85   79   75   75   75   75   74   72
   71   71   70   68   66   65   65   65   65   65   64   62   60   60   60   58
   56   54   53   53   54   55   55   59   67   76   83   89   92   92   91   94
   99  103  107  109  111  110  107  104   99
    27.5-180.0 180.0   5.0 450.0                            LAT/LON1/LON2/DLON/H
  110  104  100  101  105  110  115  115  114  113  113  112  108  104  100   97
   95   93   90   88   90   94   93   88   81   77   75   77   79   80   78   76
   74   74   72   70   68   67   66   66   66   65   63   60   58   58   58   55
   53   51   51   52   53   54   55   59   66   76   84   90   94   96   96  101
  106  112  118  122  127  125  123  117  110
    25.0-180.0 180.0   5.0 450.0                            LAT/LON1/LON2/DLON/H
  127  118  112  110  112  117  123  124  123  121  121  119  113  109  104  102
   99   96   92   88   87   88   87   83   79   77   77   81   84   86   85   80
   78   77   75   73   71   69   67   66   65   63   61   58   57   56   54   52
   49   47   48   50   52   54   55   58   66   75   83   90   95   99  102  108
  114  122  130  138  142  143  141  135  127
    22.5-180.0 180.0   5.0 450.0                            LAT/LON1/LON2/DLON/H
  146  138  131  126  126  129  135  137  135  133  133  128  120  113  109  106
  104  100   94   88   84   82   81   80   79   80   82   88   91   93   92   86
   82   81   78   75   72   68   66   64   62   60   57   54   52   52   50   48
   45   44   45   48   51   52   54   57   66   75   84   91   96  101  107  114
  121  130  142  153  159  165  159  156  146
    20.0-180.0 180.0   5.0 450.0                            LAT/LON1/LON2/DLON/H
  168  158  154  148  146  148  150  151  150  148  147  139  129  120  114  111
  109  106   98   90   83   81   81   82   85   87   91   97  100  101   99   91
   86   82   78   74   70   67   64   61   60   57   53   49   47   46   45   43
   42   41   42   45   48   50   52   57   66   76   85   93  100  106  113  120
  128  139  152  168  178  186  184  178  168
    17.5-180.0 180.0   5.0 450.0                            LAT/LON1/LON2/DLON/H
  192  184  175  171  170  171  170  168  166  164  161  151  138  127  121  118
  115  111  104   95   88   85   86   90   94   99  102  108  109  109  104   95
   87   83   78   72   68   64   61   59   56   54   50   45   43   42   42   42
   41   40   42   43   46   48   51   57   67   78   88   96  104  112  119  127
  137  147  161  178  193  202  203  198  192
    15.0-180.0 180.0   5.0 450.0                            LAT/LON1/LON2/DLON/H
  208  201  196  196  195  194  189  185  181  179  175  164  150  138  130  126
  122  118  111  103   97   94   96  102  107  111  114  117  116  114  107   97
   88   82   76   70   66   62   59   57   54   52   47   43   41   40   41   41
   41   41   42   43   45   47   50   57   70   81   91  100  109  119  127  135
  145  157  169  182  197  206  210  211  208
    12.5-180.0 180.0   5.0 450.0                            LAT/LON1/LON2/DLON/H
  212  210  208  211  213  211  206  199  195  193  188  176  162  149  141  135
  131  127  122  114  109  106  109  116  120  123  124  124  119  114  107   99
   91   84   76   70   65   61   59   56   54   50   46   43   42   41   42   43
   44   44   43   43   44   46   50   59   72   84   95  105  114  125  134  143
  154  164  176  186  193  201  207  211  212
    10.0-180.0 180.0   5.0 450.0                            LAT/LON1/LON2/DLON/H
  210  211  211  215  220  221  217  211  207  204  198  186  173  162  153  146
  142  138  136  131  127  123  123  127  129  129  129  126  118  111  105   99
   93   85   77   70   66   62   60   58   56   53   49   47   44   44   45   46
   46   46   45   43   43   44   50   61   74   86   98  109  120  131  140  150
  159  171  181  188  193  195  202  205  210
     7.5-180.0 180.0   5.0 450.0                            LAT/LON1/LON2/DLON/H
  206  208  208  212  219  222  220  217  214  211  206  196  184  175  167  159
  154  151  153  153  149  142  137  135  133  130  128  124  115  106  102   99
   94   87   78   72   68   65   64   63   61   58   54   51   49   47   47   48
   48   47   45   43   42   44   51   62   75   88  100  112  123  134  144  154
  164  175  184  190  192  195  200  203  206
     5.0-180.0 180.0   5.0 450.0                            LAT/LON1/LON2/DLON/H
  207  208  208  211  215  218  218  218  218  217  213  205  194  189  180  175
  169  166  173  177  170  159  148  139  132  127  125  119  111  104  101  100
   97   90   82   76   73   71   70   69   68   64   59   56   52   50   49   50
   50   49   46   43   43   45   53   65   77   89  100  112  123  135  146  156
  166  176  185  191  194  198  202  205  207
     2.5-180.0 180.0   5.0 450.0                            LAT/LON1/LON2/DLON/H
  219  217  216  215  216  216  216  218  222  223  219  213  205  202  195  190
  187  184  190  197  188  174  159  145  133  126  121  116  110  105  103  103
  101   94   88   82   79   77   75   74   72   67   63   60   56   53   52   52
   52   51   47   45   44   48   56   67   79   89  100  110  121  132  143  154
  164  176  185  191  196  203  210  215  219
