DORISInput/IGSGIM/2019/igsg3580.19i
     1.0            IONOSPHERE MAPS     MIX                 IONEX VERSION / TYPE
cmpcmb v1.2          GRL/UWM            16-jan-20 11:50     PGM / RUN BY / DATE 
ionex file containing IGS COMBINED Ionosphere maps          COMMENT             
global ionosphere maps for day 358, 2019                    DESCRIPTION         
IONEX file containing the COMBINED IGS TEC MAPS and DCBs    DESCRIPTION         
      IONEX files of the following IAACs were combined: cod DESCRIPTION         
                                                        esa DESCRIPTION         
                                                        jpl DESCRIPTION         
                                                        upc DESCRIPTION         
Contact address: Andrzej Krankowski                         DESCRIPTION
                 Geodynamics Research Laboratory            DESCRIPTION
                 University of Warmia and Mazury (GRL/UWM)  DESCRIPTION
                 Oczapowski St. 1                           DESCRIPTION
                 10-957-Olsztyn, POLAND                     DESCRIPTION
                 e-mail:  kand@uwm.edu.pl                   DESCRIPTION
                                                            DESCRIPTION         
  2019    12    24     0     0     0                        EPOCH OF FIRST MAP  
  2019    12    25     0     0     0                        EPOCH OF LAST MAP   
  7200                                                      INTERVAL            
    13                                                      # OF MAPS IN FILE   
  COSZ                                                      MAPPING FUNCTION    
     0.0                                                    ELEVATION CUTOFF    
combined TEC calculated as weighted mean of input TEC valuesOBSERVABLES USED    
   392                                                      # OF STATIONS       
    32                                                      # OF SATELLITES     
  6371.0                                                    BASE RADIUS         
     2                                                      MAP DIMENSION       
   450.0 450.0   0.0                                        HGT1 / HGT2 / DHGT  
    87.5 -87.5  -2.5                                        LAT1 / LAT2 / DLAT  
  -180.0 180.0   5.0                                        LON1 / LON2 / DLON  
    -1                                                      EXPONENT            
TEC values in 0.1 tec units;  9999, if no value available   COMMENT             
DCB values in nanoseconds, reference is Sum_of_SatDCBs = 0  COMMENT             
                                                            END OF HEADER       
     1                                                      START OF TEC MAP    
  2019    12    24     0     0     0                        EPOCH OF CURRENT MAP
    87.5-180.0 180.0   5.0 450.0                            LAT/LON1/LON2/DLON/H
   13   12   13   12   13   13   13   12   12   12   12   12   11   11   11   10
   10   10   10    9    9    9    9    8    8    8    8    8    8    8    8    8
    8    8    8    8    8    8    8    8    8    8    8    8    8    9    9    9
    9    9   10   10   10   10   10   11   11   11   11   11   11   12   12   12
   12   12   12   12   12   12   13   13   13
    85.0-180.0 180.0   5.0 450.0                            LAT/LON1/LON2/DLON/H
   14   14   14   14   15   15   15   14   15   14   14   14   13   13   12   12
   11   11   10   10    9    9    8    8    7    7    7    7    7    7    7    7
    7    7    7    7    7    8    8    8    8    8    8    8    8    8    9    9
   10   10   10   11   11   11   11   11   11   11   11   11   12   12   12   12
   12   12   13   13   13   14   14   14   14
    82.5-180.0 180.0   5.0 450.0                            LAT/LON1/LON2/DLON/H
   14   15   15   16   16   16   17   16   16   16   16   16   15   15   14   13
   12   11   11   10    9    9    8    7    6    7    7    7    7    7    7    7
    7    7    7    7    7    8    8    8    8    9    9    9    9   10   10   11
   11   11   11   11   12   12   12   12   12   11   11   11   11   11   12   12
   12   13   13   13   13   13   14   14   14
    80.0-180.0 180.0   5.0 450.0                            LAT/LON1/LON2/DLON/H
   13   13   14   15   15   16   17   17   17   18   18   18   18   18   16   15
   14   13   12   11   11    9    8    6    6    6    6    6    6    7    7    7
    7    7    7    7    7    8    8    8    9    9    9   10   11   11   12   12
   12   13   12   12   12   12   12   11   10   10   10   10   10   10   10   10
   11   11   12   12   12   12   12   13   13
    77.5-180.0 180.0   5.0 450.0                            LAT/LON1/LON2/DLON/H
   12   12   13   14   15   16   17   18   19   19   19   19   19   18   17   16
   15   14   12   11   10    8    7    7    7    7    7    7    7    7    7    7
    7    7    7    7    7    8    8    9    9    9   10   11   11   11   12   13
   13   13   13   12   12   12   11   11   10    8    8    8    8    8    8    8
    9    9   10   10   10   11   11   11   12
    75.0-180.0 180.0   5.0 450.0                            LAT/LON1/LON2/DLON/H
   13   14   14   15   16   17   18   18   19   19   20   20   19   18   18   18
   16   15   13   12   10    9    8    8    8    8    7    7    7    7    7    8
    8    7    8    8    8    8    8    9    9   10   10   11   12   12   13   13
   13   12   12   12   11   11   10   10    9    8    7    7    7    7    7    8
    8    8    9    9   10   11   11   12   13
    72.5-180.0 180.0   5.0 450.0                            LAT/LON1/LON2/DLON/H
   18   18   18   19   19   19   19   20   20   20   20   19   19   18   17   16
   15   14   13   12   11   11   10    9    8    8    8    8    8    8    8    9
    9   10   10   10   10    9    9    9    9   10   10   10   11   11   12   12
   12   12   12   12   11   11   10    9    9    8    7    7    7    7    7    8
    8    9   10   11   12   14   15   16   18
    70.0-180.0 180.0   5.0 450.0                            LAT/LON1/LON2/DLON/H
   24   25   25   24   23   22   22   22   20   20   20   19   18   16   16   16
   15   14   13   13   13   13   12   11   11   10   10    9    9   10   10   11
   12   13   13   13   12   10   10    9   10    9    9    9   10   10   10   11
   11   11   12   12   12   11   11   11   11   10   10    9    8    8    8    9
   10   12   13   16   17   20   22   23   24
    67.5-180.0 180.0   5.0 450.0                            LAT/LON1/LON2/DLON/H
   33   33   32   31   30   27   26   24   22   21   21   19   17   16   15   15
   13   13   13   13   14   14   14   14   14   13   13   12   12   12   13   13
   14   15   14   13   13   11   10    9    8    9    9    9    9    9    9   10
   11   11   11   12   13   14   14   15   15   14   13   13   12   12   13   14
   16   18   20   23   25   28   30   32   33
    65.0-180.0 180.0   5.0 450.0                            LAT/LON1/LON2/DLON/H
   42   42   41   39   36   34   31   29   26   24   23   20   18   17   15   13
   12   13   13   13   14   15   16   16   16   15   15   14   12   12   13   13
   14   14   13   12   12   11    9    9    9    9   10   10   11   10   11   11
   12   12   13   15   16   18   19   20   20   18   17   17   18   18   19   21
   24   26   28   30   33   36   38   41   42
    62.5-180.0 180.0   5.0 450.0                            LAT/LON1/LON2/DLON/H
   50   50   50   47   43   40   36   33   30   28   25   23   20   18   16   14
   13   13   13   13   14   14   16   16   16   15   14   12   11   11   11   12
   12   12   12   12   11   11   10   10   11   12   14   15   16   16   16   15
   15   16   18   20   22   23   24   25   24   23   21   22   23   24   26   29
   32   34   35   37   40   43   46   48   50
    60.0-180.0 180.0   5.0 450.0                            LAT/LON1/LON2/DLON/H
   56   57   56   53   49   46   42   38   34   31   29   26   24   21   19   16
   15   14   13   13   13   14   14   15   15   14   13   12   11   10   10   11
   12   12   13   13   13   14   14   15   16   19   21   23   24   24   24   23
   22   22   23   25   27   28   30   30   29   28   27   26   28   30   33   36
   39   41   42   43   45   48   50   54   56
    57.5-180.0 180.0   5.0 450.0                            LAT/LON1/LON2/DLON/H
   59   60   60   58   55   51   46   42   38   35   33   31   29   25   23   20
   17   16   15   14   14   14   14   14   14   14   13   12   11   11   11   11
   13   15   16   17   17   19   20   22   25   28   31   34   34   34   34   33
   31   30   31   31   32   34   34   34   33   32   31   32   33   36   40   43
   46   48   48   49   50   52   54   57   59
    55.0-180.0 180.0   5.0 450.0                            LAT/LON1/LON2/DLON/H
   61   62   62   61   58   55   51   47   43   40   38   36   34   30   28   24
   21   20   18   16   16   15   14   14   14   14   14   15   14   14   14   15
   17   19   22   24   25   26   28   31   35   39   42   45   46   46   45   44
   41   39   38   38   38   38   38   38   37   36   35   36   38   42   46   50
   52   54   54   54   56   57   58   60   61
    52.5-180.0 180.0   5.0 450.0                            LAT/LON1/LON2/DLON/H
   65   65   65   64   62   59   55   52   49   45   43   41   39   36   33   29
   26   24   21   19   18   18   16   16   17   17   18   19   19   21   21   23
   24   26   29   31   33   35   37   40   44   49   53   56   58   59   57   54
   51   48   46   44   42   42   41   40   39   38   38   39   42   46   50   55
   58   59   60   60   61   62   63   64   65
    50.0-180.0 180.0   5.0 450.0                            LAT/LON1/LON2/DLON/H
   71   70   70   68   66   63   60   57   54   51   49   47   45   42   38   35
   32   28   26   24   23   22   21   21   21   23   25   27   28   30   30   31
   33   35   37   39   41   43   46   49   53   57   62   64   67   68   66   64
   60   56   52   49   46   44   43   41   41   41   40   41   45   50   54   59
   62   63   65   66   66   67   69   70   71
    47.5-180.0 180.0   5.0 450.0                            LAT/LON1/LON2/DLON/H
   77   77   76   74   72   68   65   63   59   57   55   54   52   48   44   40
   37   34   31   30   29   29   28   29   31   33   36   38   39   40   40   40
   41   43   45   46   48   50   53   56   60   64   68   71   73   74   72   69
   66   61   56   52   48   45   43   42   41   42   43   45   48   53   58   62
   65   67   69   71   72   73   75   77   77
    45.0-180.0 180.0   5.0 450.0                            LAT/LON1/LON2/DLON/H
   84   84   83   81   78   75   71   68   65   63   61   60   58   55   50   46
   42   38   36   36   36   38   39   40   43   45   48   50   50   50   48   47
   48   49   51   53   54   56   58   61   65   68   71   73   75   76   75   72
   69   65   59   54   50   47   45   43   43   44   46   49   53   57   61   64
   68   70   73   76   78   79   82   83   84
    42.5-180.0 180.0   5.0 450.0                            LAT/LON1/LON2/DLON/H
   90   91   89   87   84   81   77   74   71   69   68   67   65   60   56   51
   47   43   42   43   45   47   50   52   55   58   60   60   60   58   56   54
   54   54   55   57   58   59   61   64   67   69   72   74   75   76   76   74
   71   67   62   58   53   49   47   46   46   48   51   55   57   61   65   68
   71   73   76   79   82   85   87   89   90
    40.0-180.0 180.0   5.0 450.0                            LAT/LON1/LON2/DLON/H
   96   96   94   92   89   86   83   80   78   76   75   74   72   67   61   56
   51   48   47   49   52   56   60   63   67   68   69   68   66   63   60   59
   57   58   59   59   60   61   62   64   67   69   71   73   74   76   77   75
   73   70   65   60   56   51   48   48   50   54   58   61   64   67   69   72
   73   75   78   82   85   89   92   94   96
    37.5-180.0 180.0   5.0 450.0                            LAT/LON1/LON2/DLON/H
   99   99   97   94   92   90   87   84   83   82   82   80   77   73   67   61
   56   52   52   54   59   64   68   72   75   76   74   72   68   65   63   62
   60   60   60   61   61   61   62   63   65   68   70   72   74   75   77   76
   73   70   66   62   57   52   49   50   54   59   64   68   71   73   74   76
   78   79   81   83   87   91   96   98   99
    35.0-180.0 180.0   5.0 450.0                            LAT/LON1/LON2/DLON/H
  102  101   99   96   93   91   88   87   86   87   87   86   83   79   73   67
   61   56   56   59   63   69   74   78   80   79   76   72   69   67   65   63
   62   62   62   63   62   62   62   63   65   67   70   73   75   76   76   74
   72   69   66   62   57   53   51   52   57   64   70   75   77   79   80   82
   83   85   86   87   90   95  100  102  102
    32.5-180.0 180.0   5.0 450.0                            LAT/LON1/LON2/DLON/H
  107  104  101   97   94   91   89   88   88   89   90   89   88   84   79   73
   66   61   60   62   66   71   76   79   80   78   75   71   68   66   65   64
   65   65   65   65   65   63   63   64   66   68   71   74   75   76   75   71
   68   66   64   61   56   53   51   53   59   67   74   80   84   85   86   87
   89   92   93   93   96  100  105  108  107
    30.0-180.0 180.0   5.0 450.0                            LAT/LON1/LON2/DLON/H
  114  111  105   99   95   92   90   89   90   91   91   91   90   87   83   78
   72   66   64   65   67   70   74   76   77   75   72   68   66   65   65   66
   67   68   69   69   68   66   65   65   66   69   71   73   74   73   71   67
   64   62   60   58   55   53   51   53   59   68   77   84   89   91   92   94
   97  102  104  103  106  109  115  117  114
    27.5-180.0 180.0   5.0 450.0                            LAT/LON1/LON2/DLON/H
  125  119  112  106  101   97   93   91   91   93   93   92   91   88   85   81
   76   70   67   66   67   68   69   70   71   71   68   66   65   66   67   69
   70   72   73   72   71   68   66   66   67   69   70   70   70   68   65   61
   58   56   55   54   52   50   49   51   58   69   79   87   93   96   99  101
  106  112  117  119  121  124  129  130  125
    25.0-180.0 180.0   5.0 450.0                            LAT/LON1/LON2/DLON/H
  139  132  125  120  113  106   99   96   95   95   95   93   91   89   86   83
   78   73   69   67   67   65   64   64   66   66   66   65   68   71   73   75
   74   76   76   75   74   70   68   66   67   67   66   65   64   62   58   54
   51   49   48   48   47   46   45   49   57   70   81   90   97  102  105  110
  116  125  132  137  139  142  148  148  139
    22.5-180.0 180.0   5.0 450.0                            LAT/LON1/LON2/DLON/H
  162  152  146  139  132  124  114  107  103  101   99   95   92   90   87   85
   80   75   71   68   66   64   62   63   64   66   68   70   75   79   81   81
   79   78   78   76   75   71   68   66   65   62   60   59   57   55   50   46
   44   42   42   42   42   41   41   46   57   70   82   92  100  106  111  119
  128  139  147  153  157  162  171  172  162
    20.0-180.0 180.0   5.0 450.0                            LAT/LON1/LON2/DLON/H
  187  177  168  162  157  148  135  124  115  110  105   99   95   92   89   87
   82   77   73   70   68   67   65   67   69   73   77   81   85   89   88   85
   81   79   78   76   75   71   68   65   61   58   54   51   49   47   43   39
   37   36   37   38   38   37   38   45   57   70   82   93  102  110  118  127
  139  152  162  169  175  183  191  193  187
    17.5-180.0 180.0   5.0 450.0                            LAT/LON1/LON2/DLON/H
  205  195  190  187  186  178  161  145  130  121  113  106  101   96   93   90
   85   81   76   74   72   72   73   75   79   84   89   93   96   96   92   85
   81   79   77   75   74   69   66   62   58   53   47   44   41   39   37   34
   33   33   34   35   35   35   38   46   59   72   85   96  106  115  126  137
  149  163  174  181  189  197  203  208  205
    15.0-180.0 180.0   5.0 450.0                            LAT/LON1/LON2/DLON/H
  213  208  204  207  212  206  186  165  146  133  123  115  108  102   98   95
   90   86   82   80   79   79   81   85   91   96  102  104  105  101   93   84
   79   76   75   72   71   66   63   59   55   50   44   39   36   34   33   33
   32   32   34   34   34   35   39   49   63   76   89   99  110  121  133  146
  159  171  181  189  196  203  208  213  213
    12.5-180.0 180.0   5.0 450.0                            LAT/LON1/LON2/DLON/H
  213  212  212  222  232  231  212  185  165  148  136  127  118  111  106  101
   95   90   87   87   88   90   92   96  102  107  110  111  109  102   92   83
   77   74   72   70   69   64   61   58   54   49   42   37   33   33   33   33
   33   33   35   34   34   35   41   52   66   80   92  102  112  126  139  152
  166  176  186  194  199  205  208  211  213
    10.0-180.0 180.0   5.0 450.0                            LAT/LON1/LON2/DLON/H
  207  209  213  224  241  245  229  203  182  164  150  139  130  122  116  108
  101   94   92   94   96  100  103  107  110  113  114  114  109  101   90   81
   75   73   72   71   70   66   62   59   56   51   44   37   34   33   34   34
   34   34   35   34   33   35   41   53   69   83   94  104  115  128  143  156
  170  180  189  197  201  204  205  206  207
     7.5-180.0 180.0   5.0 450.0                            LAT/LON1/LON2/DLON/H
  202  204  209  222  239  248  238  215  195  178  164  153  143  135  127  118
  109  102  100  101  103  108  113  116  116  116  115  112  106   99   89   80
   77   76   77   76   75   71   66   63   60   55   48   40   36   35   35   36
   36   36   35   34   33   35   42   55   71   85   95  105  116  129  144  159
  172  182  191  198  201  202  202  201  202
     5.0-180.0 180.0   5.0 450.0                            LAT/LON1/LON2/DLON/H
  201  204  210  220  235  243  238  221  205  191  179  167  157  149  140  131
  121  113  109  109  111  116  124  125  122  118  113  109  103   99   91   84
   83   84   87   87   85   78   73   68   64   59   52   45   41   39   39   40
   40   38   37   34   33   36   44   58   74   87   96  105  115  129  145  160
  171  182  193  199  202  202  201  200  201
     2.5-180.0 180.0   5.0 450.0                            LAT/LON1/LON2/DLON/H
  208  211  215  224  234  240  237  226  213  200  191  180  169  161  152  145
  134  126  120  119  122  126  130  130  126  120  113  108  106  103   99   93
   94   96   99   98   95   87   79   72   67   63   57   51   47   46   46   47
   45   42   38   35   34   38   47   61   76   87   96  104  114  127  142  157
  170  182  194  202  205  206  206  206  208
