DORISInput/IGSGIM/2019/igsg3440.19i
     1.0            IONOSPHERE MAPS     MIX                 IONEX VERSION / TYPE
cmpcmb v1.2          GRL/UWM            27-dec-19 12:25     PGM / RUN BY / DATE 
ionex file containing IGS COMBINED Ionosphere maps          COMMENT             
global ionosphere maps for day 344, 2019                    DESCRIPTION         
IONEX file containing the COMBINED IGS TEC MAPS and DCBs    DESCRIPTION         
      IONEX files of the following IAACs were combined: cod DESCRIPTION         
                                                        esa DESCRIPTION         
                                                        jpl DESCRIPTION         
                                                        upc DESCRIPTION         
Contact address: Andrzej Krankowski                         DESCRIPTION
                 Geodynamics Research Laboratory            DESCRIPTION
                 University of Warmia and Mazury (GRL/UWM)  DESCRIPTION
                 Oczapowski St. 1                           DESCRIPTION
                 10-957-Olsztyn, POLAND                     DESCRIPTION
                 e-mail:  kand@uwm.edu.pl                   DESCRIPTION
                                                            DESCRIPTION         
  2019    12    10     0     0     0                        EPOCH OF FIRST MAP  
  2019    12    11     0     0     0                        EPOCH OF LAST MAP   
  7200                                                      INTERVAL            
    13                                                      # OF MAPS IN FILE   
  COSZ                                                      MAPPING FUNCTION    
     0.0                                                    ELEVATION CUTOFF    
combined TEC calculated as weighted mean of input TEC valuesOBSERVABLES USED    
   401                                                      # OF STATIONS       
    32                                                      # OF SATELLITES     
  6371.0                                                    BASE RADIUS         
     2                                                      MAP DIMENSION       
   450.0 450.0   0.0                                        HGT1 / HGT2 / DHGT  
    87.5 -87.5  -2.5                                        LAT1 / LAT2 / DLAT  
  -180.0 180.0   5.0                                        LON1 / LON2 / DLON  
    -1                                                      EXPONENT            
TEC values in 0.1 tec units;  9999, if no value available   COMMENT             
DCB values in nanoseconds, reference is Sum_of_SatDCBs = 0  COMMENT             
                                                            END OF HEADER       
[from data line 2145]
     6                                                      START OF TEC MAP    
  2019    12    10    10     0     0                        EPOCH OF CURRENT MAP
    87.5-180.0 180.0   5.0 450.0                            LAT/LON1/LON2/DLON/H
   35   35   35   34   34   34   34   33   33   32   32   31   31   30   30   29
   29   28   28   27   27   26   25   25   25   25   25   25   25   25   26   25
   26   26   26   27   27   27   27   27   27   28   28   28   28   29   29   29
   29   29   29   30   30   30   31   31   32   32   32   33   33   33   34   34
   34   34   35   35   35   35   35   35   35
    85.0-180.0 180.0   5.0 450.0                            LAT/LON1/LON2/DLON/H
   36   36   36   36   35   35   35   33   33   31   30   29   28   26   25   24
   23   22   22   21   20   20   19   19   19   19   19   19   20   20   21   21
   22   22   22   23   23   24   24   24   24   25   25   25   26   26   26   26
   26   26   27   27   27   27   28   28   29   30   30   31   31   32   32   33
   33   34   35   35   35   36   36   36   36
    82.5-180.0 180.0   5.0 450.0                            LAT/LON1/LON2/DLON/H
   36   37   36   36   36   35   34   33   31   30   28   27   24   23   21   20
   18   17   16   15   14   13   13   13   14   15   15   14   15   16   16   17
   18   19   19   20   21   21   22   22   22   23   23   23   23   23   23   22
   22   22   22   22   22   22   23   23   24   25   26   26   26   27   28   29
   30   30   32   33   34   35   36   36   36
    80.0-180.0 180.0   5.0 450.0                            LAT/LON1/LON2/DLON/H
   33   34   35   35   35   34   34   33   31   29   27   24   22   19   16   15
   13   11   10   10   10   10    9   10   10   10   10   10   11   12   13   14
   16   17   18   19   20   20   20   20   20   20   21   21   20   20   20   19
   18   18   18   18   18   18   18   18   18   19   20   20   20   21   22   23
   24   25   27   29   30   30   32   32   33
    77.5-180.0 180.0   5.0 450.0                            LAT/LON1/LON2/DLON/H
   30   31   32   33   33   33   32   31   30   27   25   21   19   16   14   12
   10    9    9    8    7    8    8    8    9    9   10   11   11   11   12   13
   15   17   18   18   19   20   21   21   20   20   20   20   20   19   19   18
   17   16   15   15   14   14   14   14   14   14   15   15   15   16   16   17
   18   19   21   21   23   24   26   28   30
    75.0-180.0 180.0   5.0 450.0                            LAT/LON1/LON2/DLON/H
   25   26   27   29   29   30   30   29   27   25   23   21   18   15   12   11
    9    9    8    9    9   10   10   11   11   11   12   13   14   15   15   15
   16   17   18   20   20   21   21   22   22   23   22   22   21   21   20   19
   18   17   16   15   14   13   12   13   12   12   12   12   12   11   12   13
   13   14   14   15   16   18   21   23   25
    72.5-180.0 180.0   5.0 450.0                            LAT/LON1/LON2/DLON/H
   20   22   24   25   26   27   28   26   26   24   22   19   16   14   12   11
   11   10   11   13   13   14   15   15   16   15   16   16   15   15   16   16
   17   18   20   21   22   24   24   25   26   26   27   26   26   25   24   23
   22   20   19   17   16   15   14   13   13   12   12   12   11   11   11   11
   11   11   12   12   13   14   16   18   20
    70.0-180.0 180.0   5.0 450.0                            LAT/LON1/LON2/DLON/H
   17   19   20   21   23   24   25   25   24   23   21   19   16   14   13   12
   12   13   15   16   17   19   20   21   21   20   19   18   17   16   17   18
   18   20   22   24   25   26   28   29   29   30   31   31   31   31   31   30
   29   27   25   22   21   19   18   18   16   15   15   15   14   13   12   11
   11   10   11   11   11   12   13   14   17
    67.5-180.0 180.0   5.0 450.0                            LAT/LON1/LON2/DLON/H
   16   17   19   20   21   22   23   23   23   22   20   19   17   15   14   14
   15   15   17   19   21   23   24   24   24   22   21   18   17   16   17   18
   20   22   25   27   28   30   31   32   33   34   36   37   38   38   39   39
   37   35   32   29   27   25   23   22   21   20   20   19   19   17   15   14
   12   12   11   11   11   12   12   14   16
    65.0-180.0 180.0   5.0 450.0                            LAT/LON1/LON2/DLON/H
   18   19   20   20   21   21   21   22   22   22   21   19   17   16   15   15
   15   16   18   20   22   24   24   23   23   21   19   16   14   14   16   19
   22   25   28   30   32   33   34   35   37   39   41   43   45   46   47   47
   46   43   40   37   33   30   27   25   24   23   23   23   23   22   21   19
   17   16   15   16   16   16   16   17   18
    62.5-180.0 180.0   5.0 450.0                            LAT/LON1/LON2/DLON/H
   23   23   23   22   22   21   21   22   22   22   21   19   18   17   16   15
   16   16   18   20   21   21   21   20   19   17   15   14   12   13   17   20
   24   29   32   35   36   37   38   39   41   43   45   48   50   52   54   55
   54   51   48   43   38   34   31   28   26   25   26   27   27   26   26   24
   23   22   22   23   23   23   23   23   23
    60.0-180.0 180.0   5.0 450.0                            LAT/LON1/LON2/DLON/H
   29   28   27   26   25   23   23   23   23   22   21   20   19   17   16   16
   15   16   16   17   17   17   17   16   14   13   12   11   11   14   17   23
   28   34   37   40   41   42   42   43   45   46   49   52   55   58   60   61
   60   57   53   48   43   38   34   31   29   28   28   30   31   31   31   31
   31   30   31   31   31   30   30   30   29
    57.5-180.0 180.0   5.0 450.0                            LAT/LON1/LON2/DLON/H
   36   34   33   31   30   28   27   26   25   25   23   22   20   18   17   15
   15   15   14   14   14   13   13   13   11   11   12   11   12   16   21   27
   33   39   44   46   47   47   48   49   50   51   54   57   60   63   65   65
   64   61   57   52   47   42   38   34   32   31   32   32   34   36   37   39
   39   39   39   39   39   39   39   38   36
    55.0-180.0 180.0   5.0 450.0                            LAT/LON1/LON2/DLON/H
   44   41   40   39   37   35   33   31   30   28   27   25   22   20   18   16
   16   15   13   13   13   12   11   11   11   10   12   13   16   21   27   33
   39   45   50   52   53   54   55   56   56   58   60   62   65   67   69   70
   68   65   61   57   52   48   43   39   37   36   35   36   38   41   43   45
   45   46   46   46   46   47   47   46   44
    52.5-180.0 180.0   5.0 450.0                            LAT/LON1/LON2/DLON/H
   51   49   48   47   45   42   40   39   36   34   32   30   27   24   23   21
   19   18   15   14   13   13   13   13   12   14   15   18   23   28   34   40
   46   52   56   58   59   61   63   64   65   65   66   67   69   72   73   74
   73   71   67   64   59   55   50   46   43   41   40   41   43   44   46   49
   51   51   51   52   52   52   53   52   51
    50.0-180.0 180.0   5.0 450.0                            LAT/LON1/LON2/DLON/H
   56   55   54   54   53   51   48   46   43   41   39   37   34   31   28   27
   25   23   21   19   18   18   18   17   18   19   23   27   32   37   41   47
   53   57   61   63   65   68   71   74   75   75   75   75   76   78   78   78
   77   76   73   71   67   64   59   55   51   48   46   46   46   46   48   50
   53   54   54   55   56   56   57   57   56
    47.5-180.0 180.0   5.0 450.0                            LAT/LON1/LON2/DLON/H
   59   59   59   60   60   57   55   52   49   47   45   43   42   39   36   35
   33   31   30   29   28   28   28   28   29   31   33   38   43   47   49   54
   58   62   65   67   70   75   79   82   85   85   84   84   84   83   83   82
   80   79   77   76   74   71   67   63   59   55   52   50   49   49   49   51
   53   55   56   57   57   57   58   59   59
    45.0-180.0 180.0   5.0 450.0                            LAT/LON1/LON2/DLON/H
   59   60   62   63   64   63   61   58   54   52   50   50   49   47   44   43
   42   41   40   41   40   41   41   42   42   44   46   49   53   56   57   59
   61   65   68   71   75   81   86   91   94   95   94   93   91   90   88   87
   85   83   82   82   81   78   75   71   66   62   59   56   54   54   53   54
   56   57   57   58   57   56   56   57   59
    42.5-180.0 180.0   5.0 450.0                            LAT/LON1/LON2/DLON/H
   57   59   61   63   65   64   63   61   58   56   56   56   54   53   51   50
   50   50   51   53   54   55   56   56   56   57   58   60   62   63   64   65
   66   68   71   75   80   86   92   97  101  103  102  101   99   96   94   92
   89   88   87   87   86   85   82   77   72   68   64   61   59   59   58   58
   59   60   60   59   58   57   56   56   57
    40.0-180.0 180.0   5.0 450.0                            LAT/LON1/LON2/DLON/H
   56   57   58   61   63   63   62   61   59   59   60   60   60   59   58   56
   58   60   62   64   66   66   67   67   67   67   67   69   70   71   70   70
   71   73   76   79   84   90   97  103  107  108  109  108  106  103  100   98
   95   93   92   92   91   89   86   82   76   72   68   65   63   63   63   63
   63   63   62   61   59   58   57   56   56
    37.5-180.0 180.0   5.0 450.0                            LAT/LON1/LON2/DLON/H
   55   54   55   56   58   59   59   59   59   60   62   64   65   65   64   63
   64   66   70   73   74   74   75   75   75   75   75   76   77   78   77   77
   78   80   82   85   90   96  102  108  111  114  114  114  112  109  106  104
  100   97   95   94   93   92   89   86   80   75   71   68   66   67   68   68
   68   67   65   63   61   59   59   57   55
    35.0-180.0 180.0   5.0 450.0                            LAT/LON1/LON2/DLON/H
   56   54   53   52   53   53   53   55   56   59   64   67   70   70   70   69
   69   71   75   78   79   80   80   79   78   78   80   81   83   83   84   84
   86   88   91   94   98  103  107  113  116  118  119  119  118  116  113  110
  106  102   99   97   95   94   91   88   84   79   74   70   70   70   72   73
   72   71   68   66   64   62   60   58   56
    32.5-180.0 180.0   5.0 450.0                            LAT/LON1/LON2/DLON/H
   57   54   51   49   49   49   49   50   53   56   63   68   71   73   74   74
   73   74   77   79   81   82   82   79   79   78   80   83   86   89   90   93
   96   99  102  106  108  112  115  119  123  125  126  126  125  123  121  119
  114  109  105  102  100   97   96   93   88   84   79   75   74   75   76   76
   76   74   71   68   65   64   62   60   57
    30.0-180.0 180.0   5.0 450.0                            LAT/LON1/LON2/DLON/H
   58   55   51   48   47   47   47   47   50   54   59   65   70   73   75   76
   75   75   76   78   80   81   80   79   77   76   78   84   89   92   96  101
  107  113  116  120  121  123  125  129  132  135  136  135  134  133  132  129
  124  120  116  111  109  106  104  101   96   91   87   84   81   80   80   79
   78   75   71   67   65   64   64   62   58
    27.5-180.0 180.0   5.0 450.0                            LAT/LON1/LON2/DLON/H
   60   57   53   49   48   47   46   46   48   51   56   61   67   70   73   74
   73   72   72   75   76   76   75   74   74   73   76   83   90   96  103  109
  118  127  134  137  137  137  138  141  143  145  148  148  147  147  146  143
  138  134  131  126  122  118  116  113  109  104   99   94   90   87   84   82
   79   75   70   66   64   64   64   63   60
    25.0-180.0 180.0   5.0 450.0                            LAT/LON1/LON2/DLON/H
   62   58   55   52   51   49   48   47   48   51   54   59   63   67   70   70
   69   68   67   69   70   69   69   70   69   69   74   82   91  100  109  119
  130  142  152  156  156  152  152  153  156  159  162  163  165  164  163  159
  155  151  148  144  137  132  130  128  125  121  114  108  101   96   90   85
   80   75   70   66   64   64   65   64   62
    22.5-180.0 180.0   5.0 450.0                            LAT/LON1/LON2/DLON/H
   63   60   58   56   54   53   52   51   50   52   53   57   61   64   66   66
   66   64   63   64   64   64   65   65   66   67   72   80   91  103  115  128
  142  157  169  177  178  169  167  167  169  172  177  182  186  185  183  178
  173  170  166  162  155  148  146  145  144  139  132  124  115  107   97   90
   83   77   71   66   64   63   64   64   63
    20.0-180.0 180.0   5.0 450.0                            LAT/LON1/LON2/DLON/H
   63   61   60   59   58   57   56   55   55   54   54   55   58   61   63   63
   62   62   61   60   60   62   63   64   65   67   71   80   91  105  119  134
  153  169  184  194  196  187  182  181  183  187  193  200  206  207  205  197
  194  189  185  180  173  166  165  164  164  159  151  141  130  119  107   97
   87   79   73   68   65   64   64   64   63
    17.5-180.0 180.0   5.0 450.0                            LAT/LON1/LON2/DLON/H
   63   62   61   61   61   60   60   60   59   58   56   55   56   58   60   61
   60   60   59   59   59   61   63   64   66   69   73   80   92  107  122  141
  162  180  194  203  204  198  194  193  195  201  209  217  222  225  223  218
  212  207  201  196  190  187  184  184  183  179  171  159  146  132  117  104
   92   83   77   71   69   67   66   64   63
    15.0-180.0 180.0   5.0 450.0                            LAT/LON1/LON2/DLON/H
   64   63   62   62   62   62   61   62   62   60   57   55   55   57   57   58
   58   59   59   59   60   61   63   65   67   70   75   82   95  110  127  147
  169  187  200  206  207  204  202  203  205  210  219  228  234  237  235  231
  224  219  214  210  205  202  200  200  199  195  187  176  162  145  127  111
   98   88   82   78   74   71   68   66   64
    12.5-180.0 180.0   5.0 450.0                            LAT/LON1/LON2/DLON/H
   65   63   62   62   61   61   61   62   63   61   59   56   55   56   56   55
   56   57   58   59   60   60   62   65   68   72   76   84   98  115  132  151
  172  190  202  206  208  207  208  210  213  217  225  234  241  242  241  237
  231  227  223  219  215  212  210  209  207  203  196  186  172  154  135  118
  104   95   90   86   82   78   73   68   65
    10.0-180.0 180.0   5.0 450.0                            LAT/LON1/LON2/DLON/H
   67   64   62   61   59   58   59   61   62   62   59   57   55   55   54   53
   54   55   56   58   59   59   61   64   68   72   77   87  101  118  135  154
  173  190  199  203  207  209  211  215  217  221  227  235  240  241  240  238
  235  231  228  223  219  215  213  212  210  207  200  190  176  158  140  123
  110  102   97   94   89   84   77   72   67
     7.5-180.0 180.0   5.0 450.0                            LAT/LON1/LON2/DLON/H
   71   66   62   59   56   55   56   58   60   61   59   57   55   54   53   52
   52   53   55   57   58   58   60   63   68   73   80   90  105  122  138  156
  173  187  196  201  206  210  215  218  221  223  228  233  237  238  239  238
  236  234  230  226  221  217  214  212  211  208  201  192  179  162  143  126
  114  106  102   99   95   89   81   75   71
     5.0-180.0 180.0   5.0 450.0                            LAT/LON1/LON2/DLON/H
   73   68   62   57   53   51   51   53   57   58   58   56   54   53   53   52
   51   53   54   56   57   58   60   63   69   75   83   94  109  125  141  157
  172  184  193  200  207  213  219  223  225  226  230  233  236  238  240  240
  241  239  236  230  225  219  215  212  211  209  203  194  184  168  149  132
  118  109  105  101   97   91   85   79   73
     2.5-180.0 180.0   5.0 450.0                            LAT/LON1/LON2/DLON/H
   75   70   63   57   51   48   47   49   52   54   54   53   52   52   52   51
   51   52   53   55   56   57   59   64   70   78   87   99  113  128  143  157
  169  180  190  199  208  216  224  229  230  232  235  236  239  243  247  248
  250  249  245  240  233  225  219  216  214  212  208  202  191  177  158  141
  125  114  107  101   97   92   87   81   75
