DORISInput/IGSGIM/2019/igsg3580.19i
     1.0            IONOSPHERE MAPS     MIX                 IONEX VERSION / TYPE
cmpcmb v1.2          GRL/UWM            16-jan-20 11:50     PGM / RUN BY / DATE 
ionex file containing IGS COMBINED Ionosphere maps          COMMENT             
global ionosphere maps for day 358, 2019                    DESCRIPTION         
IONEX file containing the COMBINED IGS TEC MAPS and DCBs    DESCRIPTION         
      IONEX files of the following IAACs were combined: cod DESCRIPTION         
                                                        esa DESCRIPTION         
                                                        jpl DESCRIPTION         
                                                        upc DESCRIPTION         
Contact address: Andrzej Krankowski                         DESCRIPTION
                 Geodynamics Research Laboratory            DESCRIPTION
                 University of Warmia and Mazury (GRL/UWM)  DESCRIPTION
                 Oczapowski St. 1                           DESCRIPTION
                 10-957-Olsztyn, POLAND                     DESCRIPTION
                 e-mail:  kand@uwm.edu.pl                   DESCRIPTION
                                                            DESCRIPTION         
  2019    12    24     0     0     0                        EPOCH OF FIRST MAP  
  2019    12    25     0     0     0                        EPOCH OF LAST MAP   
  7200                                                      INTERVAL            
    13                                                      # OF MAPS IN FILE   
  COSZ                                                      MAPPING FUNCTION    
     0.0                                                    ELEVATION CUTOFF    
combined TEC calculated as weighted mean of input TEC valuesOBSERVABLES USED    
   392                                                      # OF STATIONS       
    32                                                      # OF SATELLITES     
  6371.0                                                    BASE RADIUS         
     2                                                      MAP DIMENSION       
   450.0 450.0   0.0                                        HGT1 / HGT2 / DHGT  
    87.5 -87.5  -2.5                                        LAT1 / LAT2 / DLAT  
  -180.0 180.0   5.0                                        LON1 / LON2 / DLON  
    -1                                                      EXPONENT            
TEC values in 0.1 tec units;  9999, if no value available   COMMENT             
DCB values in nanoseconds, reference is Sum_of_SatDCBs = 0  COMMENT             
                                                            END OF HEADER       
[from data line 4290]
    11                                                      START OF TEC MAP    
  2019    12    24    20     0     0                        EPOCH OF CURRENT MAP
    87.5-180.0 180.0   5.0 450.0                            LAT/LON1/LON2/DLON/H
   17   18   18   18   18   18   18   17   18   17   17   17   17   17   16   15
   15   15   14   14   14   13   13   12   12   11   11   11   11   11   10   10
   10   10    9    9    9    9    9    9    9    9    9   10   10   10   10   10
   11   11   11   11   12   12   12   13   13   13   13   14   14   14   15   15
   15   15   16   16   16   17   17   17   17
    85.0-180.0 180.0   5.0 450.0                            LAT/LON1/LON2/DLON/H
   20   20   20   20   20   20   20   20   20   19   19   19   19   18   17   17
   16   16   15   14   13   12   11   10   10   10    9    9    8    8    8    8
    8    8    8    8    8    8    8    8    8    8    8    9    9    9    9    9
    9    9    9   10   10   11   11   12   12   13   13   14   14   15   15   16
   16   17   17   18   18   19   19   20   20
    82.5-180.0 180.0   5.0 450.0                            LAT/LON1/LON2/DLON/H
   19   19   20   20   21   21   22   21   21   21   21   21   20   20   19   18
   17   16   15   14   13   12   11   10    9    8    8    7    7    8    8    8
    7    7    7    8    8    8    7    8    7    7    7    7    7    7    9    9
    9    9    9    9    9   10   10   11   12   12   13   13   14   15   15   16
   16   16   17   17   18   18   18   18   19
    80.0-180.0 180.0   5.0 450.0                            LAT/LON1/LON2/DLON/H
   16   17   17   18   18   19   20   20   20   21   21   22   22   21   20   19
   18   16   15   14   13   12   11    9    8    7    7    7    7    7    7    7
    7    8    8    8    8    7    7    7    7    7    7    6    6    7    7    7
    7    8    9    8    8    9    9   10   11   11   12   12   13   14   14   14
   14   14   15   15   15   15   15   16   16
    77.5-180.0 180.0   5.0 450.0                            LAT/LON1/LON2/DLON/H
   12   13   13   13   15   15   17   18   19   21   22   22   22   22   21   20
   19   17   15   14   13   12   11   10    8    8    7    7    7    7    7    8
    8    8    8    8    8    8    7    7    7    6    6    6    7    7    7    7
    7    7    8    8    8    8    8    8    9    9   10   11   11   11   12   12
   12   12   12   11   12   12   12   12   12
    75.0-180.0 180.0   5.0 450.0                            LAT/LON1/LON2/DLON/H
   10   11   10   11   12   13   14   16   18   20   22   23   24   25   25   24
   23   21   19   16   14   13   11   10    9    8    8    8    8    8    8    8
    8    8    8    8    7    7    7    6    6    6    6    7    7    7    7    7
    7    7    7    8    7    7    7    7    7    8    8    9    9    9   10   10
    9   10   10   10   10   10   10   11   10
    72.5-180.0 180.0   5.0 450.0                            LAT/LON1/LON2/DLON/H
    9   10   10   11   11   12   13   15   18   20   23   24   26   27   28   28
   27   25   22   20   18   15   13   11   10    8    8    8    8    9    9    9
    8    8    8    8    7    7    7    7    7    6    6    6    6    7    7    7
    7    7    7    7    7    6    6    6    6    7    7    8    8    8    9    9
    8    8    8    9    9    9    9    9    9
    70.0-180.0 180.0   5.0 450.0                            LAT/LON1/LON2/DLON/H
    9   10   11   12   13   14   15   17   19   22   24   27   30   31   32   32
   30   29   27   25   23   20   16   14   12   10    9    8    9    9    9    9
    9    9    9    9    8    7    7    7    7    7    7    6    7    7    7    7
    7    7    7    7    7    7    7    7    7    7    8    8    8    9    9    9
    9    8    8    8    8    8    8    9    9
    67.5-180.0 180.0   5.0 450.0                            LAT/LON1/LON2/DLON/H
   11   13   15   16   17   18   19   21   23   26   29   31   34   36   36   36
   36   34   33   30   27   24   21   19   16   14   12   10   11   11   10   10
   10   10   10    9    8    7    7    7    7    7    7    7    8    8    9    9
    9    9    9    9    9    9    9   10   10   10   10   10   11   12   12   12
   11   11   10   10    9   10   10   11   11
    65.0-180.0 180.0   5.0 450.0                            LAT/LON1/LON2/DLON/H
   16   18   21   23   24   25   26   27   29   31   34   37   39   41   41   41
   41   40   38   36   33   30   27   24   21   18   15   14   13   13   12   11
   11   10    9    8    8    7    7    7    7    7    8    9   10   11   12   14
   14   14   14   13   13   13   14   15   15   15   15   15   15   15   16   17
   17   16   15   14   14   14   14   15   16
    62.5-180.0 180.0   5.0 450.0                            LAT/LON1/LON2/DLON/H
   23   26   31   33   34   35   35   35   36   38   40   42   44   46   46   46
   47   46   45   42   39   36   33   29   25   22   19   16   15   15   13   12
   11   10    9    9    8    8    8    8    8    9   10   12   15   16   18   19
   19   19   19   18   18   18   18   20   20   20   21   21   21   21   21   22
   22   21   20   20   19   19   19   21   23
    60.0-180.0 180.0   5.0 450.0                            LAT/LON1/LON2/DLON/H
   29   34   39   43   45   45   44   44   44   45   46   48   49   50   51   52
   51   51   51   48   45   41   38   34   30   26   22   19   17   16   15   14
   13   12   10   10   10    9   10   10   11   13   16   19   22   24   24   25
   25   25   24   23   23   24   24   25   26   26   27   28   28   28   28   28
   28   27   26   25   24   23   23   26   29
    57.5-180.0 180.0   5.0 450.0                            LAT/LON1/LON2/DLON/H
   35   40   45   52   55   54   54   52   52   51   52   53   54   54   56   56
   57   56   55   54   50   47   43   38   34   31   26   22   19   18   17   16
   15   15   14   14   13   12   13   15   18   21   25   28   31   31   31   31
   31   31   30   30   30   31   31   32   32   32   33   35   35   36   35   36
   36   35   33   31   29   27   27   30   35
    55.0-180.0 180.0   5.0 450.0                            LAT/LON1/LON2/DLON/H
   38   43   51   58   62   62   62   60   59   58   57   57   58   58   59   60
   60   61   60   58   54   51   47   43   39   35   31   27   23   22   21   19
   19   19   19   19   20   20   21   24   27   31   34   37   39   39   39   38
   38   37   37   37   37   37   38   38   39   40   41   42   43   42   42   42
   42   41   39   36   33   31   31   33   38
    52.5-180.0 180.0   5.0 450.0                            LAT/LON1/LON2/DLON/H
   39   45   54   62   67   69   69   67   66   64   63   62   61   62   62   63
   64   64   63   62   58   55   52   48   44   40   36   32   28   27   26   25
   25   25   26   27   28   29   31   34   37   41   44   46   48   47   47   46
   45   43   43   43   43   43   44   44   45   46   48   49   48   48   47   47
   46   45   43   40   37   34   33   34   39
    50.0-180.0 180.0   5.0 450.0                            LAT/LON1/LON2/DLON/H
   40   47   56   64   69   73   75   74   72   70   68   67   66   65   66   66
   67   67   66   64   62   59   57   54   50   47   42   39   36   34   32   31
   31   32   34   35   37   39   42   44   47   51   53   55   56   55   53   51
   50   49   49   48   48   47   47   47   49   50   52   53   52   51   50   48
   47   46   45   42   39   36   35   36   40
    47.5-180.0 180.0   5.0 450.0                            LAT/LON1/LON2/DLON/H
   42   48   57   65   71   76   78   79   78   77   75   74   72   71   70   71
   71   71   70   68   67   65   64   62   59   56   51   48   44   41   38   37
   37   39   41   43   46   48   51   54   57   59   61   62   62   60   57   55
   54   53   53   53   52   50   49   49   50   51   53   55   55   53   51   48
   46   46   44   42   40   39   37   38   42
    45.0-180.0 180.0   5.0 450.0                            LAT/LON1/LON2/DLON/H
   44   51   58   65   72   77   81   83   84   84   83   81   80   78   77   77
   77   76   75   74   73   73   72   71   69   65   61   56   52   47   44   42
   43   45   48   51   54   57   60   62   64   65   66   66   66   63   60   59
   58   57   57   57   55   53   51   50   51   52   54   54   54   53   51   48
   46   45   44   42   41   40   40   41   44
    42.5-180.0 180.0   5.0 450.0                            LAT/LON1/LON2/DLON/H
   48   53   59   66   73   78   82   86   89   90   90   90   88   86   85   84
   83   83   81   81   81   81   81   80   79   75   69   63   58   52   48   47
   48   50   53   57   60   63   65   67   68   69   68   68   68   65   63   62
   61   61   61   60   59   56   53   52   52   53   54   54   54   52   50   48
   47   45   44   43   42   43   44   45   48
    40.0-180.0 180.0   5.0 450.0                            LAT/LON1/LON2/DLON/H
   53   57   61   66   73   79   84   89   93   96   98   97   97   95   94   92
   91   90   89   89   90   90   89   89   87   82   76   69   62   56   53   51
   52   54   58   61   65   67   68   69   70   70   69   69   68   66   65   65
   64   64   64   63   60   57   55   53   53   54   54   54   54   52   50   48
   47   47   46   45   44   46   48   50   53
    37.5-180.0 180.0   5.0 450.0                            LAT/LON1/LON2/DLON/H
   59   61   64   68   73   78   85   90   96  101  104  106  107  105  103  101
   99   98   97   98   98   98   97   96   94   88   81   73   65   60   57   55
   56   58   62   65   68   69   70   70   71   71   70   69   68   68   67   67
   67   66   65   63   60   57   55   53   52   53   54   54   54   52   50   49
   48   48   47   46   47   49   52   56   59
    35.0-180.0 180.0   5.0 450.0                            LAT/LON1/LON2/DLON/H
   65   67   68   70   73   79   84   91   97  104  110  114  116  115  113  110
  107  106  105  105  105  104  103  101   98   92   85   76   68   62   59   59
   60   63   66   69   71   71   72   71   71   72   71   70   69   69   69   67
   67   66   65   62   59   57   55   53   53   53   53   54   54   53   51   51
   50   49   49   48   49   51   57   62   65
    32.5-180.0 180.0   5.0 450.0                            LAT/LON1/LON2/DLON/H
   71   72   73   73   76   80   85   91   97  104  112  119  122  124  122  118
  115  113  112  111  110  108  107  104   99   94   87   79   71   65   63   64
   66   69   71   73   74   74   73   72   73   74   73   71   70   69   68   67
   66   64   62   60   58   57   56   55   54   54   54   54   54   54   53   52
   52   51   50   49   50   54   61   68   71
    30.0-180.0 180.0   5.0 450.0                            LAT/LON1/LON2/DLON/H
   77   79   78   78   79   82   86   91   96  103  111  120  126  129  128  124
  121  119  118  116  114  111  108  104   99   95   90   84   76   71   70   71
   73   76   78   79   78   77   75   74   75   76   74   72   69   67   66   65
   64   61   59   58   57   56   56   56   55   54   54   55   55   55   54   54
   53   51   49   49   50   57   65   73   77
    27.5-180.0 180.0   5.0 450.0                            LAT/LON1/LON2/DLON/H
   84   87   86   84   84   86   89   92   96  102  109  118  126  130  130  127
  123  122  122  120  116  112  108  104  100   98   95   90   84   80   79   80
   83   84   85   85   83   81   78   78   78   77   74   72   69   65   63   62
   60   57   55   54   54   55   55   55   54   54   55   55   55   55   55   54
   53   50   48   48   51   57   68   78   84
    25.0-180.0 180.0   5.0 450.0                            LAT/LON1/LON2/DLON/H
   91   94   94   92   91   92   94   95   97  101  107  116  125  129  130  126
  124  123  124  122  118  114  109  105  103  103  103  100   94   91   91   91
   92   92   93   91   88   84   81   81   79   76   73   70   66   61   60   58
   56   53   50   50   51   52   53   52   52   53   54   54   55   55   55   53
   52   49   47   47   50   58   69   82   91
    22.5-180.0 180.0   5.0 450.0                            LAT/LON1/LON2/DLON/H
   95  101  102  101  101  101  101  101  101  103  107  115  123  128  129  127
  124  125  125  124  121  116  112  110  111  114  115  112  108  105  104  103
  101  100   98   96   92   87   84   82   79   74   70   66   61   57   55   53
   52   49   46   46   48   49   50   50   50   52   53   53   53   53   52   51
   49   46   45   46   51   59   71   84   95
    20.0-180.0 180.0   5.0 450.0                            LAT/LON1/LON2/DLON/H
   98  106  110  111  110  111  110  110  109  108  110  116  123  127  129  127
  126  127  128  128  126  123  121  122  125  130  132  129  127  122  118  113
  111  108  104   99   94   89   84   81   76   71   66   61   55   51   49   48
   48   46   44   44   45   46   47   48   49   49   50   50   49   49   49   48
   46   44   43   46   53   62   74   86   98
    17.5-180.0 180.0   5.0 450.0                            LAT/LON1/LON2/DLON/H
  101  109  116  120  121  121  121  121  119  118  118  121  126  129  130  130
  129  132  133  134  134  134  135  139  144  150  152  148  145  139  131  124
  119  114  107  100   94   88   83   77   72   67   61   55   49   45   44   44
   44   43   44   44   44   44   45   46   47   47   47   47   46   45   45   44
   43   42   43   47   56   66   78   89  101
    15.0-180.0 180.0   5.0 450.0                            LAT/LON1/LON2/DLON/H
  104  115  123  129  130  131  132  133  132  130  129  131  133  135  135  135
  136  138  140  143  145  148  152  159  165  170  170  167  160  152  143  135
  126  116  107   98   91   85   79   73   67   62   56   50   45   41   40   40
   41   43   44   44   44   44   44   45   46   46   45   44   43   42   41   41
   40   40   43   50   60   71   83   94  104
    12.5-180.0 180.0   5.0 450.0                            LAT/LON1/LON2/DLON/H
  110  120  130  137  140  141  144  146  146  145  144  143  143  144  144  143
  144  145  147  151  156  162  170  179  185  187  185  178  170  162  154  142
  131  119  107   96   89   83   76   68   63   58   53   47   42   39   38   39
   41   44   44   44   44   43   43   44   45   44   43   41   40   39   38   38
   38   40   45   54   65   77   88   98  110
    10.0-180.0 180.0   5.0 450.0                            LAT/LON1/LON2/DLON/H
  114  124  135  143  148  152  156  158  159  160  158  157  156  155  155  153
  153  152  154  156  163  174  184  194  201  199  192  183  174  167  159  148
  136  121  108   97   89   83   77   69   63   58   53   46   41   39   38   38
   41   43   44   44   43   42   42   43   43   42   40   39   38   37   36   36
   37   40   47   57   70   82   93  103  114
     7.5-180.0 180.0   5.0 450.0                            LAT/LON1/LON2/DLON/H
  118  129  140  149  155  161  166  171  173  173  172  171  169  168  167  165
  162  160  160  162  170  184  196  205  209  204  194  183  175  170  163  153
  141  126  112  101   93   88   81   74   67   61   55   49   44   41   40   40
   42   44   44   44   42   42   42   42   43   42   39   38   38   38   37   36
   37   40   48   60   74   86   97  108  118
     5.0-180.0 180.0   5.0 450.0                            LAT/LON1/LON2/DLON/H
  121  133  145  155  162  169  175  180  182  184  184  184  182  181  181  178
  174  170  167  170  179  192  204  212  213  205  194  183  176  173  168  160
  149  134  121  110  102   95   89   82   74   67   60   54   49   47   46   46
   45   46   45   44   43   42   43   44   44   43   41   40   40   41   40   39
   38   42   50   63   76   89   99  110  121
     2.5-180.0 180.0   5.0 450.0                            LAT/LON1/LON2/DLON/H
  123  136  149  161  169  176  181  186  189  191  193  193  193  193  194  191
  187  182  178  180  187  199  211  217  215  206  195  186  181  179  175  169
  158  144  131  120  111  104   98   90   82   73   68   63   59   57   56   55
   53   50   48   46   45   44   46   47   48   45   43   42   43   44   43   41
   41   45   53   64   77   89  100  111  123
