DORISInput/IGSGIM/2019/igsg3340.19i
     1.0            IONOSPHERE MAPS     MIX                 IONEX VERSION / TYPE
cmpcmb v1.2          GRL/UWM            20-dec-19 09:48     PGM / RUN BY / DATE 
ionex file containing IGS COMBINED Ionosphere maps          COMMENT             
global ionosphere maps for day 334, 2019                    DESCRIPTION         
IONEX file containing the COMBINED IGS TEC MAPS and DCBs    DESCRIPTION         
      IONEX files of the following IAACs were combined: cod DESCRIPTION         
                                                        esa DESCRIPTION         
                                                        jpl DESCRIPTION         
                                                        upc DESCRIPTION         
Contact address: Andrzej Krankowski                         DESCRIPTION
                 Geodynamics Research Laboratory            DESCRIPTION
                 University of Warmia and Mazury (GRL/UWM)  DESCRIPTION
                 Oczapowski St. 1                           DESCRIPTION
                 10-957-Olsztyn, POLAND                     DESCRIPTION
                 e-mail:  kand@uwm.edu.pl                   DESCRIPTION
                                                            DESCRIPTION         
  2019    11    30     0     0     0                        EPOCH OF FIRST MAP  
  2019    12     1     0     0     0                        EPOCH OF LAST MAP   
  7200                                                      INTERVAL            
    13                                                      # OF MAPS IN FILE   
  COSZ                                                      MAPPING FUNCTION    
     0.0                                                    ELEVATION CUTOFF    
combined TEC calculated as weighted mean of input TEC valuesOBSERVABLES USED    
   396                                                      # OF STATIONS       
    32                                                      # OF SATELLITES     
  6371.0                                                    BASE RADIUS         
     2                                                      MAP DIMENSION       
   450.0 450.0   0.0                                        HGT1 / HGT2 / DHGT  
    87.5 -87.5  -2.5                                        LAT1 / LAT2 / DLAT  
  -180.0 180.0   5.0                                        LON1 / LON2 / DLON  
    -1                                                      EXPONENT            
TEC values in 0.1 tec units;  9999, if no value available   COMMENT             
DCB values in nanoseconds, reference is Sum_of_SatDCBs = 0  COMMENT             
                                                            END OF HEADER       
[from data line 3003]
     8                                                      START OF TEC MAP    
  2019    11    30    14     0     0                        EPOCH OF CURRENT MAP
    87.5-180.0 180.0   5.0 450.0                            LAT/LON1/LON2/DLON/H
   19   18   18   18   18   18   18   17   17   17   17   17   17   17   18   18
   18   18   18   18   18   18   18   18   19   19   19   19   19   19   19   19
   20   20   20   20   21   21   21   21   21   21   21   21   22   21   22   22
   22   22   22   22   22   22   22   22   22   22   22   22   22   21   21   21
   21   20   20   20   20   20   19   19   19
    85.0-180.0 180.0   5.0 450.0                            LAT/LON1/LON2/DLON/H
   18   17   17   17   16   16   16   16   16   15   15   15   16   16   16   16
   17   17   18   18   18   18   19   19   19   20   20   20   20   21   21   21
   21   21   21   22   22   22   22   23   23   23   23   23   23   24   25   25
   25   25   25   26   26   26   26   26   26   26   26   26   25   25   24   24
   23   23   23   22   21   20   19   18   18
    82.5-180.0 180.0   5.0 450.0                            LAT/LON1/LON2/DLON/H
   17   17   16   16   15   15   15   14   15   15   15   15   16   16   16   17
   17   17   17   18   18   19   20   20   20   20   20   21   21   22   23   24
   24   24   25   25   25   24   24   23   23   23   24   24   24   24   25   25
   26   27   28   28   29   29   29   30   29   30   30   30   29   29   28   27
   27   25   24   23   22   20   19   18   17
    80.0-180.0 180.0   5.0 450.0                            LAT/LON1/LON2/DLON/H
   17   16   16   15   14   14   14   14   14   15   16   17   17   18   18   18
   18   18   18   19   19   19   20   21   21   22   22   22   23   24   24   24
   24   25   25   25   25   25   25   25   24   23   23   23   23   23   24   24
   25   27   28   29   29   30   31   31   32   32   32   33   33   32   31   30
   28   27   26   25   23   22   20   19   17
    77.5-180.0 180.0   5.0 450.0                            LAT/LON1/LON2/DLON/H
   18   16   15   14   14   14   14   15   16   17   18   18   19   20   21   20
   20   20   21   20   20   21   21   20   21   22   23   25   25   26   27   27
   27   28   28   28   27   26   25   24   23   22   20   19   19   20   20   22
   22   23   25   27   28   30   31   32   32   33   34   33   33   33   32   31
   30   29   28   26   25   23   21   19   18
    75.0-180.0 180.0   5.0 450.0                            LAT/LON1/LON2/DLON/H
   18   16   15   14   14   14   15   16   17   18   19   21   22   22   23   23
   23   24   23   23   24   23   24   24   24   25   26   26   27   27   29   30
   31   31   30   29   29   27   25   23   21   19   18   16   16   15   16   17
   19   20   21   23   25   26   28   29   30   31   32   32   32   31   31   30
   30   29   28   27   26   24   22   20   18
    72.5-180.0 180.0   5.0 450.0                            LAT/LON1/LON2/DLON/H
   19   17   15   15   15   15   16   17   18   20   21   23   24   25   25   25
   26   26   25   27   26   26   27   27   27   29   30   29   29   30   31   32
   33   34   33   32   30   28   26   23   20   18   16   15   13   12   13   13
   15   16   17   19   20   21   23   25   26   27   27   27   28   29   28   29
   29   29   28   27   26   25   23   21   19
    70.0-180.0 180.0   5.0 450.0                            LAT/LON1/LON2/DLON/H
   20   18   16   16   16   16   16   17   18   20   22   23   25   25   25   26
   26   26   26   27   28   28   29   30   31   32   33   34   32   32   33   34
   35   36   36   34   33   30   27   24   21   18   16   14   13   11   11   11
   12   13   15   16   17   18   19   20   21   21   22   22   23   25   26   27
   28   28   28   27   26   25   24   21   20
    67.5-180.0 180.0   5.0 450.0                            LAT/LON1/LON2/DLON/H
   22   20   19   18   18   17   17   17   18   19   21   22   22   23   23   23
   24   24   25   26   28   30   31   33   34   35   37   37   35   35   36   36
   37   37   37   37   35   32   29   26   23   20   18   16   14   13   12   12
   12   13   14   15   15   16   16   17   18   18   18   19   20   21   23   25
   26   27   28   28   27   26   25   24   22
    65.0-180.0 180.0   5.0 450.0                            LAT/LON1/LON2/DLON/H
   25   24   23   22   20   19   19   19   18   18   18   18   19   19   19   19
   19   21   22   24   28   31   33   36   38   39   40   41   40   39   39   39
   39   40   40   38   37   34   31   27   25   23   21   19   18   16   15   15
   14   15   16   16   16   15   16   17   17   17   17   18   19   20   21   23
   25   27   28   28   28   27   26   25   25
    62.5-180.0 180.0   5.0 450.0                            LAT/LON1/LON2/DLON/H
   28   27   27   26   24   23   21   20   18   17   16   15   15   15   14   14
   15   17   19   22   27   32   35   39   41   43   45   46   44   44   43   42
   43   43   42   41   39   36   32   30   27   26   25   24   23   22   20   19
   18   19   20   19   19   18   18   18   19   18   18   18   20   21   22   24
   26   27   28   28   29   28   28   28   28
    60.0-180.0 180.0   5.0 450.0                            LAT/LON1/LON2/DLON/H
   31   32   33   32   30   28   26   23   20   17   16   14   13   12   11   11
   12   15   18   22   27   32   38   42   45   47   49   50   50   49   48   47
   47   47   45   43   41   37   34   32   31   31   30   30   29   28   27   25
   24   23   23   23   23   22   21   20   21   21   21   22   24   25   26   27
   29   30   30   30   30   29   30   30   31
    57.5-180.0 180.0   5.0 450.0                            LAT/LON1/LON2/DLON/H
   34   36   39   39   37   35   32   28   24   20   17   15   13   12   12   11
   13   15   19   24   29   35   40   45   48   52   54   56   55   55   55   54
   53   52   50   47   44   41   39   37   36   35   36   37   36   34   33   31
   30   28   27   27   27   27   26   26   26   26   27   29   31   31   32   33
   33   33   33   32   31   31   32   32   34
    55.0-180.0 180.0   5.0 450.0                            LAT/LON1/LON2/DLON/H
   38   41   44   45   45   43   39   35   31   26   23   19   16   15   14   14
   16   19   22   27   33   38   43   47   51   55   59   61   62   62   62   61
   60   58   55   52   49   46   44   42   41   42   42   43   42   41   39   37
   35   34   33   33   34   34   35   35   35   36   37   38   39   39   39   38
   38   37   36   35   34   34   33   35   38
    52.5-180.0 180.0   5.0 450.0                            LAT/LON1/LON2/DLON/H
   41   45   48   51   52   50   48   43   40   35   31   26   23   20   19   19
   22   25   29   33   38   43   47   51   55   59   63   66   68   70   69   68
   66   63   61   58   56   54   52   50   49   48   49   49   48   47   45   43
   42   42   41   42   44   45   47   48   48   48   49   49   48   47   45   43
   41   40   39   38   36   36   36   38   41
    50.0-180.0 180.0   5.0 450.0                            LAT/LON1/LON2/DLON/H
   44   48   52   55   57   57   56   53   49   46   41   37   32   28   26   27
   29   33   37   41   44   48   52   56   60   64   69   73   75   77   76   75
   71   69   66   65   63   62   60   59   58   57   56   55   55   54   51   49
   49   50   51   54   56   59   61   62   63   62   61   59   57   55   51   48
   45   43   42   40   38   38   39   41   44
    47.5-180.0 180.0   5.0 450.0                            LAT/LON1/LON2/DLON/H
   46   50   55   59   61   62   62   61   59   57   54   49   43   37   34   35
   37   42   45   49   52   55   59   62   66   70   75   79   81   82   81   78
   75   73   71   70   70   70   71   70   68   67   64   63   62   60   57   56
   56   57   60   63   67   71   75   78   78   76   72   69   66   62   57   53
   49   46   44   42   40   40   41   42   46
    45.0-180.0 180.0   5.0 450.0                            LAT/LON1/LON2/DLON/H
   47   51   55   59   63   65   65   67   67   67   66   60   54   47   43   43
   46   50   54   58   60   64   67   70   74   78   81   85   86   85   83   81
   78   76   76   76   78   79   81   81   80   76   73   70   68   66   64   63
   62   64   67   71   77   81   86   88   89   87   83   79   74   68   62   56
   51   48   46   44   43   42   43   44   47
    42.5-180.0 180.0   5.0 450.0                            LAT/LON1/LON2/DLON/H
   47   50   53   58   62   65   67   70   73   75   74   70   63   55   51   50
   53   59   63   66   69   72   76   79   83   85   87   88   88   86   83   81
   80   79   81   82   85   88   91   92   91   87   81   78   75   73   70   70
   70   72   75   79   84   90   93   95   96   95   91   86   80   73   65   59
   53   50   48   47   46   45   45   45   47
    40.0-180.0 180.0   5.0 450.0                            LAT/LON1/LON2/DLON/H
   46   48   51   55   59   62   65   69   75   79   80   76   69   62   57   57
   61   66   71   74   77   80   84   87   90   92   91   91   89   86   85   84
   83   85   87   89   93   97  100  102  101   96   91   86   82   79   77   77
   77   78   81   85   90   94   97   99  101   99   96   91   84   75   67   61
   55   51   50   48   48   47   46   46   46
    37.5-180.0 180.0   5.0 450.0                            LAT/LON1/LON2/DLON/H
   46   47   48   51   55   58   62   67   73   79   82   80   74   67   64   64
   67   73   77   81   84   87   92   94   96   96   94   93   91   88   88   88
   90   94   97  100  103  107  110  112  111  106  100   95   90   86   84   82
   81   81   82   86   90   93   97   99  101   99   97   92   85   76   68   62
   57   53   51   49   49   48   46   46   46
    35.0-180.0 180.0   5.0 450.0                            LAT/LON1/LON2/DLON/H
   44   45   46   48   51   54   57   62   69   76   80   80   77   72   70   71
   74   78   82   87   90   94   98  100  100   99   96   95   94   93   95   98
  102  108  111  113  115  117  121  122  121  115  109  103   99   94   90   86
   82   81   81   83   87   90   93   94   96   96   95   91   84   76   69   62
   58   54   52   50   49   47   46   45   44
    32.5-180.0 180.0   5.0 450.0                            LAT/LON1/LON2/DLON/H
   43   43   44   46   48   50   52   57   63   70   76   78   77   76   75   77
   80   83   87   91   95  100  103  104  102  100   98   98   99  101  106  113
  121  127  130  131  130  129  131  133  130  124  117  112  107  101   95   89
   83   79   78   80   83   86   87   89   90   91   91   87   82   75   68   62
   58   55   52   50   48   47   46   44   43
    30.0-180.0 180.0   5.0 450.0                            LAT/LON1/LON2/DLON/H
   43   42   43   44   45   47   48   52   57   63   69   73   76   78   80   83
   85   88   91   95  100  103  105  105  102  101  101  103  107  112  122  134
  144  152  154  153  147  142  142  142  138  132  126  122  115  108  100   92
   84   79   78   80   82   83   84   85   86   86   86   84   80   74   68   63
   58   55   52   50   48   47   45   44   43
    27.5-180.0 180.0   5.0 450.0                            LAT/LON1/LON2/DLON/H
   44   43   44   44   44   45   46   48   52   57   62   68   73   78   84   87
   90   93   96  100  103  105  106  105  103  104  107  113  120  130  143  159
  172  181  181  175  164  157  152  150  145  140  136  130  123  115  106   95
   86   80   79   80   81   82   81   81   82   81   81   81   78   72   67   62
   58   56   53   50   48   46   45   44   44
    25.0-180.0 180.0   5.0 450.0                            LAT/LON1/LON2/DLON/H
   45   45   45   45   45   45   46   46   48   52   56   62   69   77   85   91
   94   97  100  104  106  108  108  106  106  109  117  127  139  153  171  187
  205  210  210  195  182  170  162  157  152  147  144  139  132  123  113  101
   91   84   81   81   80   81   79   78   77   76   77   77   75   71   66   62
   58   56   54   52   49   47   45   45   45
    22.5-180.0 180.0   5.0 450.0                            LAT/LON1/LON2/DLON/H
   46   46   46   46   47   47   46   46   46   48   51   57   64   75   85   93
   97  101  104  108  109  110  110  110  113  119  132  146  161  178  200  215
  230  234  228  214  196  180  171  165  160  155  151  146  140  132  122  109
   98   91   87   85   84   83   81   78   75   74   74   73   72   69   65   61
   58   56   54   52   49   48   46   46   46
    20.0-180.0 180.0   5.0 450.0                            LAT/LON1/LON2/DLON/H
   47   46   46   46   47   48   48   46   45   45   48   52   61   72   84   94
   99  103  107  111  113  113  115  118  123  134  150  168  185  202  220  234
  244  246  238  227  209  190  180  173  167  161  157  154  149  142  132  121
  110  103   97   94   92   90   87   83   77   74   73   71   70   68   64   60
   57   55   54   53   50   48   47   46   47
    17.5-180.0 180.0   5.0 450.0                            LAT/LON1/LON2/DLON/H
   47   46   45   44   45   46   47   46   44   44   46   50   59   71   85   94
  101  105  110  114  117  119  123  129  139  153  172  190  210  222  235  245
  252  250  241  230  214  197  186  179  174  169  165  162  159  154  147  135
  126  119  112  107  104  100   97   91   84   79   76   74   72   68   64   60
   56   54   53   52   51   49   48   47   47
    15.0-180.0 180.0   5.0 450.0                            LAT/LON1/LON2/DLON/H
   47   46   44   43   43   44   45   45   44   44   45   50   58   72   85   95
  102  108  114  119  122  127  134  144  157  174  194  212  226  237  245  251
  253  247  236  225  212  199  191  185  181  177  174  172  170  168  162  151
  144  135  126  119  114  110  107  100   93   86   81   77   74   71   66   61
   56   54   53   52   52   51   49   48   47
    12.5-180.0 180.0   5.0 450.0                            LAT/LON1/LON2/DLON/H
   47   45   43   41   41   41   42   43   43   43   45   50   59   72   85   95
  103  111  118  125  130  136  146  160  176  194  213  227  236  243  247  250
  247  237  227  218  208  200  195  192  189  187  184  182  181  180  176  167
  159  150  137  128  122  118  114  108  100   93   86   81   77   72   68   63
   57   54   53   53   53   52   50   48   47
    10.0-180.0 180.0   5.0 450.0                            LAT/LON1/LON2/DLON/H
   47   45   41   39   38   38   38   39   41   42   45   51   61   74   86   96
  105  114  123  130  137  148  161  177  194  213  228  235  239  241  242  241
  235  227  218  213  207  204  202  200  198  196  194  193  191  189  186  179
  170  159  144  133  127  123  119  113  106   99   92   86   80   75   70   64
   58   54   53   53   53   53   52   49   47
     7.5-180.0 180.0   5.0 450.0                            LAT/LON1/LON2/DLON/H
   47   44   40   37   35   35   35   36   38   40   45   52   62   75   88   98
  108  117  126  135  146  159  175  193  211  226  237  238  236  236  235  230
  224  219  216  213  211  211  212  211  208  206  203  201  198  195  190  184
  175  161  146  134  127  123  120  116  111  105   99   92   85   79   74   67
   61   56   54   53   54   54   52   50   47
     5.0-180.0 180.0   5.0 450.0                            LAT/LON1/LON2/DLON/H
   48   44   40   36   33   32   32   33   35   38   44   51   62   76   89  100
  110  120  130  142  155  171  189  208  223  232  236  234  232  231  231  226
  223  222  221  222  222  223  223  221  218  215  210  206  201  195  190  185
  175  161  145  133  126  123  121  118  115  112  105   99   93   86   79   72
   65   59   56   56   56   55   53   51   48
     2.5-180.0 180.0   5.0 450.0                            LAT/LON1/LON2/DLON/H
   49   46   40   36   33   31   31   31   32   36   42   51   62   76   90  103
  113  124  135  149  164  182  201  221  234  236  232  230  228  229  232  231
  231  232  236  238  238  237  236  232  227  221  215  208  200  193  187  181
  172  159  144  132  126  123  122  121  120  118  112  106  101   93   85   78
   70   64   61   58   58   56   54   52   49
