DORISInput/IGSGIM/2019/igsg3480.19i
     1.0            IONOSPHERE MAPS     MIX                 IONEX VERSION / TYPE
cmpcmb v1.2          GRL/UWM            27-dec-19 12:48     PGM / RUN BY / DATE 
ionex file containing IGS COMBINED Ionosphere maps          COMMENT             
global ionosphere maps for day 348, 2019                    DESCRIPTION         
IONEX file containing the COMBINED IGS TEC MAPS and DCBs    DESCRIPTION         
      IONEX files of the following IAACs were combined: cod DESCRIPTION         
                                                        esa DESCRIPTION         
                                                        jpl DESCRIPTION         
                                                        upc DESCRIPTION         
Contact address: Andrzej Krankowski                         DESCRIPTION
                 Geodynamics Research Laboratory            DESCRIPTION
                 University of Warmia and Mazury (GRL/UWM)  DESCRIPTION
                 Oczapowski St. 1                           DESCRIPTION
                 10-957-Olsztyn, POLAND                     DESCRIPTION
                 e-mail:  kand@uwm.edu.pl                   DESCRIPTION
                                                            DESCRIPTION         
  2019    12    14     0     0     0                        EPOCH OF FIRST MAP  
  2019    12    15     0     0     0                        EPOCH OF LAST MAP   
  7200                                                      INTERVAL            
    13                                                      # OF MAPS IN FILE   
  COSZ                                                      MAPPING FUNCTION    
     0.0                                                    ELEVATION CUTOFF    
combined TEC calculated as weighted mean of input TEC valuesOBSERVABLES USED    
   394                                                      # OF STATIONS       
    32                                                      # OF SATELLITES     
  6371.0                                                    BASE RADIUS         
     2                                                      MAP DIMENSION       
   450.0 450.0   0.0                                        HGT1 / HGT2 / DHGT  
    87.5 -87.5  -2.5                                        LAT1 / LAT2 / DLAT  
  -180.0 180.0   5.0                                        LON1 / LON2 / DLON  
    -1                                                      EXPONENT            
TEC values in 0.1 tec units;  9999, if no value available   COMMENT             
DCB values in nanoseconds, reference is Sum_of_SatDCBs = 0  COMMENT             
                                                            END OF HEADER       
[from data line 429]
     2                                                      START OF TEC MAP    
  2019    12    14     2     0     0                        EPOCH OF CURRENT MAP
    87.5-180.0 180.0   5.0 450.0                            LAT/LON1/LON2/DLON/H
   17   17   17   17   18   17   17   17   17   17   17   17   17   16   16   16
   15   15   15   15   15   15   14   14   15   14   15   15   15   15   14   15
   15   15   15   15   15   15   15   16   16   16   16   16   16   16   16   16
   16   16   16   16   16   16   16   16   16   16   15   15   15   15   15   15
   15   15   15   15   16   16   16   17   17
    85.0-180.0 180.0   5.0 450.0                            LAT/LON1/LON2/DLON/H
   18   18   19   19   20   20   20   20   20   20   20   20   19   19   18   17
   17   16   15   14   14   13   13   12   12   12   12   12   12   13   13   13
   13   13   13   14   14   14   14   15   15   15   15   15   15   15   15   15
   15   14   14   14   14   14   14   14   14   14   14   14   14   14   14   14
   14   15   15   15   16   16   17   17   18
    82.5-180.0 180.0   5.0 450.0                            LAT/LON1/LON2/DLON/H
   17   17   18   19   20   21   22   22   22   23   23   23   22   22   21   20
   19   18   16   15   13   12   12   11   11   12   12   11   11   11   11   11
   11   11   11   12   12   13   13   14   14   14   14   14   14   14   14   14
   14   14   13   13   13   12   12   12   12   12   11   11   11   11   12   12
   12   12   12   13   14   14   15   16   17
    80.0-180.0 180.0   5.0 450.0                            LAT/LON1/LON2/DLON/H
   15   16   17   18   19   20   21   22   23   24   25   24   25   24   23   23
   21   20   18   17   15   12   11   11   11   10   10   10   10   10   10   10
   10   10   10   10   11   11   11   12   13   13   13   13   13   13   13   13
   13   12   12   11   11   11   10   10    9    9    9    9    9    9    9   10
   10   10   11   11   12   13   14   14   15
    77.5-180.0 180.0   5.0 450.0                            LAT/LON1/LON2/DLON/H
   14   14   15   15   17   18   19   21   22   23   24   25   25   25   25   24
   24   22   20   18   16   13   10    9    9    9    9    9    9    9    9   10
   10   10   10   10   10   10   11   11   11   12   12   12   13   13   12   12
   12   11   10   10    9    9    9    8    8    8    8    8    8    9    9   10
   10   11   11   12   13   13   14   14   14
    75.0-180.0 180.0   5.0 450.0                            LAT/LON1/LON2/DLON/H
   15   15   14   14   14   15   16   17   19   20   22   23   24   26   26   25
   24   23   21   19   17   14   12   10    9    9    8    9    9    9    9    9
    9    9   10   11   11   11   11   11   11   11   11   12   12   12   12   11
   11   11   10   10    9    9    9    9    9    8    9    9   10   10   11   12
   13   13   13   15   15   15   15   15   15
    72.5-180.0 180.0   5.0 450.0                            LAT/LON1/LON2/DLON/H
   17   16   15   14   13   13   13   14   15   17   18   20   21   22   23   24
   23   23   22   21   18   16   13   11    9    9    8    8    8    9    9    9
   10   11   12   12   12   12   11   11   11   11   11   11   11   11   11   10
   11   11   11   10   10   10   10   10   10   10   11   12   13   14   16   17
   18   18   19   20   19   19   19   18   17
    70.0-180.0 180.0   5.0 450.0                            LAT/LON1/LON2/DLON/H
   22   20   18   16   15   13   13   12   12   13   14   15   16   18   20   20
   21   22   22   21   19   17   15   13   11    9   10    9   10    9    9   11
   13   13   13   13   12   12   11   10   10   10    9   10   10   10   10   11
   11   11   12   11   11   11   11   12   13   14   16   17   19   21   23   24
   26   26   27   28   27   27   25   24   22
    67.5-180.0 180.0   5.0 450.0                            LAT/LON1/LON2/DLON/H
   29   27   24   21   18   16   14   13   12   11   11   11   12   13   15   16
   17   19   20   20   19   18   17   15   13   11   11   11   11   12   12   13
   13   13   13   12   11   10   10   10    9    9    9    9   10   10   11   11
   12   12   13   13   13   14   15   16   18   20   21   24   26   28   30   32
   33   34   35   36   35   35   34   32   29
    65.0-180.0 180.0   5.0 450.0                            LAT/LON1/LON2/DLON/H
   39   35   32   28   24   20   17   15   13   11   10    9    9   10   11   12
   13   15   17   17   17   17   17   15   13   13   12   13   12   13   14   13
   12   12   12   11   11   10   10    9    9   10   10   11   11   11   12   12
   13   15   16   16   17   18   18   20   23   25   28   30   32   34   36   38
   39   41   41   42   43   43   42   41   39
    62.5-180.0 180.0   5.0 450.0                            LAT/LON1/LON2/DLON/H
   47   44   41   36   32   27   23   19   17   13   11    9    9    8    8    9
    9   11   13   14   15   16   16   15   14   13   12   12   12   12   13   12
   11   11   11   10   10   11   11   12   12   13   14   14   15   16   16   16
   17   18   19   19   20   21   23   25   28   30   34   36   38   40   41   43
   44   45   47   48   49   50   49   49   47
    60.0-180.0 180.0   5.0 450.0                            LAT/LON1/LON2/DLON/H
   54   51   48   44   39   34   30   25   21   17   14   12    9    9    9    8
    8    9   10   11   13   14   14   14   13   12   12   12   12   12   12   12
   12   12   12   13   13   14   14   16   17   19   21   22   23   23   23   22
   22   22   22   23   23   25   27   30   33   36   39   41   44   45   46   47
   48   48   49   51   52   53   54   55   54
    57.5-180.0 180.0   5.0 450.0                            LAT/LON1/LON2/DLON/H
   59   57   55   51   46   41   36   31   26   22   18   15   13   11   10    9
    9   10   10   10   11   12   12   12   12   12   12   13   13   14   15   14
   14   15   16   17   18   19   22   25   27   29   31   31   31   31   29   28
   27   27   27   27   27   29   31   34   38   40   44   46   48   50   51   51
   51   51   52   53   55   57   58   59   59
    55.0-180.0 180.0   5.0 450.0                            LAT/LON1/LON2/DLON/H
   63   62   60   56   52   47   42   36   32   27   23   20   17   15   14   12
   11   11   11   11   11   11   11   12   13   14   14   15   16   17   19   19
   20   21   22   23   25   28   31   35   38   40   42   42   40   39   36   34
   32   31   30   31   31   33   35   39   43   45   48   51   53   54   55   55
   55   55   55   56   58   59   61   62   63
    52.5-180.0 180.0   5.0 450.0                            LAT/LON1/LON2/DLON/H
   65   65   64   62   57   52   46   41   36   32   28   24   22   20   18   16
   15   13   12   12   11   11   12   13   15   17   19   20   22   24   26   26
   27   28   30   32   35   38   41   45   48   51   52   51   48   45   41   38
   36   35   33   34   35   37   39   43   46   49   52   55   58   59   59   59
   59   58   58   59   61   62   64   65   65
    50.0-180.0 180.0   5.0 450.0                            LAT/LON1/LON2/DLON/H
   69   69   68   65   61   56   50   45   40   36   32   29   26   25   23   22
   20   18   16   16   15   15   15   17   20   23   26   28   31   33   34   35
   36   37   38   40   43   46   50   54   58   60   61   59   55   50   45   42
   39   37   37   37   38   40   43   46   49   52   56   59   62   64   65   65
   64   63   63   63   65   66   68   68   69
    47.5-180.0 180.0   5.0 450.0                            LAT/LON1/LON2/DLON/H
   73   72   71   69   66   61   55   49   44   39   35   33   31   29   28   27
   25   23   22   22   21   21   22   25   28   32   35   38   41   43   43   44
   44   45   46   47   50   53   57   61   65   66   66   63   59   53   48   45
   42   41   40   40   42   44   47   50   53   55   58   62   66   69   71   71
   71   70   69   69   70   71   72   73   73
    45.0-180.0 180.0   5.0 450.0                            LAT/LON1/LON2/DLON/H
   76   75   74   72   70   65   60   54   48   43   39   37   35   34   33   33
   31   30   30   30   30   30   32   34   38   42   45   49   51   52   52   52
   52   53   53   54   56   58   61   65   69   70   69   66   61   56   51   48
   46   45   44   45   46   49   52   55   57   59   62   65   69   73   76   78
   78   78   77   77   77   77   77   77   76
    42.5-180.0 180.0   5.0 450.0                            LAT/LON1/LON2/DLON/H
   80   78   77   75   73   69   64   58   52   47   43   41   39   38   38   38
   38   38   38   40   41   42   42   45   48   52   55   57   58   58   58   58
   58   58   58   58   59   61   64   68   70   71   71   67   63   58   54   51
   50   50   49   50   51   54   57   60   63   65   67   70   73   77   81   84
   85   85   84   84   83   82   82   81   80
    40.0-180.0 180.0   5.0 450.0                            LAT/LON1/LON2/DLON/H
   83   81   79   77   75   72   68   62   57   52   48   45   44   43   43   44
   45   46   48   50   52   53   54   56   58   60   62   63   63   64   63   63
   62   62   62   62   62   63   65   68   71   72   71   68   64   59   56   54
   54   54   54   55   57   60   63   66   68   70   72   74   77   80   84   88
   90   90   90   90   88   87   86   85   83
    37.5-180.0 180.0   5.0 450.0                            LAT/LON1/LON2/DLON/H
   85   83   80   79   77   74   70   66   61   57   53   51   50   48   49   50
   52   54   57   61   64   65   65   65   66   66   67   68   68   67   66   65
   64   64   64   64   63   64   66   69   72   72   72   69   66   62   59   57
   57   58   58   59   62   65   68   71   73   75   77   79   81   84   88   91
   94   95   95   94   92   90   89   87   85
    35.0-180.0 180.0   5.0 450.0                            LAT/LON1/LON2/DLON/H
   88   86   83   80   77   75   72   68   64   61   58   57   56   55   55   56
   58   61   65   71   73   74   73   71   71   70   70   70   70   68   66   65
   65   64   65   65   65   65   66   69   72   73   73   70   67   63   60   59
   58   59   60   62   65   69   73   76   79   81   82   84   85   88   92   95
   98  100  100   98   95   93   92   90   88
    32.5-180.0 180.0   5.0 450.0                            LAT/LON1/LON2/DLON/H
   93   90   87   82   79   76   73   70   66   64   62   62   62   61   61   62
   64   68   73   78   80   81   78   75   73   73   72   71   69   67   66   65
   64   64   65   66   65   66   67   69   72   73   72   70   67   64   61   58
   58   59   61   64   67   72   77   81   84   86   87   89   91   93   96  100
  104  106  107  106  103   99   97   96   93
    30.0-180.0 180.0   5.0 450.0                            LAT/LON1/LON2/DLON/H
  103  100   94   88   83   79   75   71   68   66   65   65   66   66   66   67
   69   73   78   83   84   84   80   76   74   72   71   69   67   65   64   63
   63   63   65   65   65   66   67   69   71   72   71   69   65   61   59   56
   55   58   61   65   70   75   80   85   88   90   92   95   98  101  104  108
  112  116  119  117  114  110  108  107  103
    27.5-180.0 180.0   5.0 450.0                            LAT/LON1/LON2/DLON/H
  122  116  108   99   92   87   81   75   70   68   67   67   68   70   70   71
   73   76   81   85   86   83   80   75   72   70   69   67   65   63   62   62
   62   63   64   64   64   65   66   68   69   68   67   64   61   57   54   52
   52   55   60   66   71   77   82   88   92   96   99  102  106  110  113  119
  125  132  135  133  131  127  125  125  122
    25.0-180.0 180.0   5.0 450.0                            LAT/LON1/LON2/DLON/H
  149  142  131  120  110  101   91   82   74   70   68   68   69   72   72   73
   75   77   81   84   85   82   78   74   71   68   67   65   63   62   61   61
   61   61   62   62   62   62   64   66   65   62   60   57   54   50   47   45
   46   51   58   65   71   78   84   90   96  100  104  109  115  121  126  133
  141  150  154  155  153  150  150  152  149
    22.5-180.0 180.0   5.0 450.0                            LAT/LON1/LON2/DLON/H
  182  176  165  150  137  125  111   96   83   75   71   69   70   71   72   73
   74   76   79   82   82   80   77   73   70   67   65   63   62   60   60   59
   59   59   59   60   60   60   61   61   58   55   52   49   45   42   39   37
   41   47   56   64   72   78   86   93   99  106  111  118  127  134  141  150
  159  169  175  178  176  177  179  182  182
    20.0-180.0 180.0   5.0 450.0                            LAT/LON1/LON2/DLON/H
  215  210  199  184  171  159  140  119   99   84   76   71   71   71   71   72
   73   74   77   79   79   78   75   72   69   66   63   62   61   59   59   58
   57   57   57   57   56   56   56   55   51   46   42   39   36   33   31   31
   36   45   55   65   73   81   89   97  105  112  121  129  140  149  157  167
  178  187  195  200  199  202  204  211  215
    17.5-180.0 180.0   5.0 450.0                            LAT/LON1/LON2/DLON/H
  240  238  231  218  208  197  175  147  120   99   85   76   73   71   71   72
   72   72   74   75   76   76   74   72   69   65   62   61   60   59   58   57
   56   56   55   54   53   52   51   48   44   38   33   30   28   26   26   27
   34   45   57   68   77   85   94  102  111  121  131  142  153  163  172  183
  193  204  211  216  217  220  225  233  240
    15.0-180.0 180.0   5.0 450.0                            LAT/LON1/LON2/DLON/H
  255  257  249  243  238  229  212  178  144  116   97   84   77   73   72   72
   72   72   72   74   74   75   75   74   70   66   62   61   60   60   59   58
   56   55   53   51   50   48   46   43   38   33   28   25   24   23   24   27
   35   46   59   71   81   90  100  110  120  131  142  154  166  177  186  196
  205  214  221  226  228  231  237  246  255
    12.5-180.0 180.0   5.0 450.0                            LAT/LON1/LON2/DLON/H
  253  259  257  255  258  253  233  200  167  136  111   95   84   77   74   74
   75   74   74   74   75   77   77   75   72   67   63   62   61   62   60   58
   56   53   51   49   47   45   42   39   35   31   27   25   24   24   25   29
   37   49   62   75   85   95  105  117  128  140  152  164  176  186  196  204
  211  218  224  229  230  233  239  247  253
    10.0-180.0 180.0   5.0 450.0                            LAT/LON1/LON2/DLON/H
  244  246  249  250  257  259  245  215  182  152  126  106   91   81   76   76
   78   78   79   79   79   79   79   77   73   68   65   64   64   64   61   58
   54   51   49   47   45   43   40   38   36   33   30   28   27   26   27   32
   40   52   66   78   89   99  110  123  135  148  159  170  181  191  200  206
  212  217  220  224  226  230  235  241  244
     7.5-180.0 180.0   5.0 450.0                            LAT/LON1/LON2/DLON/H
  233  232  233  235  243  249  241  218  189  162  138  117  100   87   80   79
   81   84   85   85   84   82   80   78   74   69   67   67   67   66   63   59
   55   52   49   47   45   43   41   40   38   37   34   32   30   30   31   35
   43   55   69   80   92  102  115  129  141  152  163  173  183  193  200  206
  209  211  214  217  220  224  228  232  233
     5.0-180.0 180.0   5.0 450.0                            LAT/LON1/LON2/DLON/H
  224  221  220  221  227  232  227  210  189  168  147  127  108   93   85   84
   87   91   94   93   90   86   82   79   76   72   71   71   71   68   65   60
   56   54   51   49   47   45   44   43   42   40   38   36   35   34   35   39
   47   59   71   82   93  105  119  133  145  155  165  175  184  192  199  204
  206  206  208  211  215  219  223  225  224
     2.5-180.0 180.0   5.0 450.0                            LAT/LON1/LON2/DLON/H
  222  217  214  213  216  218  213  201  185  169  153  134  114  100   92   93
   94   98  102  102   97   90   84   81   78   75   76   75   74   70   67   62
   59   57   54   52   50   49   48   46   45   43   42   41   39   38   39   43
   52   62   73   84   95  107  122  134  146  155  165  174  183  191  198  202
  203  203  204  208  212  217  221  224  222
