DORISInput/IGSGIM/2019/igsg3630.19i
     1.0            IONOSPHERE MAPS     MIX                 IONEX VERSION / TYPE
cmpcmb v1.2          GRL/UWM            16-jan-20 12:43     PGM / RUN BY / DATE 
ionex file containing IGS COMBINED Ionosphere maps          COMMENT             
global ionosphere maps for day 363, 2019                    DESCRIPTION         
IONEX file containing the COMBINED IGS TEC MAPS and DCBs    DESCRIPTION         
      IONEX files of the following IAACs were combined: cod DESCRIPTION         
                                                        esa DESCRIPTION         
                                                        jpl DESCRIPTION         
                                                        upc DESCRIPTION         
Contact address: Andrzej Krankowski                         DESCRIPTION
                 Geodynamics Research Laboratory            DESCRIPTION
                 University of Warmia and Mazury (GRL/UWM)  DESCRIPTION
                 Oczapowski St. 1                           DESCRIPTION
                 10-957-Olsztyn, POLAND                     DESCRIPTION
                 e-mail:  kand@uwm.edu.pl                   DESCRIPTION
                                                            DESCRIPTION         
  2019    12    29     0     0     0                        EPOCH OF FIRST MAP  
  2019    12    30     0     0     0                        EPOCH OF LAST MAP   
  7200                                                      INTERVAL            
    13                                                      # OF MAPS IN FILE   
  COSZ                                                      MAPPING FUNCTION    
     0.0                                                    ELEVATION CUTOFF    
combined TEC calculated as weighted mean of input TEC valuesOBSERVABLES USED    
   394                                                      # OF STATIONS       
    32                                                      # OF SATELLITES     
  6371.0                                                    BASE RADIUS         
     2                                                      MAP DIMENSION       
   450.0 450.0   0.0                                        HGT1 / HGT2 / DHGT  
    87.5 -87.5  -2.5                                        LAT1 / LAT2 / DLAT  
  -180.0 180.0   5.0                                        LON1 / LON2 / DLON  
    -1                                                      EXPONENT            
TEC values in 0.1 tec units;  9999, if no value available   COMMENT             
DCB values in nanoseconds, reference is Sum_of_SatDCBs = 0  COMMENT             
                                                            END OF HEADER       
[from data line 4290]
    11                                                      START OF TEC MAP    
  2019    12    29    20     0     0                        EPOCH OF CURRENT MAP
    87.5-180.0 180.0   5.0 450.0                            LAT/LON1/LON2/DLON/H
   15   15   15   16   16   16   16   16   16   17   17   17   17   17   17   17
   17   16   16   16   16   15   15   15   15   15   14   14   14   13   13   12
   12   12   11   11   11   11   10   10   10   10   10   10   10   10   10   10
   10   10   10   10   10   10   10   10   11   11   11   11   12   12   12   12
   12   13   13   13   14   14   15   15   15
    85.0-180.0 180.0   5.0 450.0                            LAT/LON1/LON2/DLON/H
   17   18   18   18   18   19   19   19   19   20   20   21   21   22   22   22
   21   21   21   20   19   19   18   18   17   16   15   15   14   14   12   12
   12   11   11   11   10   10   10   10   10   10    9    9    9    9    9    9
    9    8    9    9    9    9    9   10   10   10   11   11   11   12   12   13
   13   14   14   15   16   16   16   17   17
    82.5-180.0 180.0   5.0 450.0                            LAT/LON1/LON2/DLON/H
   16   17   18   18   19   20   21   22   22   23   24   24   25   26   26   26
   26   26   26   25   24   23   21   20   19   18   17   16   15   14   13   12
   11   11   11   10   10   10   10   10   10    9    9    9    9    9    9    9
    9    9    9    9    9    9   10   10   10   11   11   11   11   12   12   13
   14   13   14   15   15   15   16   16   16
    80.0-180.0 180.0   5.0 450.0                            LAT/LON1/LON2/DLON/H
   13   14   15   16   18   19   20   22   23   24   26   27   28   29   29   29
   29   29   28   27   26   25   24   22   21   19   18   17   16   14   13   12
   11   11   10   10   10   10   10   10   10   10    9    9    9    9    9    9
    9    9    9    9    9    9   10   10   11   11   12   12   12   12   12   13
   13   13   13   14   13   14   14   13   13
    77.5-180.0 180.0   5.0 450.0                            LAT/LON1/LON2/DLON/H
   11   11   12   13   15   16   18   20   22   23   26   28   29   30   32   32
   32   31   30   29   28   27   27   23   22   20   19   18   16   14   13   12
   11   11   11   11   11   10   10    9   10   10   10    9    9    9    9    9
    9    9    9    9    9    9   10   10   11   11   11   12   12   12   12   12
   12   12   12   12   11   11   11   11   11
    75.0-180.0 180.0   5.0 450.0                            LAT/LON1/LON2/DLON/H
   10   10   10   11   11   13   14   17   20   23   25   28   30   32   33   34
   34   34   32   31   30   29   27   25   22   21   19   18   17   15   13   11
   10   10   10    9   10    9    9    9    9    9    9    9    9    9    8    8
    8    9    9   10   10   10   10   10   10   11   11   11   12   12   12   12
   11   11   10   10   10   10   10   10   10
    72.5-180.0 180.0   5.0 450.0                            LAT/LON1/LON2/DLON/H
    9    9    9   10   11   12   13   16   19   22   25   28   30   32   34   35
   35   34   33   32   31   29   27   25   23   20   19   18   17   15   14   12
   10    9    9    9    9    9    9    9    9    9    9    8    8    8    8    8
    8    8    9    9    9    9   10   10   10   11   11   11   12   12   12   12
   12   11   10   10    9    9    9    9    9
    70.0-180.0 180.0   5.0 450.0                            LAT/LON1/LON2/DLON/H
   10   10   10   10   11   12   14   17   20   23   26   30   32   34   36   36
   36   35   34   33   31   29   27   24   22   20   18   17   16   14   13   11
   10    9    8    8    8    8    8    8    8    8    8    8    8    8    7    8
    8    8    9    9   10   10   10   11   12   12   12   12   13   14   14   14
   14   13   12   11   11    9    9    9   10
    67.5-180.0 180.0   5.0 450.0                            LAT/LON1/LON2/DLON/H
   12   13   14   14   15   17   18   20   23   26   29   32   35   37   38   38
   37   37   36   34   32   29   27   25   23   20   17   17   16   13   11   10
    9    9    9    8    8    8    8    8    8    8    8    8    8    8    8    9
    9   10   10   11   12   13   13   14   14   14   15   15   16   17   17   17
   17   17   16   15   14   14   13   13   12
    65.0-180.0 180.0   5.0 450.0                            LAT/LON1/LON2/DLON/H
   19   20   21   21   22   23   25   26   29   31   34   36   39   40   41   41
   41   40   38   36   33   30   28   26   24   21   18   16   16   12   10    9
    9    9    9    8    8    8    8    8    8    8    8    9    9   10   11   12
   13   14   14   15   16   16   17   18   17   17   17   18   19   20   20   20
   21   21   20   20   19   19   19   19   19
    62.5-180.0 180.0   5.0 450.0                            LAT/LON1/LON2/DLON/H
   26   27   29   30   31   32   33   34   36   38   39   41   43   44   45   45
   45   44   42   39   36   33   31   28   25   23   20   17   16   13   11   11
   10    9    9    9    9    9    9    9   10   10   11   12   14   15   17   18
   19   20   21   20   20   21   22   22   22   21   21   21   22   23   24   24
   25   25   25   24   23   23   24   24   26
    60.0-180.0 180.0   5.0 450.0                            LAT/LON1/LON2/DLON/H
   31   34   36   39   40   41   42   43   43   44   45   46   47   48   49   50
   50   49   47   44   41   37   34   31   29   26   22   19   17   14   14   13
   12   11   11   11   11   11   12   13   15   16   18   20   22   24   26   27
   28   28   28   27   27   27   27   27   26   25   25   25   26   27   28   29
   30   29   28   28   27   27   28   29   31
    57.5-180.0 180.0   5.0 450.0                            LAT/LON1/LON2/DLON/H
   36   39   42   46   48   49   50   50   50   50   50   50   51   52   54   54
   55   54   53   49   46   42   39   36   33   30   26   22   20   18   16   16
   15   15   15   16   16   16   18   20   22   25   28   30   32   34   36   36
   37   37   36   36   34   34   33   31   30   30   30   30   30   31   33   34
   35   34   32   31   31   30   31   33   36
    55.0-180.0 180.0   5.0 450.0                            LAT/LON1/LON2/DLON/H
   39   43   47   51   54   56   57   56   57   56   54   55   55   55   57   58
   59   59   58   54   51   47   44   41   39   35   32   28   25   22   21   20
   20   20   22   22   23   23   25   28   31   34   38   42   44   46   47   48
   48   46   45   44   42   41   39   37   36   35   35   35   36   36   37   38
   38   37   35   34   32   31   32   34   39
    52.5-180.0 180.0   5.0 450.0                            LAT/LON1/LON2/DLON/H
   39   45   50   55   59   61   62   63   62   61   60   59   59   59   60   62
   63   63   62   59   56   53   50   47   45   42   38   34   30   28   27   27
   26   27   29   30   30   32   34   37   41   45   49   52   55   56   57   58
   57   54   53   51   49   47   45   43   42   41   41   40   40   39   40   39
   40   39   37   35   33   32   33   35   39
    50.0-180.0 180.0   5.0 450.0                            LAT/LON1/LON2/DLON/H
   40   46   53   58   62   65   67   68   69   68   66   65   64   64   64   65
   66   67   66   64   61   59   57   55   53   50   46   42   38   34   33   33
   33   34   36   37   39   40   42   45   50   55   59   63   65   66   65   64
   63   60   58   56   54   51   49   47   46   45   45   44   43   42   41   40
   39   39   38   36   34   33   34   36   40
    47.5-180.0 180.0   5.0 450.0                            LAT/LON1/LON2/DLON/H
   41   48   54   60   65   69   72   73   74   75   74   73   71   70   69   70
   71   71   71   69   67   66   65   65   63   60   55   51   46   41   39   39
   39   41   42   43   45   47   50   53   58   63   67   70   72   72   71   69
   68   64   63   60   58   55   52   50   49   49   48   47   46   44   42   40
   39   38   38   36   35   34   35   37   41
    45.0-180.0 180.0   5.0 450.0                            LAT/LON1/LON2/DLON/H
   43   49   55   62   67   72   76   79   81   83   84   83   82   79   77   76
   76   76   75   75   74   75   75   75   74   70   65   60   53   47   44   44
   44   46   48   50   52   54   57   61   65   69   72   75   76   76   75   73
   71   68   65   63   60   57   55   52   52   51   51   50   48   46   43   42
   40   39   38   37   36   36   36   38   43
    42.5-180.0 180.0   5.0 450.0                            LAT/LON1/LON2/DLON/H
   45   51   56   63   70   75   80   84   88   92   95   95   93   90   87   84
   82   81   81   82   83   84   85   85   84   80   74   67   59   53   50   49
   49   51   53   55   57   59   62   66   70   73   76   78   79   79   78   76
   75   71   68   65   62   59   56   54   53   54   52   51   50   47   45   43
   42   41   40   39   38   38   39   41   45
    40.0-180.0 180.0   5.0 450.0                            LAT/LON1/LON2/DLON/H
   48   53   58   65   71   78   84   89   95  100  105  106  105  102   97   93
   89   88   88   89   91   93   94   94   92   88   80   72   64   58   55   53
   54   55   57   59   61   63   66   69   73   76   79   80   81   81   80   79
   77   74   70   65   62   59   56   54   54   55   54   53   51   49   47   46
   45   44   43   42   41   42   43   45   48
    37.5-180.0 180.0   5.0 450.0                            LAT/LON1/LON2/DLON/H
   53   56   60   65   72   79   86   92   99  106  113  115  115  113  107  102
   96   94   94   95   97  100  101  101   98   92   84   76   68   62   59   57
   57   58   60   62   64   67   70   73   76   79   81   82   82   82   81   80
   78   74   69   64   60   57   54   53   53   54   55   54   52   50   49   48
   48   47   46   44   43   45   47   51   53
    35.0-180.0 180.0   5.0 450.0                            LAT/LON1/LON2/DLON/H
   58   60   63   67   72   79   85   93  101  109  118  122  123  121  116  109
  103   99   99  100  102  103  104  104  101   94   86   78   70   64   62   60
   60   61   63   65   68   71   73   76   79   81   83   83   83   82   81   79
   77   72   67   62   57   55   53   52   52   53   54   53   53   52   51   51
   50   50   48   47   46   48   51   55   58
    32.5-180.0 180.0   5.0 450.0                            LAT/LON1/LON2/DLON/H
   63   65   66   68   72   77   84   92  100  110  119  125  127  126  121  114
  107  103  101  101  102  103  104  103   99   93   86   79   72   66   64   63
   64   65   67   69   72   74   76   78   81   82   83   83   82   81   79   77
   74   68   64   59   55   52   51   51   51   52   52   52   53   52   52   52
   53   52   50   48   47   50   55   60   63
    30.0-180.0 180.0   5.0 450.0                            LAT/LON1/LON2/DLON/H
   68   70   70   70   73   76   82   89   98  108  118  125  128  128  124  117
  109  104  101  100  100  100   99   98   94   91   86   79   74   70   68   68
   69   69   72   74   76   77   78   80   82   83   82   80   79   77   74   72
   69   63   59   55   52   51   50   49   49   50   50   51   51   52   53   53
   54   52   50   48   48   52   58   64   68
    27.5-180.0 180.0   5.0 450.0                            LAT/LON1/LON2/DLON/H
   73   75   75   73   73   75   80   87   95  105  115  122  127  128  124  118
  111  105  101   98   96   94   93   92   91   89   85   82   79   76   75   74
   75   76   78   79   80   80   79   80   81   81   80   77   74   71   68   65
   62   57   54   51   49   49   48   47   47   47   47   48   49   50   52   52
   53   51   49   48   48   54   60   68   73
    25.0-180.0 180.0   5.0 450.0                            LAT/LON1/LON2/DLON/H
   77   81   81   79   77   77   81   87   95  104  113  121  127  128  126  120
  113  106  101   98   94   91   89   90   90   90   89   88   86   84   83   82
   81   82   83   84   83   81   79   78   78   77   75   72   68   64   61   58
   55   51   48   47   46   47   46   45   44   43   44   45   47   48   49   51
   50   49   47   46   48   54   62   71   77
    22.5-180.0 180.0   5.0 450.0                            LAT/LON1/LON2/DLON/H
   81   86   86   85   84   83   86   92   99  107  115  123  129  132  130  125
  119  113  106  100   96   92   91   93   95   97   98   99   97   94   91   89
   89   89   89   88   86   82   78   75   73   71   68   65   60   56   53   51
   49   46   44   44   44   45   45   43   41   40   40   42   43   44   46   47
   47   46   45   46   48   55   64   73   81
    20.0-180.0 180.0   5.0 450.0                            LAT/LON1/LON2/DLON/H
   83   90   93   93   92   92   95  102  109  117  124  130  137  140  140  136
  130  123  115  108  103   99   98  102  107  111  112  113  110  105  101   98
   97   96   95   92   88   82   75   71   67   64   60   57   52   47   46   45
   45   43   41   42   43   44   44   42   39   38   38   38   39   41   43   44
   43   41   42   45   50   57   66   75   83
    17.5-180.0 180.0   5.0 450.0                            LAT/LON1/LON2/DLON/H
   86   93   98  101  102  103  108  117  126  133  139  146  153  157  157  155
  147  140  131  124  117  113  113  118  125  129  130  129  125  118  113  109
  105  103  100   96   89   80   72   67   61   57   55   50   45   41   41   42
   43   42   42   43   44   44   44   41   39   37   37   37   37   38   39   40
   40   39   41   46   53   61   69   78   86
    15.0-180.0 180.0   5.0 450.0                            LAT/LON1/LON2/DLON/H
   89   97  104  110  112  115  122  133  145  154  162  170  178  182  182  182
  173  165  155  145  138  134  134  139  146  150  148  146  140  132  126  120
  116  110  106   98   89   79   70   63   58   54   51   46   41   39   40   42
   44   44   44   45   46   45   44   41   39   38   37   37   36   37   37   37
   37   37   41   48   58   67   74   82   89
    12.5-180.0 180.0   5.0 450.0                            LAT/LON1/LON2/DLON/H
   94  103  112  119  123  127  136  150  165  178  188  198  206  214  214  216
  205  198  185  174  165  159  160  164  169  170  166  160  153  144  137  130
  123  117  110  100   89   78   70   62   57   53   49   44   41   40   42   44
   47   47   47   47   46   45   44   42   39   38   37   36   36   36   36   36
   36   37   42   52   64   73   80   87   94
    10.0-180.0 180.0   5.0 450.0                            LAT/LON1/LON2/DLON/H
  100  109  119  128  133  140  150  165  183  197  212  225  233  245  248  247
  240  233  218  205  194  187  187  188  190  187  180  171  162  152  145  137
  130  122  113  102   91   80   71   64   59   55   51   46   44   44   46   49
   51   51   50   49   47   45   44   42   40   38   37   37   36   36   35   35
   36   38   44   56   69   79   86   92  100
     7.5-180.0 180.0   5.0 450.0                            LAT/LON1/LON2/DLON/H
  104  114  125  135  143  150  161  177  195  212  229  243  256  266  272  271
  268  263  250  236  221  212  210  209  206  200  188  178  167  159  152  143
  136  127  118  106   95   85   77   70   66   62   56   53   51   51   52   55
   56   56   53   50   47   44   43   41   41   40   39   38   38   38   36   36
   35   38   46   59   73   83   91   97  104
     5.0-180.0 180.0   5.0 450.0                            LAT/LON1/LON2/DLON/H
  108  118  129  140  150  157  168  183  201  219  235  250  263  274  281  283
  284  280  269  257  242  231  227  225  217  206  193  181  172  165  158  151
  142  134  124  113  102   93   86   80   75   69   64   61   59   59   60   62
   63   62   58   53   49   46   43   43   42   42   41   41   41   40   39   38
   37   40   47   61   75   86   94  100  108
     2.5-180.0 180.0   5.0 450.0                            LAT/LON1/LON2/DLON/H
  110  120  131  143  153  162  172  185  200  216  231  244  257  268  275  281
  285  283  276  266  253  242  236  233  223  210  195  184  177  172  165  157
  149  141  131  121  111  103   96   90   85   78   74   71   69   69   70   71
   71   68   63   57   51   47   45   44   44   44   44   43   43   42   41   41
   40   42   50   63   76   87   95  102  110
