DORISInput/IGSGIM/2019/igsg3370.19i
     1.0            IONOSPHERE MAPS     MIX                 IONEX VERSION / TYPE
cmpcmb v1.2          GRL/UWM            23-dec-19 14:49     PGM / RUN BY / DATE 
ionex file containing IGS COMBINED Ionosphere maps          COMMENT             
global ionosphere maps for day 337, 2019                    DESCRIPTION         
IONEX file containing the COMBINED IGS TEC MAPS and DCBs    DESCRIPTION         
      IONEX files of the following IAACs were combined: cod DESCRIPTION         
                                                        esa DESCRIPTION         
                                                        jpl DESCRIPTION         
                                                        upc DESCRIPTION         
Contact address: Andrzej Krankowski                         DESCRIPTION
                 Geodynamics Research Laboratory            DESCRIPTION
                 University of Warmia and Mazury (GRL/UWM)  DESCRIPTION
                 Oczapowski St. 1                           DESCRIPTION
                 10-957-Olsztyn, POLAND                     DESCRIPTION
                 e-mail:  kand@uwm.edu.pl                   DESCRIPTION
                                                            DESCRIPTION         
  2019    12     3     0     0     0                        EPOCH OF FIRST MAP  
  2019    12     4     0     0     0                        EPOCH OF LAST MAP   
  7200                                                      INTERVAL            
    13                                                      # OF MAPS IN FILE   
  COSZ                                                      MAPPING FUNCTION    
     0.0                                                    ELEVATION CUTOFF    
combined TEC calculated as weighted mean of input TEC valuesOBSERVABLES USED    
   397                                                      # OF STATIONS       
    32                                                      # OF SATELLITES     
  6371.0                                                    BASE RADIUS         
     2                                                      MAP DIMENSION       
   450.0 450.0   0.0                                        HGT1 / HGT2 / DHGT  
    87.5 -87.5  -2.5                                        LAT1 / LAT2 / DLAT  
  -180.0 180.0   5.0                                        LON1 / LON2 / DLON  
    -1                                                      EXPONENT            
TEC values in 0.1 tec units;  9999, if no value available   COMMENT             
DCB values in nanoseconds, reference is Sum_of_SatDCBs = 0  COMMENT             
                                                            END OF HEADER       
[from data line 1287]
     4                                                      START OF TEC MAP    
  2019    12     3     6     0     0                        EPOCH OF CURRENT MAP
    87.5-180.0 180.0   5.0 450.0                            LAT/LON1/LON2/DLON/H
   26   26   26   26   26   26   26   26   26   26   26   26   25   25   25   25
   25   25   25   24   24   24   24   24   24   24   24   24   24   24   24   24
   25   25   25   25   25   25   25   25   25   25   25   25   25   25   25   25
   25   25   25   25   25   25   25   25   24   24   24   24   24   24   24   24
   25   24   25   25   25   25   26   26   26
    85.0-180.0 180.0   5.0 450.0                            LAT/LON1/LON2/DLON/H
   26   26   27   27   27   27   27   27   27   26   26   25   25   24   23   22
   22   21   20   20   19   19   19   19   19   19   20   20   20   21   21   22
   22   23   23   24   24   24   24   25   25   25   24   24   24   24   23   23
   23   22   22   21   21   21   20   20   20   20   20   20   20   20   20   20
   21   22   22   23   23   24   25   25   26
    82.5-180.0 180.0   5.0 450.0                            LAT/LON1/LON2/DLON/H
   26   27   27   27   28   28   27   27   27   26   25   24   23   21   20   18
   17   16   16   14   14   14   14   14   14   15   15   16   17   18   19   20
   21   22   22   23   24   24   24   23   23   23   22   22   22   21   21   20
   20   19   18   18   17   16   16   15   15   15   15   14   15   15   15   16
   17   18   19   20   21   22   23   24   26
    80.0-180.0 180.0   5.0 450.0                            LAT/LON1/LON2/DLON/H
   23   25   26   26   27   27   27   27   27   26   24   22   20   18   15   14
   12   10   10    9    9    9    9    9    9   10   11   12   14   16   17   18
   18   20   20   21   21   22   21   22   21   21   20   20   19   19   18   17
   17   17   16   15   15   14   14   13   13   12   12   11   11   11   11   12
   13   13   14   16   17   18   20   21   23
    77.5-180.0 180.0   5.0 450.0                            LAT/LON1/LON2/DLON/H
   19   21   23   24   25   25   25   25   25   24   22   20   18   15   13   11
   10    8    8    7    6    5    6    6    7    8    9   11   13   14   15   17
   17   19   19   19   19   19   19   19   18   17   17   17   16   16   16   16
   16   16   16   16   15   15   14   14   13   13   12   11   11   11   11   11
   11   11   12   12   12   14   16   18   19
    75.0-180.0 180.0   5.0 450.0                            LAT/LON1/LON2/DLON/H
   15   17   18   20   21   22   23   23   23   22   20   19   16   14   12   10
    8    7    7    6    5    5    6    6    6    7    9   10   11   13   15   17
   18   18   18   18   17   16   15   15   14   14   13   13   13   14   14   15
   16   17   18   18   19   19   19   19   18   18   17   16   15   14   13   12
   12   11   11   11   11   12   12   13   15
    72.5-180.0 180.0   5.0 450.0                            LAT/LON1/LON2/DLON/H
   13   13   14   16   17   18   19   20   20   19   18   17   15   12   11    9
    9    8    7    7    6    6    7    7    9    9   11   12   13   14   15   15
   16   16   16   16   15   13   12   11   11   10   10   11   12   13   14   16
   18   20   21   23   24   25   26   27   26   26   24   23   22   20   18   15
   14   13   12   11   11   11   11   11   13
    70.0-180.0 180.0   5.0 450.0                            LAT/LON1/LON2/DLON/H
   12   12   13   13   14   15   15   16   17   16   16   14   13   11   10   10
    9    8    8    7    7    8    9   11   12   12   13   14   15   15   15   15
   14   14   13   13   12   11   10    9    9    9    9   10   12   14   16   19
   22   24   27   29   31   34   35   35   36   35   34   32   30   28   25   22
   19   17   14   13   12   11   11   11   12
    67.5-180.0 180.0   5.0 450.0                            LAT/LON1/LON2/DLON/H
   12   12   13   12   12   13   13   14   14   14   13   13   12   11   10   10
    9    9    9    9   11   12   12   13   14   15   15   16   15   15   14   14
   14   13   11   11   10    9    9    8    8    8   10   11   14   17   21   24
   28   31   34   37   39   42   43   44   44   44   43   41   39   36   33   29
   26   22   20   17   15   13   12   12   12
    65.0-180.0 180.0   5.0 450.0                            LAT/LON1/LON2/DLON/H
   13   14   14   13   13   12   12   12   12   12   12   11   11   11   10   10
   10   10   11   12   13   13   14   14   14   15   16   16   16   14   13   12
   12   11   10    9    9    9    9    9    9   10   12   15   18   22   27   31
   34   38   41   43   46   48   49   50   51   51   49   48   46   42   39   36
   32   28   25   21   19   17   15   14   13
    62.5-180.0 180.0   5.0 450.0                            LAT/LON1/LON2/DLON/H
   17   17   16   15   15   14   13   12   12   11   11   11   11   11   11   11
   10   12   12   13   13   13   13   13   14   14   14   15   15   13   12   12
   11   11   10    9    9    9   10   10   11   13   16   20   24   28   34   37
   41   44   47   49   50   52   53   53   54   54   53   51   49   46   43   40
   37   33   29   26   23   20   19   18   17
    60.0-180.0 180.0   5.0 450.0                            LAT/LON1/LON2/DLON/H
   21   20   20   20   19   17   16   14   13   12   11   11   11   11   11   11
   11   12   12   13   12   11   11   11   12   12   12   14   14   14   13   12
   12   12   11   10   10   11   12   13   15   18   22   26   31   36   40   44
   48   50   52   53   54   54   55   56   56   55   54   53   50   48   46   43
   40   37   33   29   26   24   22   21   21
    57.5-180.0 180.0   5.0 450.0                            LAT/LON1/LON2/DLON/H
   24   25   25   25   24   22   20   19   17   15   14   13   13   12   12   11
   12   11   11   11   10   10   10   10   11   12   12   14   14   15   15   15
   14   14   13   13   14   15   16   19   22   25   30   34   39   43   48   51
   54   56   57   57   57   58   58   58   58   57   56   55   52   51   48   47
   43   40   37   33   29   26   25   24   24
    55.0-180.0 180.0   5.0 450.0                            LAT/LON1/LON2/DLON/H
   28   29   30   30   29   28   26   24   21   19   18   16   16   14   14   13
   12   12   11   11   10   10   11   11   12   14   14   16   16   18   18   18
   18   17   17   17   18   20   22   25   29   33   38   43   47   51   54   57
   60   62   63   62   62   62   62   62   62   61   60   58   55   54   53   50
   47   44   41   36   33   30   28   27   28
    52.5-180.0 180.0   5.0 450.0                            LAT/LON1/LON2/DLON/H
   31   33   35   35   35   34   32   30   28   25   23   21   19   18   16   16
   14   13   12   12   12   12   12   14   16   18   18   21   22   23   23   22
   22   22   22   23   23   26   29   33   37   42   47   51   54   57   61   63
   65   67   67   68   68   67   67   66   66   66   65   63   61   60   58   55
   52   49   45   40   37   33   31   31   31
    50.0-180.0 180.0   5.0 450.0                            LAT/LON1/LON2/DLON/H
   35   37   38   40   41   40   39   38   35   33   30   27   25   22   21   20
   18   17   16   15   15   15   17   20   23   26   28   30   31   30   29   28
   27   27   27   28   29   33   36   41   46   51   55   59   61   63   65   68
   70   71   72   72   73   72   72   72   72   71   70   69   68   66   64   61
   58   54   49   45   41   37   35   34   35
    47.5-180.0 180.0   5.0 450.0                            LAT/LON1/LON2/DLON/H
   37   40   41   44   46   46   46   44   43   41   37   34   31   28   26   25
   24   23   22   21   22   24   27   31   35   38   39   40   40   38   36   34
   33   32   33   33   35   39   44   48   54   60   64   66   67   68   70   72
   74   76   76   77   78   77   77   78   77   77   76   75   73   71   69   65
   62   59   54   50   45   41   39   37   37
    45.0-180.0 180.0   5.0 450.0                            LAT/LON1/LON2/DLON/H
   40   41   43   47   49   50   51   50   49   48   45   41   37   35   34   33
   32   30   29   30   32   35   40   44   48   51   51   51   49   45   43   40
   38   37   38   39   42   46   51   57   63   68   72   73   72   72   73   76
   78   80   81   82   82   82   83   82   82   82   81   80   79   76   73   70
   67   63   59   55   50   46   42   40   40
    42.5-180.0 180.0   5.0 450.0                            LAT/LON1/LON2/DLON/H
   42   43   44   48   50   52   54   55   56   55   52   48   45   44   43   42
   40   39   38   39   42   47   53   58   61   63   61   58   55   51   48   46
   44   44   44   45   48   52   57   64   71   76   78   78   77   76   77   79
   82   84   85   86   86   86   86   87   86   86   85   84   82   80   78   75
   72   69   65   61   56   50   46   43   42
    40.0-180.0 180.0   5.0 450.0                            LAT/LON1/LON2/DLON/H
   44   44   45   47   50   54   56   58   60   61   59   56   53   52   51   50
   49   47   46   48   52   58   65   70   72   72   68   63   60   56   53   52
   51   50   49   50   53   57   62   70   77   83   85   85   83   81   81   83
   86   87   88   89   88   88   88   88   88   88   87   86   84   82   81   79
   76   74   71   67   61   55   51   47   44
    37.5-180.0 180.0   5.0 450.0                            LAT/LON1/LON2/DLON/H
   47   45   46   48   50   53   56   59   63   66   65   63   61   60   59   58
   56   55   54   56   61   67   74   78   79   76   71   66   63   59   57   56
   56   55   55   56   57   61   67   75   83   89   92   91   89   86   86   87
   89   90   91   91   90   89   89   89   89   89   89   88   86   85   83   81
   79   77   74   71   66   60   55   50   47
    35.0-180.0 180.0   5.0 450.0                            LAT/LON1/LON2/DLON/H
   49   47   47   48   49   51   54   58   63   68   70   69   68   67   66   65
   63   61   61   63   67   73   78   81   81   76   72   68   64   61   59   58
   59   59   60   60   61   64   70   79   88   95   97   97   94   91   90   91
   93   94   94   94   92   91   91   92   92   92   91   91   89   88   87   86
   84   81   79   75   70   64   59   53   49
    32.5-180.0 180.0   5.0 450.0                            LAT/LON1/LON2/DLON/H
   52   49   49   49   49   50   53   57   63   69   71   73   72   71   70   69
   67   65   65   67   70   75   78   80   78   74   69   66   64   61   60   61
   62   62   62   62   63   66   72   82   92   99  102  101   99   96   95   96
   97   97   98   98   98   97   97   98   98   98   98   97   95   94   93   93
   91   88   85   80   73   68   62   56   52
    30.0-180.0 180.0   5.0 450.0                            LAT/LON1/LON2/DLON/H
   55   53   52   51   51   50   52   55   60   66   71   73   74   74   72   71
   69   68   67   68   70   73   75   75   72   68   65   63   62   62   61   62
   62   63   63   62   63   66   73   83   93  101  105  105  103  102  100  101
  102  102  104  106  107  106  107  108  108  109  108  107  106  105  104  104
  101   96   92   85   78   72   65   60   55
    27.5-180.0 180.0   5.0 450.0                            LAT/LON1/LON2/DLON/H
   61   59   57   55   53   52   51   53   57   63   68   71   73   73   72   71
   69   68   67   67   68   69   70   69   67   63   61   60   60   61   62   62
   62   61   61   60   60   63   71   82   94  102  107  108  108  107  107  107
  108  110  114  117  120  121  122  123  123  124  124  123  121  120  121  120
  115  108  101   92   84   76   70   65   61
    25.0-180.0 180.0   5.0 450.0                            LAT/LON1/LON2/DLON/H
   68   66   63   61   58   55   53   53   55   59   64   67   70   71   70   69
   68   67   66   65   65   66   66   65   63   60   59   59   59   60   61   60
   58   57   57   56   56   60   69   81   93  103  108  111  112  113  115  116
  117  120  126  132  138  139  141  142  142  142  143  144  141  141  141  139
  132  123  112  100   91   82   76   72   68
    22.5-180.0 180.0   5.0 450.0                            LAT/LON1/LON2/DLON/H
   74   72   70   67   63   59   56   54   55   57   60   64   66   67   67   66
   67   66   64   64   63   63   63   62   60   58   57   58   59   59   58   56
   54   53   52   50   51   57   68   81   92  102  109  114  117  120  123  125
  127  133  142  149  156  160  164  164  163  163  165  166  165  163  163  159
  149  139  125  111   99   89   83   78   74
    20.0-180.0 180.0   5.0 450.0                            LAT/LON1/LON2/DLON/H
   80   77   75   71   68   65   60   57   56   57   58   61   63   64   65   64
   65   64   63   63   62   63   63   62   61   58   56   57   57   56   54   52
   50   49   47   46   49   55   67   81   93  103  111  117  123  127  132  136
  140  147  158  168  176  182  186  186  185  186  188  189  188  186  184  179
  168  155  139  124  109   98   91   85   80
    17.5-180.0 180.0   5.0 450.0                            LAT/LON1/LON2/DLON/H
   87   82   78   74   71   69   65   61   59   58   59   60   62   64   63   64
   64   64   63   63   63   64   65   65   63   60   57   56   55   53   50   49
   48   46   44   44   47   55   68   82   94  104  113  121  129  136  143  148
  155  164  174  185  194  200  203  204  203  205  207  207  207  205  202  197
  185  170  153  137  121  110  101   93   87
    15.0-180.0 180.0   5.0 450.0                            LAT/LON1/LON2/DLON/H
   94   86   82   77   74   71   68   65   62   61   61   61   63   64   65   65
   65   64   64   64   65   67   69   69   67   65   61   57   54   51   49   47
   46   43   41   42   47   57   70   84   96  107  117  127  136  146  154  161
  170  179  189  199  207  212  215  215  215  217  218  219  220  219  215  208
  198  184  168  151  135  123  112  102   94
    12.5-180.0 180.0   5.0 450.0                            LAT/LON1/LON2/DLON/H
  102   92   85   80   77   74   71   68   66   66   65   65   66   66   68   67
   67   67   66   67   69   72   76   76   74   70   64   58   53   50   48   45
   43   42   40   42   48   60   74   88  100  111  122  133  143  154  163  171
  182  191  200  207  214  218  220  220  219  221  224  225  226  226  222  217
  208  195  180  165  150  137  125  112  102
    10.0-180.0 180.0   5.0 450.0                            LAT/LON1/LON2/DLON/H
  110   98   88   82   78   75   72   70   70   69   69   69   69   69   71   71
   71   71   70   71   75   79   83   82   79   74   66   58   52   49   47   44
   43   41   41   44   52   65   79   91  102  114  126  138  150  161  170  179
  189  197  205  210  215  218  219  219  218  220  224  226  229  230  227  220
  213  203  191  177  164  151  137  122  110
     7.5-180.0 180.0   5.0 450.0                            LAT/LON1/LON2/DLON/H
  120  106   93   84   79   76   73   72   72   73   73   73   72   72   73   74
   75   75   76   77   81   86   90   89   83   76   66   57   51   48   46   44
   44   43   44   47   56   69   82   94  105  117  129  143  155  166  175  184
  192  200  206  210  213  216  217  218  217  220  223  227  231  232  229  223
  217  209  199  187  175  163  149  134  120
     5.0-180.0 180.0   5.0 450.0                            LAT/LON1/LON2/DLON/H
  130  113   99   88   81   76   74   72   73   74   75   75   74   73   73   75
   78   79   80   82   87   92   96   92   85   76   65   56   52   49   48   47
   46   46   47   51   60   73   85   97  107  119  133  146  158  169  177  184
  191  199  205  209  211  214  216  218  219  222  226  231  236  238  234  228
  222  215  205  196  185  172  158  145  130
     2.5-180.0 180.0   5.0 450.0                            LAT/LON1/LON2/DLON/H
  138  121  104   92   83   77   74   73   73   74   75   74   74   72   72   75
   79   80   81   85   91   96   97   92   83   73   64   58   54   53   52   50
   49   48   49   54   63   75   87   98  109  121  135  147  158  168  175  181
  188  197  203  207  210  214  217  219  222  227  232  239  245  247  242  235
  228  222  213  205  193  180  166  153  138
