DORISInput/IGSGIM/2019/igsg3570.19i
     1.0            IONOSPHERE MAPS     MIX                 IONEX VERSION / TYPE
cmpcmb v1.2          GRL/UWM            16-jan-20 11:44     PGM / RUN BY / DATE 
ionex file containing IGS COMBINED Ionosphere maps          COMMENT             
global ionosphere maps for day 357, 2019                    DESCRIPTION         
IONEX file containing the COMBINED IGS TEC MAPS and DCBs    DESCRIPTION         
      IONEX files of the following IAACs were combined: cod DESCRIPTION         
                                                        esa DESCRIPTION         
                                                        jpl DESCRIPTION         
                                                        upc DESCRIPTION         
Contact address: Andrzej Krankowski                         DESCRIPTION
                 Geodynamics Research Laboratory            DESCRIPTION
                 University of Warmia and Mazury (GRL/UWM)  DESCRIPTION
                 Oczapowski St. 1                           DESCRIPTION
                 10-957-Olsztyn, POLAND                     DESCRIPTION
                 e-mail:  kand@uwm.edu.pl                   DESCRIPTION
                                                            DESCRIPTION         
  2019    12    23     0     0     0                        EPOCH OF FIRST MAP  
  2019    12    24     0     0     0                        EPOCH OF LAST MAP   
  7200                                                      INTERVAL            
    13                                                      # OF MAPS IN FILE   
  COSZ                                                      MAPPING FUNCTION    
     0.0                                                    ELEVATION CUTOFF    
combined TEC calculated as weighted mean of input TEC valuesOBSERVABLES USED    
   390                                                      # OF STATIONS       
    32                                                      # OF SATELLITES     
  6371.0                                                    BASE RADIUS         
     2                                                      MAP DIMENSION       
   450.0 450.0   0.0                                        HGT1 / HGT2 / DHGT  
    87.5 -87.5  -2.5                                        LAT1 / LAT2 / DLAT  
  -180.0 180.0   5.0                                        LON1 / LON2 / DLON  
    -1                                                      EXPONENT            
TEC values in 0.1 tec units;  9999, if no value available   COMMENT             
DCB values in nanoseconds, reference is Sum_of_SatDCBs = 0  COMMENT             
                                                            END OF HEADER       
[from data line 3432]
     9                                                      START OF TEC MAP    
  2019    12    23    16     0     0                        EPOCH OF CURRENT MAP
    87.5-180.0 180.0   5.0 450.0                            LAT/LON1/LON2/DLON/H
   18   18   18   18   18   17   17   17   17   17   17   17   17   17   16   16
   16   15   15   15   15   14   14   14   14   13   13   13   13   13   13   12
   12   12   12   13   13   13   13   13   13   13   14   14   14   15   15   15
   15   16   16   16   17   17   17   17   17   17   17   17   17   17   17   17
   17   18   18   18   18   18   18   18   18
    85.0-180.0 180.0   5.0 450.0                            LAT/LON1/LON2/DLON/H
   19   19   19   20   20   20   20   20   19   19   19   18   18   18   17   16
   16   16   15   15   14   13   13   12   12   12   12   11   11   11   11   11
   11   10   10   10   10   11   11   12   12   12   13   14   14   14   15   15
   16   16   17   17   18   18   19   19   18   19   18   18   19   18   18   19
   19   19   19   19   19   19   19   19   19
    82.5-180.0 180.0   5.0 450.0                            LAT/LON1/LON2/DLON/H
   20   21   21   20   21   21   21   21   21   21   21   21   20   20   19   18
   18   17   16   15   14   13   12   12   12   11   11   11   11   11   10   10
   10   10   10   10   10   10   11   11   12   12   13   13   14   15   15   16
   16   16   17   18   19   19   20   20   20   19   18   19   19   18   19   19
   19   19   19   19   19   19   20   20   20
    80.0-180.0 180.0   5.0 450.0                            LAT/LON1/LON2/DLON/H
   19   20   20   20   21   21   22   22   22   22   22   23   23   23   22   22
   21   19   18   16   15   14   13   14   13   12   12   11   11   11   11   11
   11   11   11   11   10   10   11   11   12   13   13   13   13   14   15   16
   16   17   17   18   19   20   20   20   20   19   18   18   18   18   19   19
   19   19   19   18   18   19   19   19   19
    77.5-180.0 180.0   5.0 450.0                            LAT/LON1/LON2/DLON/H
   18   18   19   20   21   21   21   22   23   24   24   25   25   25   24   23
   23   22   21   20   19   18   18   16   15   13   13   13   12   12   12   11
   11   11   11   11   11   12   12   12   12   12   13   13   13   13   14   15
   16   17   18   18   19   20   20   19   19   18   18   17   17   17   17   17
   17   17   17   17   17   17   17   17   18
    75.0-180.0 180.0   5.0 450.0                            LAT/LON1/LON2/DLON/H
   17   17   17   18   19   20   21   22   23   23   24   24   24   25   24   25
   25   25   25   24   24   23   23   21   20   19   17   16   15   14   14   13
   13   13   13   13   13   13   12   12   12   12   12   12   12   12   12   13
   14   15   16   17   18   18   18   19   18   17   17   16   16   16   16   16
   15   15   15   16   16   16   16   16   17
    72.5-180.0 180.0   5.0 450.0                            LAT/LON1/LON2/DLON/H
   16   16   16   17   17   19   19   20   21   21   22   22   23   23   24   25
   26   27   27   29   30   30   29   28   27   25   24   22   20   19   18   17
   17   16   15   15   15   15   14   13   12   12   11   10   10   10   11   11
   12   13   15   16   17   17   17   17   17   16   16   16   15   15   15   15
   15   15   15   14   15   15   15   15   16
    70.0-180.0 180.0   5.0 450.0                            LAT/LON1/LON2/DLON/H
   15   15   15   16   17   18   18   18   18   18   19   20   20   22   23   25
   26   29   31   34   36   37   36   35   34   33   31   29   27   25   23   22
   21   20   18   18   17   16   15   14   12   11   10    9    9    9   10   10
   11   13   14   15   16   17   17   17   17   16   16   16   16   15   15   16
   16   15   15   15   15   15   15   15   15
    67.5-180.0 180.0   5.0 450.0                            LAT/LON1/LON2/DLON/H
   16   16   16   16   16   17   17   17   16   16   16   16   17   19   22   24
   27   30   33   37   40   41   41   42   41   40   39   36   34   31   29   27
   25   23   21   20   18   17   16   14   13   11   10    9    9    9   10   10
   11   13   15   16   17   18   18   18   17   17   17   17   17   17   17   18
   18   18   18   17   16   16   15   15   16
    65.0-180.0 180.0   5.0 450.0                            LAT/LON1/LON2/DLON/H
   18   18   18   18   18   18   17   16   15   14   14   14   15   17   20   24
   28   31   34   39   42   44   45   46   46   45   44   42   40   37   35   31
   28   25   23   21   19   18   17   15   14   13   11   10    9    9   10   11
   14   16   18   19   19   19   19   18   18   18   19   19   20   20   21   21
   21   21   21   20   19   19   18   18   18
    62.5-180.0 180.0   5.0 450.0                            LAT/LON1/LON2/DLON/H
   21   21   22   22   21   20   19   17   16   14   13   14   15   17   21   25
   29   33   37   41   43   46   47   47   48   48   48   47   45   43   40   36
   33   29   26   23   21   19   18   17   16   16   14   13   12   13   14   16
   19   21   22   22   22   22   20   20   20   21   22   22   23   24   24   25
   24   24   24   23   23   23   22   22   21
    60.0-180.0 180.0   5.0 450.0                            LAT/LON1/LON2/DLON/H
   26   26   26   27   25   24   22   20   18   16   15   15   17   20   24   29
   33   36   40   43   45   47   48   48   49   50   50   51   51   50   47   43
   38   33   29   26   23   21   20   20   20   20   19   18   18   19   21   23
   25   26   27   26   25   25   24   23   23   24   26   26   27   29   28   28
   28   27   27   27   27   27   27   27   26
    57.5-180.0 180.0   5.0 450.0                            LAT/LON1/LON2/DLON/H
   31   31   31   31   30   29   26   24   21   20   18   19   22   25   29   34
   37   40   43   46   47   48   48   49   49   51   53   55   56   57   55   51
   46   40   35   31   27   25   24   25   26   26   26   26   26   27   29   30
   32   32   32   30   29   28   27   28   28   29   30   31   32   34   34   33
   32   31   30   30   31   31   31   32   31
    55.0-180.0 180.0   5.0 450.0                            LAT/LON1/LON2/DLON/H
   36   35   36   36   35   33   31   29   26   24   24   25   28   32   36   39
   43   45   47   49   50   51   51   51   52   53   56   59   62   64   64   61
   55   49   43   38   34   31   31   32   34   35   35   36   36   38   38   40
   40   40   38   36   34   33   32   33   34   35   36   37   37   39   39   38
   37   36   35   35   35   36   36   36   36
    52.5-180.0 180.0   5.0 450.0                            LAT/LON1/LON2/DLON/H
   40   40   40   40   40   38   36   34   32   31   31   33   36   40   43   46
   49   51   53   55   55   55   55   55   56   58   60   64   68   72   72   70
   65   59   52   47   42   40   39   41   43   45   46   47   48   49   49   50
   49   48   45   42   40   39   38   39   39   41   42   43   42   43   43   42
   41   40   41   41   41   41   41   40   40
    50.0-180.0 180.0   5.0 450.0                            LAT/LON1/LON2/DLON/H
   43   43   43   44   44   43   41   39   39   38   39   41   44   48   51   54
   55   57   59   61   62   62   62   63   64   65   67   70   74   79   80   79
   75   69   63   56   52   49   49   51   53   55   57   58   59   60   60   60
   58   57   53   49   46   44   44   44   45   46   47   47   46   46   46   46
   45   45   46   46   47   46   46   45   43
    47.5-180.0 180.0   5.0 450.0                            LAT/LON1/LON2/DLON/H
   46   45   46   46   47   47   46   44   44   45   47   49   53   56   58   60
   62   64   66   69   70   72   73   73   74   75   76   78   80   84   86   85
   82   78   72   68   63   61   60   61   63   65   67   68   69   69   68   69
   67   64   60   56   52   50   49   50   51   51   51   50   49   49   49   48
   48   48   49   50   51   51   50   48   46
    45.0-180.0 180.0   5.0 450.0                            LAT/LON1/LON2/DLON/H
   48   47   47   49   49   50   49   48   49   51   54   57   60   63   65   66
   68   71   74   77   80   83   84   86   86   87   86   86   85   87   88   88
   86   85   82   78   75   72   71   71   72   74   75   76   76   76   76   75
   74   71   67   62   58   56   55   55   55   55   54   52   52   51   51   50
   49   50   50   51   53   54   52   50   48
    42.5-180.0 180.0   5.0 450.0                            LAT/LON1/LON2/DLON/H
   49   48   48   49   50   51   50   51   52   56   60   63   66   69   70   71
   73   77   81   85   90   94   97   99  100   99   97   92   89   87   88   88
   89   90   90   88   85   83   81   80   81   81   82   83   82   82   81   81
   79   77   73   69   65   61   59   59   58   57   56   54   54   53   52   52
   51   51   51   52   54   55   53   51   49
    40.0-180.0 180.0   5.0 450.0                            LAT/LON1/LON2/DLON/H
   50   48   48   49   50   50   51   51   55   60   66   70   72   74   75   77
   79   83   88   93   98  103  107  110  112  110  106   98   91   87   87   88
   91   93   95   96   95   92   90   88   88   87   88   87   87   86   86   85
   84   82   78   74   70   66   63   61   60   58   57   55   54   54   53   53
   52   51   51   52   54   54   54   52   50
    37.5-180.0 180.0   5.0 450.0                            LAT/LON1/LON2/DLON/H
   49   48   48   48   49   49   49   51   56   63   70   76   78   80   81   83
   85   89   95  100  105  110  114  118  120  119  113  104   95   88   88   90
   93   97  101  104  104  102   98   95   93   91   91   90   90   89   89   88
   87   85   81   77   74   69   65   63   61   59   57   55   55   54   54   53
   51   50   50   51   52   53   52   51   49
    35.0-180.0 180.0   5.0 450.0                            LAT/LON1/LON2/DLON/H
   48   47   47   48   47   47   47   50   56   65   74   80   85   87   87   89
   92   96  101  106  109  113  118  122  125  124  118  111  101   94   94   97
   99  103  108  112  114  111  106  101   97   94   93   92   92   91   90   88
   87   85   81   77   73   69   66   63   61   59   57   56   55   54   53   52
   51   49   49   49   50   50   50   49   48
    32.5-180.0 180.0   5.0 450.0                            LAT/LON1/LON2/DLON/H
   47   46   47   46   46   45   46   48   55   65   76   84   89   92   95   98
  100  102  107  111  114  115  118  122  124  125  123  117  111  106  107  108
  112  114  119  122  123  119  113  106  101   97   95   95   94   93   90   88
   86   83   78   74   72   69   66   64   62   60   58   57   56   55   54   52
   50   49   47   47   47   48   48   47   47
    30.0-180.0 180.0   5.0 450.0                            LAT/LON1/LON2/DLON/H
   45   45   46   46   46   44   44   48   55   66   77   86   93   97  101  105
  107  109  113  115  115  115  116  118  120  124  126  124  123  123  126  128
  129  130  132  136  136  130  122  113  106  101   99   97   95   92   89   87
   83   80   75   72   70   68   67   65   63   61   59   57   57   56   54   51
   50   48   46   45   45   45   45   45   45
    27.5-180.0 180.0   5.0 450.0                            LAT/LON1/LON2/DLON/H
   43   44   45   46   45   44   44   48   56   67   77   87   95  101  107  112
  115  117  118  118  116  113  112  113  115  122  128  131  138  146  152  153
  153  152  151  153  150  142  131  121  112  107  104  100   95   91   89   86
   82   77   73   70   68   68   67   67   65   62   60   59   57   56   53   51
   49   48   46   45   44   44   43   43   43
    25.0-180.0 180.0   5.0 450.0                            LAT/LON1/LON2/DLON/H
   42   43   44   45   45   45   46   50   57   68   78   87   95  103  110  117
  121  123  123  122  117  112  109  109  113  121  130  142  155  172  182  182
  182  177  171  169  165  155  141  129  120  115  109  103   97   93   89   86
   80   76   71   68   67   67   67   67   65   63   61   59   57   55   53   51
   50   49   47   46   44   43   41   41   42
    22.5-180.0 180.0   5.0 450.0                            LAT/LON1/LON2/DLON/H
   40   41   43   45   46   47   48   52   60   70   79   88   96  105  114  122
  127  130  130  128  122  115  110  110  115  126  139  157  177  198  214  216
  210  201  190  185  178  165  152  140  130  124  116  109  102   95   90   86
   81   75   70   68   68   69   68   68   66   63   59   57   56   54   52   50
   50   49   48   46   44   42   41   41   40
    20.0-180.0 180.0   5.0 450.0                            LAT/LON1/LON2/DLON/H
   40   41   42   44   47   48   51   55   63   72   82   90   97  106  117  126
  133  138  139  137  131  123  117  118  125  140  154  176  199  223  238  240
  231  218  208  200  190  176  163  152  143  135  127  119  110  100   93   87
   82   77   73   71   71   71   70   68   65   61   58   55   54   52   51   50
   50   50   48   47   45   42   41   40   40
    17.5-180.0 180.0   5.0 450.0                            LAT/LON1/LON2/DLON/H
   39   39   41   44   47   50   53   58   67   76   85   92  100  109  120  131
  140  147  149  149  142  135  129  131  140  156  173  195  217  237  248  247
  238  228  216  207  197  183  172  164  157  149  141  131  119  107   98   90
   85   82   79   77   76   74   73   70   65   61   56   53   52   51   50   50
   50   50   49   48   46   43   41   40   39
    15.0-180.0 180.0   5.0 450.0                            LAT/LON1/LON2/DLON/H
   39   39   40   43   46   50   54   61   70   79   88   96  104  114  125  137
  147  155  160  160  157  150  145  147  157  172  191  210  227  241  246  244
  235  226  214  205  196  188  181  177  173  166  157  143  129  114  104   96
   91   89   88   85   83   79   75   71   65   59   54   52   51   50   49   49
   50   50   50   48   46   44   42   41   39
    12.5-180.0 180.0   5.0 450.0                            LAT/LON1/LON2/DLON/H
   38   38   39   41   45   49   55   62   72   82   92  100  109  120  132  143
  154  164  171  174  172  167  163  165  174  188  205  220  231  239  240  236
  227  216  207  200  194  191  189  189  189  183  173  157  140  124  111  101
   98   97   97   94   89   83   77   70   64   57   53   50   50   50   50   49
   49   50   49   48   47   44   43   41   38
    10.0-180.0 180.0   5.0 450.0                            LAT/LON1/LON2/DLON/H
   38   37   37   39   42   46   53   62   74   85   96  106  116  128  140  151
  162  173  182  188  187  183  181  184  192  204  216  226  231  233  232  226
  218  209  202  196  194  195  198  202  204  199  189  171  152  133  117  107
  104  104  103  100   94   86   77   69   62   56   52   50   50   50   50   49
   49   49   48   47   46   44   42   40   38
     7.5-180.0 180.0   5.0 450.0                            LAT/LON1/LON2/DLON/H
   37   35   34   35   38   43   51   62   75   88  100  112  124  138  149  161
  172  183  193  200  201  198  197  201  209  216  223  228  228  226  223  218
  214  209  203  199  199  203  208  214  216  214  202  183  161  142  125  114
  109  108  106  104   97   88   79   70   63   57   53   51   53   53   52   51
   49   49   47   46   45   44   42   40   37
     5.0-180.0 180.0   5.0 450.0                            LAT/LON1/LON2/DLON/H
   36   34   32   32   34   40   49   62   76   90  104  118  133  147  160  172
  183  193  203  210  212  212  213  217  222  226  229  229  226  222  219  218
  218  217  214  211  211  215  219  223  224  221  209  190  169  150  133  121
  115  111  109  106  100   91   82   73   66   61   57   55   57   57   55   53
   51   49   47   46   44   43   41   39   36
     2.5-180.0 180.0   5.0 450.0                            LAT/LON1/LON2/DLON/H
   36   34   31   30   32   38   48   62   78   93  108  123  139  155  169  181
  191  202  210  217  221  224  227  230  232  234  234  232  228  225  226  229
  234  235  233  230  228  229  230  230  228  221  209  192  174  157  142  130
  122  115  111  108  103   95   87   79   72   67   64   62   62   61   60   57
   54   51   48   47   44   43   41   39   36
