DORISInput/IGSGIM/2019/igsg3480.19i
     1.0            IONOSPHERE MAPS     MIX                 IONEX VERSION / TYPE
cmpcmb v1.2          GRL/UWM            27-dec-19 12:48     PGM / RUN BY / DATE 
ionex file containing IGS COMBINED Ionosphere maps          COMMENT             
global ionosphere maps for day 348, 2019                    DESCRIPTION         
IONEX file containing the COMBINED IGS TEC MAPS and DCBs    DESCRIPTION         
      IONEX files of the following IAACs were combined: cod DESCRIPTION         
                                                        esa DESCRIPTION         
                                                        jpl DESCRIPTION         
                                                        upc DESCRIPTION         
Contact address: Andrzej Krankowski                         DESCRIPTION
                 Geodynamics Research Laboratory            DESCRIPTION
                 University of Warmia and Mazury (GRL/UWM)  DESCRIPTION
                 Oczapowski St. 1                           DESCRIPTION
                 10-957-Olsztyn, POLAND                     DESCRIPTION
                 e-mail:  kand@uwm.edu.pl                   DESCRIPTION
                                                            DESCRIPTION         
  2019    12    14     0     0     0                        EPOCH OF FIRST MAP  
  2019    12    15     0     0     0                        EPOCH OF LAST MAP   
  7200                                                      INTERVAL            
    13                                                      # OF MAPS IN FILE   
  COSZ                                                      MAPPING FUNCTION    
     0.0                                                    ELEVATION CUTOFF    
combined TEC calculated as weighted mean of input TEC valuesOBSERVABLES USED    
   394                                                      # OF STATIONS       
    32                                                      # OF SATELLITES     
  6371.0                                                    BASE RADIUS         
     2                                                      MAP DIMENSION       
   450.0 450.0   0.0                                        HGT1 / HGT2 / DHGT  
    87.5 -87.5  -2.5                                        LAT1 / LAT2 / DLAT  
  -180.0 180.0   5.0                                        LON1 / LON2 / DLON  
    -1                                                      EXPONENT            
TEC values in 0.1 tec units;  9999, if no value available   COMMENT             
DCB values in nanoseconds, reference is Sum_of_SatDCBs = 0  COMMENT             
                                                            END OF HEADER       
     1                                                      START OF TEC MAP    
  2019    12    14     0     0     0                        EPOCH OF CURRENT MAP
    87.5-180.0 180.0   5.0 450.0                            LAT/LON1/LON2/DLON/H
   17   17   18   18   18   18   18   18   18   18   18   18   18   18   18   17
   17   17   17   17   17   16   16   16   15   15   15   14   14   14   14   13
   13   13   12   12   12   12   12   12   12   12   12   12   13   13   13   14
   14   14   14   14   15   15   15   16   16   16   16   16   16   16   16   16
   16   16   16   16   16   16   17   17   17
    85.0-180.0 180.0   5.0 450.0                            LAT/LON1/LON2/DLON/H
   19   19   20   20   20   21   21   21   21   21   21   21   21   21   20   20
   20   19   18   18   17   17   16   15   14   13   13   12   12   12   11   11
   11   11   11   11   11   11   11   10   10   10   11   11   11   12   12   12
   12   13   13   13   14   14   15   15   15   15   15   15   15   15   15   15
   15   15   15   15   16   16   17   18   19
    82.5-180.0 180.0   5.0 450.0                            LAT/LON1/LON2/DLON/H
   18   19   19   20   21   21   21   22   22   23   22   23   23   23   22   21
   21   20   20   19   18   17   17   15   13   13   12   11   11   11   11   10
   10   10   10   10   10   10   10   10   10   10   10   10   10   11   11   12
   12   12   13   13   13   14   14   14   14   14   13   13   13   13   13   13
   13   13   13   14   14   15   16   17   18
    80.0-180.0 180.0   5.0 450.0                            LAT/LON1/LON2/DLON/H
   16   17   17   18   19   20   21   22   23   23   23   23   23   23   23   23
   23   23   22   21   19   18   17   14   12   11   10   10   10   10   10   10
    9    9    9    9    9    9    9    9    9    9    9   10   10   10   10   11
   11   12   13   13   13   13   13   13   13   12   12   11   11   11   11   11
   11   11   11   11   12   13   14   15   16
    77.5-180.0 180.0   5.0 450.0                            LAT/LON1/LON2/DLON/H
   15   16   16   17   18   19   20   20   20   21   22   23   23   23   23   23
   24   23   23   23   22   21   17   15   13   11   10   10    9    9    9    9
    9    9    9    9    9    9    8    8    8    8    9    9    9    9   10   10
   10   10   11   12   11   12   12   12   11   10    9    9    9    9    9    9
    9    9   10   10   11   11   13   14   15
    75.0-180.0 180.0   5.0 450.0                            LAT/LON1/LON2/DLON/H
   16   17   18   18   19   19   19   19   19   19   20   20   21   21   22   24
   24   24   25   24   23   20   19   16   14   12   10   10    9    9    9    8
    8    8    8    8    8    8    7    7    7    7    7    8    8    8    9    9
   10   10   10   11   11   11   11   11   10    9    9    8    8    8    8    8
    9    9   10   10   11   13   15   16   16
    72.5-180.0 180.0   5.0 450.0                            LAT/LON1/LON2/DLON/H
   20   21   21   21   21   21   20   19   19   18   18   18   18   20   21   21
   22   24   24   24   23   22   20   18   15   13   12   10    9    9    9    8
    9    8    7    7    7    6    6    6    5    6    6    7    7    8    8    8
    9    9    9   10   10   11   11   11   10   10    9    9    9    9    9    9
   10   10   11   13   14   16   17   19   20
    70.0-180.0 180.0   5.0 450.0                            LAT/LON1/LON2/DLON/H
   25   26   26   26   25   24   23   21   19   17   16   16   16   16   17   18
   19   21   23   23   23   23   21   19   16   14   12   11    9    8    8    8
    9    9    8    7    7    6    5    5    5    5    6    7    7    7    8    8
    8    8    9   10   10   11   11   11   11   11   11   11   11   11   12   12
   13   14   16   18   19   21   23   24   25
    67.5-180.0 180.0   5.0 450.0                            LAT/LON1/LON2/DLON/H
   33   34   34   33   32   29   27   24   21   19   17   16   14   14   14   15
   16   17   19   20   21   21   21   18   16   14   12   11   10    8    9    9
    9   10    8    7    6    5    5    5    5    5    6    8    8    9    9    9
    9    9   10   10   11   12   12   12   12   13   13   14   14   15   16   18
   19   22   23   25   27   29   31   33   33
    65.0-180.0 180.0   5.0 450.0                            LAT/LON1/LON2/DLON/H
   43   43   43   41   39   36   33   29   26   23   20   17   16   14   13   12
   13   14   16   17   18   18   17   16   15   12   11   11   11   10    9    9
    8    8    7    6    5    5    5    6    6    7    8   10   12   12   12   12
   12   12   12   13   13   14   15   15   15   15   16   16   17   20   21   23
   26   29   31   33   35   37   39   41   43
    62.5-180.0 180.0   5.0 450.0                            LAT/LON1/LON2/DLON/H
   51   51   51   49   47   43   39   35   31   27   24   21   19   16   14   12
   11   11   12   13   14   14   14   13   12   11   10   11   12   11   10    9
    9    8    7    6    6    6    7    8    9   12   14   17   19   20   20   18
   18   17   17   16   17   17   18   18   18   19   19   20   21   24   26   29
   32   36   39   41   42   45   47   49   51
    60.0-180.0 180.0   5.0 450.0                            LAT/LON1/LON2/DLON/H
   57   58   58   56   54   50   46   41   37   33   30   27   24   20   17   14
   12   11   11   11   11   11   11   10   10   10   10   10   11   11   11   11
   11   10    9    9    9   10   10   12   16   19   23   26   28   29   28   27
   25   23   22   22   21   21   21   21   22   22   23   24   25   28   31   35
   39   42   45   48   50   52   53   55   57
    57.5-180.0 180.0   5.0 450.0                            LAT/LON1/LON2/DLON/H
   62   62   62   61   59   56   52   47   43   39   35   33   29   26   22   18
   15   13   12   11   10   11   11    9   10   10   10   11   12   13   14   15
   15   15   14   14   14   15   18   21   26   31   35   38   40   40   38   35
   33   30   28   27   26   25   25   25   25   26   26   27   29   32   36   40
   45   49   52   54   56   57   59   60   62
    55.0-180.0 180.0   5.0 450.0                            LAT/LON1/LON2/DLON/H
   66   66   66   65   64   60   57   52   49   44   41   38   35   31   27   23
   19   16   14   12   11   11   11   10   10   11   12   12   15   17   18   20
   21   22   23   23   23   24   27   32   36   42   47   50   50   50   47   44
   40   36   34   32   30   29   28   27   27   28   29   31   33   37   41   45
   50   54   57   60   62   62   64   65   66
    52.5-180.0 180.0   5.0 450.0                            LAT/LON1/LON2/DLON/H
   69   70   70   69   67   65   61   57   54   49   46   43   40   37   33   28
   24   20   18   15   14   13   12   12   13   14   14   16   19   23   26   29
   31   32   34   34   34   34   37   42   47   53   57   59   59   57   54   50
   46   42   39   36   34   32   30   30   30   31   32   34   38   41   45   49
   54   59   62   66   67   68   68   69   69
    50.0-180.0 180.0   5.0 450.0                            LAT/LON1/LON2/DLON/H
   74   75   75   74   73   70   66   62   59   54   50   47   44   41   38   34
   30   26   23   20   18   17   17   17   17   18   19   23   27   32   35   39
   41   43   44   44   44   44   47   51   56   61   64   66   65   63   59   54
   50   46   43   40   38   35   32   31   32   33   35   38   42   45   48   52
   57   62   67   71   73   73   73   73   74
    47.5-180.0 180.0   5.0 450.0                            LAT/LON1/LON2/DLON/H
   80   80   80   80   79   76   72   68   63   58   54   50   48   46   43   40
   35   32   29   27   25   24   24   24   25   26   28   31   36   42   45   48
   50   52   52   52   52   53   54   58   62   66   68   69   68   67   63   58
   54   50   47   44   41   37   34   33   34   36   39   42   46   49   52   56
   60   66   72   75   78   78   79   79   80
    45.0-180.0 180.0   5.0 450.0                            LAT/LON1/LON2/DLON/H
   86   87   87   87   85   82   79   74   69   64   58   54   52   50   49   45
   42   38   36   34   33   33   33   34   34   36   38   41   44   50   53   55
   58   59   59   59   59   58   59   61   65   68   69   70   69   67   65   61
   58   54   50   47   43   40   37   35   36   38   42   47   51   54   57   61
   65   70   75   80   82   83   84   85   86
    42.5-180.0 180.0   5.0 450.0                            LAT/LON1/LON2/DLON/H
   91   92   93   93   92   89   85   80   75   69   63   59   57   55   54   51
   48   45   43   42   41   42   43   44   45   46   49   51   53   57   60   61
   63   64   65   64   63   62   61   63   65   68   69   69   69   68   66   63
   61   57   54   50   47   44   40   38   39   42   47   53   57   61   63   67
   70   74   79   83   86   88   90   90   91
    40.0-180.0 180.0   5.0 450.0                            LAT/LON1/LON2/DLON/H
   95   97   97   97   96   94   90   85   80   74   68   64   62   61   60   57
   54   51   49   50   50   51   53   53   55   57   58   59   61   63   64   65
   66   68   68   67   65   63   61   62   64   67   68   69   69   68   67   65
   63   59   56   53   49   46   43   41   42   46   52   58   63   67   70   72
   76   79   82   85   88   91   94   94   95
    37.5-180.0 180.0   5.0 450.0                            LAT/LON1/LON2/DLON/H
   97   98   98   98   96   94   92   88   84   79   74   70   68   67   65   63
   60   58   56   57   58   60   61   61   61   64   65   66   67   67   67   67
   68   69   69   68   66   63   61   62   63   66   68   69   70   70   68   66
   63   60   57   54   51   48   44   43   46   51   57   63   69   73   76   78
   81   83   85   87   90   93   96   97   97
    35.0-180.0 180.0   5.0 450.0                            LAT/LON1/LON2/DLON/H
   98   97   96   95   94   93   92   88   86   83   79   76   74   73   71   69
   65   63   62   63   65   67   67   67   68   69   70   70   70   69   68   67
   68   68   68   67   65   63   61   61   63   66   68   70   71   72   69   65
   62   59   56   54   51   49   46   46   50   55   62   69   75   79   82   84
   86   87   89   90   91   94   97   98   98
    32.5-180.0 180.0   5.0 450.0                            LAT/LON1/LON2/DLON/H
   97   95   93   90   89   89   89   87   86   84   82   80   79   78   77   74
   70   67   66   67   69   71   71   71   72   72   73   71   69   67   67   66
   66   67   67   67   65   62   60   61   63   66   69   71   73   73   69   64
   59   56   54   52   51   49   48   49   53   60   66   73   80   84   88   90
   91   92   92   93   93   95   98   98   97
    30.0-180.0 180.0   5.0 450.0                            LAT/LON1/LON2/DLON/H
   99   96   92   88   86   86   86   86   85   85   85   84   83   83   80   77
   74   71   69   69   70   72   72   73   73   73   72   70   67   66   65   65
   66   66   66   65   64   62   61   61   64   67   69   72   73   72   66   60
   54   51   50   49   49   48   49   52   57   64   70   77   83   87   91   94
   95   96   97   98   98  100  102  102   99
    27.5-180.0 180.0   5.0 450.0                            LAT/LON1/LON2/DLON/H
  108  103   98   93   89   88   87   86   87   87   88   87   87   85   83   80
   76   73   71   70   71   72   72   72   72   72   71   69   67   65   65   66
   66   65   65   63   63   61   60   61   64   66   69   70   70   68   62   55
   49   45   45   45   45   46   48   53   59   66   73   80   85   89   94   97
  100  102  105  106  107  110  112  112  108
    25.0-180.0 180.0   5.0 450.0                            LAT/LON1/LON2/DLON/H
  125  120  113  106  102  100   97   94   92   92   93   91   89   87   85   81
   77   73   72   72   72   73   72   71   70   71   70   68   66   66   66   66
   65   64   63   63   62   60   59   61   63   65   66   66   65   62   56   49
   43   39   39   40   41   42   45   51   59   67   75   82   88   93   97  101
  105  109  114  117  119  123  127  130  125
    22.5-180.0 180.0   5.0 450.0                            LAT/LON1/LON2/DLON/H
  149  143  135  130  127  125  119  111  105  103  101   97   93   89   86   83
   78   74   73   73   73   73   71   70   69   70   70   68   67   67   67   66
   65   63   63   61   61   60   59   59   61   61   61   59   57   54   50   44
   38   34   34   35   36   38   41   49   59   69   77   84   90   96  101  107
  112  117  123  128  133  140  147  152  149
    20.0-180.0 180.0   5.0 450.0                            LAT/LON1/LON2/DLON/H
  174  171  165  164  162  160  151  139  129  121  114  108  101   94   89   85
   79   76   75   74   74   73   71   70   70   71   71   70   69   69   69   68
   65   63   62   61   61   59   58   57   56   55   55   52   48   45   43   39
   34   31   31   31   32   34   39   49   60   71   78   85   92   99  106  113
  120  127  135  141  151  159  167  174  174
    17.5-180.0 180.0   5.0 450.0                            LAT/LON1/LON2/DLON/H
  193  194  194  200  203  200  193  179  161  147  136  126  114  102   93   88
   82   79   77   75   75   74   72   72   73   73   73   73   72   72   72   71
   67   64   61   61   60   58   55   53   50   49   48   45   41   39   37   35
   31   29   29   29   30   32   38   49   62   73   81   89   97  105  113  122
  130  139  148  156  166  175  184  192  193
    15.0-180.0 180.0   5.0 450.0                            LAT/LON1/LON2/DLON/H
  205  208  216  230  241  241  235  220  198  178  164  150  132  116  102   94
   87   81   79   77   77   76   75   75   77   77   77   77   77   77   77   73
   69   63   61   60   59   56   52   49   47   45   43   39   36   35   35   33
   31   30   29   29   29   31   37   50   65   77   86   94  103  113  121  130
  140  151  161  170  178  187  196  202  205
    12.5-180.0 180.0   5.0 450.0                            LAT/LON1/LON2/DLON/H
  208  213  226  246  265  272  268  253  231  209  193  177  155  133  113  102
   93   86   82   80   80   80   80   80   81   82   81   80   80   79   78   74
   69   64   61   59   58   54   51   48   45   43   41   37   34   33   34   33
   32   31   31   29   29   31   39   53   67   80   89   99  108  119  129  139
  149  160  170  179  187  195  201  206  208
    10.0-180.0 180.0   5.0 450.0                            LAT/LON1/LON2/DLON/H
  206  210  223  245  267  281  282  273  253  232  219  202  177  151  127  112
  101   92   86   83   83   84   85   85   87   87   86   83   81   79   77   74
   69   64   60   58   57   54   51   49   47   44   42   38   35   34   35   34
   34   33   32   30   30   33   41   54   69   82   93  103  113  124  135  145
  155  166  176  185  192  199  203  205  206
     7.5-180.0 180.0   5.0 450.0                            LAT/LON1/LON2/DLON/H
  201  203  214  233  253  270  276  273  260  245  234  219  196  168  143  123
  109   99   91   87   86   87   90   90   92   93   90   85   80   76   75   73
   69   64   60   58   57   55   54   52   50   47   44   41   38   37   37   37
   37   36   35   33   32   35   44   57   72   86   97  107  118  129  139  148
  158  169  178  187  194  198  201  202  201
     5.0-180.0 180.0   5.0 450.0                            LAT/LON1/LON2/DLON/H
  198  199  206  218  234  249  257  258  251  243  238  228  208  182  156  135
  118  106   97   91   90   91   94   97   98   97   94   87   80   75   74   73
   70   66   63   61   60   58   57   55   53   51   48   44   42   42   41   41
   40   40   38   36   35   38   48   62   76   89  100  111  122  132  141  149
  158  167  177  186  192  196  199  200  198
     2.5-180.0 180.0   5.0 450.0                            LAT/LON1/LON2/DLON/H
  201  200  202  208  217  228  235  236  235  232  231  226  212  189  166  146
  129  116  104   97   95   96   99  102  104  102   98   90   82   77   75   74
   73   70   66   65   64   62   60   59   57   54   51   49   48   47   47   45
   44   42   40   38   38   42   52   66   79   90  102  113  124  133  142  149
  158  166  175  182  189  194  199  202  201
