DORISInput/IGSGIM/2019/igsg3500.19i
     1.0            IONOSPHERE MAPS     MIX                 IONEX VERSION / TYPE
cmpcmb v1.2          GRL/UWM             4-jan-20 13:28     PGM / RUN BY / DATE 
ionex file containing IGS COMBINED Ionosphere maps          COMMENT             
global ionosphere maps for day 350, 2019                    DESCRIPTION         
IONEX file containing the COMBINED IGS TEC MAPS and DCBs    DESCRIPTION         
      IONEX files of the following IAACs were combined: cod DESCRIPTION         
                                                        esa DESCRIPTION         
                                                        jpl DESCRIPTION         
                                                        upc DESCRIPTION         
Contact address: Andrzej Krankowski                         DESCRIPTION
                 Geodynamics Research Laboratory            DESCRIPTION
                 University of Warmia and Mazury (GRL/UWM)  DESCRIPTION
                 Oczapowski St. 1                           DESCRIPTION
                 10-957-Olsztyn, POLAND                     DESCRIPTION
                 e-mail:  kand@uwm.edu.pl                   DESCRIPTION
                                                            DESCRIPTION         
  2019    12    16     0     0     0                        EPOCH OF FIRST MAP  
  2019    12    17     0     0     0                        EPOCH OF LAST MAP   
  7200                                                      INTERVAL            
    13                                                      # OF MAPS IN FILE   
  COSZ                                                      MAPPING FUNCTION    
     0.0                                                    ELEVATION CUTOFF    
combined TEC calculated as weighted mean of input TEC valuesOBSERVABLES USED    
   394                                                      # OF STATIONS       
    32                                                      # OF SATELLITES     
  6371.0                                                    BASE RADIUS         
     2                                                      MAP DIMENSION       
   450.0 450.0   0.0                                        HGT1 / HGT2 / DHGT  
    87.5 -87.5  -2.5                                        LAT1 / LAT2 / DLAT  
  -180.0 180.0   5.0                                        LON1 / LON2 / DLON  
    -1                                                      EXPONENT            
TEC values in 0.1 tec units;  9999, if no value available   COMMENT             
DCB values in nanoseconds, reference is Sum_of_SatDCBs = 0  COMMENT             
                                                            END OF HEADER       
[from data line 3432]
     9                                                      START OF TEC MAP    
  2019    12    16    16     0     0                        EPOCH OF CURRENT MAP
    87.5-180.0 180.0   5.0 450.0                            LAT/LON1/LON2/DLON/H
   20   20   20   20   20   19   19   19   19   19   19   19   18   18   18   18
   17   17   17   17   17   17   17   16   16   16   16   16   16   16   16   16
   16   16   16   16   17   17   17   17   17   17   18   18   18   18   18   18
   18   19   18   19   19   19   19   19   20   19   19   20   20   20   20   20
   20   20   20   20   20   20   20   20   20
    85.0-180.0 180.0   5.0 450.0                            LAT/LON1/LON2/DLON/H
   20   20   21   20   20   20   20   20   20   20   20   19   19   18   18   18
   17   17   16   16   15   15   14   14   13   13   13   13   13   13   13   13
   13   13   14   14   15   15   15   16   16   16   17   17   17   18   18   18
   19   18   19   19   19   19   19   19   20   20   20   20   20   20   20   20
   20   20   20   20   20   20   20   20   20
    82.5-180.0 180.0   5.0 450.0                            LAT/LON1/LON2/DLON/H
   20   20   20   20   20   20   20   21   20   20   20   20   19   19   18   17
   16   16   15   15   14   14   12   12   12   11   11   11   11   11   11   11
   12   12   13   13   14   14   15   15   16   16   17   17   17   18   17   18
   18   19   19   19   19   19   19   19   19   19   20   20   20   19   19   19
   19   19   19   19   19   19   19   19   20
    80.0-180.0 180.0   5.0 450.0                            LAT/LON1/LON2/DLON/H
   19   19   19   19   20   20   20   20   20   21   20   20   19   19   18   18
   17   16   15   14   13   12   12   11   11   11   11   11   12   12   12   12
   12   12   12   12   13   13   13   13   13   14   14   15   15   16   17   17
   18   18   18   18   18   18   18   18   18   19   19   19   19   18   18   17
   17   17   17   17   18   18   18   19   19
    77.5-180.0 180.0   5.0 450.0                            LAT/LON1/LON2/DLON/H
   17   17   18   18   19   19   19   19   19   20   19   19   19   18   18   18
   17   17   16   16   15   13   13   12   12   11   11   11   11   11   11   11
   11   11   11   11   11   11   12   12   12   13   13   13   13   14   14   15
   15   15   16   16   16   16   16   16   16   17   17   16   16   16   16   15
   15   15   16   16   16   17   17   17   17
    75.0-180.0 180.0   5.0 450.0                            LAT/LON1/LON2/DLON/H
   16   16   16   17   17   17   17   17   17   18   18   18   18   18   18   18
   18   18   18   19   18   17   17   16   15   14   12   12   11   11   11   11
   10   10    9    9    9    9   10   10   11   11   11   11   11   12   12   12
   13   13   14   15   15   14   14   15   15   15   14   14   14   14   14   15
   15   15   15   16   16   16   15   16   16
    72.5-180.0 180.0   5.0 450.0                            LAT/LON1/LON2/DLON/H
   15   16   16   16   16   16   15   15   15   15   16   16   16   17   18   18
   19   20   22   22   23   23   23   22   22   20   19   16   15   14   12   12
   11   10   10    9    9    9    9    9    9    9    9   10   10   10   11   11
   12   12   13   14   15   14   14   14   14   14   13   14   14   14   14   15
   15   15   15   16   16   16   15   15   15
    70.0-180.0 180.0   5.0 450.0                            LAT/LON1/LON2/DLON/H
   16   16   16   16   15   14   14   14   14   13   13   13   15   15   16   18
   20   23   25   27   29   30   30   30   30   29   26   23   21   20   18   16
   15   13   12   11   11   10    9    9    9    9    9    9   10   10   10   11
   11   11   12   13   14   15   14   15   14   14   14   15   15   16   16   16
   16   16   16   17   17   17   17   16   16
    67.5-180.0 180.0   5.0 450.0                            LAT/LON1/LON2/DLON/H
   19   18   17   17   16   15   14   13   12   12   11   11   12   14   16   19
   22   26   29   32   35   37   38   38   38   37   35   32   29   27   24   21
   19   16   14   13   12   11   10   10   10   10   10   10   11   10   11   11
   11   12   13   14   16   16   17   18   18   18   18   18   18   19   19   20
   20   20   20   21   21   21   20   20   19
    65.0-180.0 180.0   5.0 450.0                            LAT/LON1/LON2/DLON/H
   23   22   21   20   19   17   16   14   13   12   11   10   11   13   17   20
   25   28   33   36   40   43   44   45   45   45   43   41   38   36   32   27
   24   21   18   15   13   12   12   11   11   12   12   13   13   13   12   13
   13   15   17   18   19   20   21   21   22   22   22   22   22   22   23   24
   24   24   25   26   25   25   24   24   23
    62.5-180.0 180.0   5.0 450.0                            LAT/LON1/LON2/DLON/H
   28   27   26   24   23   21   19   17   15   13   12   11   12   15   19   23
   28   32   36   41   45   47   48   49   50   50   50   49   46   44   40   34
   30   26   21   18   15   14   13   14   14   15   15   16   16   17   17   17
   18   19   21   23   23   24   24   25   25   26   26   27   27   27   27   28
   28   29   29   30   30   30   29   29   28
    60.0-180.0 180.0   5.0 450.0                            LAT/LON1/LON2/DLON/H
   33   32   31   30   28   26   24   22   19   16   15   14   15   18   22   26
   32   36   41   45   48   50   52   52   53   55   55   56   54   51   48   43
   37   32   26   22   19   17   16   17   18   20   21   22   22   22   22   22
   22   23   25   26   27   28   28   29   30   30   31   32   32   32   32   33
   33   33   34   34   34   34   34   33   33
    57.5-180.0 180.0   5.0 450.0                            LAT/LON1/LON2/DLON/H
   36   36   36   35   34   32   30   27   24   22   19   19   21   24   28   32
   37   41   45   48   51   53   54   54   55   57   59   61   60   58   56   51
   45   39   33   28   24   21   21   23   25   26   28   29   29   28   28   27
   28   28   29   30   30   31   33   34   35   36   36   37   37   38   37   38
   37   37   38   38   38   37   37   37   36
    55.0-180.0 180.0   5.0 450.0                            LAT/LON1/LON2/DLON/H
   41   40   40   40   39   38   35   32   30   27   26   26   28   30   34   38
   42   46   49   52   54   56   56   56   57   60   62   66   67   65   63   59
   54   47   41   35   31   28   28   30   31   34   35   36   36   35   34   34
   34   34   34   35   35   36   37   39   40   41   42   42   42   42   42   42
   41   41   41   41   41   41   41   41   41
    52.5-180.0 180.0   5.0 450.0                            LAT/LON1/LON2/DLON/H
   44   44   44   44   44   42   40   38   35   33   33   33   35   38   42   45
   48   51   54   56   58   59   59   59   60   63   66   70   72   73   71   67
   62   55   49   43   39   37   37   38   39   41   42   42   42   41   41   41
   41   41   41   41   40   41   42   43   45   47   47   47   47   46   46   45
   44   44   44   44   44   44   44   44   44
    50.0-180.0 180.0   5.0 450.0                            LAT/LON1/LON2/DLON/H
   46   46   46   47   46   45   43   41   40   39   39   41   43   46   49   51
   53   55   57   59   62   63   63   64   65   67   70   74   76   78   77   73
   69   63   57   52   48   46   46   46   47   49   49   50   49   49   48   47
   47   47   48   47   47   47   47   48   50   51   51   50   50   49   48   48
   47   46   46   46   45   46   46   46   46
    47.5-180.0 180.0   5.0 450.0                            LAT/LON1/LON2/DLON/H
   46   46   47   47   48   46   45   44   43   44   46   48   50   52   54   57
   57   59   62   65   67   69   70   71   72   74   76   79   81   82   80   77
   72   68   64   60   57   56   55   55   55   56   56   56   56   55   53   53
   53   53   54   53   53   52   52   53   54   54   54   53   52   52   51   50
   49   47   46   46   46   47   47   46   46
    45.0-180.0 180.0   5.0 450.0                            LAT/LON1/LON2/DLON/H
   45   45   46   46   47   46   45   44   46   49   52   55   57   58   60   61
   62   64   66   70   74   77   80   81   82   83   84   85   85   83   80   77
   73   71   69   68   67   66   65   64   63   62   62   62   62   61   59   59
   59   60   59   59   58   58   58   57   57   57   57   56   55   55   54   52
   50   49   48   47   47   47   46   46   45
    42.5-180.0 180.0   5.0 450.0                            LAT/LON1/LON2/DLON/H
   43   43   44   44   44   44   44   44   47   52   57   60   62   64   65   66
   67   69   72   76   81   86   90   92   93   93   92   90   87   83   79   76
   74   74   74   75   75   75   74   72   70   69   68   68   68   66   66   66
   66   66   65   64   63   63   61   60   59   59   58   58   57   57   56   54
   52   51   49   48   47   46   45   44   43
    40.0-180.0 180.0   5.0 450.0                            LAT/LON1/LON2/DLON/H
   42   41   41   42   42   42   42   44   48   55   61   66   69   69   70   70
   72   74   78   82   88   93   98  102  103  102  100   96   89   82   78   75
   75   76   79   81   82   83   82   79   76   74   74   74   74   73   73   73
   73   72   71   69   67   66   64   62   61   60   59   59   59   58   56   54
   53   51   50   49   48   46   45   43   42
    37.5-180.0 180.0   5.0 450.0                            LAT/LON1/LON2/DLON/H
   41   40   39   40   39   39   40   42   48   56   65   71   75   76   75   76
   77   80   83   89   94   99  104  109  110  110  106  101   92   84   79   78
   78   81   84   87   90   90   89   86   82   79   78   78   78   78   78   77
   76   75   74   71   68   67   64   62   61   60   59   59   59   57   56   54
   53   51   50   49   48   46   44   43   41
    35.0-180.0 180.0   5.0 450.0                            LAT/LON1/LON2/DLON/H
   41   39   38   38   38   37   38   42   48   58   69   76   82   83   82   82
   83   86   89   95   99  104  108  112  114  115  112  106   99   89   87   86
   87   89   92   95   98   99   97   92   88   84   82   82   82   82   81   79
   77   76   73   70   67   65   63   62   61   59   59   59   59   57   56   54
   52   51   50   49   47   45   44   43   41
    32.5-180.0 180.0   5.0 450.0                            LAT/LON1/LON2/DLON/H
   41   40   39   39   38   37   38   41   48   59   71   81   88   90   90   89
   90   92   95   99  103  106  109  112  114  115  115  112  107  101  100  100
  101  103  105  108  108  108  104   99   92   88   85   85   85   85   83   80
   77   75   72   68   65   63   62   61   61   59   59   59   59   57   55   54
   51   50   49   48   47   45   43   42   41
    30.0-180.0 180.0   5.0 450.0                            LAT/LON1/LON2/DLON/H
   41   40   39   39   39   37   39   42   49   60   73   85   92   95   96   96
   96   97   99  103  105  106  106  108  109  112  117  117  117  117  120  120
  123  124  124  124  122  118  113  105   97   91   88   87   87   85   83   80
   77   74   71   67   64   63   62   62   60   59   59   59   58   57   55   52
   51   49   49   48   46   44   43   42   41
    27.5-180.0 180.0   5.0 450.0                            LAT/LON1/LON2/DLON/H
   42   42   41   41   41   40   41   44   51   61   74   86   95  100  102  102
  102  103  104  105  105  103  102  102  104  110  118  124  131  139  146  147
  151  150  148  145  137  130  122  112  103   95   92   91   89   87   85   80
   77   73   71   68   65   63   63   62   61   60   60   59   58   56   55   52
   50   49   48   47   46   44   43   43   42
    25.0-180.0 180.0   5.0 450.0                            LAT/LON1/LON2/DLON/H
   43   43   43   43   43   43   44   48   54   64   76   87   96  102  105  106
  107  108  108  108  105  102   99   99  103  112  123  134  148  164  177  179
  183  180  172  165  154  143  132  120  109  101   97   95   93   90   87   82
   77   73   71   69   66   64   64   63   63   63   62   61   59   56   54   52
   50   48   48   47   45   43   43   42   43
    22.5-180.0 180.0   5.0 450.0                            LAT/LON1/LON2/DLON/H
   42   43   44   45   46   47   49   52   58   66   77   87   95  102  106  110
  112  113  113  111  107  102   99  100  107  118  132  148  167  189  206  211
  215  208  198  187  173  157  144  129  116  108  103  101   99   96   92   85
   78   75   73   71   69   67   66   65   64   64   62   61   60   57   54   52
   49   48   47   47   45   42   42   42   42
    20.0-180.0 180.0   5.0 450.0                            LAT/LON1/LON2/DLON/H
   42   42   43   45   47   50   54   58   64   71   79   87   95  102  108  113
  115  118  118  115  112  108  105  109  119  132  147  165  184  211  227  234
  237  228  216  203  189  173  156  138  125  117  112  109  107  104   98   90
   82   79   77   76   75   73   71   68   66   65   63   61   59   57   55   53
   51   49   47   46   45   41   41   41   42
    17.5-180.0 180.0   5.0 450.0                            LAT/LON1/LON2/DLON/H
   41   40   41   43   46   51   57   63   69   75   82   89   96  102  110  117
  120  123  123  122  120  117  117  124  135  148  165  183  201  223  237  246
  246  237  225  211  196  181  163  147  136  128  123  121  116  111  106   96
   88   84   83   83   81   79   76   72   70   67   64   62   59   57   55   54
   52   50   48   46   44   41   40   40   41
    15.0-180.0 180.0   5.0 450.0                            LAT/LON1/LON2/DLON/H
   40   38   38   39   43   50   57   65   73   79   85   91   98  105  113  121
  127  131  132  133  132  132  136  144  155  168  182  198  213  228  239  248
  248  239  225  210  196  183  170  159  149  142  137  133  126  120  113  103
   93   90   89   90   88   84   80   76   73   69   66   63   60   57   56   54
   52   50   48   46   44   41   40   40   40
    12.5-180.0 180.0   5.0 450.0                            LAT/LON1/LON2/DLON/H
   38   36   35   36   40   47   55   66   75   81   87   94  102  110  119  127
  135  141  144  147  149  152  159  170  180  190  200  210  219  227  237  242
  241  234  222  208  196  186  179  171  163  156  151  145  138  128  119  107
   98   96   95   94   92   88   84   80   76   72   68   63   61   58   57   54
   52   50   47   45   43   42   41   40   38
    10.0-180.0 180.0   5.0 450.0                            LAT/LON1/LON2/DLON/H
   36   34   32   32   36   43   53   64   75   83   91   98  107  116  125  135
  144  151  157  165  170  178  187  198  206  212  214  217  219  223  229  233
  233  228  219  209  200  194  189  184  178  171  164  157  146  134  122  110
  102   99   97   95   91   89   86   83   80   76   71   66   63   59   57   54
   51   48   45   43   42   41   40   39   36
     7.5-180.0 180.0   5.0 450.0                            LAT/LON1/LON2/DLON/H
   35   32   30   29   32   39   50   63   74   84   93  102  111  122  133  143
  153  162  171  184  194  206  216  226  231  232  225  222  218  217  220  224
  227  227  223  217  211  207  203  198  192  184  176  165  149  135  124  112
  103   98   94   93   90   89   88   87   86   82   77   72   68   63   60   55
   51   47   44   42   41   41   39   38   35
     5.0-180.0 180.0   5.0 450.0                            LAT/LON1/LON2/DLON/H
   34   32   29   27   29   36   47   60   73   85   95  105  116  127  139  151
  162  173  185  202  218  233  244  252  253  246  232  225  218  214  217  222
  229  233  235  233  230  225  219  213  205  195  183  168  150  136  124  113
  104   97   92   90   88   89   91   94   94   91   85   80   75   69   64   58
   52   47   43   41   41   40   39   37   34
     2.5-180.0 180.0   5.0 450.0                            LAT/LON1/LON2/DLON/H
   34   32   29   26   28   34   45   59   73   86   97  109  120  132  145  157
  169  182  198  218  238  254  265  270  265  251  237  227  220  217  221  229
  241  251  255  255  252  246  236  225  214  201  187  169  151  138  126  116
  106   98   92   90   90   92   97  101  103  100   95   89   84   77   69   61
   53   47   43   42   41   40   38   36   34
