DORISInput/IGSGIM/2019/igsg3630.19i
     1.0            IONOSPHERE MAPS     MIX                 IONEX VERSION / TYPE
cmpcmb v1.2          GRL/UWM            16-jan-20 12:43     PGM / RUN BY / DATE 
ionex file containing IGS COMBINED Ionosphere maps          COMMENT             
global ionosphere maps for day 363, 2019                    DESCRIPTION         
IONEX file containing the COMBINED IGS TEC MAPS and DCBs    DESCRIPTION         
      IONEX files of the following IAACs were combined: cod DESCRIPTION         
                                                        esa DESCRIPTION         
                                                        jpl DESCRIPTION         
                                                        upc DESCRIPTION         
Contact address: Andrzej Krankowski                         DESCRIPTION
                 Geodynamics Research Laboratory            DESCRIPTION
                 University of Warmia and Mazury (GRL/UWM)  DESCRIPTION
                 Oczapowski St. 1                           DESCRIPTION
                 10-957-Olsztyn, POLAND                     DESCRIPTION
                 e-mail:  kand@uwm.edu.pl                   DESCRIPTION
                                                            DESCRIPTION         
  2019    12    29     0     0     0                        EPOCH OF FIRST MAP  
  2019    12    30     0     0     0                        EPOCH OF LAST MAP   
  7200                                                      INTERVAL            
    13                                                      # OF MAPS IN FILE   
  COSZ                                                      MAPPING FUNCTION    
     0.0                                                    ELEVATION CUTOFF    
combined TEC calculated as weighted mean of input TEC valuesOBSERVABLES USED    
   394                                                      # OF STATIONS       
    32                                                      # OF SATELLITES     
  6371.0                                                    BASE RADIUS         
     2                                                      MAP DIMENSION       
   450.0 450.0   0.0                                        HGT1 / HGT2 / DHGT  
    87.5 -87.5  -2.5                                        LAT1 / LAT2 / DLAT  
  -180.0 180.0   5.0                                        LON1 / LON2 / DLON  
    -1                                                      EXPONENT            
TEC values in 0.1 tec units;  9999, if no value available   COMMENT             
DCB values in nanoseconds, reference is Sum_of_SatDCBs = 0  COMMENT             
                                                            END OF HEADER       
     1                                                      START OF TEC MAP    
  2019    12    29     0     0     0                        EPOCH OF CURRENT MAP
    87.5-180.0 180.0   5.0 450.0                            LAT/LON1/LON2/DLON/H
   14   14   14   14   14   14   14   14   14   14   14   14   14   14   14   13
   13   13   13   12   12   12   12   11   11   10   10   10   10    9    9    9
    9    9    9    8    8    8    9    9    9    9    9    9   10   10   10   10
   11   11   11   11   11   12   12   12   12   12   12   12   12   12   12   13
   13   13   13   13   13   13   13   14   14
    85.0-180.0 180.0   5.0 450.0                            LAT/LON1/LON2/DLON/H
   15   15   15   16   16   16   16   16   17   17   17   17   17   16   16   16
   15   14   14   13   12   12   11   10   10    9    8    8    8    7    7    7
    7    7    7    7    7    7    7    7    7    7    8    8    8    9   10   10
   10   11   11   11   12   12   12   12   12   12   12   13   13   12   13   12
   12   13   13   13   14   13   14   14   15
    82.5-180.0 180.0   5.0 450.0                            LAT/LON1/LON2/DLON/H
   15   15   16   17   17   18   18   19   19   20   19   20   19   19   19   18
   18   17   16   15   14   12   11   10    9    8    8    7    7    7    7    7
    7    7    7    7    7    7    8    8    8    8    9    9    9    9   10   10
   11   12   12   12   13   12   12   12   12   12   12   12   12   12   12   12
   12   13   14   14   14   14   14   14   15
    80.0-180.0 180.0   5.0 450.0                            LAT/LON1/LON2/DLON/H
   14   15   16   17   17   18   18   19   20   20   21   21   21   21   20   19
   19   18   18   17   15   14   12   10   10    9    8    8    8    7    7    7
    7    7    7    7    7    7    8    8    8    9    9    9    9   10   10   11
   12   12   12   12   12   12   12   12   11   11   11   11   11   11   11   11
   12   12   12   12   12   12   13   13   14
    77.5-180.0 180.0   5.0 450.0                            LAT/LON1/LON2/DLON/H
   13   13   14   15   16   17   18   19   20   20   20   20   21   21   20   20
   19   18   18   18   17   15   15   13   11   10    9    9    8    8    7    7
    7    7    7    7    7    7    8    8    8    9    9    9   10   10   11   11
   12   12   12   12   12   12   11   11   10    9    9    9    9    9    9    9
   10   10   10   10   10   11   11   12   13
    75.0-180.0 180.0   5.0 450.0                            LAT/LON1/LON2/DLON/H
   13   14   15   15   16   17   18   18   19   19   19   19   20   20   20   19
   19   20   19   18   17   17   17   15   13   11   10    8    8    8    8    8
    7    7    7    7    7    7    8    8    8    9   10   10   10   11   11   11
   11   12   12   12   11   11   11   10   10   10    9    9    8    8    8    9
    9    9   10   10   10   10   11   13   13
    72.5-180.0 180.0   5.0 450.0                            LAT/LON1/LON2/DLON/H
   17   18   18   18   18   19   18   19   19   19   18   18   18   18   17   18
   18   19   18   18   18   18   18   17   16   14   12   11    9    9    8    8
    8    8    7    7    7    8    8    8    9    9   10   11   11   11   11   11
   11   11   11   11   11   11   11   11   11   10   10   10    9    9    8    9
    9    9   10   10   11   12   14   16   17
    70.0-180.0 180.0   5.0 450.0                            LAT/LON1/LON2/DLON/H
   23   24   24   24   23   22   21   20   19   19   18   17   16   15   15   15
   16   16   16   17   19   19   19   19   18   17   15   13   12   11   10    9
    8    8    8    7    7    7    8    9    9   10   11   11   12   12   11   11
   11   11   11   10   10   11   11   12   12   12   12   12   12   12   12   12
   13   13   14   16   17   19   21   22   23
    67.5-180.0 180.0   5.0 450.0                            LAT/LON1/LON2/DLON/H
   32   33   32   30   28   27   25   23   21   20   19   17   16   14   13   13
   13   14   15   16   18   18   19   19   18   17   16   14   13   12   11   10
   10    9    8    8    8    8    9    9   10   11   12   12   13   12   12   12
   11   10   11   11   11   13   13   14   14   15   15   16   16   16   16   17
   19   20   22   24   25   28   30   31   32
    65.0-180.0 180.0   5.0 450.0                            LAT/LON1/LON2/DLON/H
   41   41   40   38   36   33   30   27   24   22   20   18   16   15   14   12
   12   12   12   14   15   16   17   17   16   15   14   13   12   12   11   10
   10   10    9    9    9    9   10   11   12   13   14   15   15   14   14   13
   12   12   12   13   14   16   17   17   17   18   18   19   19   20   21   23
   24   27   29   31   34   37   39   40   41
    62.5-180.0 180.0   5.0 450.0                            LAT/LON1/LON2/DLON/H
   50   49   48   46   43   40   36   32   29   26   23   21   19   17   15   14
   13   12   12   12   13   13   13   13   12   12   11   11   11   11   11   10
   10   10   11   10   10   11   12   13   16   17   18   19   19   18   18   16
   15   16   17   17   19   20   20   21   20   21   21   22   23   25   26   28
   31   33   35   37   40   44   46   49   50
    60.0-180.0 180.0   5.0 450.0                            LAT/LON1/LON2/DLON/H
   55   55   55   53   49   46   42   38   34   31   28   25   23   21   19   17
   15   13   12   12   12   11   10   10   10   10   10   11   10   11   11   11
   11   12   12   13   13   14   15   18   20   22   24   25   25   23   23   22
   21   21   21   22   23   24   24   24   25   24   24   25   27   29   31   34
   36   38   40   42   45   48   51   54   55
    57.5-180.0 180.0   5.0 450.0                            LAT/LON1/LON2/DLON/H
   58   59   59   58   55   52   48   44   40   36   33   30   28   26   24   21
   19   16   14   12   12   11   10   10   10   10   10   11   12   11   12   12
   14   15   15   17   17   18   21   24   26   28   30   31   31   30   29   29
   28   28   28   28   28   28   29   28   29   28   28   29   30   33   36   39
   41   43   43   46   48   50   53   56   58
    55.0-180.0 180.0   5.0 450.0                            LAT/LON1/LON2/DLON/H
   59   61   62   61   61   58   55   52   47   43   39   36   33   31   29   26
   23   20   17   14   13   12   11   11   11   11   12   13   14   14   13   15
   17   19   21   22   22   25   27   30   33   35   37   38   38   37   36   35
   35   35   34   34   34   33   33   33   33   32   32   32   34   36   41   44
   46   47   47   48   49   51   54   57   59
    52.5-180.0 180.0   5.0 450.0                            LAT/LON1/LON2/DLON/H
   60   62   63   65   66   65   63   60   55   51   46   42   39   36   34   31
   28   25   21   18   16   15   14   14   14   15   16   17   17   18   18   20
   23   24   26   28   29   31   34   37   39   42   43   44   44   43   42   42
   42   41   39   38   38   38   37   36   36   35   35   35   37   40   45   49
   50   51   51   51   51   52   55   59   60
    50.0-180.0 180.0   5.0 450.0                            LAT/LON1/LON2/DLON/H
   63   64   66   68   71   72   72   69   65   59   54   49   45   42   39   36
   33   30   27   24   22   20   19   19   20   22   24   25   26   27   27   27
   29   30   31   33   34   37   40   43   45   48   48   49   48   48   47   46
   47   46   44   43   42   41   40   40   39   38   38   39   42   45   50   53
   55   55   54   54   54   56   58   61   63
    47.5-180.0 180.0   5.0 450.0                            LAT/LON1/LON2/DLON/H
   68   69   70   72   76   80   80   78   74   68   63   57   52   48   44   40
   37   35   33   31   30   29   28   29   31   34   37   39   38   38   37   35
   35   35   37   38   40   43   46   49   51   52   52   52   52   51   50   50
   50   50   49   47   45   44   43   43   42   42   42   44   47   51   55   58
   59   59   59   59   59   60   63   66   68
    45.0-180.0 180.0   5.0 450.0                            LAT/LON1/LON2/DLON/H
   73   73   73   76   80   85   87   86   83   78   72   66   60   55   49   45
   42   41   40   40   40   41   41   42   45   50   53   55   53   49   45   43
   41   40   41   43   45   48   51   52   54   55   55   54   54   53   53   54
   54   53   52   50   49   48   47   46   46   46   48   50   53   57   60   62
   64   64   64   64   65   66   69   72   73
    42.5-180.0 180.0   5.0 450.0                            LAT/LON1/LON2/DLON/H
   78   78   77   79   82   87   91   91   89   85   81   75   69   63   57   51
   49   48   48   50   52   54   55   56   60   65   68   71   66   59   53   49
   46   45   45   47   49   50   53   55   56   57   57   56   56   55   56   57
   58   57   56   55   53   51   50   50   50   51   54   56   59   63   65   67
   68   69   69   70   71   73   76   78   78
    40.0-180.0 180.0   5.0 450.0                            LAT/LON1/LON2/DLON/H
   83   81   79   79   82   87   91   93   92   90   88   83   78   72   65   59
   55   55   57   61   64   66   67   70   73   77   80   82   74   66   60   54
   50   48   48   48   50   52   54   56   58   58   59   58   58   58   59   60
   60   60   59   57   55   54   53   53   55   57   60   62   65   68   69   71
   73   74   75   76   78   81   83   84   83
    37.5-180.0 180.0   5.0 450.0                            LAT/LON1/LON2/DLON/H
   87   84   81   79   80   84   88   91   92   93   92   91   87   81   74   67
   63   62   65   70   74   77   78   80   83   86   87   86   79   70   63   57
   53   51   49   50   51   53   54   56   58   60   60   60   60   60   62   62
   61   61   60   58   56   55   54   55   58   61   64   68   71   72   73   74
   77   79   81   82   86   88   90   90   87
    35.0-180.0 180.0   5.0 450.0                            LAT/LON1/LON2/DLON/H
   92   88   84   80   79   82   85   88   90   92   93   95   94   90   84   76
   71   70   72   77   81   84   85   85   86   89   88   86   80   71   64   59
   55   53   51   52   52   53   54   56   58   61   62   63   62   62   62   61
   59   59   59   58   56   54   54   55   58   62   68   72   75   76   76   78
   80   83   87   89   92   95   96   96   92
    32.5-180.0 180.0   5.0 450.0                            LAT/LON1/LON2/DLON/H
   99   95   90   84   81   81   82   84   86   89   93   97   99   97   93   86
   79   75   77   81   85   87   86   85   84   85   85   82   77   70   64   59
   57   55   54   54   54   53   53   55   58   62   64   65   64   63   61   59
   57   56   56   55   54   54   53   54   58   63   70   76   78   79   79   81
   84   89   93   97   99  101  103  102   99
    30.0-180.0 180.0   5.0 450.0                            LAT/LON1/LON2/DLON/H
  111  107  102   95   89   85   83   83   84   87   92   97  100  102   99   93
   86   80   79   82   84   85   83   79   77   77   77   76   73   68   63   59
   58   58   57   56   55   53   52   54   58   62   64   65   64   61   57   54
   52   52   52   53   52   51   51   52   57   64   72   78   81   83   83   85
   89   94  101  105  107  110  111  112  111
    27.5-180.0 180.0   5.0 450.0                            LAT/LON1/LON2/DLON/H
  128  128  124  116  105   97   91   87   86   87   92   96  101  104  103   99
   92   84   81   80   81   80   76   72   69   69   69   70   69   66   63   60
   60   60   59   57   55   52   51   53   57   61   63   62   60   56   52   49
   48   47   48   48   48   47   47   48   54   64   73   80   83   86   88   91
   95  102  109  114  119  121  124  126  128
    25.0-180.0 180.0   5.0 450.0                            LAT/LON1/LON2/DLON/H
  150  154  152  145  132  120  107   97   93   92   93   95   99  103  104  101
   95   86   81   79   77   75   71   66   63   63   65   66   67   66   63   61
   61   62   60   57   54   51   49   51   55   59   60   58   55   51   47   45
   43   42   42   43   42   42   42   45   53   64   74   82   85   89   93   97
  104  112  119  125  132  136  139  144  150
    22.5-180.0 180.0   5.0 450.0                            LAT/LON1/LON2/DLON/H
  175  185  189  184  168  150  132  119  110  105   99   97   98  101  102  101
   95   87   81   77   74   71   66   63   60   60   62   65   66   67   65   64
   63   62   60   56   53   50   48   49   52   55   55   53   50   46   43   41
   39   38   38   38   38   38   39   44   53   65   75   83   88   93   98  106
  115  123  131  139  147  153  158  166  175
    20.0-180.0 180.0   5.0 450.0                            LAT/LON1/LON2/DLON/H
  199  216  228  226  210  189  167  151  136  124  112  103   99  100  101  100
   95   88   82   77   72   68   64   62   61   62   65   68   69   69   67   66
   63   62   60   56   53   49   47   47   49   50   50   47   44   41   39   37
   36   35   36   37   36   36   39   44   54   66   77   85   91   98  105  116
  126  136  144  153  162  169  177  188  199
    17.5-180.0 180.0   5.0 450.0                            LAT/LON1/LON2/DLON/H
  219  241  264  265  248  226  203  186  168  151  131  115  106  103  102  101
   96   91   85   78   73   69   66   64   64   67   71   73   73   72   69   66
   64   62   60   56   52   48   45   44   45   45   44   42   39   37   36   35
   35   35   35   36   35   35   39   46   58   70   80   87   95  104  114  127
  137  147  157  165  174  183  192  205  219
    15.0-180.0 180.0   5.0 450.0                            LAT/LON1/LON2/DLON/H
  230  255  276  288  275  254  236  223  204  181  158  132  117  110  106  104
  100   95   88   81   77   73   70   70   71   75   79   80   79   75   71   69
   65   63   60   55   51   46   43   42   41   40   39   37   36   34   35   36
   36   36   36   36   35   36   40   49   63   75   84   91  100  110  123  136
  147  157  165  172  181  190  200  213  230
    12.5-180.0 180.0   5.0 450.0                            LAT/LON1/LON2/DLON/H
  230  251  274  290  285  268  257  250  236  212  186  153  132  121  115  110
  106  101   94   88   83   79   77   77   79   84   86   86   84   78   73   70
   66   64   60   55   51   47   43   41   39   38   36   36   35   36   36   37
   37   37   37   36   35   36   41   52   67   79   87   95  104  115  129  143
  154  163  170  175  183  191  201  214  230
    10.0-180.0 180.0   5.0 450.0                            LAT/LON1/LON2/DLON/H
  221  238  257  277  278  268  263  263  259  239  206  176  151  136  128  120
  113  108  102   97   91   87   85   85   87   90   91   90   86   80   75   72
   70   66   62   58   54   50   46   43   40   38   37   37   38   39   39   38
   37   37   36   35   35   36   43   55   70   82   91   98  107  119  133  146
  158  167  172  176  182  188  197  207  221
     7.5-180.0 180.0   5.0 450.0                            LAT/LON1/LON2/DLON/H
  208  222  238  252  258  255  253  258  261  250  221  193  168  152  141  131
  122  115  109  104   99   95   93   92   93   94   93   91   87   81   78   76
   74   71   67   63   60   54   50   45   42   40   40   41   42   43   43   41
   38   37   36   35   35   37   44   58   74   86   94  100  110  122  135  149
  159  168  173  175  178  182  189  197  208
     5.0-180.0 180.0   5.0 450.0                            LAT/LON1/LON2/DLON/H
  197  209  221  231  236  237  238  244  249  246  224  200  180  165  154  141
  130  122  115  110  106  102  100   97   97   97   96   93   89   84   82   81
   80   76   72   68   65   59   54   50   46   45   45   46   48   48   46   42
   39   37   36   35   35   38   46   61   78   90   96  103  112  124  137  149
  159  166  171  173  175  177  182  188  197
     2.5-180.0 180.0   5.0 450.0                            LAT/LON1/LON2/DLON/H
  192  202  211  217  220  221  224  230  235  234  219  200  185  175  164  150
  137  127  120  116  112  109  106  102  101  101   99   96   92   88   88   87
   85   81   76   72   69   64   59   54   50   49   50   52   53   53   49   45
   41   38   36   35   36   39   49   64   80   91   98  104  113  124  136  148
  157  164  169  172  173  175  179  185  192
