DORISInput/IGSGIM/2019/igsg3580.19i
     1.0            IONOSPHERE MAPS     MIX                 IONEX VERSION / TYPE
cmpcmb v1.2          GRL/UWM            16-jan-20 11:50     PGM / RUN BY / DATE 
ionex file containing IGS COMBINED Ionosphere maps          COMMENT             
global ionosphere maps for day 358, 2019                    DESCRIPTION         
IONEX file containing the COMBINED IGS TEC MAPS and DCBs    DESCRIPTION         
      IONEX files of the following IAACs were combined: cod DESCRIPTION         
                                                        esa DESCRIPTION         
                                                        jpl DESCRIPTION         
                                                        upc DESCRIPTION         
Contact address: Andrzej Krankowski                         DESCRIPTION
                 Geodynamics Research Laboratory            DESCRIPTION
                 University of Warmia and Mazury (GRL/UWM)  DESCRIPTION
                 Oczapowski St. 1                           DESCRIPTION
                 10-957-Olsztyn, POLAND                     DESCRIPTION
                 e-mail:  kand@uwm.edu.pl                   DESCRIPTION
                                                            DESCRIPTION         
  2019    12    24     0     0     0                        EPOCH OF FIRST MAP  
  2019    12    25     0     0     0                        EPOCH OF LAST MAP   
  7200                                                      INTERVAL            
    13                                                      # OF MAPS IN FILE   
  COSZ                                                      MAPPING FUNCTION    
     0.0                                                    ELEVATION CUTOFF    
combined TEC calculated as weighted mean of input TEC valuesOBSERVABLES USED    
   392                                                      # OF STATIONS       
    32                                                      # OF SATELLITES     
  6371.0                                                    BASE RADIUS         
     2                                                      MAP DIMENSION       
   450.0 450.0   0.0                                        HGT1 / HGT2 / DHGT  
    87.5 -87.5  -2.5                                        LAT1 / LAT2 / DLAT  
  -180.0 180.0   5.0                                        LON1 / LON2 / DLON  
    -1                                                      EXPONENT            
TEC values in 0.1 tec units;  9999, if no value available   COMMENT             
DCB values in nanoseconds, reference is Sum_of_SatDCBs = 0  COMMENT             
                                                            END OF HEADER       
[from data line 2574]
     7                                                      START OF TEC MAP    
  2019    12    24    12     0     0                        EPOCH OF CURRENT MAP
    87.5-180.0 180.0   5.0 450.0                            LAT/LON1/LON2/DLON/H
   16   16   16   16   16   16   16   16   16   15   16   15   15   15   15   15
   15   15   15   15   14   15   14   14   14   13   13   13   13   13   13   13
   13   13   13   13   13   13   13   13   13   13   13   13   14   14   14   14
   14   14   14   15   15   15   15   16   16   16   16   16   17   17   17   17
   17   17   17   17   17   17   17   16   16
    85.0-180.0 180.0   5.0 450.0                            LAT/LON1/LON2/DLON/H
   17   17   17   17   17   17   16   16   16   16   15   15   15   14   14   14
   13   13   13   13   13   13   13   13   12   12   12   12   12   12   12   12
   12   12   12   12   12   12   12   12   12   12   12   12   12   12   12   13
   13   13   14   14   15   15   15   16   16   17   17   17   17   17   17   17
   17   17   17   17   17   17   17   17   17
    82.5-180.0 180.0   5.0 450.0                            LAT/LON1/LON2/DLON/H
   17   17   17   17   18   17   17   17   16   16   15   15   14   14   13   13
   13   12   12   12   11   11   12   12   12   11   11   11   11   10   10   11
   10   10   10   10   10   10   10   10   11   10   10   10   10   10   11   11
   11   11   12   12   13   13   14   14   14   15   16   16   16   16   16   16
   17   17   17   17   17   17   17   17   17
    80.0-180.0 180.0   5.0 450.0                            LAT/LON1/LON2/DLON/H
   17   17   17   17   17   17   16   16   16   15   15   15   15   14   14   13
   13   12   12   11   10   10   10   11   10   10   10   10   10   10   10    9
   10   10   10   10   10   10   10   10    9    9    9    9    9    8    8    9
    9    9    9   10   10   11   11   12   12   13   14   14   14   15   15   15
   15   16   16   16   16   16   16   17   17
    77.5-180.0 180.0   5.0 450.0                            LAT/LON1/LON2/DLON/H
   15   16   16   16   16   17   16   16   16   16   16   16   16   15   15   14
   14   13   13   12   11   10   10   10   10   10   10    9   10   10   10   10
   11   11   12   12   11   11   11   10    9    9    8    8    8    8    8    8
    8    9    9    9    9    9   10   10   11   11   12   13   13   13   13   13
   13   13   13   13   13   14   15   15   15
    75.0-180.0 180.0   5.0 450.0                            LAT/LON1/LON2/DLON/H
   14   14   14   15   16   16   16   16   17   17   16   16   17   16   16   15
   15   15   14   14   13   12   11   10    9    9    9    9    9   10   10   11
   12   13   13   15   15   14   13   12   11   11   10    9    9    8    8    8
    8    8    9    9    9    9    9    9   10   10   11   11   11   11   11   10
   10   10   10   11   11   12   12   13   14
    72.5-180.0 180.0   5.0 450.0                            LAT/LON1/LON2/DLON/H
   12   12   13   14   15   15   16   16   16   16   16   16   16   16   16   16
   17   17   16   16   15   14   13   11   10    9    9   10   10   11   11   12
   14   16   17   18   19   18   17   16   15   14   13   12   11   10    9    9
    9    9    9    9    8    9    9   10   10   10   10   10   10   10    9    9
    8    8    9    9   10   10   11   11   12
    70.0-180.0 180.0   5.0 450.0                            LAT/LON1/LON2/DLON/H
   11   11   12   13   14   14   15   15   15   15   15   15   15   16   16   17
   17   18   18   18   17   16   14   13   12   11   10   11   12   13   13   15
   17   20   22   23   23   23   23   22   20   19   18   17   16   15   14   13
   12   11   11   10   10   10   11   11   11   11   11   11   10   10   10    9
    8    8    8    8    9   10   10   10   11
    67.5-180.0 180.0   5.0 450.0                            LAT/LON1/LON2/DLON/H
   12   12   13   13   13   14   14   14   14   14   14   13   13   14   15   16
   17   18   18   18   17   16   14   14   13   13   13   13   14   15   17   18
   21   24   26   28   29   29   28   27   26   25   24   24   23   22   22   21
   19   17   16   15   14   14   13   14   14   14   14   14   14   13   12   12
   11   10    9   10   10   10   11   11   12
    65.0-180.0 180.0   5.0 450.0                            LAT/LON1/LON2/DLON/H
   15   15   15   14   14   14   14   14   13   12   12   12   11   12   13   14
   15   16   16   16   16   15   13   13   13   14   14   16   18   20   21   23
   25   28   31   32   33   34   34   32   32   32   31   31   31   31   30   28
   27   25   23   22   20   18   18   17   17   17   18   17   17   17   16   16
   15   15   14   14   14   15   15   15   15
    62.5-180.0 180.0   5.0 450.0                            LAT/LON1/LON2/DLON/H
   19   19   19   17   17   16   15   14   13   12   11   11   10   10   12   12
   13   13   13   13   13   12   11   12   13   15   17   20   22   24   27   28
   30   33   35   37   38   38   38   38   38   37   37   38   39   40   39   37
   34   31   29   27   25   23   21   21   21   20   21   21   21   22   21   21
   20   20   20   20   20   21   20   20   19
    60.0-180.0 180.0   5.0 450.0                            LAT/LON1/LON2/DLON/H
   24   24   23   22   21   20   19   17   15   13   12   11   11   10   11   11
   12   12   12   11   10    9   10   11   13   16   20   23   26   29   32   34
   36   38   40   41   42   43   43   43   43   43   45   45   46   47   46   44
   41   38   34   30   28   26   25   24   24   24   24   25   26   26   27   27
   27   27   27   27   27   26   26   25   24
    57.5-180.0 180.0   5.0 450.0                            LAT/LON1/LON2/DLON/H
   29   28   28   27   26   25   24   22   19   17   15   13   12   11   11   12
   12   12   12   10    9    9   10   12   14   18   23   27   31   34   37   39
   42   43   45   46   46   47   48   49   50   50   51   52   52   53   52   50
   48   43   38   34   31   29   28   28   28   28   29   30   31   33   33   34
   33   34   34   34   33   32   32   30   29
    55.0-180.0 180.0   5.0 450.0                            LAT/LON1/LON2/DLON/H
   35   34   33   34   33   32   30   28   26   23   20   18   15   13   13   13
   13   14   12   11   10   11   11   13   17   21   26   31   35   39   42   45
   47   49   50   51   51   53   55   57   57   58   58   58   58   58   58   56
   52   47   42   38   35   33   32   32   32   33   34   35   36   38   39   40
   40   40   41   40   39   38   37   36   35
    52.5-180.0 180.0   5.0 450.0                            LAT/LON1/LON2/DLON/H
   39   39   39   40   40   39   37   36   34   31   28   25   23   19   18   16
   16   16   15   14   13   14   14   17   21   26   31   36   40   44   48   52
   54   55   56   56   57   59   62   65   67   67   66   65   64   63   62   61
   57   52   47   42   40   38   37   37   38   38   39   40   42   43   44   45
   45   45   46   45   44   42   41   40   39
    50.0-180.0 180.0   5.0 450.0                            LAT/LON1/LON2/DLON/H
   43   44   44   46   46   46   45   44   42   40   38   35   32   27   24   23
   22   22   21   20   19   20   21   24   27   32   36   41   45   49   53   58
   61   62   62   62   63   66   70   74   76   77   76   73   71   70   68   65
   61   57   52   48   45   44   43   43   43   44   44   45   47   48   49   49
   49   49   49   48   46   45   44   43   43
    47.5-180.0 180.0   5.0 450.0                            LAT/LON1/LON2/DLON/H
   45   47   48   50   52   52   52   51   50   49   48   45   42   37   33   31
   30   31   30   30   28   29   30   32   35   39   42   46   50   54   58   63
   67   68   69   68   69   73   78   83   87   88   86   82   80   77   73   70
   66   61   56   52   49   48   48   48   49   50   49   49   51   51   52   53
   52   52   51   49   47   46   45   45   45
    45.0-180.0 180.0   5.0 450.0                            LAT/LON1/LON2/DLON/H
   46   48   51   53   55   56   56   56   56   57   57   55   52   46   42   39
   38   39   40   41   40   40   41   42   44   47   49   51   54   57   61   67
   71   74   75   76   76   80   86   92   97   98   97   93   89   84   80   76
   70   65   60   56   53   52   52   53   53   53   53   53   54   55   56   56
   55   54   53   50   48   46   45   45   46
    42.5-180.0 180.0   5.0 450.0                            LAT/LON1/LON2/DLON/H
   45   48   51   54   57   58   58   59   61   63   64   62   59   54   49   46
   45   48   50   51   51   52   52   53   53   55   56   57   58   61   65   71
   76   80   82   82   84   87   92  100  105  107  106  102   98   93   87   82
   76   70   64   60   57   56   57   57   57   57   57   57   57   58   59   59
   58   56   54   52   49   47   46   45   45
    40.0-180.0 180.0   5.0 450.0                            LAT/LON1/LON2/DLON/H
   45   47   50   53   55   57   58   59   62   66   68   68   65   60   55   51
   51   55   58   61   61   62   61   61   61   62   61   62   63   65   69   74
   80   85   88   90   91   94  100  106  112  114  114  111  107  102   96   90
   83   76   69   64   61   60   61   61   61   60   60   60   60   61   61   61
   59   57   54   53   51   49   47   45   45
    37.5-180.0 180.0   5.0 450.0                            LAT/LON1/LON2/DLON/H
   45   46   48   50   53   54   56   58   62   67   71   72   70   67   61   57
   57   60   64   68   69   69   69   68   68   68   68   68   69   70   73   78
   84   90   94   97   99  102  107  113  118  120  119  118  115  111  106   98
   90   82   74   69   65   64   63   64   64   63   62   62   62   62   62   62
   60   58   56   54   52   50   47   45   45
    35.0-180.0 180.0   5.0 450.0                            LAT/LON1/LON2/DLON/H
   45   45   47   48   49   50   53   55   60   66   72   74   74   71   66   62
   61   62   67   71   73   74   74   74   73   73   73   74   75   76   78   81
   87   94  100  105  108  110  113  119  123  125  125  124  123  120  116  110
  100   90   80   74   71   68   67   66   65   64   64   64   64   63   63   63
   61   59   57   55   53   51   48   45   45
    32.5-180.0 180.0   5.0 450.0                            LAT/LON1/LON2/DLON/H
   45   45   45   47   47   48   50   53   57   64   71   75   76   74   70   67
   65   65   69   73   75   78   79   79   78   78   79   80   81   81   81   84
   90   99  107  114  118  119  121  124  127  129  130  131  132  130  127  121
  111   99   88   82   78   75   73   70   68   66   66   66   66   65   64   63
   61   59   57   56   55   52   49   46   45
    30.0-180.0 180.0   5.0 450.0                            LAT/LON1/LON2/DLON/H
   46   45   46   46   46   47   48   50   54   61   68   73   75   74   72   69
   67   66   68   72   76   80   82   82   82   82   84   86   87   87   86   88
   94  104  115  125  129  129  130  130  132  134  136  140  142  141  140  133
  123  111  101   93   89   85   82   77   73   70   69   69   68   66   64   62
   60   58   56   56   55   52   50   47   46
    27.5-180.0 180.0   5.0 450.0                            LAT/LON1/LON2/DLON/H
   48   47   48   48   47   47   47   49   52   57   64   69   72   72   72   70
   67   65   66   71   76   80   82   83   84   85   88   91   92   92   92   93
   99  110  124  136  141  142  140  139  138  139  143  148  152  154  152  147
  138  126  116  110  104   97   92   86   79   75   73   72   71   69   66   63
   60   58   56   55   54   51   50   48   48
    25.0-180.0 180.0   5.0 450.0                            LAT/LON1/LON2/DLON/H
   48   50   51   51   50   50   49   49   51   55   61   65   68   69   69   68
   65   63   63   67   73   78   82   83   84   87   91   95   97   98   99  101
  107  118  133  147  155  154  152  149  146  146  151  158  163  167  167  164
  155  143  134  127  120  112  104   94   86   81   78   76   75   72   68   64
   61   58   55   54   52   50   49   49   48
    22.5-180.0 180.0   5.0 450.0                            LAT/LON1/LON2/DLON/H
   47   50   52   53   54   53   53   51   51   53   58   61   64   66   66   66
   63   61   61   64   71   77   82   84   86   89   92   98  102  105  107  110
  116  128  143  160  171  171  166  160  155  155  160  169  176  180  182  179
  171  160  151  145  138  128  117  104   93   86   82   80   79   76   71   67
   63   59   56   53   51   49   47   47   47
    20.0-180.0 180.0   5.0 450.0                            LAT/LON1/LON2/DLON/H
   47   50   52   54   56   56   55   53   51   52   55   58   60   62   63   63
   62   60   61   65   72   80   85   88   89   91   95  102  106  111  115  120
  128  140  155  173  186  185  178  171  166  167  172  181  188  194  197  195
  187  176  168  162  155  146  132  116  101   91   86   84   82   80   76   71
   66   61   57   53   50   48   46   46   47
    17.5-180.0 180.0   5.0 450.0                            LAT/LON1/LON2/DLON/H
   45   47   50   52   55   55   55   54   52   51   53   55   56   58   60   61
   62   62   64   69   77   85   91   93   94   96  100  106  112  118  125  133
  141  154  167  182  193  194  188  182  179  179  186  193  199  204  208  206
  198  189  183  178  171  162  146  129  111   98   91   89   88   86   81   76
   70   64   58   53   50   47   46   44   45
    15.0-180.0 180.0   5.0 450.0                            LAT/LON1/LON2/DLON/H
   44   45   47   50   52   53   53   53   51   50   51   52   54   55   57   60
   62   64   68   74   83   91   97   99  101  103  106  112  119  128  137  146
  157  165  177  187  196  198  196  193  191  192  197  202  207  212  215  213
  206  200  195  192  185  175  159  139  119  105   97   94   93   91   87   81
   74   67   60   54   50   47   45   43   44
    12.5-180.0 180.0   5.0 450.0                            LAT/LON1/LON2/DLON/H
   43   43   44   47   49   50   50   50   49   49   49   50   52   54   56   59
   62   64   70   79   88   98  103  107  109  112  115  120  127  138  150  161
  170  176  182  189  197  201  204  203  203  205  207  210  214  216  218  215
  210  206  202  198  193  184  168  147  127  110  101   98   97   95   92   86
   79   70   62   55   50   48   45   43   43
    10.0-180.0 180.0   5.0 450.0                            LAT/LON1/LON2/DLON/H
   42   41   41   42   44   46   47   47   47   47   47   49   51   53   55   57
   60   63   70   80   93  104  111  115  119  122  124  129  136  147  160  170
  179  183  185  189  197  204  211  214  216  217  217  218  219  218  217  213
  210  207  203  200  195  188  175  154  132  114  104  100  100   99   95   89
   82   73   64   57   52   48   46   43   42
     7.5-180.0 180.0   5.0 450.0                            LAT/LON1/LON2/DLON/H
   42   40   38   38   40   41   43   44   44   44   46   48   50   52   54   55
   58   62   70   82   97  110  118  124  130  133  135  139  146  156  167  176
  184  187  187  191  198  209  219  225  228  229  228  226  223  220  216  212
  208  206  202  200  196  191  179  159  138  119  109  104  102  101   97   90
   83   75   66   59   53   49   46   44   42
     5.0-180.0 180.0   5.0 450.0                            LAT/LON1/LON2/DLON/H
   41   39   36   35   35   37   39   40   41   42   44   47   50   51   53   54
   57   62   71   85  100  115  125  132  140  145  146  149  154  161  170  179
  187  189  189  194  203  215  227  235  239  240  238  234  228  223  219  215
  211  207  204  201  199  195  185  167  146  127  115  108  105  102   98   92
   85   78   70   61   55   50   47   44   41
     2.5-180.0 180.0   5.0 450.0                            LAT/LON1/LON2/DLON/H
   42   38   35   33   33   34   36   37   38   39   42   44   48   50   51   53
   56   62   73   88  105  120  132  142  150  155  157  159  161  165  172  179
  186  188  190  196  207  221  234  243  248  250  249  244  238  234  228  224
  220  214  210  207  206  202  193  177  158  138  125  117  110  106  101   95
   88   81   73   65   58   53   48   45   42
