DORISInput/IGSGIM/2019/igsg3650.19i
     1.0            IONOSPHERE MAPS     MIX                 IONEX VERSION / TYPE
cmpcmb v1.2          GRL/UWM            16-jan-20 12:56     PGM / RUN BY / DATE 
ionex file containing IGS COMBINED Ionosphere maps          COMMENT             
global ionosphere maps for day 365, 2019                    DESCRIPTION         
IONEX file containing the COMBINED IGS TEC MAPS and DCBs    DESCRIPTION         
      IONEX files of the following IAACs were combined: cod DESCRIPTION         
                                                        esa DESCRIPTION         
                                                        jpl DESCRIPTION         
                                                        upc DESCRIPTION         
Contact address: Andrzej Krankowski                         DESCRIPTION
                 Geodynamics Research Laboratory            DESCRIPTION
                 University of Warmia and Mazury (GRL/UWM)  DESCRIPTION
                 Oczapowski St. 1                           DESCRIPTION
                 10-957-Olsztyn, POLAND                     DESCRIPTION
                 e-mail:  kand@uwm.edu.pl                   DESCRIPTION
                                                            DESCRIPTION         
  2019    12    31     0     0     0                        EPOCH OF FIRST MAP  
  2020     1     1     0     0     0                        EPOCH OF LAST MAP   
  7200                                                      INTERVAL            
    13                                                      # OF MAPS IN FILE   
  COSZ                                                      MAPPING FUNCTION    
     0.0                                                    ELEVATION CUTOFF    
combined TEC calculated as weighted mean of input TEC valuesOBSERVABLES USED    
   390                                                      # OF STATIONS       
    32                                                      # OF SATELLITES     
  6371.0                                                    BASE RADIUS         
     2                                                      MAP DIMENSION       
   450.0 450.0   0.0                                        HGT1 / HGT2 / DHGT  
    87.5 -87.5  -2.5                                        LAT1 / LAT2 / DLAT  
  -180.0 180.0   5.0                                        LON1 / LON2 / DLON  
    -1                                                      EXPONENT            
TEC values in 0.1 tec units;  9999, if no value available   COMMENT             
DCB values in nanoseconds, reference is Sum_of_SatDCBs = 0  COMMENT             
                                                            END OF HEADER       
[from data line 5148]
    13                                                      START OF TEC MAP    
  2020     1     1     0     0     0                        EPOCH OF CURRENT MAP
    87.5-180.0 180.0   5.0 450.0                            LAT/LON1/LON2/DLON/H
   18   18   18   18   18   19   19   19   19   19   19   19   19   19   19   19
   19   19   18   17   17   17   16   16   16   16   16   16   16   16   16   16
   16   16   16   16   16   16   16   16   16   16   16   16   16   16   16   16
   16   16   16   16   15   15   15   15   15   15   15   15   15   15   15   15
   15   15   16   16   16   17   17   18   18
    85.0-180.0 180.0   5.0 450.0                            LAT/LON1/LON2/DLON/H
   16   16   17   17   18   19   19   20   21   21   21   22   22   22   21   21
   20   19   18   18   17   16   15   15   14   15   14   15   15   15   14   14
   14   14   14   15   15   15   15   15   15   15   15   15   15   15   15   15
   15   15   15   15   15   14   14   13   13   12   12   12   12   12   12   13
   13   13   14   14   14   15   15   15   16
    82.5-180.0 180.0   5.0 450.0                            LAT/LON1/LON2/DLON/H
   14   15   16   17   18   19   20   21   22   23   24   24   24   24   24   23
   23   22   21   20   17   16   14   12   13   13   13   13   12   12   12   12
   12   13   13   13   14   14   14   15   14   15   15   16   16   16   16   16
   15   15   14   14   13   13   12   12   11   11   11   10   10   10   10   11
   11   11   11   11   12   12   12   13   14
    80.0-180.0 180.0   5.0 450.0                            LAT/LON1/LON2/DLON/H
   14   15   16   17   18   19   21   22   23   24   25   25   25   25   24   24
   23   22   20   19   18   17   13   13   12   12   11   11   11   10   10   10
   10   11   11   12   12   13   14   14   14   15   15   15   16   16   16   16
   15   15   14   13   12   11   11   10   10   10   10    9    9   10   10   10
   10   11   11   11   12   12   13   14   14
    77.5-180.0 180.0   5.0 450.0                            LAT/LON1/LON2/DLON/H
   15   16   17   18   19   21   22   24   25   26   27   27   28   27   26   25
   24   21   20   18   15   14   12   10    9    8    9   10    9    9   10   10
   10   10   10   10   11   11   12   13   14   14   15   16   16   16   16   15
   15   13   13   12   11   11   10    9    9    9    9    9    9   10   10   10
   10   11   11   12   13   14   15   15   15
    75.0-180.0 180.0   5.0 450.0                            LAT/LON1/LON2/DLON/H
   19   19   21   21   22   23   23   25   26   26   27   27   27   27   25   24
   22   21   18   17   15   13   11   10    9    9   10    9   11   12   11   10
   10   11   10   10   10   10   11   13   14   15   15   15   15   15   15   14
   14   13   12   12   12   11   11   10   10    9    9    9   10   10   11   11
   12   14   15   15   17   17   18   18   19
    72.5-180.0 180.0   5.0 450.0                            LAT/LON1/LON2/DLON/H
   25   25   26   25   25   26   26   26   26   27   28   28   27   26   24   22
   20   19   17   16   14   13   12   11   11   10   11   11   11   10   11   11
   10    9   10   11   11   10   11   13   15   15   16   15   14   14   14   14
   13   12   12   12   13   13   13   12   12   11   10   11   11   12   13   14
   16   17   19   21   22   23   24   25   25
    70.0-180.0 180.0   5.0 450.0                            LAT/LON1/LON2/DLON/H
   33   33   32   32   31   30   29   29   30   29   29   28   27   25   22   20
   18   17   16   15   13   13   13   12   13   13   13   12   12   11   11   10
   10   11   10   10   10   11   11   12   13   15   15   15   14   14   13   14
   13   12   13   13   14   15   15   15   15   14   14   14   15   16   18   20
   23   25   27   29   31   32   33   33   33
    67.5-180.0 180.0   5.0 450.0                            LAT/LON1/LON2/DLON/H
   43   43   41   39   38   36   35   33   33   32   31   29   27   24   21   18
   16   15   15   14   13   14   14   14   15   15   15   14   13   13   13   13
   12   12   12   11   11   11   10   10   11   12   13   14   14   14   14   14
   14   14   14   15   16   16   17   18   18   18   17   18   20   21   23   26
   29   32   35   38   40   42   43   43   43
    65.0-180.0 180.0   5.0 450.0                            LAT/LON1/LON2/DLON/H
   53   52   50   48   45   43   40   38   37   36   34   31   29   25   21   18
   16   14   14   14   14   15   15   14   16   17   16   15   14   14   13   14
   13   13   13   12   11   10   10   11   11   12   13   14   15   15   16   16
   16   16   17   18   18   18   19   19   20   20   20   21   22   25   27   31
   34   38   42   45   48   50   52   53   53
    62.5-180.0 180.0   5.0 450.0                            LAT/LON1/LON2/DLON/H
   60   60   59   56   53   50   47   45   43   41   38   35   32   28   24   19
   17   15   14   14   14   15   14   14   16   18   16   15   14   14   14   14
   14   13   13   12   12   11   11   12   13   14   16   19   19   19   19   18
   18   19   19   20   21   22   22   22   22   22   23   24   26   28   31   35
   39   43   47   50   54   56   58   60   60
    60.0-180.0 180.0   5.0 450.0                            LAT/LON1/LON2/DLON/H
   66   67   66   64   61   57   54   51   49   46   43   40   36   31   27   23
   20   17   16   15   15   15   14   14   15   16   16   16   15   15   15   15
   15   15   14   14   14   14   14   15   16   18   22   24   25   24   23   22
   22   22   22   24   24   26   25   25   25   25   26   27   29   32   35   39
   43   47   51   55   58   61   63   65   66
    57.5-180.0 180.0   5.0 450.0                            LAT/LON1/LON2/DLON/H
   71   72   72   71   68   65   62   58   54   51   48   45   40   36   32   28
   24   21   18   17   16   15   16   15   14   14   15   15   16   16   17   17
   17   17   17   17   18   18   19   20   23   25   27   30   30   29   29   29
   28   28   27   27   28   28   27   26   26   27   28   29   32   36   40   43
   47   51   55   58   61   64   67   69   71
    55.0-180.0 180.0   5.0 450.0                            LAT/LON1/LON2/DLON/H
   75   77   77   76   74   72   68   64   60   56   52   49   45   41   38   33
   29   25   22   19   16   15   16   16   14   15   16   17   18   19   19   20
   21   21   22   22   23   24   26   27   30   32   35   37   37   37   37   35
   35   34   33   32   31   30   28   27   26   27   29   32   36   40   44   49
   52   56   59   62   64   67   70   72   75
    52.5-180.0 180.0   5.0 450.0                            LAT/LON1/LON2/DLON/H
   78   81   82   82   80   78   73   69   65   61   57   53   50   47   43   39
   34   30   26   22   18   17   18   18   18   19   21   23   23   25   25   26
   26   27   28   29   30   32   34   35   37   39   42   44   44   43   44   43
   42   41   39   38   35   33   30   28   27   27   30   34   39   44   49   53
   57   60   63   65   67   70   73   76   78
    50.0-180.0 180.0   5.0 450.0                            LAT/LON1/LON2/DLON/H
   82   85   87   87   86   83   79   75   71   66   61   58   55   51   48   44
   39   35   31   26   23   21   21   23   25   27   29   31   32   33   32   33
   33   34   35   36   38   39   41   43   44   46   48   49   50   50   49   49
   48   47   45   43   40   37   32   29   28   28   32   36   42   47   53   58
   61   64   67   69   72   75   78   81   82
    47.5-180.0 180.0   5.0 450.0                            LAT/LON1/LON2/DLON/H
   88   90   92   92   91   89   86   81   76   71   67   63   60   56   53   49
   45   41   37   33   31   30   30   33   36   38   39   42   43   43   42   41
   41   42   43   44   45   47   48   49   50   51   54   55   55   55   53   54
   53   51   49   47   44   40   35   32   30   32   35   40   45   50   57   62
   65   68   71   74   77   80   83   86   88
    45.0-180.0 180.0   5.0 450.0                            LAT/LON1/LON2/DLON/H
   94   96   98   98   97   94   91   87   83   78   73   69   65   62   58   54
   51   47   44   42   41   43   44   47   49   51   53   54   54   53   51   50
   50   50   50   51   52   53   54   55   55   56   57   58   59   58   58   59
   58   55   52   50   47   43   39   36   35   37   41   45   50   55   60   65
   68   71   75   78   83   85   89   92   94
    42.5-180.0 180.0   5.0 450.0                            LAT/LON1/LON2/DLON/H
   99  101  103  103  102   99   95   92   88   84   80   75   71   68   64   60
   56   54   52   54   55   58   60   63   64   65   66   66   65   62   60   58
   57   56   56   56   57   57   58   57   57   59   59   60   61   62   63   63
   61   59   57   55   52   46   42   39   39   42   47   51   55   59   62   65
   69   73   78   82   88   91   95   97   99
    40.0-180.0 180.0   5.0 450.0                            LAT/LON1/LON2/DLON/H
  104  106  107  106  104  102   99   96   94   91   87   83   79   75   71   67
   63   61   61   65   68   72   75   77   79   79   79   77   74   69   67   64
   62   61   61   60   60   59   59   59   60   61   62   63   64   65   65   66
   65   63   62   59   55   50   45   43   44   47   52   56   59   60   62   64
   68   73   79   86   92   97  100  102  104
    37.5-180.0 180.0   5.0 450.0                            LAT/LON1/LON2/DLON/H
  108  110  110  109  107  104  101   99   98   97   94   90   87   83   79   74
   70   69   69   74   79   84   88   90   90   89   87   84   78   75   71   68
   66   64   63   62   61   60   60   60   61   64   66   68   67   67   67   68
   68   67   65   62   57   52   48   46   48   53   57   60   62   62   62   63
   67   73   81   88   95  101  105  107  108
    35.0-180.0 180.0   5.0 450.0                            LAT/LON1/LON2/DLON/H
  113  114  114  113  110  107  103  101  101  101   99   96   94   91   87   82
   77   75   76   81   85   91   96   96   95   93   90   85   80   76   72   70
   67   65   64   63   62   61   61   62   63   66   71   71   70   67   66   67
   68   67   65   62   58   54   50   49   52   58   63   65   65   64   63   64
   67   74   82   90   99  105  109  112  113
    32.5-180.0 180.0   5.0 450.0                            LAT/LON1/LON2/DLON/H
  118  120  121  119  115  109  104  102  104  104  104  102   99   97   94   88
   84   80   80   84   88   93   96   95   92   89   86   82   78   74   72   70
   68   66   64   63   62   62   62   63   64   68   73   71   69   66   65   66
   67   66   64   62   58   53   51   51   55   62   67   69   69   67   65   66
   70   77   86   95  103  110  114  117  118
    30.0-180.0 180.0   5.0 450.0                            LAT/LON1/LON2/DLON/H
  126  128  129  128  124  116  110  105  105  106  107  105  103  101   99   94
   89   84   83   83   86   89   90   86   83   81   80   78   76   73   72   70
   69   66   64   64   63   63   63   64   66   68   71   69   66   64   63   63
   64   63   62   60   56   52   50   50   56   65   71   73   73   71   70   72
   76   83   93  102  110  117  122  125  126
    27.5-180.0 180.0   5.0 450.0                            LAT/LON1/LON2/DLON/H
  138  141  143  143  138  129  120  113  109  109  109  107  105  104  102   99
   94   89   85   83   82   81   79   75   73   74   74   75   74   73   72   71
   69   67   65   64   64   64   65   64   66   66   67   65   62   60   60   61
   59   58   58   57   54   50   47   49   56   66   74   77   78   78   78   80
   85   91  101  111  119  127  132  136  138
    25.0-180.0 180.0   5.0 450.0                            LAT/LON1/LON2/DLON/H
  155  158  162  163  159  148  136  125  118  115  113  108  106  106  105  103
   99   93   88   82   77   72   68   65   66   70   73   74   76   76   74   72
   69   68   65   65   65   65   64   64   64   63   62   60   58   56   56   56
   54   53   54   54   50   47   46   49   57   67   77   82   84   85   87   90
   95  102  110  120  130  138  145  151  155
    22.5-180.0 180.0   5.0 450.0                            LAT/LON1/LON2/DLON/H
  174  182  187  191  185  172  158  144  133  127  121  114  110  108  107  105
  101   95   89   82   74   67   62   61   65   70   75   78   80   80   77   74
   70   67   66   64   64   64   63   62   61   59   56   53   52   51   51   51
   49   48   49   49   47   44   44   48   58   69   79   86   89   92   96  101
  107  114  121  131  140  148  158  170  174
    20.0-180.0 180.0   5.0 450.0                            LAT/LON1/LON2/DLON/H
  199  209  218  221  214  203  186  171  155  146  136  127  117  112  110  107
  102   97   91   83   74   66   63   65   70   77   82   85   87   86   82   78
   72   67   64   62   62   62   60   58   55   52   48   45   44   45   45   45
   44   43   44   45   44   42   42   48   59   72   83   90   95  100  106  113
  119  127  133  141  152  162  173  189  199
    17.5-180.0 180.0   5.0 450.0                            LAT/LON1/LON2/DLON/H
  218  231  245  248  241  232  219  205  185  170  160  146  131  122  114  110
  105  100   93   86   78   71   71   75   81   88   92   94   96   93   88   81
   73   66   62   60   59   57   55   53   50   45   40   37   37   38   40   41
   41   41   41   42   41   40   42   49   62   75   85   94  102  110  117  125
  131  139  146  150  161  175  190  204  218
    15.0-180.0 180.0   5.0 450.0                            LAT/LON1/LON2/DLON/H
  226  240  255  263  262  255  248  238  220  201  189  172  153  137  124  116
  109  104   98   92   85   82   84   91   97  101  103  104  104   98   92   83
   73   65   60   57   55   53   51   49   45   39   34   32   32   35   38   40
   40   40   40   41   40   38   41   51   65   78   88   98  108  118  127  136
  143  149  154  156  163  181  195  209  226
    12.5-180.0 180.0   5.0 450.0                            LAT/LON1/LON2/DLON/H
  219  235  251  263  267  267  268  263  252  235  226  205  176  158  140  127
  116  111  106  102   99   98  101  108  114  115  112  110  106   99   92   83
   72   63   58   56   53   50   48   46   42   37   34   32   32   36   38   40
   40   40   39   39   39   38   42   53   67   79   91  101  112  124  135  145
  152  157  159  159  162  175  190  205  219
    10.0-180.0 180.0   5.0 450.0                            LAT/LON1/LON2/DLON/H
  209  224  238  251  259  265  272  274  270  261  249  231  208  182  162  143
  128  122  117  116  115  116  120  126  129  125  115  108  100   95   89   81
   72   63   57   55   51   49   47   44   42   39   36   34   35   37   39   41
   41   39   39   38   38   38   42   54   68   81   91  102  114  127  140  150
  157  161  163  161  161  168  181  195  209
     7.5-180.0 180.0   5.0 450.0                            LAT/LON1/LON2/DLON/H
  198  212  223  233  240  251  262  271  273  270  262  249  229  207  182  159
  145  136  132  134  133  132  134  138  136  127  113  100   93   89   84   79
   71   63   59   56   52   50   47   45   44   42   38   37   37   39   41   41
   40   39   39   37   36   37   44   57   71   82   91  101  114  129  141  151
  158  161  163  162  160  165  174  186  198
     5.0-180.0 180.0   5.0 450.0                            LAT/LON1/LON2/DLON/H
  193  203  211  215  221  230  242  255  261  262  259  251  237  220  197  171
  160  153  145  149  147  144  143  142  135  122  106   93   87   84   81   77
   72   66   62   59   56   53   51   48   47   45   40   39   38   40   41   41
   40   39   38   37   36   39   46   60   74   83   90   99  113  127  140  149
  154  158  159  161  161  164  172  181  193
     2.5-180.0 180.0   5.0 450.0                            LAT/LON1/LON2/DLON/H
  193  201  205  205  207  211  222  235  243  246  246  242  234  221  202  178
  166  163  158  159  157  153  150  143  131  115  100   89   84   83   81   79
   75   71   68   65   61   58   55   52   50   48   44   41   40   41   42   41
   41   39   38   37   38   41   50   63   77   84   89   96  109  123  135  144
  149  152  154  158  161  165  172  183  193
