DORISInput/IGSGIM/2019/igsg3350.19i
     1.0            IONOSPHERE MAPS     MIX                 IONEX VERSION / TYPE
cmpcmb v1.2          GRL/UWM            23-dec-19 14:38     PGM / RUN BY / DATE 
ionex file containing IGS COMBINED Ionosphere maps          COMMENT             
global ionosphere maps for day 335, 2019                    DESCRIPTION         
IONEX file containing the COMBINED IGS TEC MAPS and DCBs    DESCRIPTION         
      IONEX files of the following IAACs were combined: cod DESCRIPTION         
                                                        esa DESCRIPTION         
                                                        jpl DESCRIPTION         
                                                        upc DESCRIPTION         
Contact address: Andrzej Krankowski                         DESCRIPTION
                 Geodynamics Research Laboratory            DESCRIPTION
                 University of Warmia and Mazury (GRL/UWM)  DESCRIPTION
                 Oczapowski St. 1                           DESCRIPTION
                 10-957-Olsztyn, POLAND                     DESCRIPTION
                 e-mail:  kand@uwm.edu.pl                   DESCRIPTION
                                                            DESCRIPTION         
  2019    12     1     0     0     0                        EPOCH OF FIRST MAP  
  2019    12     2     0     0     0                        EPOCH OF LAST MAP   
  7200                                                      INTERVAL            
    13                                                      # OF MAPS IN FILE   
  COSZ                                                      MAPPING FUNCTION    
     0.0                                                    ELEVATION CUTOFF    
combined TEC calculated as weighted mean of input TEC valuesOBSERVABLES USED    
   393                                                      # OF STATIONS       
    32                                                      # OF SATELLITES     
  6371.0                                                    BASE RADIUS         
     2                                                      MAP DIMENSION       
   450.0 450.0   0.0                                        HGT1 / HGT2 / DHGT  
    87.5 -87.5  -2.5                                        LAT1 / LAT2 / DLAT  
  -180.0 180.0   5.0                                        LON1 / LON2 / DLON  
    -1                                                      EXPONENT            
TEC values in 0.1 tec units;  9999, if no value available   COMMENT             
DCB values in nanoseconds, reference is Sum_of_SatDCBs = 0  COMMENT             
                                                            END OF HEADER       
[from data line 2574]
     7                                                      START OF TEC MAP    
  2019    12     1    12     0     0                        EPOCH OF CURRENT MAP
    87.5-180.0 180.0   5.0 450.0                            LAT/LON1/LON2/DLON/H
   19   19   19   19   19   19   19   19   19   18   19   19   19   18   18   18
   19   19   19   18   18   18   18   19   19   19   19   19   19   19   19   19
   19   19   20   20   20   20   20   20   20   20   20   20   20   20   20   20
   20   20   20   20   20   20   20   20   20   20   20   20   19   19   20   20
   19   19   19   19   19   19   19   19   19
    85.0-180.0 180.0   5.0 450.0                            LAT/LON1/LON2/DLON/H
   17   17   17   17   17   17   17   17   17   17   17   17   17   17   17   17
   17   17   17   16   17   16   16   16   17   17   17   17   17   18   18   18
   19   19   19   20   20   20   19   20   20   20   20   20   20   20   20   20
   20   20   20   20   20   20   20   20   20   20   19   19   19   19   19   19
   19   19   19   19   19   18   18   18   17
    82.5-180.0 180.0   5.0 450.0                            LAT/LON1/LON2/DLON/H
   16   15   15   16   16   16   16   16   16   16   17   17   17   17   17   17
   16   16   16   15   15   15   14   14   15   15   16   16   16   17   17   17
   18   18   19   19   19   20   20   20   21   20   20   19   19   18   18   18
   18   18   18   18   18   18   18   19   19   19   19   18   19   18   19   19
   19   19   18   17   17   17   16   16   16
    80.0-180.0 180.0   5.0 450.0                            LAT/LON1/LON2/DLON/H
   14   14   15   15   15   16   16   16   16   17   17   17   17   17   17   17
   16   16   15   15   14   14   13   14   14   14   15   14   15   15   16   16
   17   17   18   18   18   18   18   18   18   18   18   18   17   16   15   15
   14   14   14   15   15   15   15   16   17   17   17   17   17   17   17   18
   17   17   16   15   15   14   14   14   14
    77.5-180.0 180.0   5.0 450.0                            LAT/LON1/LON2/DLON/H
   13   14   14   15   15   16   15   15   16   16   17   17   17   17   18   18
   18   17   17   17   16   15   14   13   14   14   15   15   14   15   16   16
   16   17   17   18   18   19   18   17   17   16   15   15   15   14   13   12
   12   12   12   12   13   13   13   14   14   15   15   14   14   15   15   15
   15   14   14   13   13   12   12   13   13
    75.0-180.0 180.0   5.0 450.0                            LAT/LON1/LON2/DLON/H
   13   13   14   14   15   14   14   16   16   17   17   18   18   19   19   20
   20   19   18   18   17   17   15   14   13   13   13   13   14   14   15   16
   18   19   19   20   20   20   20   19   18   17   16   14   14   13   12   12
   11   11   11   11   12   12   12   12   12   12   13   12   12   13   13   14
   14   14   14   14   13   13   13   13   13
    72.5-180.0 180.0   5.0 450.0                            LAT/LON1/LON2/DLON/H
   13   13   14   14   14   15   15   16   16   17   18   18   19   19   20   21
   21   21   21   20   19   19   17   15   14   13   13   13   14   16   17   18
   20   22   23   24   25   24   24   23   21   20   18   17   15   14   13   12
   12   11   11   11   11   11   11   12   12   12   12   12   12   12   13   13
   13   14   14   14   13   13   13   13   13
    70.0-180.0 180.0   5.0 450.0                            LAT/LON1/LON2/DLON/H
   13   13   14   14   15   15   15   15   16   16   16   17   18   19   21   22
   22   22   22   22   21   20   18   17   15   14   15   15   16   18   20   22
   24   26   28   30   30   29   29   28   26   25   23   21   19   18   16   15
   14   14   13   13   13   13   13   12   12   12   13   13   13   13   13   13
   14   14   13   13   13   13   13   12   13
    67.5-180.0 180.0   5.0 450.0                            LAT/LON1/LON2/DLON/H
   14   14   15   15   16   16   15   15   15   15   15   15   17   18   20   21
   22   22   22   22   21   19   18   17   16   16   16   18   19   22   24   27
   29   31   34   34   34   34   34   33   31   30   28   26   24   22   21   20
   19   18   16   16   15   15   14   14   14   14   14   15   15   15   16   16
   16   16   16   16   15   14   14   14   14
    65.0-180.0 180.0   5.0 450.0                            LAT/LON1/LON2/DLON/H
   17   18   18   18   18   17   17   16   14   13   13   14   14   16   17   18
   19   19   19   19   18   17   17   17   17   17   19   22   24   27   29   32
   35   37   38   39   39   39   38   37   37   36   34   33   31   28   26   25
   23   22   21   19   18   17   17   17   17   17   17   17   17   17   19   20
   20   20   20   20   19   18   18   17   17
    62.5-180.0 180.0   5.0 450.0                            LAT/LON1/LON2/DLON/H
   21   22   22   22   21   20   19   17   15   13   12   11   12   12   13   14
   14   15   15   15   14   14   15   15   17   19   22   25   28   32   35   38
   40   42   42   43   42   43   42   42   42   42   40   39   37   35   32   30
   28   26   25   22   20   19   19   20   20   20   20   19   20   21   22   24
   24   24   24   24   23   22   22   21   21
    60.0-180.0 180.0   5.0 450.0                            LAT/LON1/LON2/DLON/H
   26   26   27   26   26   25   23   21   18   15   12   11   10   10   10   11
   11   12   11   10   11   11   13   14   17   21   25   29   33   37   40   44
   46   47   47   47   46   46   46   46   47   47   47   45   43   41   38   34
   32   31   28   26   23   22   21   22   22   22   23   22   23   24   25   27
   27   27   28   28   28   27   26   26   26
    57.5-180.0 180.0   5.0 450.0                            LAT/LON1/LON2/DLON/H
   31   32   33   32   31   30   29   27   23   19   15   13   11   11   10   10
   10   10    9    9   10   10   12   14   18   23   28   33   37   42   46   50
   52   52   52   51   49   49   50   51   52   52   52   51   49   47   43   39
   36   34   32   30   27   26   26   26   26   26   26   26   27   28   28   29
   30   31   32   32   32   32   32   31   31
    55.0-180.0 180.0   5.0 450.0                            LAT/LON1/LON2/DLON/H
   37   38   38   38   38   37   36   35   31   26   21   17   15   13   12   11
   11   10    9    9   10   11   13   16   22   27   32   37   42   47   52   55
   58   58   58   56   54   53   53   55   56   57   57   56   54   52   48   44
   40   38   37   35   33   33   32   32   32   32   32   32   32   32   32   32
   32   33   35   35   36   36   36   36   37
    52.5-180.0 180.0   5.0 450.0                            LAT/LON1/LON2/DLON/H
   42   43   44   44   44   44   45   44   40   35   30   24   21   17   16   15
   13   13   12   11   12   14   17   21   27   33   37   43   48   53   57   61
   63   64   64   61   59   58   59   60   61   62   62   61   59   57   54   50
   46   44   43   42   41   40   40   40   40   40   40   39   39   37   36   35
   35   36   37   38   39   40   40   41   42
    50.0-180.0 180.0   5.0 450.0                            LAT/LON1/LON2/DLON/H
   46   48   49   49   50   51   53   52   51   46   41   34   29   25   23   21
   20   19   18   17   18   20   24   29   34   40   45   50   55   59   63   66
   68   69   68   67   65   64   65   66   67   68   69   68   66   64   60   57
   54   52   51   51   49   49   48   48   48   49   48   47   46   43   41   39
   38   39   39   41   42   43   44   45   46
    47.5-180.0 180.0   5.0 450.0                            LAT/LON1/LON2/DLON/H
   49   51   52   53   54   57   60   61   61   58   52   45   39   34   31   30
   28   27   26   26   27   29   33   38   44   49   54   58   62   66   69   71
   72   73   72   71   71   71   72   74   75   76   76   75   74   71   68   64
   61   60   59   58   57   57   56   56   56   56   56   55   53   50   47   45
   43   42   42   43   44   45   47   48   49
    45.0-180.0 180.0   5.0 450.0                            LAT/LON1/LON2/DLON/H
   51   53   55   56   57   61   65   67   69   68   63   57   50   44   40   38
   37   36   36   36   36   40   45   50   55   60   63   67   69   72   74   75
   76   77   77   77   77   78   80   82   84   84   84   84   82   79   75   72
   69   67   66   64   64   64   64   63   63   63   63   61   59   57   54   51
   48   46   46   46   47   47   48   50   51
    42.5-180.0 180.0   5.0 450.0                            LAT/LON1/LON2/DLON/H
   52   54   55   57   58   62   66   71   75   76   72   66   60   53   48   46
   45   45   45   45   47   51   56   61   65   69   72   74   76   77   78   79
   80   81   82   83   84   87   89   91   93   93   93   92   91   88   84   80
   77   74   71   69   69   69   70   70   69   69   68   67   66   63   60   56
   53   51   50   50   49   49   49   50   52
    40.0-180.0 180.0   5.0 450.0                            LAT/LON1/LON2/DLON/H
   51   53   54   56   57   61   66   72   78   81   79   74   68   61   56   53
   52   52   52   53   56   60   64   69   73   77   79   81   82   82   82   83
   85   86   88   90   93   96   99  101  102  103  102  101  100   97   93   89
   85   80   75   72   71   71   72   72   72   72   72   72   71   68   65   61
   58   55   54   53   51   50   50   50   51
    37.5-180.0 180.0   5.0 450.0                            LAT/LON1/LON2/DLON/H
   50   51   52   54   55   59   64   71   80   84   84   80   74   68   61   59
   57   57   57   59   62   66   71   76   80   83   84   86   87   87   87   88
   90   93   96  100  103  106  110  112  113  113  112  111  109  106  102   98
   91   85   79   74   71   70   70   71   72   73   73   74   73   72   69   65
   62   59   57   55   53   50   49   49   50
    35.0-180.0 180.0   5.0 450.0                            LAT/LON1/LON2/DLON/H
   48   49   50   51   53   55   61   69   77   84   87   85   79   73   67   63
   62   61   61   63   66   71   75   79   83   86   89   91   91   90   91   93
   97  103  107  112  117  120  122  124  125  123  121  120  118  115  111  106
   99   91   84   76   72   69   68   69   70   72   73   74   74   72   70   67
   64   61   59   57   54   51   49   48   48
    32.5-180.0 180.0   5.0 450.0                            LAT/LON1/LON2/DLON/H
   48   48   48   50   50   52   57   65   74   81   86   86   82   76   70   66
   64   64   64   65   69   73   76   81   85   89   91   94   94   94   96  101
  108  115  122  128  131  134  135  137  137  134  132  130  128  124  121  116
  109  100   91   82   75   70   68   69   70   71   72   73   73   72   70   67
   65   62   60   57   54   51   49   48   48
    30.0-180.0 180.0   5.0 450.0                            LAT/LON1/LON2/DLON/H
   48   49   49   49   49   51   54   61   70   77   82   84   81   76   72   67
   66   65   65   67   70   73   76   81   85   90   93   95   97   98  103  111
  123  133  142  147  149  151  151  152  150  147  144  141  139  134  132  129
  122  113  104   93   84   76   72   72   74   74   72   72   72   70   68   66
   64   62   60   57   54   51   49   48   48
    27.5-180.0 180.0   5.0 450.0                            LAT/LON1/LON2/DLON/H
   49   50   51   50   50   50   53   58   65   72   76   78   77   74   71   68
   66   65   65   67   70   73   76   80   85   90   94   97  100  104  113  125
  140  153  161  168  169  167  169  169  167  160  157  153  151  147  146  144
  140  131  122  111   98   87   81   79   79   77   74   72   70   68   66   64
   63   62   60   57   54   51   50   49   49
    25.0-180.0 180.0   5.0 450.0                            LAT/LON1/LON2/DLON/H
   50   52   53   52   52   52   54   58   62   67   70   72   71   69   68   66
   66   65   66   67   70   73   77   80   85   90   94   99  104  112  125  141
  160  175  181  186  187  184  184  183  184  175  169  164  161  161  161  161
  159  153  144  131  116  104   94   89   86   82   76   73   69   67   65   63
   62   61   59   57   54   51   51   50   50
    22.5-180.0 180.0   5.0 450.0                            LAT/LON1/LON2/DLON/H
   51   53   54   55   55   55   57   59   62   63   64   65   65   65   64   64
   64   63   65   67   70   74   78   81   86   90   95  101  109  121  138  159
  180  197  202  204  203  200  196  197  200  190  180  173  173  175  178  179
  178  174  165  153  138  124  111  103   95   88   81   76   71   68   65   63
   61   60   58   57   54   52   51   51   51
    20.0-180.0 180.0   5.0 450.0                            LAT/LON1/LON2/DLON/H
   52   53   55   56   56   57   59   61   61   61   60   60   60   60   60   61
   61   61   64   68   72   77   80   83   87   91   96  104  115  131  151  176
  199  216  220  217  214  210  206  210  210  198  189  185  184  187  193  196
  197  195  186  176  160  144  129  118  108   98   89   81   75   71   66   63
   61   59   58   56   54   52   52   52   52
    17.5-180.0 180.0   5.0 450.0                            LAT/LON1/LON2/DLON/H
   53   53   54   55   56   58   60   61   61   59   57   56   55   56   57   58
   59   60   63   68   74   79   82   85   89   93   98  107  121  140  165  190
  214  227  229  223  218  214  212  216  213  206  198  196  195  199  205  209
  211  209  202  193  178  162  146  134  121  110   98   87   80   75   70   66
   62   60   59   57   55   54   53   53   53
    15.0-180.0 180.0   5.0 450.0                            LAT/LON1/LON2/DLON/H
   54   53   53   53   54   56   58   59   59   57   55   53   53   53   54   56
   57   58   62   68   75   80   85   88   92   96  102  113  129  151  177  202
  221  231  228  222  217  214  215  216  216  211  207  204  205  207  211  214
  215  215  211  203  191  175  159  146  133  119  105   94   85   80   75   70
   65   63   61   59   57   55   54   55   54
    12.5-180.0 180.0   5.0 450.0                            LAT/LON1/LON2/DLON/H
   54   53   51   51   51   53   54   55   56   54   52   51   50   51   52   54
   54   57   61   69   76   82   87   92   96  101  107  120  138  162  187  209
  223  227  222  216  213  213  216  218  217  216  214  212  211  211  213  214
  214  215  213  207  197  183  167  154  139  124  109   97   89   83   79   74
   69   66   64   62   59   57   55   55   54
    10.0-180.0 180.0   5.0 450.0                            LAT/LON1/LON2/DLON/H
   53   51   50   48   47   48   49   51   51   51   50   49   49   49   50   51
   53   56   62   70   77   84   90   95  100  107  114  128  147  170  192  209
  219  220  216  212  211  213  218  222  223  223  222  220  217  214  213  212
  212  212  210  206  198  185  170  155  140  124  110   99   91   85   80   76
   72   69   67   64   62   58   55   54   53
     7.5-180.0 180.0   5.0 450.0                            LAT/LON1/LON2/DLON/H
   52   50   47   45   43   43   44   46   47   48   47   47   47   47   48   49
   52   56   63   71   78   85   92   98  105  112  122  136  155  176  193  205
  211  213  212  211  212  217  224  229  231  232  231  228  224  219  216  213
  212  210  208  204  196  184  170  155  139  124  111  101   94   88   83   79
   74   71   68   66   62   58   54   53   52
     5.0-180.0 180.0   5.0 450.0                            LAT/LON1/LON2/DLON/H
   51   49   46   42   39   38   39   40   41   43   44   44   45   46   46   48
   51   56   64   72   80   87   95  102  109  119  130  146  163  179  192  201
  207  210  212  214  218  225  233  238  241  242  242  238  233  228  225  221
  218  213  209  205  197  186  173  158  140  126  115  105   98   92   87   82
   77   73   70   67   63   58   54   52   51
     2.5-180.0 180.0   5.0 450.0                            LAT/LON1/LON2/DLON/H
   50   48   46   41   37   34   34   35   36   37   39   41   42   43   44   45
   49   55   65   74   82   90   98  107  116  126  139  154  169  182  193  200
  206  211  215  219  226  234  243  249  253  256  255  252  247  245  242  236
  231  224  217  210  202  192  180  163  145  130  120  110  103   96   91   86
   81   76   72   68   64   58   53   51   50
