DORISInput/IGSGIM/2019/igsg3540.19i
     1.0            IONOSPHERE MAPS     MIX                 IONEX VERSION / TYPE
cmpcmb v1.2          GRL/UWM             4-jan-20 13:50     PGM / RUN BY / DATE 
ionex file containing IGS COMBINED Ionosphere maps          COMMENT             
global ionosphere maps for day 354, 2019                    DESCRIPTION         
IONEX file containing the COMBINED IGS TEC MAPS and DCBs    DESCRIPTION         
      IONEX files of the following IAACs were combined: cod DESCRIPTION         
                                                        esa DESCRIPTION         
                                                        jpl DESCRIPTION         
                                                        upc DESCRIPTION         
Contact address: Andrzej Krankowski                         DESCRIPTION
                 Geodynamics Research Laboratory            DESCRIPTION
                 University of Warmia and Mazury (GRL/UWM)  DESCRIPTION
                 Oczapowski St. 1                           DESCRIPTION
                 10-957-Olsztyn, POLAND                     DESCRIPTION
                 e-mail:  kand@uwm.edu.pl                   DESCRIPTION
                                                            DESCRIPTION         
  2019    12    20     0     0     0                        EPOCH OF FIRST MAP  
  2019    12    21     0     0     0                        EPOCH OF LAST MAP   
  7200                                                      INTERVAL            
    13                                                      # OF MAPS IN FILE   
  COSZ                                                      MAPPING FUNCTION    
     0.0                                                    ELEVATION CUTOFF    
combined TEC calculated as weighted mean of input TEC valuesOBSERVABLES USED    
   392                                                      # OF STATIONS       
    32                                                      # OF SATELLITES     
  6371.0                                                    BASE RADIUS         
     2                                                      MAP DIMENSION       
   450.0 450.0   0.0                                        HGT1 / HGT2 / DHGT  
    87.5 -87.5  -2.5                                        LAT1 / LAT2 / DLAT  
  -180.0 180.0   5.0                                        LON1 / LON2 / DLON  
    -1                                                      EXPONENT            
TEC values in 0.1 tec units;  9999, if no value available   COMMENT             
DCB values in nanoseconds, reference is Sum_of_SatDCBs = 0  COMMENT             
                                                            END OF HEADER       
[from data line 4290]
    11                                                      START OF TEC MAP    
  2019    12    20    20     0     0                        EPOCH OF CURRENT MAP
    87.5-180.0 180.0   5.0 450.0                            LAT/LON1/LON2/DLON/H
   26   26   26   26   26   26   26   26   25   25   25   25   24   24   24   23
   22   22   21   21   21   20   19   19   19   18   18   17   17   16   16   16
   16   16   16   16   16   16   16   16   16   17   17   17   17   17   17   18
   18   18   19   19   20   20   21   21   21   22   22   23   23   23   24   24
   24   24   24   25   25   25   26   26   26
    85.0-180.0 180.0   5.0 450.0                            LAT/LON1/LON2/DLON/H
   29   30   30   31   30   31   31   30   30   30   29   29   28   27   27   25
   24   23   22   21   20   19   18   17   16   15   14   14   13   13   12   12
   12   12   11   12   12   12   12   13   13   13   14   15   15   16   16   17
   17   18   18   19   19   20   21   21   22   23   23   23   24   25   25   25
   26   26   27   27   28   28   28   29   29
    82.5-180.0 180.0   5.0 450.0                            LAT/LON1/LON2/DLON/H
   31   31   32   32   33   33   33   33   33   33   32   31   30   30   28   27
   26   24   23   21   19   18   16   15   14   13   12   11   11   10   10    9
    9    9    9    9    9   10   10   10   11   11   12   13   14   14   15   16
   17   17   18   18   19   19   20   21   22   22   23   24   24   24   25   25
   26   26   27   27   28   29   30   30   31
    80.0-180.0 180.0   5.0 450.0                            LAT/LON1/LON2/DLON/H
   29   29   30   31   31   31   33   33   34   33   33   32   32   31   30   28
   27   24   23   20   19   18   16   13   12   11   10   10    9    9    9    8
    8    8    8    8    9    9    9    9   10   10   11   12   13   14   14   16
   16   17   18   18   19   19   20   21   21   22   22   22   23   23   23   23
   24   24   25   25   26   27   27   28   29
    77.5-180.0 180.0   5.0 450.0                            LAT/LON1/LON2/DLON/H
   24   24   25   26   27   29   30   30   31   31   32   32   32   31   30   28
   26   25   23   21   18   16   15   14   13   12   11   10    9    9    9    9
    9    9    9    9    9    9    9    9   10   10   11   12   12   13   14   15
   16   17   18   19   19   20   20   20   21   20   21   21   21   21   21   21
   21   21   21   21   22   22   23   23   24
    75.0-180.0 180.0   5.0 450.0                            LAT/LON1/LON2/DLON/H
   18   19   20   21   23   24   25   26   28   29   31   32   32   32   31   30
   28   26   24   21   20   18   17   15   14   13   12   12   11   10   10   10
    9   10   10   11   10   10   10   10   10   11   11   12   13   13   14   15
   16   17   18   19   19   19   20   19   19   19   19   19   19   18   18   18
   17   17   17   17   17   17   17   18   18
    72.5-180.0 180.0   5.0 450.0                            LAT/LON1/LON2/DLON/H
   14   15   16   17   19   20   22   24   26   28   30   31   32   33   33   32
   31   28   26   23   22   20   19   17   16   15   14   13   13   13   12   12
   12   12   11   11   12   11   11   10   11   11   11   12   12   13   14   15
   16   17   18   18   18   18   18   18   18   18   17   17   17   16   16   15
   15   14   14   14   13   13   13   13   14
    70.0-180.0 180.0   5.0 450.0                            LAT/LON1/LON2/DLON/H
   12   14   14   16   17   19   21   23   25   27   30   32   34   35   36   35
   33   32   29   27   26   23   22   19   18   17   16   15   14   14   14   13
   13   12   12   12   11   11   11   10   10   10   10   11   11   12   13   14
   15   16   17   17   17   16   16   16   16   17   16   16   16   15   15   15
   15   14   13   13   12   11   11   12   12
    67.5-180.0 180.0   5.0 450.0                            LAT/LON1/LON2/DLON/H
   14   15   16   18   20   21   23   25   27   29   32   35   37   38   39   38
   37   36   34   32   30   27   25   22   20   19   18   16   15   14   13   12
   12   11   11   11   11   10   10   10   10   10   10   10   10   11   12   14
   14   15   16   16   16   16   16   16   16   16   16   16   16   17   17   17
   17   16   15   14   13   12   12   13   14
    65.0-180.0 180.0   5.0 450.0                            LAT/LON1/LON2/DLON/H
   18   20   22   23   25   26   28   29   31   33   36   38   40   42   42   42
   41   40   39   37   34   31   28   26   23   21   19   16   15   14   12   10
   10   10   10   10   10    9    9   10   10   10   10   10   11   12   13   13
   14   16   16   16   15   15   16   15   16   17   18   18   19   20   21   21
   21   20   19   17   16   15   15   16   18
    62.5-180.0 180.0   5.0 450.0                            LAT/LON1/LON2/DLON/H
   24   26   29   31   32   34   34   35   36   38   40   43   45   46   47   47
   46   45   44   42   39   36   33   30   26   24   21   17   15   14   12   10
   10    9    9    9   10    9    9   10   10   10   11   12   13   14   15   16
   16   17   17   16   16   16   16   16   18   19   20   22   23   24   25   26
   26   25   24   22   21   21   21   22   24
    60.0-180.0 180.0   5.0 450.0                            LAT/LON1/LON2/DLON/H
   31   34   37   40   42   42   43   42   43   44   45   47   49   50   51   51
   51   50   49   47   44   41   38   34   31   27   23   20   17   15   13   12
   11   10   10   10   10   10   11   12   13   15   16   18   18   19   20   20
   20   19   19   18   18   18   19   19   21   23   24   26   28   29   31   31
   31   31   30   29   27   27   27   28   31
    57.5-180.0 180.0   5.0 450.0                            LAT/LON1/LON2/DLON/H
   38   42   46   49   51   52   51   50   50   50   51   52   53   54   55   55
   55   54   53   51   49   46   43   39   35   32   28   24   21   19   17   15
   14   13   13   13   14   15   16   18   20   22   24   26   26   27   26   25
   25   23   22   22   22   22   23   24   26   27   29   31   32   34   35   36
   36   36   35   34   33   32   32   34   38
    55.0-180.0 180.0   5.0 450.0                            LAT/LON1/LON2/DLON/H
   43   48   53   56   59   60   59   59   57   56   56   57   58   58   59   58
   58   57   56   55   53   50   47   44   41   38   35   31   28   26   23   21
   20   19   19   20   21   22   24   26   29   31   34   35   35   36   34   32
   31   30   28   28   27   28   29   30   31   33   35   36   37   38   38   39
   39   39   38   38   37   36   37   39   43
    52.5-180.0 180.0   5.0 450.0                            LAT/LON1/LON2/DLON/H
   47   53   58   64   67   68   68   67   66   64   63   62   62   62   62   62
   60   60   59   57   56   54   52   50   48   46   43   39   36   33   30   29
   28   27   28   28   30   32   34   37   39   41   44   45   45   45   44   42
   40   37   35   34   34   34   35   37   38   39   40   42   42   42   40   40
   40   40   40   39   39   38   39   42   47
    50.0-180.0 180.0   5.0 450.0                            LAT/LON1/LON2/DLON/H
   49   56   63   69   73   76   76   75   74   72   70   68   68   66   66   65
   63   63   62   60   59   58   58   58   56   55   51   48   46   42   38   36
   34   34   35   37   39   42   45   47   50   53   54   55   55   53   52   49
   47   44   42   41   41   41   42   42   43   44   45   46   46   44   41   40
   39   39   39   39   39   39   41   44   49
    47.5-180.0 180.0   5.0 450.0                            LAT/LON1/LON2/DLON/H
   51   58   65   72   78   82   83   83   82   80   78   76   74   72   71   69
   67   66   65   64   63   64   65   66   65   65   61   58   54   49   44   42
   40   40   42   45   49   52   55   57   60   62   63   63   62   60   57   55
   53   50   49   48   48   48   47   47   47   48   48   48   48   45   42   40
   38   37   37   38   38   39   41   45   51
    45.0-180.0 180.0   5.0 450.0                            LAT/LON1/LON2/DLON/H
   52   59   67   73   80   85   88   90   89   88   87   84   82   80   78   76
   74   72   70   69   69   70   72   74   75   74   70   66   61   53   48   45
   43   44   47   51   56   60   63   65   68   69   70   69   68   65   62   59
   58   56   55   54   54   53   51   50   50   50   50   50   49   47   43   40
   38   37   37   37   38   39   42   46   52
    42.5-180.0 180.0   5.0 450.0                            LAT/LON1/LON2/DLON/H
   53   60   67   74   81   87   92   95   96   95   95   93   91   89   87   84
   82   80   77   76   76   77   80   83   84   83   78   71   64   56   51   48
   46   47   51   56   62   66   69   71   72   73   74   73   72   68   65   64
   62   61   60   59   57   56   55   53   52   52   52   51   50   48   45   42
   39   38   38   38   38   40   43   48   53
    40.0-180.0 180.0   5.0 450.0                            LAT/LON1/LON2/DLON/H
   55   61   67   73   80   87   93   98  101  102  103  102  101   99   96   94
   92   89   86   84   84   85   88   91   92   90   83   74   66   58   53   50
   48   50   54   60   66   70   73   74   75   77   77   76   74   71   68   66
   65   63   63   61   59   57   56   54   53   53   53   53   52   50   47   44
   42   41   40   40   41   43   46   51   55
    37.5-180.0 180.0   5.0 450.0                            LAT/LON1/LON2/DLON/H
   58   63   68   73   79   86   93  100  105  107  109  110  110  109  107  104
  102   99   96   93   92   93   96   98   98   94   88   78   68   61   56   52
   51   54   59   64   69   73   76   77   78   79   79   78   75   72   69   66
   65   64   63   61   59   57   55   53   52   52   53   53   54   52   50   47
   45   44   43   43   44   45   49   54   58
    35.0-180.0 180.0   5.0 450.0                            LAT/LON1/LON2/DLON/H
   62   65   69   73   79   85   93  101  107  110  114  116  117  117  115  114
  112  110  107  104  102  101  103  104  103   99   92   83   72   65   60   58
   58   60   64   69   74   77   79   79   80   81   81   79   76   73   69   65
   65   63   62   59   57   55   54   52   51   51   52   53   53   53   52   50
   48   47   46   46   47   49   54   58   62
    32.5-180.0 180.0   5.0 450.0                            LAT/LON1/LON2/DLON/H
   66   69   71   75   80   85   93  101  108  112  116  119  122  123  122  121
  121  120  117  114  110  108  108  108  107  104   97   89   80   74   70   68
   69   71   73   77   80   81   82   82   82   83   82   79   76   72   67   64
   63   61   59   57   55   54   53   52   51   51   52   52   53   54   53   51
   50   49   48   48   49   53   58   63   66
    30.0-180.0 180.0   5.0 450.0                            LAT/LON1/LON2/DLON/H
   72   74   76   78   82   87   94  101  108  113  117  121  124  126  126  127
  127  128  126  122  118  113  112  111  111  108  104   98   93   87   85   85
   85   85   86   87   87   87   86   84   84   85   83   80   75   69   66   62
   60   58   56   54   53   52   52   52   52   51   51   52   52   53   52   52
   51   50   49   50   52   56   62   67   72
    27.5-180.0 180.0   5.0 450.0                            LAT/LON1/LON2/DLON/H
   77   80   82   84   87   91   97  104  109  114  117  120  124  127  128  130
  131  133  131  128  123  118  115  113  113  112  111  110  108  106  107  106
  104  103  101   99   97   94   90   87   86   85   82   79   74   68   64   60
   58   55   53   51   50   50   51   52   51   51   50   50   51   51   51   51
   50   50   49   50   53   59   65   72   77
    25.0-180.0 180.0   5.0 450.0                            LAT/LON1/LON2/DLON/H
   83   88   89   93   95   98  103  108  112  115  117  119  123  125  127  129
  132  135  135  132  127  122  118  117  117  120  122  125  127  129  129  128
  125  120  116  112  106   99   94   89   86   84   81   76   71   65   61   57
   55   51   49   47   47   48   50   50   50   49   48   48   49   49   49   49
   48   47   48   50   55   61   69   76   83
    22.5-180.0 180.0   5.0 450.0                            LAT/LON1/LON2/DLON/H
   87   94   99  102  105  109  112  116  118  119  119  119  121  123  125  127
  131  134  136  134  129  124  121  121  125  131  137  145  151  152  151  148
  143  134  129  122  112  103   97   89   85   81   78   73   68   62   57   54
   52   49   46   45   45   47   48   49   48   48   47   46   45   46   46   46
   45   45   46   50   56   63   71   80   87
    20.0-180.0 180.0   5.0 450.0                            LAT/LON1/LON2/DLON/H
   92  100  107  113  117  120  124  126  127  127  124  122  121  122  124  125
  129  133  135  135  131  127  125  127  134  144  152  164  174  174  168  162
  154  146  137  127  115  105   97   89   81   77   73   69   64   58   54   51
   49   47   45   45   44   45   47   47   47   46   45   43   43   42   42   42
   42   42   44   50   58   66   74   83   92
    17.5-180.0 180.0   5.0 450.0                            LAT/LON1/LON2/DLON/H
   97  106  114  123  127  132  137  140  140  138  134  129  126  125  125  126
  128  131  134  136  134  131  131  134  143  154  167  180  187  186  179  171
  161  151  138  126  113  103   94   85   78   73   69   65   60   55   52   50
   49   47   46   45   45   46   47   46   45   44   43   42   40   40   39   39
   39   40   44   51   61   70   78   87   97
    15.0-180.0 180.0   5.0 450.0                            LAT/LON1/LON2/DLON/H
  101  111  121  130  137  143  149  153  153  150  146  140  136  134  133  131
  131  132  135  137  137  136  138  142  152  165  178  188  192  189  183  174
  162  149  134  121  110  101   92   83   76   72   68   63   58   53   51   50
   49   48   47   46   46   46   47   46   44   43   42   40   40   38   38   37
   38   40   45   55   65   75   84   92  101
    12.5-180.0 180.0   5.0 450.0                            LAT/LON1/LON2/DLON/H
  106  115  126  136  145  153  160  166  167  165  160  155  150  146  145  141
  139  138  139  142  144  145  148  153  163  176  186  191  191  188  180  171
  158  142  129  118  109  101   92   83   78   74   69   63   57   52   51   50
   51   50   50   48   47   46   46   46   44   43   41   40   39   38   37   36
   37   40   48   58   70   81   89   97  106
    10.0-180.0 180.0   5.0 450.0                            LAT/LON1/LON2/DLON/H
  110  120  130  141  151  160  169  177  181  179  175  171  166  164  162  158
  153  151  150  151  154  158  161  167  176  186  192  193  190  184  177  167
  153  140  128  119  111  105   97   88   82   78   72   65   58   53   52   52
   53   52   52   50   48   47   45   45   44   42   41   40   40   39   37   37
   38   43   51   63   76   87   95  102  110
     7.5-180.0 180.0   5.0 450.0                            LAT/LON1/LON2/DLON/H
  115  124  133  144  156  166  176  186  192  192  190  187  184  182  182  178
  172  169  166  167  169  173  177  182  189  196  197  194  187  181  175  166
  155  142  133  124  118  112  105   97   89   85   78   70   62   58   56   54
   55   55   55   53   50   47   47   46   45   43   42   41   41   41   39   39
   39   44   53   67   80   92  101  109  115
     5.0-180.0 180.0   5.0 450.0                            LAT/LON1/LON2/DLON/H
  120  128  136  147  159  170  181  192  200  202  201  201  200  202  203  199
  193  190  186  187  188  191  195  199  203  206  203  196  187  182  178  171
  162  152  143  134  129  123  115  107   99   92   85   77   69   64   61   60
   60   59   59   56   53   50   49   47   46   44   43   43   43   43   42   41
   42   46   56   69   83   95  105  113  120
     2.5-180.0 180.0   5.0 450.0                            LAT/LON1/LON2/DLON/H
  123  131  140  150  161  174  186  197  205  208  210  212  214  218  222  220
  214  209  207  206  208  211  214  216  217  217  210  202  193  189  187  182
  177  167  157  148  141  133  125  116  108  100   92   85   78   72   68   66
   65   64   63   60   57   53   51   50   48   46   44   44   45   45   44   43
   44   49   58   71   84   96  107  115  123
