DORISInput/IGSGIM/2019/igsg3350.19i
     1.0            IONOSPHERE MAPS     MIX                 IONEX VERSION / TYPE
cmpcmb v1.2          GRL/UWM            23-dec-19 14:38     PGM / RUN BY / DATE 
ionex file containing IGS COMBINED Ionosphere maps          COMMENT             
global ionosphere maps for day 335, 2019                    DESCRIPTION         
IONEX file containing the COMBINED IGS TEC MAPS and DCBs    DESCRIPTION         
      IONEX files of the following IAACs were combined: cod DESCRIPTION         
                                                        esa DESCRIPTION         
                                                        jpl DESCRIPTION         
                                                        upc DESCRIPTION         
Contact address: Andrzej Krankowski                         DESCRIPTION
                 Geodynamics Research Laboratory            DESCRIPTION
                 University of Warmia and Mazury (GRL/UWM)  DESCRIPTION
                 Oczapowski St. 1                           DESCRIPTION
                 10-957-Olsztyn, POLAND                     DESCRIPTION
                 e-mail:  kand@uwm.edu.pl                   DESCRIPTION
                                                            DESCRIPTION         
  2019    12     1     0     0     0                        EPOCH OF FIRST MAP  
  2019    12     2     0     0     0                        EPOCH OF LAST MAP   
  7200                                                      INTERVAL            
    13                                                      # OF MAPS IN FILE   
  COSZ                                                      MAPPING FUNCTION    
     0.0                                                    ELEVATION CUTOFF    
combined TEC calculated as weighted mean of input TEC valuesOBSERVABLES USED    
   393                                                      # OF STATIONS       
    32                                                      # OF SATELLITES     
  6371.0                                                    BASE RADIUS         
     2                                                      MAP DIMENSION       
   450.0 450.0   0.0                                        HGT1 / HGT2 / DHGT  
    87.5 -87.5  -2.5                                        LAT1 / LAT2 / DLAT  
  -180.0 180.0   5.0                                        LON1 / LON2 / DLON  
    -1                                                      EXPONENT            
TEC values in 0.1 tec units;  9999, if no value available   COMMENT             
DCB values in nanoseconds, reference is Sum_of_SatDCBs = 0  COMMENT             
                                                            END OF HEADER       
[from data line 4719]
    12                                                      START OF TEC MAP    
  2019    12     1    22     0     0                        EPOCH OF CURRENT MAP
    87.5-180.0 180.0   5.0 450.0                            LAT/LON1/LON2/DLON/H
   21   21   21   21   22   21   21   21   21   21   21   20   20   20   19   19
   18   18   17   17   16   16   16   15   15   15   14   14   13   13   13   13
   12   12   12   12   12   12   12   12   12   13   13   13   13   13   13   14
   14   14   15   15   15   16   16   16   16   16   17   17   17   18   18   18
   19   19   19   20   20   20   21   21   21
    85.0-180.0 180.0   5.0 450.0                            LAT/LON1/LON2/DLON/H
   22   23   23   23   23   23   23   23   23   23   23   22   23   23   22   22
   22   21   20   19   18   17   15   14   13   13   12   11   11   11   11   10
   10   10   10   10   10   10   10   10   11   11   11   12   12   13   13   14
   15   15   15   16   17   17   17   17   17   17   17   18   18   19   19   20
   20   21   21   21   22   23   23   23   22
    82.5-180.0 180.0   5.0 450.0                            LAT/LON1/LON2/DLON/H
   21   22   22   23   24   25   26   26   27   27   28   28   27   27   26   25
   24   23   22   21   20   18   16   14   13   12   11   10   10   10   10   10
    9    9    9    9    9    9    9   10   10   11   11   12   12   14   14   15
   15   16   17   17   18   18   19   19   18   18   18   19   19   19   19   19
   19   19   19   20   20   20   21   21   21
    80.0-180.0 180.0   5.0 450.0                            LAT/LON1/LON2/DLON/H
   20   22   23   25   26   27   28   29   30   30   31   31   31   31   30   29
   29   27   26   24   22   21   18   16   14   13   12   11   10   10   10    9
    9    9    9    8    8    9    9   10   11   12   12   14   14   15   16   17
   17   18   19   19   20   20   20   19   19   18   18   18   18   17   17   16
   16   16   16   16   17   17   18   19   20
    77.5-180.0 180.0   5.0 450.0                            LAT/LON1/LON2/DLON/H
   20   22   24   25   27   28   30   31   32   34   34   34   35   35   35   34
   33   31   29   29   27   25   22   20   18   16   14   12   11   10    9    9
    9    9    9    9   10   10   11   11   12   13   14   15   16   17   17   18
   18   19   19   19   19   19   19   18   18   17   16   16   15   15   14   13
   13   12   13   13   14   15   16   18   20
    75.0-180.0 180.0   5.0 450.0                            LAT/LON1/LON2/DLON/H
   21   22   24   26   28   30   31   33   34   35   36   37   37   38   37   36
   36   35   34   30   29   28   26   23   21   19   18   15   14   12   12   11
   11   11   11   11   11   11   12   13   14   14   15   16   16   17   17   18
   18   18   18   17   17   17   16   16   15   15   14   14   13   12   12   11
   10   10   11   11   12   14   16   18   21
    72.5-180.0 180.0   5.0 450.0                            LAT/LON1/LON2/DLON/H
   22   25   27   29   30   32   34   35   36   37   38   39   39   38   38   37
   36   35   33   32   31   30   28   26   24   23   21   19   17   16   15   14
   14   14   13   13   13   13   13   13   14   14   14   15   16   16   16   16
   16   16   16   15   15   14   14   14   14   14   13   13   12   11   11   11
   11   11   11   11   12   14   17   19   22
    70.0-180.0 180.0   5.0 450.0                            LAT/LON1/LON2/DLON/H
   26   29   31   33   35   36   37   38   39   40   40   41   41   40   39   37
   35   34   32   32   33   30   30   27   26   25   24   21   19   17   16   16
   16   15   14   14   14   14   13   13   13   13   12   13   13   14   14   14
   14   14   14   14   13   13   13   13   13   13   13   13   13   13   12   12
   12   12   12   13   15   18   20   24   26
    67.5-180.0 180.0   5.0 450.0                            LAT/LON1/LON2/DLON/H
   33   36   38   39   41   41   41   42   43   43   43   43   43   41   39   37
   35   32   31   31   30   29   29   27   26   24   23   21   19   18   16   16
   16   15   14   14   13   12   11   11   11   10   10   11   12   11   12   13
   14   14   13   13   13   13   13   13   14   14   15   16   16   16   15   15
   15   15   16   18   20   23   26   30   33
    65.0-180.0 180.0   5.0 450.0                            LAT/LON1/LON2/DLON/H
   40   43   45   47   47   47   47   47   47   47   47   46   45   43   41   38
   35   32   30   29   28   27   26   24   24   22   20   18   17   15   14   14
   14   13   13   12   11   11   10   10    9    9    9   10   11   12   13   14
   15   14   14   14   14   15   15   16   16   17   18   18   18   19   19   19
   19   19   20   23   25   29   33   37   40
    62.5-180.0 180.0   5.0 450.0                            LAT/LON1/LON2/DLON/H
   48   52   53   54   54   53   53   52   52   51   51   50   49   46   43   40
   37   33   31   28   26   25   23   22   21   19   16   14   14   13   12   12
   12   11   11   10   10    9    9    9    9   10   10   11   13   14   16   18
   18   17   17   17   17   18   19   19   19   20   21   21   22   23   23   23
   23   23   25   27   31   35   40   44   48
    60.0-180.0 180.0   5.0 450.0                            LAT/LON1/LON2/DLON/H
   55   58   61   62   61   60   59   57   56   55   55   55   53   51   48   44
   40   36   32   29   27   24   22   20   19   16   14   13   12   12   12   12
   11   10   10   10   10   10   10   11   12   13   14   16   18   20   21   22
   23   23   23   23   22   22   23   24   24   24   25   25   26   26   26   27
   27   29   30   33   36   41   46   50   55
    57.5-180.0 180.0   5.0 450.0                            LAT/LON1/LON2/DLON/H
   61   64   67   68   68   67   64   62   60   59   59   58   58   56   53   49
   44   39   36   32   28   26   23   21   19   17   15   13   13   14   14   14
   13   13   13   13   13   13   15   16   18   20   21   24   26   27   28   29
   30   31   31   31   30   30   30   29   29   29   30   30   30   29   29   30
   31   33   35   38   41   46   51   56   61
    55.0-180.0 180.0   5.0 450.0                            LAT/LON1/LON2/DLON/H
   65   69   72   74   74   73   70   67   65   63   62   62   62   60   58   54
   50   45   40   37   33   30   26   23   21   20   17   16   16   17   17   18
   18   18   18   19   19   20   21   23   25   28   31   33   35   35   36   37
   38   39   40   41   40   40   39   38   36   36   35   34   34   33   33   32
   34   36   38   42   46   50   55   60   65
    52.5-180.0 180.0   5.0 450.0                            LAT/LON1/LON2/DLON/H
   68   73   77   79   80   79   76   73   70   67   65   65   65   64   63   60
   56   51   46   42   38   34   30   27   26   24   22   21   22   23   24   25
   25   25   27   27   27   28   30   32   35   37   40   43   43   45   44   45
   45   46   48   50   51   50   49   47   45   43   41   40   38   36   34   34
   35   37   41   45   50   53   58   63   68
    50.0-180.0 180.0   5.0 450.0                            LAT/LON1/LON2/DLON/H
   71   76   81   84   86   86   83   79   75   72   69   68   68   68   67   66
   62   57   53   48   44   40   36   33   32   30   30   30   31   32   33   33
   33   34   36   36   37   38   39   40   43   46   48   51   52   52   51   50
   50   51   53   55   57   57   56   54   52   50   48   45   42   39   36   35
   36   39   43   47   52   56   60   66   71
    47.5-180.0 180.0   5.0 450.0                            LAT/LON1/LON2/DLON/H
   73   80   85   89   92   93   92   88   83   78   74   72   72   71   71   70
   67   64   60   55   51   47   43   41   40   39   39   41   41   41   42   42
   43   44   45   46   46   46   47   49   51   54   56   57   58   57   55   54
   54   55   57   59   61   61   60   58   57   56   54   50   46   42   40   38
   39   42   45   49   53   58   63   68   73
    45.0-180.0 180.0   5.0 450.0                            LAT/LON1/LON2/DLON/H
   75   82   88   94   98  101  101   97   92   87   82   78   77   76   75   74
   73   70   67   63   59   55   52   51   50   50   50   52   51   51   51   51
   52   52   53   54   54   54   54   55   57   59   61   62   62   60   58   57
   58   60   61   62   63   63   63   62   62   60   58   55   51   47   44   43
   43   46   49   52   56   60   65   69   75
    42.5-180.0 180.0   5.0 450.0                            LAT/LON1/LON2/DLON/H
   77   84   91   96  102  108  110  107  102   96   90   85   82   82   80   79
   78   76   73   70   67   64   61   60   60   61   60   60   60   60   59   59
   59   59   60   60   60   59   59   60   61   63   64   65   64   62   61   60
   60   62   63   63   65   66   65   65   65   64   62   59   56   52   49   49
   49   51   54   56   58   61   66   71   77
    40.0-180.0 180.0   5.0 450.0                            LAT/LON1/LON2/DLON/H
   78   84   91   98  105  113  117  116  112  106   99   94   89   88   86   84
   83   82   80   77   74   72   70   68   69   70   69   68   68   67   67   65
   64   64   64   64   64   63   62   62   63   65   67   67   67   65   64   63
   63   63   63   63   64   65   65   65   66   65   64   61   59   57   54   55
   56   57   60   61   62   64   69   73   78
    37.5-180.0 180.0   5.0 450.0                            LAT/LON1/LON2/DLON/H
   79   85   91   98  106  114  121  122  119  114  108  102   98   95   92   90
   89   88   86   84   82   79   78   76   76   76   75   74   74   72   71   68
   66   66   66   67   67   65   64   64   65   67   69   69   69   68   66   65
   64   63   61   60   60   61   62   63   64   64   64   63   62   60   59   60
   62   64   65   66   66   68   71   75   79
    35.0-180.0 180.0   5.0 450.0                            LAT/LON1/LON2/DLON/H
   82   86   90   96  105  113  121  124  124  121  116  110  106  102   99   96
   95   94   93   91   88   86   84   83   82   80   79   79   77   74   71   68
   66   66   67   68   68   66   65   65   67   70   71   71   71   69   68   66
   64   62   59   57   56   57   58   59   60   61   62   63   63   63   64   66
   68   70   71   71   71   72   75   79   82
    32.5-180.0 180.0   5.0 450.0                            LAT/LON1/LON2/DLON/H
   87   89   91   95  102  110  119  124  125  124  121  117  113  110  106  103
  101  100   99   96   93   92   90   88   87   85   82   80   77   73   70   68
   67   67   68   69   69   68   67   67   70   72   73   72   70   70   68   66
   63   60   56   53   53   54   54   55   56   57   58   61   62   64   67   71
   74   76   76   76   77   78   80   83   87
    30.0-180.0 180.0   5.0 450.0                            LAT/LON1/LON2/DLON/H
   94   96   96   97  101  108  115  121  124  123  122  121  118  116  113  110
  107  105  102   99   96   94   93   91   90   89   83   79   76   73   71   70
   70   70   71   70   71   70   69   70   72   73   74   71   68   67   67   65
   61   57   53   51   51   52   52   52   52   54   55   58   60   64   69   74
   78   80   81   82   83   84   88   91   94
    27.5-180.0 180.0   5.0 450.0                            LAT/LON1/LON2/DLON/H
  105  106  105  102  103  108  114  119  121  122  122  122  123  122  118  115
  111  109  105  101   97   95   93   92   91   89   82   79   76   74   74   74
   75   75   75   74   74   73   72   72   74   74   74   70   66   64   63   62
   58   54   50   48   49   49   49   48   49   50   51   54   58   63   70   77
   81   83   86   88   90   93   98  103  105
    25.0-180.0 180.0   5.0 450.0                            LAT/LON1/LON2/DLON/H
  121  122  118  112  110  113  117  120  122  123  123  125  126  126  123  119
  114  111  106  101   96   93   93   92   90   87   82   78   77   78   79   80
   81   81   79   78   77   75   75   74   74   73   72   67   63   61   60   58
   55   50   46   46   46   46   46   45   45   46   47   50   55   62   71   79
   83   87   90   94   97  104  110  118  121
    22.5-180.0 180.0   5.0 450.0                            LAT/LON1/LON2/DLON/H
  139  141  136  128  124  125  129  130  129  128  128  130  131  131  128  122
  117  113  107  100   94   91   91   92   91   87   83   79   79   82   86   88
   89   89   86   83   79   78   77   75   72   71   68   64   59   56   55   54
   51   47   44   43   43   44   44   43   42   42   44   47   53   61   71   80
   86   90   94  100  106  114  123  132  139
    20.0-180.0 180.0   5.0 450.0                            LAT/LON1/LON2/DLON/H
  156  159  155  146  143  144  149  149  146  142  141  140  141  140  135  129
  122  116  108  100   93   90   90   91   91   87   84   82   83   88   94   98
  101   99   94   87   81   77   75   72   69   67   64   59   55   52   51   50
   48   45   42   41   41   41   41   41   40   41   43   45   51   61   72   81
   88   94   99  107  115  124  135  146  156
    17.5-180.0 180.0   5.0 450.0                            LAT/LON1/LON2/DLON/H
  169  175  173  168  165  167  173  176  172  166  160  160  158  153  146  138
  130  121  113  104   96   91   90   92   92   89   86   87   90   97  104  108
  111  107  102   92   82   75   72   67   64   62   59   55   51   49   48   48
   46   44   41   40   40   40   39   39   39   40   42   45   52   62   73   83
   91   98  107  115  125  135  146  159  169
    15.0-180.0 180.0   5.0 450.0                            LAT/LON1/LON2/DLON/H
  181  189  190  189  187  192  201  206  206  197  189  185  180  174  164  153
  142  132  123  113  104   98   96   96   97   95   92   94   98  105  112  116
  118  114  106   94   83   73   68   63   59   57   56   53   50   48   47   47
   46   43   41   40   39   39   39   38   38   39   42   46   53   64   76   85
   94  103  114  126  137  147  157  169  181
    12.5-180.0 180.0   5.0 450.0                            LAT/LON1/LON2/DLON/H
  189  198  202  204  208  217  231  241  241  232  221  216  208  202  189  176
  161  150  139  128  118  111  108  107  105  104  101  101  106  113  117  119
  119  115  106   94   83   74   67   60   56   54   53   52   50   48   47   47
   47   44   41   39   38   38   37   37   37   39   42   47   54   66   78   88
   97  108  120  134  147  158  167  178  189
    10.0-180.0 180.0   5.0 450.0                            LAT/LON1/LON2/DLON/H
  195  203  208  213  221  236  255  269  271  264  253  245  236  229  217  204
  185  174  163  153  142  133  128  123  117  114  110  109  112  117  118  118
  117  112  103   93   84   76   68   60   55   53   52   52   51   49   49   48
   47   45   41   38   36   35   35   36   38   40   43   48   56   67   80   90
  100  111  125  141  156  167  175  185  195
     7.5-180.0 180.0   5.0 450.0                            LAT/LON1/LON2/DLON/H
  199  206  212  217  227  245  265  281  288  285  277  269  259  253  242  231
  214  202  191  182  172  163  154  143  132  126  121  117  116  118  117  117
  117  112  104   96   89   81   73   64   57   54   53   53   53   51   51   50
   49   45   42   38   36   34   35   38   40   43   45   50   58   69   81   91
  101  113  128  145  160  172  181  190  199
     5.0-180.0 180.0   5.0 450.0                            LAT/LON1/LON2/DLON/H
  203  209  215  221  230  247  266  282  291  291  288  283  275  269  262  254
  243  233  221  213  205  195  182  167  152  141  131  125  123  121  119  118
  118  114  107  101   96   90   82   72   63   58   55   56   55   54   53   52
   50   46   43   39   37   36   38   40   43   46   48   53   61   71   82   92
  102  114  129  145  161  173  183  193  203
     2.5-180.0 180.0   5.0 450.0                            LAT/LON1/LON2/DLON/H
  206  214  220  226  234  246  262  276  284  288  288  285  280  276  273  269
  263  256  247  241  236  226  210  192  172  156  142  135  131  126  123  122
  120  117  114  109  105  100   92   81   70   63   59   58   56   56   55   54
   51   48   45   42   39   38   40   43   46   48   51   57   65   75   84   93
  102  113  127  143  158  171  183  195  206
