DORISInput/IGSGIM/2019/igsg3430.19i
     1.0            IONOSPHERE MAPS     MIX                 IONEX VERSION / TYPE
cmpcmb v1.2          GRL/UWM            27-dec-19 12:19     PGM / RUN BY / DATE 
ionex file containing IGS COMBINED Ionosphere maps          COMMENT             
global ionosphere maps for day 343, 2019                    DESCRIPTION         
IONEX file containing the COMBINED IGS TEC MAPS and DCBs    DESCRIPTION         
      IONEX files of the following IAACs were combined: cod DESCRIPTION         
                                                        esa DESCRIPTION         
                                                        jpl DESCRIPTION         
                                                        upc DESCRIPTION         
Contact address: Andrzej Krankowski                         DESCRIPTION
                 Geodynamics Research Laboratory            DESCRIPTION
                 University of Warmia and Mazury (GRL/UWM)  DESCRIPTION
                 Oczapowski St. 1                           DESCRIPTION
                 10-957-Olsztyn, POLAND                     DESCRIPTION
                 e-mail:  kand@uwm.edu.pl                   DESCRIPTION
                                                            DESCRIPTION         
  2019    12     9     0     0     0                        EPOCH OF FIRST MAP  
  2019    12    10     0     0     0                        EPOCH OF LAST MAP   
  7200                                                      INTERVAL            
    13                                                      # OF MAPS IN FILE   
  COSZ                                                      MAPPING FUNCTION    
     0.0                                                    ELEVATION CUTOFF    
combined TEC calculated as weighted mean of input TEC valuesOBSERVABLES USED    
   397                                                      # OF STATIONS       
    32                                                      # OF SATELLITES     
  6371.0                                                    BASE RADIUS         
     2                                                      MAP DIMENSION       
   450.0 450.0   0.0                                        HGT1 / HGT2 / DHGT  
    87.5 -87.5  -2.5                                        LAT1 / LAT2 / DLAT  
  -180.0 180.0   5.0                                        LON1 / LON2 / DLON  
    -1                                                      EXPONENT            
TEC values in 0.1 tec units;  9999, if no value available   COMMENT             
DCB values in nanoseconds, reference is Sum_of_SatDCBs = 0  COMMENT             
                                                            END OF HEADER       
[from data line 429]
     2                                                      START OF TEC MAP    
  2019    12     9     2     0     0                        EPOCH OF CURRENT MAP
    87.5-180.0 180.0   5.0 450.0                            LAT/LON1/LON2/DLON/H
   23   23   23   23   24   24   24   23   23   23   23   22   22   22   21   20
   20   19   18   18   17   17   16   15   15   14   14   14   13   13   13   13
   13   13   13   13   13   13   13   14   14   14   14   14   14   14   15   15
   15   15   15   16   16   17   17   17   17   17   18   19   19   19   20   20
   20   20   21   21   22   22   23   23   23
    85.0-180.0 180.0   5.0 450.0                            LAT/LON1/LON2/DLON/H
   27   27   28   28   29   29   29   29   29   28   28   27   26   25   24   23
   21   20   19   17   16   14   13   12   11   10    9    9    9    9    9   10
   10   10   11   11   11   12   12   12   13   13   13   14   14   15   15   15
   15   15   15   15   15   15   15   15   15   16   17   17   17   18   18   19
   20   21   22   23   23   24   25   26   27
    82.5-180.0 180.0   5.0 450.0                            LAT/LON1/LON2/DLON/H
   27   29   29   30   31   32   32   33   33   32   32   31   29   28   26   25
   22   20   18   16   14   12   10    8    8    8    8    8    8    8    8    8
    9    9    9    9   10   10   11   12   12   13   13   14   15   15   15   15
   15   16   16   15   15   15   15   14   14   14   14   14   15   15   16   17
   18   19   20   21   23   24   25   26   27
    80.0-180.0 180.0   5.0 450.0                            LAT/LON1/LON2/DLON/H
   26   27   28   30   30   32   32   33   32   33   32   32   31   30   28   25
   23   21   18   15   13   10    8    7    7    7    7    7    8    8    8    9
    9    9    9    9   10   11   12   12   13   13   14   14   15   15   16   16
   16   16   16   15   15   14   14   13   13   12   12   12   12   12   13   14
   15   16   17   19   21   22   24   24   26
    77.5-180.0 180.0   5.0 450.0                            LAT/LON1/LON2/DLON/H
   24   25   26   26   28   28   30   30   31   32   33   32   31   30   28   26
   23   21   18   16   12    9    7    7    7    7    7    7    7    8    8    9
    9    9   10   10   11   12   13   14   15   16   16   17   17   17   17   16
   16   15   15   14   13   12   12   11   11   10   10   10   10   11   11   12
   13   14   16   18   19   20   22   23   24
    75.0-180.0 180.0   5.0 450.0                            LAT/LON1/LON2/DLON/H
   23   22   22   23   23   24   25   26   27   28   28   29   29   29   28   26
   24   21   19   16   13   12    8    7    7    8    8    8    9   10   10   10
   10   12   13   14   15   16   18   18   19   19   20   20   20   19   19   18
   17   15   14   12   11   10   10   10   10    9    9   10   11   12   13   14
   15   16   17   19   19   21   21   22   23
    72.5-180.0 180.0   5.0 450.0                            LAT/LON1/LON2/DLON/H
   23   22   21   20   20   20   20   20   21   23   24   25   26   27   27   26
   25   23   20   19   17   14   12   11   11   11   11   11   12   13   14   16
   17   18   19   20   20   21   20   21   22   22   22   22   21   20   20   18
   17   15   13   12   12   11   10   10   11   12   13   14   15   16   17   19
   20   21   22   23   24   24   24   24   23
    70.0-180.0 180.0   5.0 450.0                            LAT/LON1/LON2/DLON/H
   27   25   23   21   19   17   17   17   17   18   19   21   23   24   24   25
   23   23   22   20   20   17   17   16   16   16   17   18   18   19   20   22
   23   24   24   24   23   23   22   22   21   22   22   21   20   20   19   17
   16   14   13   13   13   13   13   14   15   17   18   20   22   23   25   26
   28   28   29   30   30   31   30   29   27
    67.5-180.0 180.0   5.0 450.0                            LAT/LON1/LON2/DLON/H
   33   30   27   24   21   18   17   15   15   15   16   18   19   20   22   22
   22   21   21   21   21   20   21   20   21   21   21   24   24   24   25   26
   27   27   26   25   24   23   22   20   20   20   19   19   19   18   17   16
   14   13   14   14   14   16   17   19   21   23   25   27   30   31   32   34
   36   37   37   38   38   38   37   36   33
    65.0-180.0 180.0   5.0 450.0                            LAT/LON1/LON2/DLON/H
   40   38   34   29   26   22   19   17   15   14   15   15   16   17   18   19
   19   19   18   19   21   21   22   22   24   24   23   25   26   26   26   27
   28   27   25   24   22   20   19   18   17   17   17   17   17   17   16   15
   14   14   15   16   18   19   21   25   28   30   32   35   37   38   39   41
   43   43   44   46   45   46   45   43   40
    62.5-180.0 180.0   5.0 450.0                            LAT/LON1/LON2/DLON/H
   48   44   41   36   32   28   24   20   18   16   15   14   14   14   15   15
   16   16   17   18   20   21   22   23   23   23   23   23   25   25   25   25
   25   24   23   21   20   18   17   16   16   16   16   17   17   17   16   16
   16   16   17   19   21   23   26   30   34   36   39   41   43   45   45   46
   47   48   50   51   51   52   51   50   48
    60.0-180.0 180.0   5.0 450.0                            LAT/LON1/LON2/DLON/H
   53   50   47   43   38   34   30   25   22   19   17   15   14   14   14   14
   14   14   15   17   17   18   20   21   20   20   21   20   21   22   22   22
   22   22   21   19   19   17   17   16   16   16   17   19   19   19   19   19
   19   19   19   21   24   27   30   35   39   41   44   46   48   50   51   52
   52   53   53   54   55   55   55   54   53
    57.5-180.0 180.0   5.0 450.0                            LAT/LON1/LON2/DLON/H
   56   54   52   48   44   40   35   30   26   22   19   17   16   15   15   14
   14   13   13   14   14   15   16   17   17   17   17   17   18   19   20   21
   21   21   21   21   20   19   19   19   20   20   21   23   24   24   23   23
   22   22   22   25   28   31   35   39   44   46   49   52   54   55   55   56
   56   56   56   57   58   58   58   57   56
    55.0-180.0 180.0   5.0 450.0                            LAT/LON1/LON2/DLON/H
   59   57   55   53   49   45   40   36   30   26   22   20   18   17   16   16
   15   13   13   13   13   12   13   13   15   16   17   17   18   19   20   21
   22   23   24   24   24   24   24   25   25   26   27   28   30   30   29   28
   28   27   28   29   32   35   39   43   47   50   53   56   58   59   60   60
   60   60   60   60   60   60   60   60   59
    52.5-180.0 180.0   5.0 450.0                            LAT/LON1/LON2/DLON/H
   61   59   58   56   54   50   45   40   35   29   26   23   21   20   19   18
   17   16   15   14   13   12   12   13   15   18   18   20   21   23   24   25
   26   28   29   29   30   31   32   32   32   33   35   36   36   36   35   34
   33   32   34   35   37   41   44   47   50   53   56   60   62   64   64   65
   64   63   62   62   63   64   63   62   61
    50.0-180.0 180.0   5.0 450.0                            LAT/LON1/LON2/DLON/H
   64   63   62   61   59   56   51   45   38   33   29   26   24   23   22   22
   21   20   20   19   16   14   14   15   19   23   25   28   29   30   31   32
   33   33   34   35   36   38   39   40   40   40   41   42   42   42   41   40
   39   39   39   41   43   46   48   51   53   56   59   63   66   68   70   70
   68   67   66   66   67   68   67   66   64
    47.5-180.0 180.0   5.0 450.0                            LAT/LON1/LON2/DLON/H
   69   68   67   66   65   62   58   51   45   38   33   30   28   27   27   27
   27   27   27   26   25   23   23   25   30   34   37   40   41   40   41   40
   40   40   41   42   43   45   46   47   47   48   48   47   47   47   46   45
   44   44   45   46   48   51   54   55   57   60   63   66   70   73   74   74
   73   72   71   71   72   73   73   71   69
    45.0-180.0 180.0   5.0 450.0                            LAT/LON1/LON2/DLON/H
   74   73   72   72   71   69   65   57   50   44   38   35   34   33   32   33
   34   36   36   37   37   36   37   40   45   50   52   54   54   52   51   49
   47   47   47   48   49   50   52   53   53   53   53   52   51   50   49   50
   49   50   50   53   55   57   59   61   63   65   68   71   74   76   77   78
   77   76   75   76   78   78   79   77   74
    42.5-180.0 180.0   5.0 450.0                            LAT/LON1/LON2/DLON/H
   80   78   78   79   78   76   71   64   57   50   44   41   40   39   39   40
   42   45   48   51   53   54   55   59   64   67   69   69   66   63   60   57
   54   53   52   53   54   55   56   58   58   57   57   55   54   53   53   53
   54   55   57   60   62   64   65   67   69   70   73   76   78   79   80   80
   79   78   79   81   83   84   85   82   80
    40.0-180.0 180.0   5.0 450.0                            LAT/LON1/LON2/DLON/H
   85   82   81   82   82   81   77   71   63   56   51   48   46   46   45   47
   51   55   60   65   69   72   74   78   82   84   84   81   76   72   67   63
   59   57   56   57   57   59   60   61   61   61   60   58   57   56   55   56
   58   60   63   66   68   70   72   73   75   77   79   80   82   82   82   82
   81   81   82   85   87   90   91   88   85
    37.5-180.0 180.0   5.0 450.0                            LAT/LON1/LON2/DLON/H
   91   86   85   84   84   83   80   74   67   61   57   55   53   52   52   54
   58   64   71   78   84   89   92   95   97   97   94   89   85   78   72   67
   62   60   59   60   61   62   63   63   64   63   62   61   59   58   58   58
   60   63   67   71   74   76   78   79   80   82   84   85   85   85   85   85
   85   85   87   89   93   96   97   95   91
    35.0-180.0 180.0   5.0 450.0                            LAT/LON1/LON2/DLON/H
   97   91   87   84   84   83   81   77   71   66   63   61   60   59   59   61
   65   71   79   88   95  102  105  106  105  103   98   94   89   82   76   69
   65   63   62   62   64   64   65   65   65   65   64   63   61   60   59   60
   61   64   69   73   77   80   82   83   84   86   88   90   89   88   88   90
   91   93   95   97  100  103  104  102   97
    32.5-180.0 180.0   5.0 450.0                            LAT/LON1/LON2/DLON/H
  105   98   90   85   82   80   78   76   72   69   67   66   66   66   66   66
   69   76   85   94  102  108  111  110  107  104   99   94   89   82   78   71
   67   66   65   66   66   66   66   66   66   66   64   63   61   60   59   59
   61   64   69   74   79   83   85   87   89   90   92   93   93   93   94   97
  100  104  107  109  112  114  115  112  105
    30.0-180.0 180.0   5.0 450.0                            LAT/LON1/LON2/DLON/H
  119  108   96   87   80   78   75   73   71   70   69   70   71   71   71   72
   74   79   86   94  102  107  109  107  104  101   96   90   86   81   78   73
   71   69   68   69   68   67   66   65   65   65   63   61   59   58   57   58
   59   63   68   75   80   85   88   90   92   95   97   98   98   99  103  109
  115  121  125  128  131  131  130  127  119
    27.5-180.0 180.0   5.0 450.0                            LAT/LON1/LON2/DLON/H
  140  126  111   96   85   78   74   71   70   69   70   72   73   74   75   76
   77   79   84   91   97  101  102  100   98   93   89   85   83   81   79   77
   74   72   71   71   70   67   64   63   63   62   60   58   56   55   55   55
   57   61   68   75   82   86   90   94   96  100  102  104  105  109  114  124
  134  143  149  154  156  155  153  150  140
    25.0-180.0 180.0   5.0 450.0                            LAT/LON1/LON2/DLON/H
  170  156  136  114   97   87   78   73   70   69   70   72   75   76   77   77
   78   79   82   86   90   93   94   93   90   84   81   80   81   81   83   82
   79   76   73   71   68   65   62   59   58   56   55   53   51   51   50   51
   53   59   67   74   82   87   92   97  101  106  110  112  115  121  130  142
  155  168  176  183  183  182  181  180  170
    22.5-180.0 180.0   5.0 450.0                            LAT/LON1/LON2/DLON/H
  204  194  171  142  119  103   92   82   75   71   71   72   75   77   77   78
   78   78   79   80   83   85   86   85   82   77   75   76   80   84   87   87
   84   79   74   70   66   62   58   54   53   50   49   47   46   45   45   46
   49   56   66   75   83   89   96  102  107  113  119  124  128  136  147  160
  176  191  200  207  207  207  208  210  204
    20.0-180.0 180.0   5.0 450.0                            LAT/LON1/LON2/DLON/H
  239  228  205  177  150  130  113   98   86   78   75   74   75   76   76   78
   77   76   76   76   78   80   81   80   78   73   71   74   80   87   91   91
   87   81   74   69   63   57   53   50   47   45   43   40   40   39   39   41
   46   56   67   78   86   94  101  109  116  122  129  137  143  152  164  177
  193  206  215  221  223  227  231  236  239
    17.5-180.0 180.0   5.0 450.0                            LAT/LON1/LON2/DLON/H
  261  257  237  212  184  160  139  120  102   89   82   79   77   76   76   77
   77   75   74   74   75   78   80   79   76   71   69   73   81   89   94   93
   89   82   74   67   60   54   49   45   42   40   37   36   35   35   35   38
   45   56   69   82   93  100  109  118  126  134  142  150  158  167  178  190
  202  213  221  226  230  237  245  254  261
    15.0-180.0 180.0   5.0 450.0                            LAT/LON1/LON2/DLON/H
  268  272  260  239  214  192  170  145  122  104   93   86   81   78   77   78
   79   76   75   75   76   80   83   81   77   73   69   73   81   89   94   93
   89   81   72   64   57   51   46   42   38   36   34   32   31   32   33   37
   46   59   73   86   99  108  117  127  135  143  152  162  171  180  187  197
  206  213  219  224  230  237  246  257  268
    12.5-180.0 180.0   5.0 450.0                            LAT/LON1/LON2/DLON/H
  261  269  268  254  236  217  197  172  143  121  106   96   88   83   79   80
   81   80   78   80   82   86   89   87   82   76   71   73   81   87   92   91
   88   80   69   60   54   49   44   40   37   34   33   32   31   31   32   38
   48   61   77   91  104  115  125  135  143  151  160  169  179  188  194  199
  205  208  212  217  223  229  239  250  261
    10.0-180.0 180.0   5.0 450.0                            LAT/LON1/LON2/DLON/H
  246  253  256  251  242  231  215  191  162  138  121  108   96   88   83   83
   84   85   85   87   91   96   99   96   89   81   75   74   79   84   88   88
   84   76   66   58   52   48   44   40   37   36   34   34   33   33   34   39
   49   63   79   94  108  120  130  140  148  155  164  173  182  190  195  198
  201  202  205  208  213  219  228  237  246
     7.5-180.0 180.0   5.0 450.0                            LAT/LON1/LON2/DLON/H
  228  234  238  238  237  232  222  202  176  153  135  119  105   94   87   87
   89   90   93   97  102  107  109  105   96   87   79   76   77   81   84   84
   79   72   64   57   52   49   46   43   40   39   38   37   37   36   37   42
   51   65   81   96  110  123  133  141  149  156  164  173  182  189  195  198
  198  198  198  201  205  210  216  222  228
     5.0-180.0 180.0   5.0 450.0                            LAT/LON1/LON2/DLON/H
  214  217  219  224  227  228  221  206  184  164  147  130  113  100   92   91
   93   97  101  106  113  117  117  113  103   93   84   79   77   78   80   80
   76   71   63   57   54   52   49   46   44   42   41   42   41   40   41   45
   55   69   84   98  112  123  133  141  148  155  163  172  181  189  195  199
  199  198  198  200  203  205  208  210  214
     2.5-180.0 180.0   5.0 450.0                            LAT/LON1/LON2/DLON/H
  208  209  210  215  220  223  220  207  190  173  157  140  123  107   98   97
   98  102  108  115  121  125  123  116  106   97   89   82   78   77   78   77
   75   70   64   59   56   54   52   49   47   45   45   45   44   44   45   49
   59   72   86  100  112  123  132  141  148  153  160  170  179  187  196  202
  205  205  204  206  208  209  207  207  208
