DORISInput/IGSGIM/2019/igsg3480.19i
     1.0            IONOSPHERE MAPS     MIX                 IONEX VERSION / TYPE
cmpcmb v1.2          GRL/UWM            27-dec-19 12:48     PGM / RUN BY / DATE 
ionex file containing IGS COMBINED Ionosphere maps          COMMENT             
global ionosphere maps for day 348, 2019                    DESCRIPTION         
IONEX file containing the COMBINED IGS TEC MAPS and DCBs    DESCRIPTION         
      IONEX files of the following IAACs were combined: cod DESCRIPTION         
                                                        esa DESCRIPTION         
                                                        jpl DESCRIPTION         
                                                        upc DESCRIPTION         
Contact address: Andrzej Krankowski                         DESCRIPTION
                 Geodynamics Research Laboratory            DESCRIPTION
                 University of Warmia and Mazury (GRL/UWM)  DESCRIPTION
                 Oczapowski St. 1                           DESCRIPTION
                 10-957-Olsztyn, POLAND                     DESCRIPTION
                 e-mail:  kand@uwm.edu.pl                   DESCRIPTION
                                                            DESCRIPTION         
  2019    12    14     0     0     0                        EPOCH OF FIRST MAP  
  2019    12    15     0     0     0                        EPOCH OF LAST MAP   
  7200                                                      INTERVAL            
    13                                                      # OF MAPS IN FILE   
  COSZ                                                      MAPPING FUNCTION    
     0.0                                                    ELEVATION CUTOFF    
combined TEC calculated as weighted mean of input TEC valuesOBSERVABLES USED    
   394                                                      # OF STATIONS       
    32                                                      # OF SATELLITES     
  6371.0                                                    BASE RADIUS         
     2                                                      MAP DIMENSION       
   450.0 450.0   0.0                                        HGT1 / HGT2 / DHGT  
    87.5 -87.5  -2.5                                        LAT1 / LAT2 / DLAT  
  -180.0 180.0   5.0                                        LON1 / LON2 / DLON  
    -1                                                      EXPONENT            
TEC values in 0.1 tec units;  9999, if no value available   COMMENT             
DCB values in nanoseconds, reference is Sum_of_SatDCBs = 0  COMMENT             
                                                            END OF HEADER       
[from data line 5148]
    13                                                      START OF TEC MAP    
  2019    12    15     0     0     0                        EPOCH OF CURRENT MAP
    87.5-180.0 180.0   5.0 450.0                            LAT/LON1/LON2/DLON/H
   19   19   19   19   19   19   19   19   19   19   20   20   20   20   20   20
   20   20   20   20   19   19   19   18   18   18   18   18   18   18   18   18
   18   18   18   18   18   18   18   18   18   18   19   19   19   19   19   19
   19   19   19   20   20   20   20   19   20   19   19   19   19   19   19   19
   18   19   19   18   18   18   18   18   19
    85.0-180.0 180.0   5.0 450.0                            LAT/LON1/LON2/DLON/H
   19   19   20   20   21   21   22   22   22   22   22   22   22   22   22   22
   22   22   21   20   20   20   19   19   18   18   18   18   18   18   18   17
   17   17   17   17   17   17   17   17   17   17   18   18   18   18   18   19
   19   19   20   20   20   20   20   20   20   19   19   18   18   17   17   17
   17   16   17   17   17   17   18   18   19
    82.5-180.0 180.0   5.0 450.0                            LAT/LON1/LON2/DLON/H
   20   21   22   23   23   23   24   24   25   25   25   25   25   25   24   24
   24   23   23   22   23   21   21   19   18   17   17   17   17   17   17   16
   16   16   17   16   16   17   17   17   17   18   18   18   19   18   19   19
   19   20   20   20   20   20   19   19   19   18   17   17   16   15   15   15
   15   15   16   16   17   17   18   19   20
    80.0-180.0 180.0   5.0 450.0                            LAT/LON1/LON2/DLON/H
   21   22   23   24   25   26   27   27   28   29   29   30   30   30   30   29
   28   27   25   24   24   23   23   21   20   19   17   16   17   17   17   16
   16   16   16   17   17   17   17   18   18   19   20   20   20   20   21   21
   20   20   20   20   20   19   18   18   17   16   16   15   14   14   13   14
   14   15   16   16   17   18   19   20   21
    77.5-180.0 180.0   5.0 450.0                            LAT/LON1/LON2/DLON/H
   23   24   25   26   27   28   29   30   31   31   32   33   33   33   33   32
   31   30   30   28   26   26   26   25   24   22   21   20   19   18   18   19
   20   19   18   18   18   18   19   19   19   19   20   21   22   22   23   23
   21   20   20   19   19   18   17   16   15   14   14   13   13   13   13   14
   15   15   16   17   18   19   20   22   23
    75.0-180.0 180.0   5.0 450.0                            LAT/LON1/LON2/DLON/H
   26   26   28   29   30   31   31   32   32   33   33   33   33   33   33   34
   34   33   33   33   32   31   31   29   27   26   25   24   22   22   21   20
   19   21   21   20   20   18   19   20   21   21   21   22   22   23   23   22
   21   20   18   17   17   16   15   14   14   13   12   12   12   13   13   14
   16   17   18   20   21   22   23   24   26
    72.5-180.0 180.0   5.0 450.0                            LAT/LON1/LON2/DLON/H
   30   31   33   33   33   33   33   33   33   33   33   33   32   33   34   34
   34   36   36   36   37   34   34   32   31   29   27   26   25   24   23   22
   21   20   20   20   20   19   19   19   20   21   21   21   21   21   21   20
   19   18   17   16   15   15   14   13   13   13   12   12   13   14   15   17
   19   20   22   24   25   27   28   29   30
    70.0-180.0 180.0   5.0 450.0                            LAT/LON1/LON2/DLON/H
   37   38   39   38   38   37   37   36   34   34   33   32   31   31   31   31
   33   33   35   37   38   36   36   33   33   31   29   27   25   24   23   21
   20   19   19   18   18   18   18   18   18   19   19   19   19   19   18   18
   17   16   15   15   14   14   14   13   13   14   14   14   15   17   19   21
   23   25   28   30   32   34   35   37   37
    67.5-180.0 180.0   5.0 450.0                            LAT/LON1/LON2/DLON/H
   47   47   47   46   45   44   42   39   37   35   33   31   30   29   27   27
   28   30   32   35   36   36   36   34   33   31   28   25   23   22   20   19
   18   17   16   16   15   15   15   15   15   15   15   16   16   16   16   16
   16   16   15   15   15   15   14   14   14   16   16   18   19   22   24   27
   30   32   35   37   40   43   44   46   47
    65.0-180.0 180.0   5.0 450.0                            LAT/LON1/LON2/DLON/H
   56   57   56   55   53   51   48   45   41   39   35   32   30   28   25   24
   25   26   28   31   32   34   34   32   31   28   24   21   19   18   17   15
   15   14   13   13   13   13   12   12   11   12   13   14   15   16   17   17
   17   17   16   16   16   15   15   16   17   18   19   21   23   26   30   33
   36   40   43   46   49   51   54   56   56
    62.5-180.0 180.0   5.0 450.0                            LAT/LON1/LON2/DLON/H
   66   66   66   64   61   58   54   50   46   43   39   35   32   28   25   23
   23   23   25   26   28   30   29   27   25   21   18   16   15   13   13   13
   12   12   12   12   12   12   12   11   11   11   13   15   18   19   21   20
   20   20   18   18   17   17   18   19   20   21   22   23   26   31   35   40
   44   47   50   53   56   60   62   64   66
    60.0-180.0 180.0   5.0 450.0                            LAT/LON1/LON2/DLON/H
   73   74   74   72   69   65   60   56   52   48   44   40   35   30   27   24
   22   22   22   23   23   23   23   20   19   16   13   12   11   10   11   11
   12   12   13   14   14   15   15   14   15   14   17   20   23   24   25   25
   23   22   20   21   21   22   22   22   24   25   26   27   30   36   40   45
   49   53   56   59   63   66   68   71   73
    57.5-180.0 180.0   5.0 450.0                            LAT/LON1/LON2/DLON/H
   78   80   80   78   75   70   65   60   56   53   49   45   40   34   30   26
   24   21   21   20   19   18   18   17   14   13   11    9   10    9   10   12
   13   15   17   18   19   21   21   22   21   22   24   28   30   31   30   29
   28   26   24   24   25   25   25   26   26   28   29   31   34   40   44   49
   54   57   61   64   67   70   73   76   78
    55.0-180.0 180.0   5.0 450.0                            LAT/LON1/LON2/DLON/H
   82   84   84   83   79   74   69   64   61   57   54   50   45   39   34   30
   26   23   21   19   17   16   15   14   13   12   11   11   12   12   14   17
   19   21   24   26   28   30   32   32   31   32   34   36   37   37   36   35
   33   31   29   29   28   28   28   29   29   30   32   35   38   43   48   53
   57   61   64   67   70   73   76   79   82
    52.5-180.0 180.0   5.0 450.0                            LAT/LON1/LON2/DLON/H
   84   86   87   85   82   77   72   68   64   61   58   54   50   45   40   35
   30   26   23   20   17   15   14   14   14   14   15   15   17   19   21   24
   27   30   33   36   38   41   43   43   43   43   44   44   44   44   43   42
   40   38   35   33   32   30   29   29   31   32   34   38   41   45   51   57
   60   64   67   70   73   75   79   81   84
    50.0-180.0 180.0   5.0 450.0                            LAT/LON1/LON2/DLON/H
   86   88   89   88   85   80   76   71   67   64   62   59   55   50   45   40
   35   31   26   23   20   18   18   18   19   21   22   24   27   29   30   33
   36   40   43   46   49   51   53   53   54   54   53   53   53   52   51   50
   47   45   41   37   34   32   30   30   32   34   37   40   44   48   53   59
   63   66   70   73   77   79   81   84   86
    47.5-180.0 180.0   5.0 450.0                            LAT/LON1/LON2/DLON/H
   90   92   93   92   89   85   79   75   71   68   65   63   60   55   51   45
   41   37   32   28   25   24   25   27   29   31   33   36   37   39   40   43
   45   49   51   53   55   59   61   62   62   62   61   60   60   59   58   57
   54   51   46   42   36   32   31   32   34   37   40   44   48   51   55   61
   65   69   74   77   80   82   84   87   90
    45.0-180.0 180.0   5.0 450.0                            LAT/LON1/LON2/DLON/H
   94   97   98   97   94   90   85   80   75   71   68   65   63   60   55   51
   47   44   39   37   34   34   35   38   42   44   45   47   48   48   48   50
   53   55   56   58   60   63   66   68   68   67   66   65   65   64   64   62
   59   54   49   44   39   35   34   35   37   41   45   49   53   56   59   64
   68   72   77   80   83   85   87   90   94
    42.5-180.0 180.0   5.0 450.0                            LAT/LON1/LON2/DLON/H
   97  100  103  103  101   96   91   85   80   74   71   69   66   64   61   57
   53   50   47   46   43   44   45   49   53   55   55   56   56   55   55   56
   58   59   60   61   62   64   67   69   69   69   67   67   66   67   67   65
   62   57   52   47   42   39   37   39   41   46   52   56   59   61   64   68
   72   76   80   83   85   88   90   94   97
    40.0-180.0 180.0   5.0 450.0                            LAT/LON1/LON2/DLON/H
  101  105  107  107  106  104   98   92   86   80   75   73   70   68   66   63
   59   57   55   54   53   54   56   59   63   64   63   62   61   59   59   59
   61   62   62   62   63   64   66   67   68   68   68   67   68   69   70   69
   63   59   55   51   47   43   42   43   47   53   59   63   66   68   70   73
   77   80   82   85   87   90   92   96  101
    37.5-180.0 180.0   5.0 450.0                            LAT/LON1/LON2/DLON/H
  103  108  111  111  111  109  105   99   93   86   81   77   75   74   71   69
   66   63   61   60   61   63   66   68   70   70   69   66   63   61   61   62
   63   64   63   63   62   63   64   66   67   68   69   70   71   72   72   69
   65   61   57   54   51   48   46   48   52   59   66   71   74   75   76   78
   81   83   85   87   89   91   94   98  103
    35.0-180.0 180.0   5.0 450.0                            LAT/LON1/LON2/DLON/H
  105  109  112  114  114  114  111  106   99   92   87   82   80   79   77   75
   72   69   67   66   67   69   72   74   74   74   71   68   64   62   62   63
   64   65   65   64   63   63   63   65   68   69   71   73   74   73   71   68
   63   61   59   56   53   51   50   52   58   65   73   78   81   82   82   83
   85   88   89   90   92   94   96  100  105
    32.5-180.0 180.0   5.0 450.0                            LAT/LON1/LON2/DLON/H
  106  110  112  113  115  116  115  111  105   99   94   89   86   84   81   79
   77   74   72   70   71   72   74   75   75   73   70   67   64   63   63   65
   66   67   67   66   65   64   64   66   68   69   72   74   74   72   69   65
   61   59   58   57   55   53   53   56   61   69   77   83   86   88   88   89
   91   94   96   97   97   98  100  103  106
    30.0-180.0 180.0   5.0 450.0                            LAT/LON1/LON2/DLON/H
  111  112  112  113  115  117  116  114  110  105  100   97   93   90   86   83
   79   76   74   73   74   74   73   72   71   70   68   65   64   64   65   67
   69   69   70   69   68   67   67   68   69   70   72   73   72   69   65   61
   58   56   56   56   54   53   54   57   63   71   78   84   89   93   94   96
   98  100  103  106  105  106  107  109  111
    27.5-180.0 180.0   5.0 450.0                            LAT/LON1/LON2/DLON/H
  120  119  117  116  118  119  120  119  116  111  107  104  100   96   91   86
   81   77   74   74   75   73   71   69   68   67   67   66   66   67   69   70
   71   71   72   72   72   71   70   70   71   72   73   72   70   67   63   58
   54   53   53   52   51   51   52   57   64   71   78   84   90   96   99  102
  105  108  112  115  116  117  118  120  120
    25.0-180.0 180.0   5.0 450.0                            LAT/LON1/LON2/DLON/H
  133  131  128  125  124  125  125  125  122  118  114  111  106  101   95   89
   83   78   75   73   73   72   69   67   67   67   68   69   70   72   74   74
   73   73   74   75   74   73   72   71   72   72   72   70   67   64   59   54
   50   49   48   48   48   48   51   56   63   70   77   83   91   97  102  107
  113  118  123  126  127  129  131  132  133
    22.5-180.0 180.0   5.0 450.0                            LAT/LON1/LON2/DLON/H
  149  147  144  140  137  136  135  135  131  126  122  117  112  106  100   93
   86   80   77   73   72   71   69   68   69   71   72   74   76   78   79   78
   76   75   75   75   74   73   71   70   70   70   68   65   62   58   53   48
   43   42   43   43   44   45   48   54   61   69   75   83   91   99  106  114
  122  129  134  138  140  142  145  148  149
    20.0-180.0 180.0   5.0 450.0                            LAT/LON1/LON2/DLON/H
  167  166  162  160  156  153  151  149  144  138  131  125  118  111  104   97
   89   84   79   75   72   71   71   72   74   76   80   82   83   84   83   81
   79   78   76   75   73   71   68   67   66   65   62   57   54   51   46   41
   38   38   39   39   40   41   45   53   62   69   76   84   93  104  112  121
  131  139  146  151  154  157  160  164  167
    17.5-180.0 180.0   5.0 450.0                            LAT/LON1/LON2/DLON/H
  186  186  183  181  177  174  171  167  160  153  144  136  126  118  109  102
   94   88   84   78   75   74   76   79   82   85   89   92   91   91   89   85
   81   79   75   73   70   67   64   62   61   58   54   49   46   43   40   37
   36   36   37   37   37   39   44   54   63   71   78   86   96  108  119  129
  140  150  158  164  170  173  177  183  186
    15.0-180.0 180.0   5.0 450.0                            LAT/LON1/LON2/DLON/H
  202  202  201  201  198  195  193  189  179  169  158  148  137  127  117  109
  100   94   88   84   81   80   83   89   92   97  101  102   99   98   95   88
   84   79   75   70   67   62   59   56   54   51   46   41   38   37   36   35
   35   36   36   36   36   38   45   55   66   74   82   90  101  113  124  136
  148  161  170  176  182  188  195  199  202
    12.5-180.0 180.0   5.0 450.0                            LAT/LON1/LON2/DLON/H
  212  214  216  217  216  214  213  210  200  188  174  163  151  139  127  117
  108  101   95   92   89   89   92   99  103  108  112  110  106  102   99   92
   85   79   74   68   64   58   54   51   49   46   40   36   33   33   35   36
   37   38   38   36   36   39   46   58   70   79   86   96  106  118  131  144
  157  170  180  186  191  199  204  208  212
    10.0-180.0 180.0   5.0 450.0                            LAT/LON1/LON2/DLON/H
  218  221  224  226  228  229  229  227  220  207  195  180  165  152  138  126
  116  109  103   99   97   98  101  106  111  115  117  114  109  104   98   92
   86   80   74   67   61   55   51   48   46   43   37   32   31   32   35   37
   38   39   39   37   36   40   49   62   75   83   91  101  112  124  136  149
  164  177  187  193  196  201  208  213  218
     7.5-180.0 180.0   5.0 450.0                            LAT/LON1/LON2/DLON/H
  221  225  229  232  235  237  239  238  233  224  212  198  181  165  151  136
  126  118  112  108  105  106  107  111  114  115  115  112  108  102   97   92
   87   81   75   67   62   55   51   49   47   43   36   31   31   33   36   38
   39   40   39   37   36   41   52   66   79   88   96  106  116  127  140  152
  166  179  190  195  197  202  209  215  221
     5.0-180.0 180.0   5.0 450.0                            LAT/LON1/LON2/DLON/H
  223  228  232  234  237  240  242  243  241  235  227  217  200  180  164  149
  137  128  122  118  115  114  114  115  115  114  111  108  105  101   97   93
   89   84   77   69   64   57   53   51   48   44   37   33   33   35   38   39
   40   40   39   38   37   43   56   71   83   92  100  108  118  129  141  153
  165  178  188  194  197  202  209  217  223
     2.5-180.0 180.0   5.0 450.0                            LAT/LON1/LON2/DLON/H
  229  235  238  238  239  241  243  244  243  240  236  229  216  197  177  160
  150  140  132  129  125  124  121  121  117  115  111  107  104  102  100   98
   93   88   81   73   68   60   55   53   50   45   39   36   37   39   40   41
   43   42   41   39   39   46   60   74   84   93  101  110  119  129  140  150
  162  174  183  189  195  203  211  220  229
