DORISInput/IGSGIM/2019/igsg3590.19i
     1.0            IONOSPHERE MAPS     MIX                 IONEX VERSION / TYPE
cmpcmb v1.2          GRL/UWM            16-jan-20 11:57     PGM / RUN BY / DATE 
ionex file containing IGS COMBINED Ionosphere maps          COMMENT             
global ionosphere maps for day 359, 2019                    DESCRIPTION         
IONEX file containing the COMBINED IGS TEC MAPS and DCBs    DESCRIPTION         
      IONEX files of the following IAACs were combined: cod DESCRIPTION         
                                                        esa DESCRIPTION         
                                                        jpl DESCRIPTION         
                                                        upc DESCRIPTION         
Contact address: Andrzej Krankowski                         DESCRIPTION
                 Geodynamics Research Laboratory            DESCRIPTION
                 University of Warmia and Mazury (GRL/UWM)  DESCRIPTION
                 Oczapowski St. 1                           DESCRIPTION
                 10-957-Olsztyn, POLAND                     DESCRIPTION
                 e-mail:  kand@uwm.edu.pl                   DESCRIPTION
                                                            DESCRIPTION         
  2019    12    25     0     0     0                        EPOCH OF FIRST MAP  
  2019    12    26     0     0     0                        EPOCH OF LAST MAP   
  7200                                                      INTERVAL            
    13                                                      # OF MAPS IN FILE   
  COSZ                                                      MAPPING FUNCTION    
     0.0                                                    ELEVATION CUTOFF    
combined TEC calculated as weighted mean of input TEC valuesOBSERVABLES USED    
   400                                                      # OF STATIONS       
    32                                                      # OF SATELLITES     
  6371.0                                                    BASE RADIUS         
     2                                                      MAP DIMENSION       
   450.0 450.0   0.0                                        HGT1 / HGT2 / DHGT  
    87.5 -87.5  -2.5                                        LAT1 / LAT2 / DLAT  
  -180.0 180.0   5.0                                        LON1 / LON2 / DLON  
    -1                                                      EXPONENT            
TEC values in 0.1 tec units;  9999, if no value available   COMMENT             
DCB values in nanoseconds, reference is Sum_of_SatDCBs = 0  COMMENT             
                                                            END OF HEADER       
[from data line 3861]
    10                                                      START OF TEC MAP    
  2019    12    25    18     0     0                        EPOCH OF CURRENT MAP
    87.5-180.0 180.0   5.0 450.0                            LAT/LON1/LON2/DLON/H
   20   20   20   20   20   21   21   21   20   21   21   21   20   20   21   20
   20   20   19   19   18   18   18   17   17   17   16   16   16   15   15   15
   15   15   15   15   15   15   15   15   15   15   15   15   15   15   15   16
   16   16   16   16   17   17   17   18   18   18   19   19   19   19   19   19
   19   19   19   20   20   20   19   20   20
    85.0-180.0 180.0   5.0 450.0                            LAT/LON1/LON2/DLON/H
   22   22   23   23   24   24   24   24   24   24   25   24   24   24   23   23
   22   22   21   21   20   19   18   17   16   16   15   14   14   14   14   14
   14   13   13   13   13   13   13   13   13   13   13   14   14   14   14   14
   15   15   16   16   16   17   17   18   18   18   19   19   20   20   20   20
   20   20   20   20   20   21   21   21   22
    82.5-180.0 180.0   5.0 450.0                            LAT/LON1/LON2/DLON/H
   23   24   25   26   26   27   28   28   29   28   28   29   28   28   27   26
   26   25   24   23   21   20   18   17   16   15   14   13   13   12   12   12
   12   12   12   12   12   12   12   12   12   12   12   12   12   12   13   13
   13   14   15   16   16   17   17   18   18   19   19   20   20   20   19   19
   19   19   20   20   20   21   22   23   23
    80.0-180.0 180.0   5.0 450.0                            LAT/LON1/LON2/DLON/H
   23   24   25   26   27   27   28   29   29   30   30   31   31   31   31   30
   29   28   27   25   25   23   19   17   16   14   13   11   11   11   11   11
   11   11   11   11   11   11   11   10   10   10   11   11   11   11   11   12
   13   14   14   15   17   17   18   18   19   19   19   19   19   18   18   18
   18   18   18   18   19   20   21   22   23
    77.5-180.0 180.0   5.0 450.0                            LAT/LON1/LON2/DLON/H
   21   22   23   23   24   25   26   27   28   29   31   32   32   32   33   33
   32   31   29   27   25   23   22   19   19   16   14   13   12   11   11   11
   11   11   11   11   11   10   10    9    9    9    8    9    9    9   10   11
   12   13   14   15   16   17   17   18   18   18   18   17   17   16   16   16
   16   16   16   16   17   18   19   20   21
    75.0-180.0 180.0   5.0 450.0                            LAT/LON1/LON2/DLON/H
   17   18   18   19   19   20   21   23   25   27   29   31   32   33   34   35
   35   34   33   31   29   26   26   23   20   18   16   14   13   13   12   11
   11   11   11   11   11   11    9    9    9    8    7    7    8    8    9   10
   11   12   12   14   15   15   16   16   16   16   15   15   15   14   13   13
   13   13   14   14   15   16   17   17   17
    72.5-180.0 180.0   5.0 450.0                            LAT/LON1/LON2/DLON/H
   14   14   13   14   14   14   16   18   20   23   25   28   31   33   36   37
   38   38   37   36   33   31   31   27   24   21   18   17   15   13   13   12
   11   11   11   11   10   10    9    8    8    7    7    7    7    7    8    9
   10   10   11   13   14   14   14   14   14   14   13   13   12   11   10   10
   10   11   11   11   13   13   14   14   14
    70.0-180.0 180.0   5.0 450.0                            LAT/LON1/LON2/DLON/H
   12   11   11   10   10   10   11   13   16   19   22   26   29   33   36   38
   40   41   42   40   39   37   37   33   30   26   22   20   17   15   13   12
   12   11   10   10    9    9    8    7    7    7    7    7    7    7    8    8
    9   10   11   12   13   14   14   14   13   13   12   11   11   10    9    9
    9    9    9   10   11   12   13   13   12
    67.5-180.0 180.0   5.0 450.0                            LAT/LON1/LON2/DLON/H
   13   12   11   10   10    9   10   11   14   17   21   25   29   33   36   39
   41   43   44   44   44   42   42   39   35   31   26   23   20   17   14   13
   12   10    9    8    8    7    7    6    7    7    7    8    8    8    9   10
   10   11   12   13   14   15   15   15   15   14   12   12   12   11   11   10
   10   11   11   12   13   14   14   14   13
    65.0-180.0 180.0   5.0 450.0                            LAT/LON1/LON2/DLON/H
   16   15   13   12   11   10   10   12   14   18   22   26   31   34   37   40
   43   45   46   47   48   47   46   44   40   36   32   28   24   20   16   13
   11   10    9    8    7    7    7    7    8    8    9    9   10   11   12   13
   14   14   15   16   16   17   17   17   17   16   15   15   15   15   14   14
   14   15   15   16   16   18   18   17   16
    62.5-180.0 180.0   5.0 450.0                            LAT/LON1/LON2/DLON/H
   21   19   17   15   14   13   14   16   19   22   26   30   34   37   40   43
   45   47   49   50   51   51   50   48   45   42   38   33   29   24   19   15
   12   10    9    8    8    8    8    8    9   11   12   14   16   17   18   18
   18   19   19   19   20   19   19   20   20   19   19   18   18   19   19   19
   20   20   20   20   21   23   23   22   21
    60.0-180.0 180.0   5.0 450.0                            LAT/LON1/LON2/DLON/H
   27   26   24   22   20   20   21   23   26   29   33   37   40   43   45   47
   49   50   52   52   53   53   53   52   50   47   43   39   35   30   24   19
   15   13   11   10    9    9   10   10   13   16   18   21   22   24   24   24
   23   23   24   24   23   23   23   23   24   24   23   23   24   25   26   27
   27   26   25   25   26   27   28   28   27
    57.5-180.0 180.0   5.0 450.0                            LAT/LON1/LON2/DLON/H
   33   32   29   28   27   28   29   32   35   38   41   44   47   49   51   52
   53   54   55   55   56   55   55   54   53   51   49   45   41   36   30   24
   19   16   14   12   12   11   13   16   19   23   26   29   31   31   31   30
   29   28   28   28   28   28   28   28   28   29   30   30   32   34   34   35
   35   33   32   31   32   33   33   34   33
    55.0-180.0 180.0   5.0 450.0                            LAT/LON1/LON2/DLON/H
   38   36   35   33   34   35   37   40   44   47   49   52   54   56   57   58
   59   59   59   59   58   57   57   56   56   55   53   50   47   42   37   30
   25   22   19   17   17   18   19   23   26   31   35   37   39   39   38   37
   36   35   34   33   34   34   34   35   35   36   37   39   40   42   43   44
   43   40   38   36   36   37   38   38   38
    52.5-180.0 180.0   5.0 450.0                            LAT/LON1/LON2/DLON/H
   40   39   39   38   39   41   44   47   51   54   56   58   61   62   63   64
   64   63   63   62   61   60   59   59   59   59   58   56   54   51   45   38
   32   29   26   24   23   24   27   30   36   40   43   45   46   46   45   43
   42   41   41   40   41   42   42   43   43   44   45   47   48   50   51   51
   49   46   43   40   40   40   40   40   40
    50.0-180.0 180.0   5.0 450.0                            LAT/LON1/LON2/DLON/H
   40   40   41   41   43   46   49   53   57   60   61   64   66   68   69   70
   70   69   68   67   65   64   63   62   63   63   63   63   62   58   53   46
   40   36   34   31   31   33   36   39   44   48   50   52   52   52   50   48
   48   47   48   48   49   51   51   52   52   52   52   52   53   54   55   55
   53   49   46   43   41   41   41   41   40
    47.5-180.0 180.0   5.0 450.0                            LAT/LON1/LON2/DLON/H
   39   39   41   43   45   48   52   56   61   64   66   68   70   72   74   75
   75   75   73   72   71   70   69   68   68   69   70   70   68   64   58   53
   48   43   41   39   39   41   44   48   52   55   57   58   57   56   54   53
   53   54   55   56   57   58   59   59   59   58   57   56   55   56   56   56
   54   51   48   43   41   40   40   39   39
    45.0-180.0 180.0   5.0 450.0                            LAT/LON1/LON2/DLON/H
   36   38   40   43   47   51   55   60   64   68   70   72   74   76   78   78
   79   79   79   79   78   78   77   76   76   76   76   75   73   69   63   58
   54   50   48   47   48   50   52   56   59   62   63   62   61   60   58   58
   58   60   61   62   63   64   64   64   63   61   59   58   57   56   56   56
   54   51   48   44   41   39   38   37   36
    42.5-180.0 180.0   5.0 450.0                            LAT/LON1/LON2/DLON/H
   34   35   38   42   48   53   57   62   67   71   74   75   77   80   81   82
   83   83   84   85   86   87   86   86   84   84   81   79   76   73   68   62
   58   56   55   54   55   57   59   62   65   66   67   67   66   64   63   63
   64   65   66   67   68   68   68   67   65   63   61   59   58   57   56   55
   53   51   48   45   41   39   37   35   34
    40.0-180.0 180.0   5.0 450.0                            LAT/LON1/LON2/DLON/H
   33   34   38   43   49   55   60   65   70   75   77   79   81   83   85   86
   87   88   89   92   95   97   96   94   92   90   87   84   81   76   71   66
   63   61   60   60   62   63   65   67   68   70   71   70   69   68   67   67
   67   68   68   68   68   69   68   67   66   64   61   60   58   57   56   55
   53   50   47   44   42   39   37   34   33
    37.5-180.0 180.0   5.0 450.0                            LAT/LON1/LON2/DLON/H
   34   35   38   43   50   55   61   67   74   79   83   84   86   88   90   91
   92   92   95   98  102  105  104  100   97   94   91   88   85   79   73   69
   66   66   65   66   68   69   70   71   72   73   73   73   72   72   71   70
   69   68   67   66   66   65   65   66   65   63   61   59   58   57   55   54
   52   49   46   44   42   40   38   35   34
    35.0-180.0 180.0   5.0 450.0                            LAT/LON1/LON2/DLON/H
   36   37   40   45   51   57   63   70   77   84   89   90   93   95   96   97
   96   97  100  104  108  110  109  104   99   95   93   92   89   83   77   74
   72   71   71   72   73   74   74   74   75   75   75   76   75   75   73   71
   68   65   63   62   62   62   62   63   62   62   60   59   58   57   55   53
   51   48   46   45   43   41   39   37   36
    32.5-180.0 180.0   5.0 450.0                            LAT/LON1/LON2/DLON/H
   39   39   42   47   53   59   65   72   80   88   94   96   99  102  103  103
  103  103  105  108  111  111  109  103   98   96   95   96   95   90   86   82
   80   78   78   78   79   79   78   77   77   77   77   78   77   77   74   70
   65   62   60   59   59   59   60   61   61   60   60   59   59   57   55   53
   50   48   46   44   43   42   41   40   39
    30.0-180.0 180.0   5.0 450.0                            LAT/LON1/LON2/DLON/H
   41   42   45   51   57   62   68   75   83   91   96  100  104  107  109  109
  108  108  109  110  111  109  105  100   95   95   98  102  104  101   97   93
   90   88   87   86   85   83   81   80   78   77   78   78   78   76   72   67
   63   59   57   57   57   58   58   59   59   58   59   59   59   58   55   52
   49   47   45   43   43   43   42   41   41
    27.5-180.0 180.0   5.0 450.0                            LAT/LON1/LON2/DLON/H
   43   44   48   54   60   65   71   78   86   93   98  102  107  111  113  113
  112  111  110  110  108  105  100   96   94   97  104  112  117  116  113  108
  104  100   97   94   91   87   85   82   80   77   77   77   76   73   69   64
   60   57   55   55   56   56   57   56   56   56   58   58   58   57   54   51
   48   45   43   41   41   42   42   42   43
    25.0-180.0 180.0   5.0 450.0                            LAT/LON1/LON2/DLON/H
   43   46   51   57   64   69   74   81   88   94  100  104  110  114  116  116
  114  112  110  108  104  100   96   94   97  104  115  128  136  136  132  126
  120  114  108  104   98   92   88   84   80   77   75   73   72   70   66   62
   58   55   53   53   54   54   55   53   53   54   55   56   56   55   51   49
   46   43   41   39   39   40   40   41   43
    22.5-180.0 180.0   5.0 450.0                            LAT/LON1/LON2/DLON/H
   41   46   53   61   68   74   79   85   90   96  101  106  110  116  118  117
  115  113  110  105  102   99   97  100  108  120  133  148  156  158  153  146
  139  129  120  113  105   98   92   86   81   76   72   70   68   66   63   59
   56   54   53   53   53   53   53   52   51   51   51   52   53   52   48   45
   43   40   39   37   36   36   37   39   41
    20.0-180.0 180.0   5.0 450.0                            LAT/LON1/LON2/DLON/H
   39   46   55   65   73   80   85   90   96  100  105  109  113  117  119  118
  115  112  109  105  102  103  106  115  127  144  158  171  176  177  173  166
  156  144  134  123  114  105   96   88   81   74   69   67   65   64   61   58
   56   55   53   53   53   53   53   51   49   49   49   49   49   48   45   43
   40   38   36   35   34   34   34   35   39
    17.5-180.0 180.0   5.0 450.0                            LAT/LON1/LON2/DLON/H
   37   45   57   68   78   86   92   98  103  107  110  114  118  120  121  120
  117  114  110  107  108  113  122  137  153  171  185  193  195  192  188  180
  170  157  146  134  122  112  100   91   81   73   67   65   64   63   61   59
   57   56   55   55   54   54   53   51   49   48   47   47   46   44   42   40
   38   37   35   34   33   32   31   32   37
    15.0-180.0 180.0   5.0 450.0                            LAT/LON1/LON2/DLON/H
   36   45   59   72   83   92  100  107  112  116  120  123  126  127  126  125
  122  119  116  115  118  127  142  161  180  198  208  211  208  203  198  190
  181  167  155  143  129  117  105   94   83   73   68   66   65   64   63   62
   59   58   57   57   56   54   53   51   49   48   46   45   45   42   40   39
   37   36   34   33   32   31   30   31   36
    12.5-180.0 180.0   5.0 450.0                            LAT/LON1/LON2/DLON/H
   37   46   61   76   88   99  108  116  123  128  132  136  137  137  135  133
  131  128  126  126  132  145  164  186  204  219  225  222  213  206  200  194
  187  176  164  151  136  124  111   98   87   77   71   68   68   67   66   64
   62   61   60   58   57   55   53   51   49   47   46   44   43   41   39   37
   36   36   35   34   33   31   30   31   37
    10.0-180.0 180.0   5.0 450.0                            LAT/LON1/LON2/DLON/H
   38   50   65   80   93  104  115  126  134  141  146  150  151  151  147  143
  141  139  139  142  150  165  185  206  220  229  231  222  211  202  196  194
  190  182  173  160  147  132  119  106   94   84   76   74   72   70   68   66
   64   64   62   60   58   54   53   51   50   48   47   45   43   40   37   36
   36   36   36   35   34   32   30   32   38
     7.5-180.0 180.0   5.0 450.0                            LAT/LON1/LON2/DLON/H
   41   53   69   84   98  110  122  133  144  153  160  166  168  167  162  157
  154  153  155  159  168  184  203  219  228  230  227  216  204  195  192  193
  193  190  183  172  159  144  130  116  103   92   85   80   77   74   71   69
   68   67   65   62   59   56   55   52   51   50   49   46   44   40   38   36
   36   37   36   35   34   33   32   33   41
     5.0-180.0 180.0   5.0 450.0                            LAT/LON1/LON2/DLON/H
   43   57   73   88  102  114  127  139  152  164  173  179  182  182  179  173
  171  172  175  180  187  200  215  225  230  226  218  208  197  190  191  195
  200  202  197  188  175  160  144  128  113  102   94   88   83   81   77   74
   72   71   69   67   63   60   58   56   56   55   53   49   47   43   40   38
   38   38   37   37   35   34   33   35   43
     2.5-180.0 180.0   5.0 450.0                            LAT/LON1/LON2/DLON/H
   46   60   76   92  105  118  130  143  157  170  181  189  194  195  194  190
  190  193  195  200  206  216  224  229  227  220  210  201  194  191  196  204
  213  218  215  206  192  176  160  141  125  112  103   96   91   87   84   81
   79   78   77   75   72   68   66   63   62   60   57   53   50   47   43   41
   39   39   38   38   37   35   34   37   46
