DORISInput/IGSGIM/2019/igsg3640.19i
     1.0            IONOSPHERE MAPS     MIX                 IONEX VERSION / TYPE
cmpcmb v1.2          GRL/UWM            16-jan-20 12:50     PGM / RUN BY / DATE 
ionex file containing IGS COMBINED Ionosphere maps          COMMENT             
global ionosphere maps for day 364, 2019                    DESCRIPTION         
IONEX file containing the COMBINED IGS TEC MAPS and DCBs    DESCRIPTION         
      IONEX files of the following IAACs were combined: cod DESCRIPTION         
                                                        esa DESCRIPTION         
                                                        jpl DESCRIPTION         
                                                        upc DESCRIPTION         
Contact address: Andrzej Krankowski                         DESCRIPTION
                 Geodynamics Research Laboratory            DESCRIPTION
                 University of Warmia and Mazury (GRL/UWM)  DESCRIPTION
                 Oczapowski St. 1                           DESCRIPTION
                 10-957-Olsztyn, POLAND                     DESCRIPTION
                 e-mail:  kand@uwm.edu.pl                   DESCRIPTION
                                                            DESCRIPTION         
  2019    12    30     0     0     0                        EPOCH OF FIRST MAP  
  2019    12    31     0     0     0                        EPOCH OF LAST MAP   
  7200                                                      INTERVAL            
    13                                                      # OF MAPS IN FILE   
  COSZ                                                      MAPPING FUNCTION    
     0.0                                                    ELEVATION CUTOFF    
combined TEC calculated as weighted mean of input TEC valuesOBSERVABLES USED    
   392                                                      # OF STATIONS       
    32                                                      # OF SATELLITES     
  6371.0                                                    BASE RADIUS         
     2                                                      MAP DIMENSION       
   450.0 450.0   0.0                                        HGT1 / HGT2 / DHGT  
    87.5 -87.5  -2.5                                        LAT1 / LAT2 / DLAT  
  -180.0 180.0   5.0                                        LON1 / LON2 / DLON  
    -1                                                      EXPONENT            
TEC values in 0.1 tec units;  9999, if no value available   COMMENT             
DCB values in nanoseconds, reference is Sum_of_SatDCBs = 0  COMMENT             
                                                            END OF HEADER       
[from data line 5148]
    13                                                      START OF TEC MAP    
  2019    12    31     0     0     0                        EPOCH OF CURRENT MAP
    87.5-180.0 180.0   5.0 450.0                            LAT/LON1/LON2/DLON/H
   22   22   22   22   22   22   23   23   23   23   23   23   23   23   23   23
   23   23   22   22   22   22   21   21   21   21   20   20   20   20   20   20
   20   20   20   21   21   21   21   21   21   22   22   22   22   23   23   23
   23   23   24   24   23   24   23   23   23   23   23   23   23   22   22   22
   22   22   22   22   22   22   22   22   22
    85.0-180.0 180.0   5.0 450.0                            LAT/LON1/LON2/DLON/H
   23   23   24   25   25   25   25   25   25   24   24   24   24   24   24   24
   24   24   24   23   23   22   21   21   20   20   19   19   18   18   18   18
   17   17   17   17   18   18   18   19   19   19   20   21   21   21   22   22
   22   23   24   24   23   24   23   23   23   22   22   22   22   21   21   21
   21   21   21   22   22   22   22   23   23
    82.5-180.0 180.0   5.0 450.0                            LAT/LON1/LON2/DLON/H
   23   23   24   24   25   25   26   26   27   27   28   28   27   27   26   26
   24   23   23   23   23   22   21   21   20   19   18   16   15   15   14   14
   14   14   14   14   15   15   16   16   17   18   18   19   20   20   21   21
   22   22   22   22   22   22   21   21   20   20   20   19   19   18   18   18
   18   18   18   19   20   20   21   22   23
    80.0-180.0 180.0   5.0 450.0                            LAT/LON1/LON2/DLON/H
   22   23   24   24   26   26   27   28   29   29   30   30   30   29   28   27
   26   25   24   23   22   22   21   18   17   16   16   15   14   13   12   12
   12   12   13   14   14   15   15   15   15   16   16   17   18   19   20   20
   20   20   20   20   20   19   18   18   17   17   16   15   15   14   14   14
   14   14   15   16   17   18   19   20   22
    77.5-180.0 180.0   5.0 450.0                            LAT/LON1/LON2/DLON/H
   23   24   25   26   26   27   28   29   29   30   30   30   30   30   30   30
   30   28   27   26   25   24   21   20   18   16   14   13   13   13   12   12
   11   12   13   13   13   12   13   14   15   15   16   16   17   17   18   19
   19   18   18   18   17   16   16   15   14   14   13   13   12   12   12   12
   13   14   15   16   18   19   20   22   23
    75.0-180.0 180.0   5.0 450.0                            LAT/LON1/LON2/DLON/H
   26   27   28   28   29   29   29   29   29   29   29   30   31   32   32   32
   31   30   29   28   26   23   21   20   18   17   16   14   13   12   12   11
   11   11   11   11   11   12   12   13   13   14   15   16   16   16   16   16
   17   16   15   15   15   15   14   14   13   12   12   12   11   11   12   12
   13   15   17   18   20   21   23   25   26
    72.5-180.0 180.0   5.0 450.0                            LAT/LON1/LON2/DLON/H
   31   32   32   32   32   32   31   30   30   30   30   31   30   31   32   31
   30   29   28   27   25   24   23   21   19   18   17   15   14   13   12   11
   11   10   10   10   10   11   12   13   14   14   15   15   15   14   14   13
   14   13   13   14   14   13   14   13   13   13   12   12   12   12   12   14
   15   17   19   22   24   26   28   29   31
    70.0-180.0 180.0   5.0 450.0                            LAT/LON1/LON2/DLON/H
   38   38   38   38   37   36   34   33   32   31   30   30   29   30   28   27
   27   28   27   26   25   25   24   22   20   20   17   16   14   14   12   12
   11   11   10    9    9   11   11   13   14   15   15   15   14   13   13   13
   13   12   12   13   14   14   14   14   14   14   13   13   14   14   16   17
   20   23   25   27   30   32   35   36   38
    67.5-180.0 180.0   5.0 450.0                            LAT/LON1/LON2/DLON/H
   45   46   45   44   43   41   39   36   34   32   31   29   29   28   26   25
   24   25   25   24   24   26   24   22   20   20   19   17   15   14   13   13
   12   11   11   10   10   11   11   12   13   14   14   15   14   13   14   14
   13   13   13   14   15   15   16   15   15   15   15   16   17   19   20   23
   26   28   31   35   37   40   43   44   45
    65.0-180.0 180.0   5.0 450.0                            LAT/LON1/LON2/DLON/H
   52   53   52   50   49   46   44   41   38   36   33   31   29   27   25   23
   22   22   22   21   21   23   22   19   19   21   19   17   15   14   14   14
   12   12   12   11   11   10   11   11   12   13   13   14   14   15   15   15
   15   15   16   17   18   17   17   17   18   18   18   19   20   23   26   29
   32   35   39   42   45   48   50   51   52
    62.5-180.0 180.0   5.0 450.0                            LAT/LON1/LON2/DLON/H
   58   58   58   56   54   52   49   46   43   40   36   33   31   29   26   24
   22   20   19   18   18   19   17   16   17   20   19   16   15   13   14   15
   13   12   12   12   12   11   11   11   12   14   15   17   17   17   17   17
   17   18   19   21   21   21   21   20   21   21   21   23   25   28   32   36
   39   42   46   49   51   54   56   57   58
    60.0-180.0 180.0   5.0 450.0                            LAT/LON1/LON2/DLON/H
   62   62   63   62   59   57   54   51   48   44   41   37   34   31   29   26
   23   20   19   17   15   16   15   15   15   17   18   15   14   14   14   16
   15   15   14   14   14   13   13   14   15   17   20   21   22   21   20   20
   20   21   22   24   25   26   25   25   24   25   26   28   30   34   38   42
   46   49   52   54   57   58   60   61   62
    57.5-180.0 180.0   5.0 450.0                            LAT/LON1/LON2/DLON/H
   65   65   66   66   63   61   59   56   52   49   45   42   39   36   33   29
   26   22   19   16   15   14   15   16   14   14   16   14   15   15   16   17
   18   19   19   18   18   17   18   19   20   21   24   26   26   25   24   24
   24   26   27   28   29   30   28   27   28   28   30   32   35   40   45   49
   53   56   58   60   61   61   63   63   65
    55.0-180.0 180.0   5.0 450.0                            LAT/LON1/LON2/DLON/H
   68   69   69   69   68   66   63   61   57   53   49   46   44   41   38   34
   30   25   22   18   15   14   15   17   14   14   16   17   18   19   20   22
   23   25   25   25   24   24   24   24   26   27   29   31   31   30   30   29
   30   30   32   33   32   32   30   29   29   30   32   36   40   45   50   55
   59   62   63   64   64   65   66   67   68
    52.5-180.0 180.0   5.0 450.0                            LAT/LON1/LON2/DLON/H
   73   73   74   74   73   70   67   65   62   58   55   51   49   47   44   40
   34   30   26   22   18   16   15   17   18   19   21   23   24   25   27   29
   31   32   33   33   33   32   31   31   32   33   35   36   36   35   35   35
   34   35   36   36   35   34   32   30   29   31   33   38   43   48   54   59
   64   66   68   69   68   68   70   72   73
    50.0-180.0 180.0   5.0 450.0                            LAT/LON1/LON2/DLON/H
   79   80   80   80   79   76   72   69   66   63   60   57   55   52   50   46
   41   36   32   28   25   23   22   23   25   27   30   32   33   34   35   38
   40   42   42   42   41   40   39   38   38   38   40   41   40   40   39   38
   38   38   39   38   38   36   33   31   31   32   35   40   45   50   56   62
   66   70   72   72   72   72   74   77   79
    47.5-180.0 180.0   5.0 450.0                            LAT/LON1/LON2/DLON/H
   86   87   87   87   85   82   78   74   71   69   65   63   61   58   56   52
   48   44   40   38   35   34   33   33   36   38   41   43   44   45   46   48
   50   52   52   51   50   48   46   44   43   43   45   45   45   44   42   41
   41   40   39   39   38   36   34   32   32   35   39   43   48   52   58   64
   68   72   75   76   76   76   78   83   86
    45.0-180.0 180.0   5.0 450.0                            LAT/LON1/LON2/DLON/H
   92   94   95   94   92   88   84   80   77   75   72   69   67   64   62   58
   55   52   50   49   48   47   47   48   50   52   55   56   56   56   56   57
   60   61   61   59   57   54   51   49   48   47   48   47   47   46   45   44
   42   41   39   39   39   37   36   35   36   39   44   48   52   56   60   65
   70   74   77   78   79   81   83   87   92
    42.5-180.0 180.0   5.0 450.0                            LAT/LON1/LON2/DLON/H
   97  101  102  101  100   95   91   87   84   81   79   76   73   71   68   65
   62   61   61   62   63   63   63   64   65   67   69   69   69   66   66   67
   68   69   68   65   63   59   56   53   51   50   50   49   48   48   47   46
   44   43   42   42   41   40   38   38   40   44   49   54   56   59   62   66
   71   75   78   80   82   84   87   92   97
    40.0-180.0 180.0   5.0 450.0                            LAT/LON1/LON2/DLON/H
  101  105  107  106  104  100   97   93   91   88   86   83   80   78   74   71
   69   69   70   74   76   78   78   77   79   80   82   82   79   76   75   75
   75   75   73   69   66   61   57   55   54   52   51   51   50   50   49   48
   47   46   46   46   44   43   41   42   45   50   55   59   61   62   64   67
   71   75   78   81   83   87   91   96  101
    37.5-180.0 180.0   5.0 450.0                            LAT/LON1/LON2/DLON/H
  104  107  109  108  107  105  102   99   97   96   93   91   89   85   81   78
   76   77   79   83   86   89   90   89   90   91   92   90   86   83   81   80
   79   78   75   71   66   61   58   56   55   55   55   54   53   51   50   51
   50   49   50   49   48   46   45   46   50   55   60   63   65   66   66   69
   73   75   78   81   85   88   94   99  104
    35.0-180.0 180.0   5.0 450.0                            LAT/LON1/LON2/DLON/H
  106  109  110  109  108  107  105  104  103  103  101   99   96   93   89   85
   82   83   85   89   93   96   98   98   98   98   97   94   90   86   83   82
   81   79   74   70   65   61   58   57   57   57   58   57   54   52   51   52
   51   51   51   52   50   49   48   49   54   59   65   69   70   70   70   73
   75   78   80   83   87   91   97  102  106
    32.5-180.0 180.0   5.0 450.0                            LAT/LON1/LON2/DLON/H
  108  110  112  111  110  109  107  107  108  108  107  105  103   99   96   91
   87   85   87   91   95   99  101  100   99   97   97   93   90   85   82   82
   81   78   73   69   65   60   58   58   58   59   60   57   54   52   52   52
   52   52   52   52   52   51   50   52   56   63   69   73   75   75   76   78
   80   82   85   88   91   97  102  106  108
    30.0-180.0 180.0   5.0 450.0                            LAT/LON1/LON2/DLON/H
  114  115  115  115  114  112  112  111  112  112  112  110  108  105  101   95
   90   87   87   89   93   96   97   96   94   92   92   89   86   82   81   79
   78   75   72   67   63   60   58   58   59   60   60   57   54   52   52   52
   52   52   51   52   52   51   51   52   57   65   73   77   81   82   84   86
   88   89   92   96  101  107  112  115  114
    27.5-180.0 180.0   5.0 450.0                            LAT/LON1/LON2/DLON/H
  126  125  125  123  122  119  117  116  115  115  115  113  111  109  105   99
   95   90   88   87   89   91   90   88   86   86   85   83   81   79   77   76
   74   73   69   66   63   60   58   58   59   60   59   56   53   51   51   51
   50   50   50   51   51   50   50   51   57   66   75   82   86   90   93   96
   98   99  103  107  114  121  126  127  126
    25.0-180.0 180.0   5.0 450.0                            LAT/LON1/LON2/DLON/H
  144  142  142  140  137  132  128  124  121  119  117  114  113  111  109  104
   99   94   90   86   85   84   82   80   79   79   79   77   76   75   72   71
   70   69   67   65   62   60   58   58   58   58   58   55   52   49   49   48
   47   46   47   49   49   48   48   50   56   65   75   84   91   97  102  106
  109  112  116  121  131  140  144  145  144
    22.5-180.0 180.0   5.0 450.0                            LAT/LON1/LON2/DLON/H
  164  164  165  165  160  152  144  138  131  126  121  116  114  113  111  107
  102   97   91   86   82   79   76   73   74   74   73   72   71   70   68   67
   67   66   64   63   61   59   57   57   57   56   55   52   50   47   45   44
   42   42   43   45   45   45   46   49   56   66   76   85   94  103  110  117
  121  126  131  137  148  160  166  166  164
    20.0-180.0 180.0   5.0 450.0                            LAT/LON1/LON2/DLON/H
  186  190  194  197  188  177  166  156  146  138  129  122  117  114  112  109
  104   99   92   86   81   76   72   71   70   70   69   68   68   68   67   66
   65   64   62   60   59   58   56   55   55   53   51   49   46   44   42   40
   38   37   38   40   41   42   43   47   56   66   77   87   98  108  119  127
  134  140  147  153  162  176  185  186  186
    17.5-180.0 180.0   5.0 450.0                            LAT/LON1/LON2/DLON/H
  207  216  225  229  219  204  190  178  165  153  141  130  122  118  114  111
  106  101   95   88   81   77   73   71   70   69   68   68   69   71   69   66
   63   61   59   57   56   55   54   52   51   48   46   44   42   41   38   37
   34   33   34   36   38   39   42   48   58   68   78   89  102  115  128  139
  146  153  162  166  173  186  197  203  207
    15.0-180.0 180.0   5.0 450.0                            LAT/LON1/LON2/DLON/H
  220  236  251  256  245  228  213  200  186  170  154  140  130  123  117  113
  108  105   98   91   83   79   77   76   75   73   72   73   75   75   72   68
   62   58   55   54   54   52   50   48   47   43   41   41   39   38   36   34
   32   31   32   33   35   37   42   50   60   72   82   93  106  121  136  148
  157  162  170  172  178  190  202  210  220
    12.5-180.0 180.0   5.0 450.0                            LAT/LON1/LON2/DLON/H
  222  240  257  265  257  243  231  219  204  187  168  152  140  131  124  117
  111  107  102   95   88   85   84   85   85   83   80   82   82   80   76   70
   63   57   53   52   51   49   47   44   42   40   39   39   38   37   35   33
   31   31   31   32   35   38   43   52   63   75   86   97  111  126  142  156
  165  170  174  175  180  189  201  211  222
    10.0-180.0 180.0   5.0 450.0                            LAT/LON1/LON2/DLON/H
  215  231  249  259  256  246  238  230  217  200  181  165  152  141  132  123
  115  109  104   97   93   91   93   96   97   95   90   88   87   84   79   71
   62   55   51   49   49   47   45   42   39   38   39   39   38   36   35   34
   33   31   32   33   35   38   44   54   66   78   89  100  114  130  146  160
  169  175  176  177  179  187  196  205  215
     7.5-180.0 180.0   5.0 450.0                            LAT/LON1/LON2/DLON/H
  207  218  232  243  243  239  235  231  222  208  190  174  162  151  140  129
  119  112  107  102   99   99  102  105  106  103   98   94   92   87   81   71
   62   54   49   48   47   46   44   42   39   39   39   38   37   36   36   35
   34   33   34   34   36   40   46   57   70   82   92  102  116  131  147  161
  170  175  178  177  178  184  192  199  207
     5.0-180.0 180.0   5.0 450.0                            LAT/LON1/LON2/DLON/H
  201  208  217  224  226  225  224  223  218  208  194  181  170  161  149  135
  125  117  111  109  106  107  110  112  111  109  103   99   95   89   81   72
   63   55   50   49   47   47   46   43   41   40   39   38   37   37   38   37
   36   35   36   36   38   42   49   61   73   85   93  104  117  131  146  159
  168  175  176  177  178  183  190  196  201
     2.5-180.0 180.0   5.0 450.0                            LAT/LON1/LON2/DLON/H
  202  204  207  211  212  211  211  212  210  204  194  185  177  169  158  143
  131  125  120  118  116  115  118  118  115  112  107  102   96   89   80   72
   64   57   52   50   49   48   47   45   43   42   40   39   39   39   40   40
   39   39   39   39   41   45   52   63   76   86   94  104  117  130  143  154
  164  171  174  176  179  185  192  199  202
