DORISInput/IGSGIM/2019/igsg3620.19i
     1.0            IONOSPHERE MAPS     MIX                 IONEX VERSION / TYPE
cmpcmb v1.2          GRL/UWM            16-jan-20 12:17     PGM / RUN BY / DATE 
ionex file containing IGS COMBINED Ionosphere maps          COMMENT             
global ionosphere maps for day 362, 2019                    DESCRIPTION         
IONEX file containing the COMBINED IGS TEC MAPS and DCBs    DESCRIPTION         
      IONEX files of the following IAACs were combined: cod DESCRIPTION         
                                                        esa DESCRIPTION         
                                                        jpl DESCRIPTION         
                                                        upc DESCRIPTION         
Contact address: Andrzej Krankowski                         DESCRIPTION
                 Geodynamics Research Laboratory            DESCRIPTION
                 University of Warmia and Mazury (GRL/UWM)  DESCRIPTION
                 Oczapowski St. 1                           DESCRIPTION
                 10-957-Olsztyn, POLAND                     DESCRIPTION
                 e-mail:  kand@uwm.edu.pl                   DESCRIPTION
                                                            DESCRIPTION         
  2019    12    28     0     0     0                        EPOCH OF FIRST MAP  
  2019    12    29     0     0     0                        EPOCH OF LAST MAP   
  7200                                                      INTERVAL            
    13                                                      # OF MAPS IN FILE   
  COSZ                                                      MAPPING FUNCTION    
     0.0                                                    ELEVATION CUTOFF    
combined TEC calculated as weighted mean of input TEC valuesOBSERVABLES USED    
   392                                                      # OF STATIONS       
    32                                                      # OF SATELLITES     
  6371.0                                                    BASE RADIUS         
     2                                                      MAP DIMENSION       
   450.0 450.0   0.0                                        HGT1 / HGT2 / DHGT  
    87.5 -87.5  -2.5                                        LAT1 / LAT2 / DLAT  
  -180.0 180.0   5.0                                        LON1 / LON2 / DLON  
    -1                                                      EXPONENT            
TEC values in 0.1 tec units;  9999, if no value available   COMMENT             
DCB values in nanoseconds, reference is Sum_of_SatDCBs = 0  COMMENT             
                                                            END OF HEADER       
[from data line 3861]
    10                                                      START OF TEC MAP    
  2019    12    28    18     0     0                        EPOCH OF CURRENT MAP
    87.5-180.0 180.0   5.0 450.0                            LAT/LON1/LON2/DLON/H
   14   14   15   15   15   15   15   15   15   15   15   15   15   15   15   15
   15   14   14   14   14   13   13   13   13   13   13   12   12   12   12   12
   12   12   12   11   11   11   11   11   11   12   12   12   12   12   12   11
   11   12   12   12   12   12   12   12   12   12   13   13   13   13   13   13
   13   13   14   14   14   14   14   15   14
    85.0-180.0 180.0   5.0 450.0                            LAT/LON1/LON2/DLON/H
   16   16   16   17   17   17   18   18   18   18   18   18   17   17   17   16
   16   16   16   15   15   14   14   14   13   13   12   12   12   11   11   11
   11   10   10   10   10   10   10   10   10   10   10   10   10   10   11   11
   11   11   11   11   11   12   12   12   12   12   12   12   12   12   12   13
   13   14   14   14   14   15   15   15   16
    82.5-180.0 180.0   5.0 450.0                            LAT/LON1/LON2/DLON/H
   15   16   16   17   17   17   18   18   19   19   20   20   20   20   19   19
   19   18   17   16   16   15   15   14   14   13   12   12   12   11   11   10
   10    9    9    9    9    9    9   10   10   10   10   10   10   10   10   10
   10   10   10   10   10   10   11   10   10   11   11   11   11   11   12   12
   13   13   13   14   14   14   15   15   15
    80.0-180.0 180.0   5.0 450.0                            LAT/LON1/LON2/DLON/H
   13   14   14   15   16   17   18   18   19   20   20   21   21   22   22   22
   21   21   20   19   18   17   16   16   16   15   14   13   12   11   11   10
    9    9    9    9    9    8    9    8    8    8    9    9    9    9    9    9
    9    9    9   10   10   10   10   10    9    9   10   10   10   10   10   11
   11   12   12   12   12   12   12   13   13
    77.5-180.0 180.0   5.0 450.0                            LAT/LON1/LON2/DLON/H
   11   11   12   12   13   13   14   15   16   17   19   20   21   23   24   24
   25   25   24   23   22   20   19   19   17   15   14   13   12   11   11   10
   10   10    9    9    9    8    8    8    8    8    8    8    8    9    9    9
    9    9    9    9    9    9    9    9    9    9    9    9    9    9    9   10
   10   10   10   10   10   10   10   10   11
    75.0-180.0 180.0   5.0 450.0                            LAT/LON1/LON2/DLON/H
    8    8    8    8    8    9   10   10   12   14   16   18   21   23   25   27
   28   28   29   28   27   25   24   22   20   18   16   14   12   10   10   10
   10    9    9    9    8    8    7    7    8    7    7    7    7    8    8    8
    9    9    9    9    9    9    9    9    8    8    8    8    8    8    8    8
    8    9    9    8    8    8    8    8    8
    72.5-180.0 180.0   5.0 450.0                            LAT/LON1/LON2/DLON/H
    7    7    7    7    7    7    7    8    9   11   13   16   20   23   26   29
   31   32   33   34   32   31   29   27   24   21   18   16   14   12   10   10
    9    9    8    8    8    7    7    7    7    7    6    7    7    7    7    8
    8    8    9    9    9    9    9    8    8    8    8    8    8    8    8    8
    8    8    8    8    8    8    8    8    7
    70.0-180.0 180.0   5.0 450.0                            LAT/LON1/LON2/DLON/H
    7    7    7    6    6    6    6    7    8    9   11   14   18   22   26   30
   33   36   37   37   37   36   35   33   29   26   22   19   16   13   11   10
    9    8    8    7    7    7    7    7    7    7    6    7    7    7    7    8
    8    9    9    9   10   10   10   10   10   10   10   10   10   10   10   10
   10   10   10   10    9    9    8    8    7
    67.5-180.0 180.0   5.0 450.0                            LAT/LON1/LON2/DLON/H
   10    9    8    7    7    7    6    7    8    9   11   14   18   22   26   31
   35   38   40   40   41   40   39   37   33   29   26   22   19   15   12   10
    9    8    7    7    7    7    7    7    7    7    7    7    8    8    8    9
    9   10   12   12   13   13   13   14   14   13   13   14   14   14   14   15
   15   14   14   14   14   13   12   11   10
    65.0-180.0 180.0   5.0 450.0                            LAT/LON1/LON2/DLON/H
   15   13   12   10    9    8    8    8    9   10   13   16   20   24   28   33
   36   40   41   42   43   43   42   40   37   34   30   27   23   19   14   11
    9    8    7    7    7    7    7    7    7    8    8    9   10   11   12   12
   13   14   15   16   16   17   17   17   17   17   17   18   19   19   20   20
   20   20   20   20   19   19   18   17   15
    62.5-180.0 180.0   5.0 450.0                            LAT/LON1/LON2/DLON/H
   21   20   18   17   16   14   14   14   15   16   18   21   24   28   32   35
   39   41   42   44   44   44   43   42   40   38   35   31   27   22   17   13
   10    9    8    7    8    8    8    8    9   11   12   13   15   16   16   16
   17   17   18   19   19   20   20   20   20   20   21   23   23   24   25   26
   26   25   25   25   25   25   24   23   21
    60.0-180.0 180.0   5.0 450.0                            LAT/LON1/LON2/DLON/H
   28   27   25   24   23   22   22   23   23   25   27   29   31   33   36   39
   42   43   44   45   46   46   45   44   43   42   40   36   32   27   21   16
   13   11    9    9    9    9    9   10   13   15   17   19   21   21   22   21
   22   22   23   22   22   23   23   24   24   25   27   28   29   30   31   31
   31   30   30   30   30   30   29   28   28
    57.5-180.0 180.0   5.0 450.0                            LAT/LON1/LON2/DLON/H
   34   33   33   32   31   31   32   33   34   36   37   37   39   40   42   43
   45   47   47   48   47   47   47   47   47   46   44   42   38   33   26   21
   17   14   13   12   12   12   13   15   18   21   24   26   28   28   28   27
   27   27   27   27   27   27   27   28   29   31   33   35   35   36   36   36
   35   34   34   34   34   35   34   34   34
    55.0-180.0 180.0   5.0 450.0                            LAT/LON1/LON2/DLON/H
   39   39   39   39   39   40   41   43   45   47   48   47   48   48   48   49
   50   51   51   51   50   50   50   50   51   51   50   47   44   38   32   26
   23   20   18   17   16   17   19   22   25   28   32   33   35   35   35   34
   34   33   33   32   31   32   32   34   35   37   39   41   41   41   41   40
   38   37   37   37   38   38   39   39   39
    52.5-180.0 180.0   5.0 450.0                            LAT/LON1/LON2/DLON/H
   43   44   44   45   46   48   50   53   55   57   58   58   57   55   55   55
   55   55   56   55   54   54   54   54   55   56   56   54   50   45   39   33
   29   26   24   23   22   23   25   28   32   36   39   41   42   42   41   41
   40   39   39   38   37   38   38   39   41   43   45   46   46   45   44   42
   41   39   39   39   40   41   42   42   43
    50.0-180.0 180.0   5.0 450.0                            LAT/LON1/LON2/DLON/H
   46   46   48   49   51   54   57   60   64   66   67   66   65   63   61   61
   61   62   62   62   60   60   59   60   61   63   63   61   59   54   47   41
   36   33   30   29   29   30   32   36   40   43   46   48   48   49   48   46
   45   45   45   44   43   43   43   44   45   48   49   49   49   48   45   43
   41   40   39   40   41   42   43   45   46
    47.5-180.0 180.0   5.0 450.0                            LAT/LON1/LON2/DLON/H
   46   48   49   51   54   58   61   66   70   73   74   74   72   70   68   68
   68   69   70   70   69   67   66   67   68   70   71   70   67   62   54   48
   44   39   37   36   36   37   40   44   47   50   53   54   54   54   52   51
   51   51   50   49   48   48   48   49   50   51   51   51   50   48   46   43
   42   41   40   41   41   42   43   45   46
    45.0-180.0 180.0   5.0 450.0                            LAT/LON1/LON2/DLON/H
   46   47   49   52   56   60   64   69   75   79   80   80   79   77   75   75
   75   77   78   79   78   77   76   76   77   79   78   77   74   69   61   54
   50   45   43   42   42   44   47   50   53   56   58   59   59   58   56   56
   56   56   55   54   53   52   52   52   53   54   54   53   52   49   47   45
   42   41   41   42   42   42   43   44   46
    42.5-180.0 180.0   5.0 450.0                            LAT/LON1/LON2/DLON/H
   44   45   48   52   56   61   66   72   78   82   85   85   85   83   81   81
   83   86   88   89   89   87   86   85   87   88   87   84   80   74   67   60
   54   50   48   48   49   51   54   56   59   61   63   63   62   61   61   60
   61   61   59   58   57   56   55   56   56   56   56   56   54   50   48   45
   43   42   43   43   43   43   42   43   44
    40.0-180.0 180.0   5.0 450.0                            LAT/LON1/LON2/DLON/H
   42   44   46   51   56   61   67   73   80   86   89   90   90   90   89   89
   91   95   98  100   99   98   96   93   94   95   94   90   86   78   71   65
   59   55   53   53   54   57   60   62   63   65   66   67   66   65   65   65
   64   64   62   60   58   58   57   57   58   58   57   56   54   51   49   46
   44   43   43   44   44   42   41   41   42
    37.5-180.0 180.0   5.0 450.0                            LAT/LON1/LON2/DLON/H
   39   41   44   50   55   60   67   74   81   88   92   95   96   96   96   96
   99  103  106  109  109  106  103  100   99  100  100   97   91   83   76   70
   65   61   58   58   60   63   65   66   67   69   70   70   70   69   68   67
   66   64   62   60   58   57   57   58   58   58   57   56   54   51   48   46
   45   44   44   45   44   42   41   40   39
    35.0-180.0 180.0   5.0 450.0                            LAT/LON1/LON2/DLON/H
   38   39   43   48   55   61   67   75   82   89   95   99  102  103  103  104
  106  109  113  116  115  113  109  105  103  104  104  102   96   88   82   76
   72   68   65   65   67   69   70   71   71   72   73   74   74   73   71   68
   66   62   59   57   56   56   56   57   57   57   57   56   53   51   48   46
   45   45   45   45   45   43   40   39   38
    32.5-180.0 180.0   5.0 450.0                            LAT/LON1/LON2/DLON/H
   38   39   43   49   55   61   67   74   82   91   97  103  107  110  111  112
  112  113  116  119  118  116  111  107  105  105  107  106  102   95   89   85
   81   77   74   73   74   75   75   75   74   75   76   77   77   75   73   68
   64   60   57   56   55   55   56   57   56   57   56   55   53   51   49   46
   45   45   45   45   44   42   40   38   38
    30.0-180.0 180.0   5.0 450.0                            LAT/LON1/LON2/DLON/H
   39   40   44   50   57   63   68   75   83   92  100  105  111  115  117  117
  116  115  116  118  119  116  112  107  104  105  107  109  108  103   99   95
   92   89   86   84   82   82   80   78   76   77   78   79   78   77   73   68
   63   59   56   55   55   56   56   56   56   57   56   55   53   51   49   47
   45   45   44   44   43   41   39   38   39
    27.5-180.0 180.0   5.0 450.0                            LAT/LON1/LON2/DLON/H
   39   42   48   54   60   66   71   78   86   93  101  107  114  118  121  121
  117  115  115  116  117  115  110  106  103  105  109  113  115  114  112  109
  108  105  100   96   92   87   84   80   78   78   79   80   79   76   72   67
   62   58   56   55   55   56   56   56   56   56   55   55   53   51   49   47
   45   43   43   42   41   39   38   38   39
    25.0-180.0 180.0   5.0 450.0                            LAT/LON1/LON2/DLON/H
   40   44   51   58   65   70   76   82   88   95  101  108  115  120  123  122
  117  113  112  112  113  111  108  105  104  106  112  120  124  127  127  126
  126  123  116  109  101   94   87   82   80   79   80   79   78   76   71   66
   62   58   55   55   55   55   56   55   55   55   55   55   53   50   48   46
   44   42   41   39   38   36   36   37   40
    22.5-180.0 180.0   5.0 450.0                            LAT/LON1/LON2/DLON/H
   40   46   53   62   70   76   82   87   93   99  105  110  116  121  123  121
  115  110  108  108  108  108  106  105  105  110  118  127  134  140  144  146
  146  141  132  123  111  100   90   85   81   79   79   79   78   75   70   65
   62   58   55   54   55   56   56   55   54   54   54   53   52   49   47   45
   43   41   39   36   35   34   34   36   40
    20.0-180.0 180.0   5.0 450.0                            LAT/LON1/LON2/DLON/H
   40   47   55   65   74   82   89   95  100  106  111  115  119  123  124  121
  115  109  105  104  105  106  106  107  110  117  126  137  146  154  161  164
  164  158  149  136  120  106   94   86   82   80   79   79   77   73   69   64
   60   58   55   55   55   55   55   54   54   53   52   52   51   49   47   44
   42   40   37   34   33   32   33   35   40
    17.5-180.0 180.0   5.0 450.0                            LAT/LON1/LON2/DLON/H
   39   46   57   68   78   87   96  104  110  115  120  123  126  127  127  124
  117  110  105  103  104  105  107  111  116  125  135  148  158  167  176  180
  179  171  161  148  129  112   98   89   83   79   79   77   75   71   67   62
   59   57   55   55   55   55   55   54   53   53   52   51   50   48   46   44
   41   38   36   34   33   32   32   34   39
    15.0-180.0 180.0   5.0 450.0                            LAT/LON1/LON2/DLON/H
   39   47   58   70   81   92  102  112  120  127  132  135  137  136  135  131
  125  118  111  107  106  107  111  117  124  133  145  158  170  181  189  191
  189  181  170  155  136  118  103   92   84   80   78   76   73   70   66   61
   58   57   56   55   55   55   54   54   53   52   51   50   49   47   45   42
   40   38   36   34   33   32   32   34   39
    12.5-180.0 180.0   5.0 450.0                            LAT/LON1/LON2/DLON/H
   40   48   60   72   84   95  107  119  129  138  145  149  151  152  150  144
  138  132  124  117  114  115  118  125  133  143  154  167  181  191  198  198
  194  186  174  159  142  124  108   97   88   82   79   76   73   70   65   60
   58   56   56   56   55   55   54   53   52   51   50   49   47   45   43   41
   40   38   36   35   34   33   34   36   40
    10.0-180.0 180.0   5.0 450.0                            LAT/LON1/LON2/DLON/H
   43   51   62   75   86   98  111  124  138  150  158  164  167  170  169  165
  157  151  142  133  127  125  128  134  142  152  163  177  188  197  201  201
  197  188  176  163  146  130  114  102   93   86   81   78   74   70   65   61
   59   57   57   56   55   54   54   52   52   51   49   47   45   43   42   40
   39   38   37   36   35   35   35   37   43
     7.5-180.0 180.0   5.0 450.0                            LAT/LON1/LON2/DLON/H
   45   54   65   77   88  100  113  129  145  159  169  178  183  189  190  189
  181  175  165  154  144  140  140  145  152  162  172  184  193  199  202  202
  199  190  180  167  153  138  122  110  100   91   86   82   78   73   68   64
   61   60   59   58   55   55   55   54   54   52   50   47   44   43   41   39
   38   38   38   37   37   36   37   39   45
     5.0-180.0 180.0   5.0 450.0                            LAT/LON1/LON2/DLON/H
   48   58   69   79   90  102  116  132  149  165  178  189  196  203  208  210
  205  200  190  178  166  157  154  157  164  172  181  191  197  202  204  204
  201  195  187  176  163  148  133  119  108   99   93   88   83   79   75   70
   66   65   64   63   60   59   58   60   58   56   53   49   46   44   42   40
   39   38   39   39   38   37   38   41   48
     2.5-180.0 180.0   5.0 450.0                            LAT/LON1/LON2/DLON/H
   49   61   72   82   92  102  117  133  150  167  181  194  204  212  220  226
  225  222  213  201  187  176  169  169  175  182  190  198  203  206  208  208
  206  202  196  188  176  161  145  130  118  108  101   96   90   87   84   79
   75   74   72   71   69   66   65   66   64   61   57   51   48   46   43   41
   40   39   39   40   39   38   38   42   49
