DORISInput/IGSGIM/2019/igsg3610.19i
     1.0            IONOSPHERE MAPS     MIX                 IONEX VERSION / TYPE
cmpcmb v1.2          GRL/UWM            16-jan-20 12:11     PGM / RUN BY / DATE 
ionex file containing IGS COMBINED Ionosphere maps          COMMENT             
global ionosphere maps for day 361, 2019                    DESCRIPTION         
IONEX file containing the COMBINED IGS TEC MAPS and DCBs    DESCRIPTION         
      IONEX files of the following IAACs were combined: cod DESCRIPTION         
                                                        esa DESCRIPTION         
                                                        jpl DESCRIPTION         
                                                        upc DESCRIPTION         
Contact address: Andrzej Krankowski                         DESCRIPTION
                 Geodynamics Research Laboratory            DESCRIPTION
                 University of Warmia and Mazury (GRL/UWM)  DESCRIPTION
                 Oczapowski St. 1                           DESCRIPTION
                 10-957-Olsztyn, POLAND                     DESCRIPTION
                 e-mail:  kand@uwm.edu.pl                   DESCRIPTION
                                                            DESCRIPTION         
  2019    12    27     0     0     0                        EPOCH OF FIRST MAP  
  2019    12    28     0     0     0                        EPOCH OF LAST MAP   
  7200                                                      INTERVAL            
    13                                                      # OF MAPS IN FILE   
  COSZ                                                      MAPPING FUNCTION    
     0.0                                                    ELEVATION CUTOFF    
combined TEC calculated as weighted mean of input TEC valuesOBSERVABLES USED    
   389                                                      # OF STATIONS       
    32                                                      # OF SATELLITES     
  6371.0                                                    BASE RADIUS         
     2                                                      MAP DIMENSION       
   450.0 450.0   0.0                                        HGT1 / HGT2 / DHGT  
    87.5 -87.5  -2.5                                        LAT1 / LAT2 / DLAT  
  -180.0 180.0   5.0                                        LON1 / LON2 / DLON  
    -1                                                      EXPONENT            
TEC values in 0.1 tec units;  9999, if no value available   COMMENT             
DCB values in nanoseconds, reference is Sum_of_SatDCBs = 0  COMMENT             
                                                            END OF HEADER       
[from data line 4719]
    12                                                      START OF TEC MAP    
  2019    12    27    22     0     0                        EPOCH OF CURRENT MAP
    87.5-180.0 180.0   5.0 450.0                            LAT/LON1/LON2/DLON/H
   17   18   18   18   18   19   19   19   19   20   20   20   20   20   20   20
   19   19   19   19   19   18   17   17   17   16   16   15   15   15   14   14
   14   13   13   13   13   13   13   12   12   12   12   12   12   12   12   12
   12   12   12   12   13   13   13   13   14   14   14   14   15   15   15   15
   16   16   16   16   17   17   17   17   17
    85.0-180.0 180.0   5.0 450.0                            LAT/LON1/LON2/DLON/H
   17   18   19   19   20   21   21   22   22   23   23   23   24   24   23   24
   23   23   23   22   22   21   20   19   18   18   17   16   15   14   13   12
   11   11   11   10    9    9    9    8    8    8    8    8    8    9    9    9
    9   10   10   10   10   10   10   11   11   12   12   13   13   14   14   14
   14   15   15   15   15   16   16   17   17
    82.5-180.0 180.0   5.0 450.0                            LAT/LON1/LON2/DLON/H
   15   16   17   18   19   20   21   22   23   24   25   25   26   26   26   26
   26   25   25   24   24   23   22   21   19   18   17   15   14   13   11   11
    9    8    9    8    8    8    8    8    8    8    8    8    8    8    8    8
    9    9    9    9    9    9   10   10   10   10   11   11   12   12   12   12
   13   13   13   13   13   14   14   15   15
    80.0-180.0 180.0   5.0 450.0                            LAT/LON1/LON2/DLON/H
   12   14   15   16   18   19   20   21   22   23   24   25   26   26   27   27
   27   27   26   26   25   23   23   21   19   18   16   15   14   12   10    9
    9    9    9    9    8    8    8    8    7    7    7    7    7    8    8    8
    9    9    9    9    9    9    9    9   10   10   10   10   11   11   11   11
   10   10   11   11   10   11   11   12   12
    77.5-180.0 180.0   5.0 450.0                            LAT/LON1/LON2/DLON/H
   11   12   13   15   16   17   19   20   22   23   25   25   27   27   28   27
   27   27   26   26   26   24   21   21   21   18   16   14   13   11   10    9
   10    9    9    9    9    8    8    8    7    7    7    7    8    8    8    9
    9    9   10   10    9    9    9    9    9    9   10    9    9    9    9    9
    9    9    9    9    9    9   10   10   11
    75.0-180.0 180.0   5.0 450.0                            LAT/LON1/LON2/DLON/H
   11   12   13   15   16   17   19   20   22   23   24   25   26   26   27   27
   27   26   26   25   25   24   21   20   18   17   16   14   12   11   10    9
    9    9    9    9    9    8    8    8    8    7    8    8    8    9    9   10
   10   10   10   10   10   10    9    9    9    9    9    9    9    8    8    8
    8    8    8    8    9    9   10   10   11
    72.5-180.0 180.0   5.0 450.0                            LAT/LON1/LON2/DLON/H
   12   14   15   17   18   19   21   22   23   24   25   25   26   26   26   25
   26   26   25   24   23   22   19   19   17   16   15   13   13   12   10   10
    9    8    9    9    9    9    9    9    9    9    9    9    9    9    9    9
   10   10   10   11   11   10   10   10   10    9    9    9    9    9    9    9
    9    9    9    9    9   10   10   11   12
    70.0-180.0 180.0   5.0 450.0                            LAT/LON1/LON2/DLON/H
   17   19   20   22   23   24   25   26   26   27   27   26   26   25   25   25
   25   25   23   23   21   20   18   17   16   15   14   13   12   11   11   10
   10    9    9    9    9    9    9    9    9    9    9    9    9    9    9   10
   10   10   11   11   11   11   11   12   12   11   10   10   10   11   11   11
   11   11   12   12   13   13   15   16   17
    67.5-180.0 180.0   5.0 450.0                            LAT/LON1/LON2/DLON/H
   24   26   27   29   30   30   31   31   31   31   30   28   27   26   25   25
   24   23   22   21   20   19   17   15   15   14   13   12   13   12   10   10
   10   10    9   10   10   10    9    9    9   10   10   10   11   11   11   12
   13   13   14   14   14   14   14   14   14   13   13   12   12   12   12   13
   13   14   15   16   17   19   20   22   24
    65.0-180.0 180.0   5.0 450.0                            LAT/LON1/LON2/DLON/H
   32   34   35   36   37   37   37   38   37   37   35   33   31   29   27   26
   25   23   23   21   20   18   17   14   14   13   12   12   12   12   12   10
   10   10   10   10   10   10   10   11   11   12   12   13   13   14   15   16
   17   18   19   19   18   18   18   17   16   16   15   15   15   15   15   15
   16   17   18   20   22   25   27   30   32
    62.5-180.0 180.0   5.0 450.0                            LAT/LON1/LON2/DLON/H
   39   41   43   44   45   45   45   45   44   43   42   39   36   34   31   29
   27   26   25   23   21   19   16   14   13   12   11   11   12   12   13   11
   10   10   10   10   10   11   11   13   14   15   16   18   19   20   21   22
   23   25   26   25   24   23   22   21   20   19   19   18   18   18   17   17
   17   19   21   23   26   30   33   36   39
    60.0-180.0 180.0   5.0 450.0                            LAT/LON1/LON2/DLON/H
   46   48   50   51   51   52   52   52   51   50   48   46   43   40   37   34
   31   29   27   25   23   20   17   15   13   12   12   12   12   13   13   12
   11   11   11   11   12   13   14   16   18   20   22   24   26   27   29   31
   32   32   32   32   30   28   26   26   24   24   23   23   22   21   20   20
   20   21   23   26   30   34   38   42   46
    57.5-180.0 180.0   5.0 450.0                            LAT/LON1/LON2/DLON/H
   51   54   56   57   57   57   57   58   58   57   55   53   51   47   44   39
   36   33   31   28   25   22   18   15   14   13   14   15   15   14   15   15
   15   14   14   15   15   17   19   21   23   26   28   31   34   36   38   40
   41   41   40   39   37   34   32   31   30   29   28   27   26   24   23   22
   22   24   26   29   33   38   43   47   51
    55.0-180.0 180.0   5.0 450.0                            LAT/LON1/LON2/DLON/H
   55   58   60   61   61   62   62   63   64   63   62   61   58   54   50   45
   41   38   34   32   28   25   21   19   17   17   17   19   20   19   19   20
   19   19   19   19   20   23   25   28   31   34   37   40   43   46   47   49
   49   49   48   45   42   39   37   35   35   34   32   31   29   27   26   25
   25   26   29   32   37   42   47   51   55
    52.5-180.0 180.0   5.0 450.0                            LAT/LON1/LON2/DLON/H
   60   62   64   66   66   67   67   68   69   70   70   69   66   61   56   50
   46   42   39   35   32   29   26   24   24   24   24   25   26   27   27   26
   25   25   26   26   28   30   32   36   38   42   45   48   51   53   55   56
   56   57   55   52   48   45   42   40   38   37   36   35   33   31   29   27
   26   28   32   36   41   47   52   56   60
    50.0-180.0 180.0   5.0 450.0                            LAT/LON1/LON2/DLON/H
   65   67   70   71   72   73   73   74   75   76   76   75   72   67   62   56
   51   48   44   41   37   34   32   32   33   33   34   36   36   35   35   35
   32   31   32   33   35   37   39   42   45   49   52   55   57   59   61   62
   63   63   61   58   54   50   46   43   41   39   38   38   36   34   32   29
   29   30   34   40   45   51   56   61   65
    47.5-180.0 180.0   5.0 450.0                            LAT/LON1/LON2/DLON/H
   69   73   76   79   80   81   81   81   81   82   82   81   78   73   68   62
   58   54   50   48   44   43   42   43   44   45   46   47   46   44   42   42
   39   39   39   41   42   44   47   48   51   54   57   59   61   63   65   67
   68   68   66   63   58   53   49   46   43   41   40   40   39   36   34   32
   32   34   37   43   49   54   60   65   69
    45.0-180.0 180.0   5.0 450.0                            LAT/LON1/LON2/DLON/H
   74   79   83   86   88   90   90   88   87   87   87   86   83   79   74   70
   65   61   58   56   55   54   55   57   57   58   58   57   56   53   49   47
   45   45   46   47   49   51   52   53   55   57   59   60   63   65   67   70
   71   71   69   66   61   56   52   48   45   43   43   42   41   39   37   35
   36   39   42   47   53   58   64   69   74
    42.5-180.0 180.0   5.0 450.0                            LAT/LON1/LON2/DLON/H
   77   84   89   93   96   98   98   95   93   93   92   91   88   85   80   77
   73   71   68   67   66   67   69   71   71   70   68   66   62   59   55   52
   51   50   51   53   55   56   57   57   57   58   59   61   63   66   68   72
   74   74   72   69   64   58   53   50   47   46   46   45   44   42   40   40
   41   43   48   53   58   62   67   72   77
    40.0-180.0 180.0   5.0 450.0                            LAT/LON1/LON2/DLON/H
   81   88   94   99  103  105  105  102   99   97   96   95   93   90   88   84
   82   79   78   78   78   79   81   82   83   80   76   72   67   62   59   56
   55   54   56   58   60   61   60   59   59   59   60   62   64   66   69   73
   76   76   74   71   65   59   54   51   49   49   48   48   47   45   44   44
   45   49   53   58   62   66   70   74   81
    37.5-180.0 180.0   5.0 450.0                            LAT/LON1/LON2/DLON/H
   82   90   96  102  107  109  109  106  103  101  100   98   97   95   93   92
   90   88   87   88   89   90   92   92   90   87   81   76   71   66   62   59
   58   58   60   62   64   64   64   62   61   61   61   63   66   68   70   73
   75   75   73   69   64   58   54   52   51   50   50   50   49   48   47   48
   51   54   59   62   66   69   72   76   82
    35.0-180.0 180.0   5.0 450.0                            LAT/LON1/LON2/DLON/H
   82   90   97  104  109  110  110  108  105  103  102  101  100   99   99   98
   96   95   95   96   96   98   99   98   94   89   83   77   72   68   64   62
   61   61   64   65   68   68   66   64   63   63   64   66   68   69   70   71
   72   71   69   66   62   58   55   53   52   51   51   51   50   50   51   52
   56   59   64   67   70   73   75   77   82
    32.5-180.0 180.0   5.0 450.0                            LAT/LON1/LON2/DLON/H
   84   90   97  103  108  110  110  108  106  104  104  103  103  103  103  103
  101  100   99  100  101  102  100   97   92   87   80   76   72   69   67   66
   66   66   68   69   71   71   69   67   65   66   67   70   71   71   71   69
   69   68   66   64   60   57   55   53   52   51   51   51   51   51   53   56
   60   65   69   72   75   77   79   80   84
    30.0-180.0 180.0   5.0 450.0                            LAT/LON1/LON2/DLON/H
   89   93   98  103  107  109  109  109  107  107  107  106  106  107  108  107
  105  102  101  101  101  100   97   93   88   82   77   74   73   72   72   72
   73   72   72   73   73   72   71   68   67   68   69   72   73   72   71   68
   66   65   64   62   58   56   54   53   52   51   50   50   50   51   54   59
   65   71   75   78   81   83   85   87   89
    27.5-180.0 180.0   5.0 450.0                            LAT/LON1/LON2/DLON/H
   99  101  104  107  109  111  112  112  112  111  111  110  110  111  111  111
  107  103  101  100   98   96   93   89   83   78   75   74   75   78   80   81
   81   79   76   75   74   73   72   70   69   69   70   72   73   72   70   67
   63   62   61   59   56   53   52   51   50   49   49   48   49   51   55   62
   69   77   81   85   89   92   95   98   99
    25.0-180.0 180.0   5.0 450.0                            LAT/LON1/LON2/DLON/H
  115  116  116  117  117  119  120  121  122  121  119  117  116  115  115  114
  109  104  100   99   95   92   91   86   81   77   75   76   81   86   91   92
   89   85   80   78   76   73   71   70   68   67   68   69   70   70   68   64
   60   58   56   55   53   51   49   47   47   46   46   45   47   50   56   65
   74   82   88   93   98  103  108  114  115
    22.5-180.0 180.0   5.0 450.0                            LAT/LON1/LON2/DLON/H
  134  135  135  133  132  133  135  137  137  134  130  127  124  122  119  116
  111  105  102   99   95   92   90   86   81   79   77   81   89   96  101  101
   97   90   83   78   74   70   68   67   65   64   65   65   65   65   62   58
   54   52   52   50   48   46   44   43   42   42   42   43   44   49   57   67
   78   86   93  100  107  115  125  132  134
    20.0-180.0 180.0   5.0 450.0                            LAT/LON1/LON2/DLON/H
  156  158  158  155  153  155  158  160  158  152  145  138  133  129  124  120
  114  108  104  101   98   94   92   88   85   83   82   89   97  105  109  109
  103   93   82   74   68   64   62   62   61   61   60   59   58   57   54   51
   49   47   47   46   44   42   40   38   38   38   39   39   42   49   58   70
   81   91   99  107  116  127  139  149  156
    17.5-180.0 180.0   5.0 450.0                            LAT/LON1/LON2/DLON/H
  176  180  183  181  179  181  186  190  184  173  162  152  144  137  130  125
  119  114  109  106  102   98   96   94   90   89   91   97  106  112  114  112
  104   93   79   67   59   55   56   56   56   55   54   52   51   49   47   45
   44   44   43   43   41   39   36   36   36   35   36   37   40   48   60   73
   85   96  105  114  124  138  152  166  176
    15.0-180.0 180.0   5.0 450.0                            LAT/LON1/LON2/DLON/H
  194  201  204  205  203  208  219  220  212  196  181  166  154  146  137  131
  125  121  116  114  109  105  102  101   99   98   99  106  113  116  115  111
  102   89   74   61   52   50   51   52   52   49   48   46   44   42   42   41
   42   43   42   41   40   37   35   34   34   34   34   36   40   49   61   75
   88  101  111  121  132  147  163  179  194
    12.5-180.0 180.0   5.0 450.0                            LAT/LON1/LON2/DLON/H
  203  214  218  222  224  231  242  247  242  221  198  179  164  154  144  136
  132  128  125  122  117  112  109  109  109  108  106  110  115  117  114  109
   99   84   69   57   51   49   51   51   49   45   43   40   39   39   38   39
   41   43   43   41   39   36   35   34   33   33   34   36   41   50   63   77
   92  105  117  128  140  154  170  187  203
    10.0-180.0 180.0   5.0 450.0                            LAT/LON1/LON2/DLON/H
  206  216  220  226  231  241  254  263  259  237  210  189  173  161  151  142
  137  134  132  130  125  121  117  116  117  115  112  112  112  112  109  104
   95   82   70   61   57   56   56   54   49   44   40   37   36   37   37   38
   41   43   43   41   38   36   34   34   34   34   35   36   42   51   65   79
   95  108  122  134  147  161  176  192  206
     7.5-180.0 180.0   5.0 450.0                            LAT/LON1/LON2/DLON/H
  206  213  216  222  229  241  253  262  261  243  217  195  178  166  156  148
  142  139  137  135  132  128  124  123  124  122  118  114  110  107  103   99
   93   86   78   71   67   66   63   59   53   46   41   37   36   36   37   39
   41   42   42   40   38   36   36   36   36   36   36   39   44   54   67   82
   97  111  126  139  152  165  180  194  206
     5.0-180.0 180.0   5.0 450.0                            LAT/LON1/LON2/DLON/H
  204  210  213  218  224  234  245  251  251  238  217  197  182  171  161  153
  147  143  141  140  138  134  132  131  132  131  125  118  111  105  101   99
   98   94   91   87   83   80   74   67   59   50   44   39   38   38   40   41
   43   43   43   41   40   39   39   39   40   39   39   42   48   58   71   85
   99  113  128  142  155  168  181  194  204
     2.5-180.0 180.0   5.0 450.0                            LAT/LON1/LON2/DLON/H
  202  208  211  216  222  229  236  239  238  228  212  197  185  175  164  157
  151  146  145  144  142  140  140  142  143  141  134  125  117  109  107  106
  109  108  106  104   99   94   86   77   67   57   50   45   43   43   45   46
   46   46   45   44   43   43   44   44   43   43   43   46   52   62   75   87
  100  114  129  143  157  169  182  193  202
