DORISInput/IGSGIM/2019/igsg3440.19i
     1.0            IONOSPHERE MAPS     MIX                 IONEX VERSION / TYPE
cmpcmb v1.2          GRL/UWM            27-dec-19 12:25     PGM / RUN BY / DATE 
ionex file containing IGS COMBINED Ionosphere maps          COMMENT             
global ionosphere maps for day 344, 2019                    DESCRIPTION         
IONEX file containing the COMBINED IGS TEC MAPS and DCBs    DESCRIPTION         
      IONEX files of the following IAACs were combined: cod DESCRIPTION         
                                                        esa DESCRIPTION         
                                                        jpl DESCRIPTION         
                                                        upc DESCRIPTION         
Contact address: Andrzej Krankowski                         DESCRIPTION
                 Geodynamics Research Laboratory            DESCRIPTION
                 University of Warmia and Mazury (GRL/UWM)  DESCRIPTION
                 Oczapowski St. 1                           DESCRIPTION
                 10-957-Olsztyn, POLAND                     DESCRIPTION
                 e-mail:  kand@uwm.edu.pl                   DESCRIPTION
                                                            DESCRIPTION         
  2019    12    10     0     0     0                        EPOCH OF FIRST MAP  
  2019    12    11     0     0     0                        EPOCH OF LAST MAP   
  7200                                                      INTERVAL            
    13                                                      # OF MAPS IN FILE   
  COSZ                                                      MAPPING FUNCTION    
     0.0                                                    ELEVATION CUTOFF    
combined TEC calculated as weighted mean of input TEC valuesOBSERVABLES USED    
   401                                                      # OF STATIONS       
    32                                                      # OF SATELLITES     
  6371.0                                                    BASE RADIUS         
     2                                                      MAP DIMENSION       
   450.0 450.0   0.0                                        HGT1 / HGT2 / DHGT  
    87.5 -87.5  -2.5                                        LAT1 / LAT2 / DLAT  
  -180.0 180.0   5.0                                        LON1 / LON2 / DLON  
    -1                                                      EXPONENT            
TEC values in 0.1 tec units;  9999, if no value available   COMMENT             
DCB values in nanoseconds, reference is Sum_of_SatDCBs = 0  COMMENT             
                                                            END OF HEADER       
[from data line 858]
     3                                                      START OF TEC MAP    
  2019    12    10     4     0     0                        EPOCH OF CURRENT MAP
    87.5-180.0 180.0   5.0 450.0                            LAT/LON1/LON2/DLON/H
   24   25   25   25   25   25   25   25   25   25   24   24   24   24   23   23
   23   22   22   22   22   22   21   21   21   21   21   20   20   20   20   20
   21   21   21   21   21   21   21   21   21   21   21   21   21   22   22   22
   22   22   22   22   22   22   22   22   22   22   22   23   22   22   23   23
   23   23   23   23   24   24   24   25   24
    85.0-180.0 180.0   5.0 450.0                            LAT/LON1/LON2/DLON/H
   27   28   28   28   29   29   29   28   28   27   27   26   25   25   24   23
   22   21   20   19   18   18   18   17   17   17   16   16   17   17   17   17
   18   18   18   20   20   20   20   21   21   21   21   21   21   21   20   21
   20   20   20   20   20   19   19   19   19   19   20   20   20   20   21   21
   22   23   24   25   25   25   26   27   27
    82.5-180.0 180.0   5.0 450.0                            LAT/LON1/LON2/DLON/H
   28   29   29   30   31   31   31   31   31   30   29   28   26   25   24   22
   21   19   17   16   15   14   13   13   12   13   13   13   13   14   15   16
   17   18   18   20   20   21   21   21   21   21   21   21   21   20   20   19
   19   19   18   17   17   17   17   16   16   16   16   16   16   17   18   19
   20   21   23   23   24   25   26   27   28
    80.0-180.0 180.0   5.0 450.0                            LAT/LON1/LON2/DLON/H
   26   28   29   31   31   32   32   32   33   32   32   31   30   28   26   23
   21   18   16   14   12   11    9    9   10    8    9   10   10   12   13   15
   17   18   19   20   21   21   21   21   21   21   21   20   19   19   18   17
   17   16   16   16   15   15   15   15   14   14   14   14   14   15   15   17
   17   18   19   20   21   22   23   25   26
    77.5-180.0 180.0   5.0 450.0                            LAT/LON1/LON2/DLON/H
   23   25   27   28   30   30   32   32   33   33   32   31   29   27   24   21
   18   15   12   10    8    6    6    6    6    7    8    8    9   11   13   15
   17   18   20   21   22   22   21   21   20   20   19   19   17   17   16   15
   14   14   13   13   14   14   14   14   14   14   14   14   14   15   15   15
   16   16   17   17   17   18   20   21   23
    75.0-180.0 180.0   5.0 450.0                            LAT/LON1/LON2/DLON/H
   21   22   23   24   26   27   29   29   30   30   31   30   29   26   23   20
   17   14   12    9    7    6    6    6    6    6    7    8   10   12   14   16
   17   19   20   20   21   21   21   20   19   18   17   17   16   15   14   14
   13   13   13   14   14   15   15   16   16   16   17   17   17   17   17   17
   16   16   16   16   16   17   18   20   21
    72.5-180.0 180.0   5.0 450.0                            LAT/LON1/LON2/DLON/H
   20   20   20   21   23   24   25   26   26   27   28   28   27   25   22   20
   17   15   12   10    8    7    6    6    7    7    9   10   11   13   15   17
   19   19   20   19   19   18   18   17   16   15   15   14   14   14   13   13
   13   14   14   15   17   18   19   20   21   22   22   22   22   22   22   22
   21   20   20   19   19   19   19   19   20
    70.0-180.0 180.0   5.0 450.0                            LAT/LON1/LON2/DLON/H
   21   20   20   20   20   21   21   22   23   24   24   24   24   23   21   19
   17   16   13   11   10    9    8    8    8    9   11   13   14   15   16   17
   18   18   18   17   16   16   14   13   13   13   13   12   13   13   14   14
   15   16   17   19   20   22   24   26   28   29   30   30   31   31   30   30
   29   27   25   24   23   22   22   21   21
    67.5-180.0 180.0   5.0 450.0                            LAT/LON1/LON2/DLON/H
   24   23   21   19   19   19   19   20   20   20   20   21   21   20   19   18
   17   16   15   13   12   12   11   11   11   12   12   14   15   16   16   16
   17   16   15   14   13   12   11   11   10   10   11   12   13   15   16   16
   17   19   21   23   26   29   31   34   35   37   38   39   39   39   39   37
   36   34   32   30   29   27   26   25   24
    65.0-180.0 180.0   5.0 450.0                            LAT/LON1/LON2/DLON/H
   28   26   24   21   19   18   18   18   18   18   18   18   19   18   17   17
   17   16   15   14   13   13   13   12   13   13   13   14   15   15   15   15
   14   14   13   11   11   10    9    9   10   10   11   14   16   17   18   19
   21   23   26   29   32   36   38   40   42   43   45   46   46   46   45   44
   42   40   37   35   34   33   31   30   28
    62.5-180.0 180.0   5.0 450.0                            LAT/LON1/LON2/DLON/H
   33   31   28   25   22   20   19   18   17   17   16   16   16   16   15   16
   16   15   15   14   14   14   14   13   12   13   13   14   14   13   13   13
   13   13   12   11   10    9    9   10   11   12   14   16   19   20   21   23
   25   27   31   35   38   42   44   46   47   49   50   51   51   51   50   49
   47   45   43   41   39   38   37   34   33
    60.0-180.0 180.0   5.0 450.0                            LAT/LON1/LON2/DLON/H
   37   35   33   29   25   23   20   19   18   17   16   15   15   14   14   15
   16   15   14   14   13   14   13   12   13   12   12   14   14   12   12   12
   13   13   12   12   11   11   11   12   13   15   18   21   23   24   25   28
   30   33   37   41   45   48   51   52   52   53   54   55   56   56   55   53
   52   50   47   45   44   42   41   39   37
    57.5-180.0 180.0   5.0 450.0                            LAT/LON1/LON2/DLON/H
   43   40   37   33   29   27   23   22   21   20   18   17   15   15   15   16
   16   15   14   13   12   12   13   13   13   12   13   14   13   13   13   14
   15   15   15   15   14   14   15   16   18   21   23   26   27   29   30   33
   36   39   43   48   52   55   57   58   58   58   58   58   59   59   58   56
   55   53   51   49   48   48   46   44   43
    55.0-180.0 180.0   5.0 450.0                            LAT/LON1/LON2/DLON/H
   47   44   41   38   34   31   28   26   25   24   22   20   18   17   17   17
   16   15   14   12   11   12   12   12   13   14   14   15   15   15   17   18
   20   21   21   21   19   20   20   22   25   27   29   31   32   34   36   39
   42   47   51   56   59   63   63   64   64   63   62   61   61   61   60   59
   56   55   54   53   51   51   50   49   47
    52.5-180.0 180.0   5.0 450.0                            LAT/LON1/LON2/DLON/H
   51   48   45   42   39   35   33   31   30   29   27   25   23   21   21   19
   18   17   16   14   13   13   14   14   16   17   17   18   19   21   23   25
   26   27   27   26   26   25   27   29   32   34   36   37   38   40   41   45
   50   54   59   63   66   69   70   70   69   67   66   65   64   63   62   61
   59   57   57   56   55   55   54   53   51
    50.0-180.0 180.0   5.0 450.0                            LAT/LON1/LON2/DLON/H
   54   52   49   46   43   40   37   35   35   33   31   30   28   26   25   24
   23   21   20   18   17   17   18   19   21   22   24   26   27   29   31   33
   34   35   34   32   32   32   34   35   38   41   42   44   44   45   48   52
   57   61   66   69   72   75   76   75   74   73   71   68   67   66   64   63
   62   61   60   60   59   59   58   56   54
    47.5-180.0 180.0   5.0 450.0                            LAT/LON1/LON2/DLON/H
   58   55   53   50   47   43   41   39   38   38   37   36   34   32   31   30
   29   28   26   25   24   25   26   28   30   32   33   35   37   38   40   41
   41   41   40   39   37   38   39   42   45   48   49   49   49   51   54   59
   64   68   71   74   76   78   79   80   79   77   75   72   70   68   67   66
   65   64   64   63   64   63   62   60   58
    45.0-180.0 180.0   5.0 450.0                            LAT/LON1/LON2/DLON/H
   62   59   55   53   49   47   44   42   42   42   43   42   41   39   37   36
   35   35   35   35   35   36   38   40   42   44   44   46   47   47   47   47
   47   47   45   43   42   42   45   47   51   53   54   54   55   57   61   66
   72   75   77   78   79   80   81   82   82   81   79   76   75   72   71   69
   69   69   69   68   68   68   66   64   62
    42.5-180.0 180.0   5.0 450.0                            LAT/LON1/LON2/DLON/H
   65   61   58   55   52   49   47   46   46   47   47   47   47   46   44   42
   42   43   44   46   47   49   51   54   55   56   56   56   56   55   53   52
   51   50   48   46   46   46   49   52   55   57   59   58   59   62   67   74
   79   82   82   81   81   81   81   83   83   83   82   81   80   78   76   74
   74   74   74   73   73   72   71   68   65
    40.0-180.0 180.0   5.0 450.0                            LAT/LON1/LON2/DLON/H
   67   63   60   57   54   51   49   48   49   51   52   53   54   53   50   49
   49   50   53   56   59   61   63   65   66   67   65   63   61   60   57   56
   54   53   51   49   48   49   52   55   59   61   61   62   63   67   73   80
   85   87   85   83   82   80   81   83   85   86   86   85   84   83   80   79
   78   78   78   78   77   76   75   71   67
    37.5-180.0 180.0   5.0 450.0                            LAT/LON1/LON2/DLON/H
   70   65   62   58   54   52   50   50   52   54   57   59   61   60   57   55
   55   57   61   65   68   71   73   74   75   74   71   69   66   63   60   59
   57   55   53   51   51   52   55   58   61   63   64   65   67   72   79   85
   89   90   88   85   83   82   82   83   86   88   89   89   88   87   85   84
   82   82   82   82   82   80   78   74   70
    35.0-180.0 180.0   5.0 450.0                            LAT/LON1/LON2/DLON/H
   72   67   63   58   54   52   51   52   54   57   61   65   67   67   65   62
   61   64   67   72   74   78   80   81   81   78   74   71   68   66   63   61
   59   57   55   54   53   54   56   58   61   63   65   67   71   76   84   89
   92   93   91   89   88   86   85   86   88   90   92   93   93   93   91   90
   88   87   87   86   86   84   81   77   72
    32.5-180.0 180.0   5.0 450.0                            LAT/LON1/LON2/DLON/H
   75   70   64   59   54   52   51   52   54   59   64   69   72   73   71   69
   68   69   72   76   79   81   83   84   82   79   75   71   67   66   63   61
   59   58   57   56   55   55   56   58   61   63   65   68   72   80   87   93
   95   96   96   96   95   94   93   93   94   95   96   98   99   99   98   97
   95   94   93   93   92   89   85   81   75
    30.0-180.0 180.0   5.0 450.0                            LAT/LON1/LON2/DLON/H
   80   73   67   60   55   52   51   52   54   58   64   70   75   75   75   73
   73   73   75   78   80   81   82   82   80   77   72   69   65   64   62   61
   59   58   58   57   55   54   55   56   58   60   63   67   73   81   89   95
   99  102  104  107  109  109  107  104  104  102  103  104  105  106  106  107
  106  104  103  101  100   95   91   86   80
    27.5-180.0 180.0   5.0 450.0                            LAT/LON1/LON2/DLON/H
   87   80   72   64   58   54   53   53   54   58   63   69   74   76   75   74
   74   75   76   77   78   77   76   76   74   71   68   65   63   62   61   60
   59   59   58   57   55   53   52   53   55   56   59   63   72   81   91   98
  104  110  116  122  126  128  124  121  117  113  111  111  112  115  116  119
  119  118  116  114  110  105   99   94   87
    25.0-180.0 180.0   5.0 450.0                            LAT/LON1/LON2/DLON/H
   97   90   81   71   64   59   56   55   56   58   62   67   72   74   74   73
   73   73   73   73   72   71   70   69   67   65   63   61   61   61   61   60
   59   59   57   55   51   49   48   48   50   51   54   60   70   82   93  102
  110  119  128  138  145  147  143  138  133  127  122  121  123  126  129  132
  133  132  131  128  123  117  110  104   97
    22.5-180.0 180.0   5.0 450.0                            LAT/LON1/LON2/DLON/H
  109  101   91   81   73   67   64   61   60   60   62   65   69   72   72   71
   70   70   70   70   69   66   64   64   62   61   59   58   59   60   60   60
   59   57   55   51   48   44   43   43   44   46   49   57   68   82   94  106
  117  129  143  156  163  164  160  155  149  142  136  134  135  138  143  145
  148  148  148  144  138  131  123  116  109
    20.0-180.0 180.0   5.0 450.0                            LAT/LON1/LON2/DLON/H
  121  112  102   92   83   77   73   69   65   64   63   65   67   69   69   68
   68   68   67   67   66   64   62   63   61   61   59   58   59   59   60   59
   57   55   52   48   43   40   38   38   38   40   45   54   66   81   96  110
  123  140  156  170  177  179  175  171  166  158  152  150  150  152  156  160
  163  165  165  162  155  146  137  129  121
    17.5-180.0 180.0   5.0 450.0                            LAT/LON1/LON2/DLON/H
  135  126  114  104   94   87   81   77   72   68   66   66   67   67   67   67
   67   67   67   66   65   64   63   64   63   62   61   59   59   59   60   58
   56   53   49   45   40   36   34   33   34   36   42   52   66   81   98  114
  131  149  167  179  188  191  189  186  180  172  168  167  166  168  171  175
  180  182  184  179  171  162  153  145  135
    15.0-180.0 180.0   5.0 450.0                            LAT/LON1/LON2/DLON/H
  150  139  127  117  106   97   90   84   78   73   70   68   67   67   66   67
   67   68   67   66   65   64   64   66   66   65   63   62   61   60   59   58
   55   51   47   42   37   33   31   31   31   33   40   52   67   85  103  120
  137  155  172  183  193  197  197  195  189  183  181  181  181  182  185  191
  197  198  198  191  185  176  168  159  150
    12.5-180.0 180.0   5.0 450.0                            LAT/LON1/LON2/DLON/H
  164  154  143  132  120  109   99   92   84   78   73   70   68   67   66   66
   67   66   66   65   66   66   66   68   69   67   66   64   62   61   59   57
   55   50   45   39   35   32   31   31   31   33   41   54   71   89  108  125
  141  158  172  184  192  197  198  199  195  192  191  190  191  194  198  204
  209  211  208  202  195  188  181  173  164
    10.0-180.0 180.0   5.0 450.0                            LAT/LON1/LON2/DLON/H
  176  167  158  147  134  121  109   99   91   83   77   74   71   68   66   65
   66   65   65   65   67   69   70   72   72   71   69   66   64   62   59   56
   52   48   43   38   34   33   32   33   33   35   44   58   76   94  111  128
  144  159  171  180  188  193  198  199  198  196  195  195  197  202  206  211
  216  218  215  210  204  197  191  184  176
     7.5-180.0 180.0   5.0 450.0                            LAT/LON1/LON2/DLON/H
  188  179  170  159  147  132  120  107   96   88   81   76   73   70   68   67
   68   66   65   66   67   71   74   75   75   74   71   68   64   61   57   54
   50   45   41   38   36   35   36   36   36   39   48   62   79   97  113  130
  145  159  169  177  185  192  198  200  199  197  196  197  199  204  209  214
  219  221  220  215  211  207  201  195  188
     5.0-180.0 180.0   5.0 450.0                            LAT/LON1/LON2/DLON/H
  200  191  181  171  160  144  128  113  100   91   84   79   76   73   71   70
   69   68   67   67   69   73   77   78   77   76   73   69   65   61   56   51
   46   43   41   38   37   39   39   38   39   42   51   65   82   98  115  131
  146  159  168  176  184  192  199  203  202  199  198  199  201  204  209  214
  219  221  221  219  216  214  211  206  200
     2.5-180.0 180.0   5.0 450.0                            LAT/LON1/LON2/DLON/H
  211  202  192  183  171  155  137  120  105   95   87   82   78   75   74   72
   71   70   69   69   70   76   79   79   78   78   75   71   66   61   56   50
   45   41   40   38   39   41   42   41   41   45   54   68   84  100  116  131
  147  160  169  177  185  193  201  207  206  203  201  201  202  205  209  215
  218  221  222  221  221  220  219  217  211
