DORISInput/IGSGIM/2019/igsg3360.19i
     1.0            IONOSPHERE MAPS     MIX                 IONEX VERSION / TYPE
cmpcmb v1.2          GRL/UWM            23-dec-19 14:44     PGM / RUN BY / DATE 
ionex file containing IGS COMBINED Ionosphere maps          COMMENT             
global ionosphere maps for day 336, 2019                    DESCRIPTION         
IONEX file containing the COMBINED IGS TEC MAPS and DCBs    DESCRIPTION         
      IONEX files of the following IAACs were combined: cod DESCRIPTION         
                                                        esa DESCRIPTION         
                                                        jpl DESCRIPTION         
                                                        upc DESCRIPTION         
Contact address: Andrzej Krankowski                         DESCRIPTION
                 Geodynamics Research Laboratory            DESCRIPTION
                 University of Warmia and Mazury (GRL/UWM)  DESCRIPTION
                 Oczapowski St. 1                           DESCRIPTION
                 10-957-Olsztyn, POLAND                     DESCRIPTION
                 e-mail:  kand@uwm.edu.pl                   DESCRIPTION
                                                            DESCRIPTION         
  2019    12     2     0     0     0                        EPOCH OF FIRST MAP  
  2019    12     3     0     0     0                        EPOCH OF LAST MAP   
  7200                                                      INTERVAL            
    13                                                      # OF MAPS IN FILE   
  COSZ                                                      MAPPING FUNCTION    
     0.0                                                    ELEVATION CUTOFF    
combined TEC calculated as weighted mean of input TEC valuesOBSERVABLES USED    
   399                                                      # OF STATIONS       
    32                                                      # OF SATELLITES     
  6371.0                                                    BASE RADIUS         
     2                                                      MAP DIMENSION       
   450.0 450.0   0.0                                        HGT1 / HGT2 / DHGT  
    87.5 -87.5  -2.5                                        LAT1 / LAT2 / DLAT  
  -180.0 180.0   5.0                                        LON1 / LON2 / DLON  
    -1                                                      EXPONENT            
TEC values in 0.1 tec units;  9999, if no value available   COMMENT             
DCB values in nanoseconds, reference is Sum_of_SatDCBs = 0  COMMENT             
                                                            END OF HEADER       
[from data line 3003]
     8                                                      START OF TEC MAP    
  2019    12     2    14     0     0                        EPOCH OF CURRENT MAP
    87.5-180.0 180.0   5.0 450.0                            LAT/LON1/LON2/DLON/H
   18   18   19   19   19   18   18   18   18   18   18   18   18   18   17   17
   17   17   17   16   16   16   16   16   16   15   15   15   15   15   15   15
   15   15   15   15   15   15   15   15   16   16   16   16   16   16   16   16
   17   16   17   17   17   17   17   17   17   17   17   17   17   17   17   17
   18   18   18   18   18   18   18   18   18
    85.0-180.0 180.0   5.0 450.0                            LAT/LON1/LON2/DLON/H
   18   19   18   19   19   19   19   19   19   19   19   19   19   19   18   18
   17   17   16   16   15   15   14   14   14   13   13   13   13   13   13   14
   14   14   14   14   14   14   14   15   15   15   15   15   15   15   16   16
   16   16   17   17   18   18   17   18   17   17   17   17   17   17   17   17
   17   17   18   17   18   18   18   18   18
    82.5-180.0 180.0   5.0 450.0                            LAT/LON1/LON2/DLON/H
   17   17   18   18   19   19   20   20   20   20   20   20   19   19   18   18
   17   16   15   15   14   13   13   12   12   12   12   11   11   11   11   11
   11   11   11   12   11   12   12   13   13   13   13   14   13   14   14   14
   15   15   16   16   16   16   16   17   17   17   17   16   16   16   16   16
   16   16   16   16   16   17   17   17   17
    80.0-180.0 180.0   5.0 450.0                            LAT/LON1/LON2/DLON/H
   16   16   18   18   19   20   21   21   21   21   21   21   21   20   19   19
   17   16   15   14   13   12   11   12   11   11   11   11   11   11   11   11
   11   11   11   11   11   11   11   11   11   11   11   11   11   12   12   12
   13   13   14   14   15   15   16   16   16   16   16   15   15   15   14   14
   14   14   14   14   14   15   15   15   16
    77.5-180.0 180.0   5.0 450.0                            LAT/LON1/LON2/DLON/H
   15   16   17   18   19   20   20   20   21   21   21   21   21   21   19   19
   18   17   16   16   15   14   12   11   11   11   11   12   12   12   12   12
   12   12   12   12   12   11   11   10   10    9    9    9    9    9   10   10
   10   11   12   13   14   14   15   15   15   15   15   14   14   13   13   12
   12   12   12   12   12   13   13   14   15
    75.0-180.0 180.0   5.0 450.0                            LAT/LON1/LON2/DLON/H
   14   15   16   17   17   18   18   19   20   20   20   20   21   20   20   19
   19   18   18   18   17   15   14   13   13   13   14   14   14   14   14   14
   14   14   14   14   14   13   12   10   10    9    8    8    8    8    9    9
   10   10   11   12   13   14   14   15   14   14   14   13   13   12   12   11
   11   11   12   12   12   12   13   13   14
    72.5-180.0 180.0   5.0 450.0                            LAT/LON1/LON2/DLON/H
   13   14   14   15   15   15   16   16   17   17   18   18   19   20   20   20
   20   20   20   20   19   19   18   18   18   18   19   19   18   19   19   19
   19   19   19   18   17   16   14   13   11    9    9    8    8    8    8    9
    9   10   11   12   13   14   15   15   14   14   14   13   13   12   12   11
   11   11   12   12   12   12   13   13   13
    70.0-180.0 180.0   5.0 450.0                            LAT/LON1/LON2/DLON/H
   14   14   14   14   13   14   14   13   13   14   14   15   16   17   18   18
   19   20   20   21   22   23   23   23   24   25   25   25   25   24   25   25
   25   25   25   23   22   19   17   15   13   11   10    9    9    9    8    9
   10   11   12   14   15   16   16   16   16   16   15   14   14   13   13   12
   12   12   12   13   13   13   14   13   14
    67.5-180.0 180.0   5.0 450.0                            LAT/LON1/LON2/DLON/H
   15   15   14   14   13   12   12   11   11   11   11   12   13   13   14   15
   17   18   19   22   24   26   27   29   30   31   32   32   31   31   31   31
   31   30   30   28   26   23   21   18   15   13   11   11   10    9    9   10
   11   13   15   17   18   19   19   19   18   18   17   16   15   15   14   14
   14   15   15   15   15   16   16   16   15
    65.0-180.0 180.0   5.0 450.0                            LAT/LON1/LON2/DLON/H
   18   18   17   16   16   14   13   11   10    9    9   10   10   10   11   12
   13   15   18   21   26   28   31   34   36   37   38   38   37   37   37   36
   36   35   35   32   30   27   24   21   18   16   15   14   13   13   13   13
   14   16   19   21   21   21   21   22   21   20   19   18   17   16   16   16
   17   18   18   19   19   19   19   19   18
    62.5-180.0 180.0   5.0 450.0                            LAT/LON1/LON2/DLON/H
   22   22   22   21   20   18   16   14   12   10    9    9    9   10   10   10
   12   14   18   22   27   30   34   38   40   42   43   43   42   42   42   40
   40   39   38   36   33   31   27   25   22   21   19   19   18   17   18   18
   19   21   23   25   25   24   24   24   23   22   21   20   20   19   19   20
   21   21   21   22   22   22   22   22   22
    60.0-180.0 180.0   5.0 450.0                            LAT/LON1/LON2/DLON/H
   27   27   27   27   26   24   22   19   16   13   12   11   10   10   10   11
   12   14   18   22   28   32   37   41   43   45   46   47   46   46   46   45
   44   43   42   39   37   33   31   29   27   27   25   25   25   24   24   24
   24   26   27   28   28   27   27   26   25   24   23   23   23   24   24   24
   24   25   25   25   25   25   25   26   27
    57.5-180.0 180.0   5.0 450.0                            LAT/LON1/LON2/DLON/H
   31   32   34   34   33   31   29   26   23   19   17   15   13   12   12   12
   13   16   19   24   30   34   39   43   46   48   49   49   49   49   50   49
   49   48   46   43   41   37   35   34   33   33   33   33   32   31   30   30
   30   30   31   32   32   32   30   29   29   28   28   28   28   29   29   29
   29   29   29   29   29   28   28   29   31
    55.0-180.0 180.0   5.0 450.0                            LAT/LON1/LON2/DLON/H
   36   37   40   41   41   40   37   35   31   28   24   21   18   16   15   15
   16   20   24   28   33   37   41   44   47   50   51   52   53   53   54   54
   53   52   50   47   44   42   41   41   41   41   41   41   39   37   36   36
   36   36   37   38   37   37   36   35   34   33   33   34   34   34   33   33
   33   33   33   33   33   32   32   33   36
    52.5-180.0 180.0   5.0 450.0                            LAT/LON1/LON2/DLON/H
   40   43   45   47   48   48   46   44   41   38   33   29   26   22   20   20
   22   25   29   33   38   41   44   47   50   52   55   56   58   59   60   59
   58   57   55   52   50   48   48   49   50   50   50   49   47   45   43   42
   42   43   44   45   45   45   44   42   41   40   40   40   40   39   39   38
   38   37   37   36   36   36   36   38   40
    50.0-180.0 180.0   5.0 450.0                            LAT/LON1/LON2/DLON/H
   45   48   51   53   55   54   54   53   51   48   44   40   34   29   27   28
   30   33   36   40   43   46   48   51   54   56   59   62   65   67   67   66
   65   63   60   57   56   55   56   58   60   60   60   58   56   53   50   48
   49   50   52   53   54   54   52   50   49   48   46   46   45   44   44   43
   42   41   41   39   39   39   40   42   45
    47.5-180.0 180.0   5.0 450.0                            LAT/LON1/LON2/DLON/H
   47   51   55   58   60   61   61   61   60   59   55   49   44   37   35   35
   37   41   44   48   50   52   55   58   60   63   66   70   73   75   75   74
   71   69   67   64   63   64   65   67   69   70   69   67   64   60   56   53
   53   55   58   60   61   61   60   59   57   54   52   51   50   49   48   47
   45   44   43   42   42   42   43   44   47
    45.0-180.0 180.0   5.0 450.0                            LAT/LON1/LON2/DLON/H
   49   52   56   60   64   65   66   67   67   68   65   59   52   45   41   43
   46   50   53   56   57   60   63   66   69   72   75   78   81   82   81   80
   77   75   73   71   71   72   75   77   79   80   79   75   71   66   61   59
   59   61   64   67   68   68   67   65   63   60   58   57   56   54   52   50
   48   47   47   45   45   45   44   46   49
    42.5-180.0 180.0   5.0 450.0                            LAT/LON1/LON2/DLON/H
   49   52   57   61   65   68   69   71   74   74   73   67   59   52   48   49
   54   58   61   63   65   68   71   74   77   81   83   86   87   87   87   85
   82   81   79   78   79   81   84   88   89   89   86   83   78   72   67   64
   64   67   70   72   73   72   71   70   68   65   63   61   59   56   54   52
   50   49   48   47   47   47   46   47   49
    40.0-180.0 180.0   5.0 450.0                            LAT/LON1/LON2/DLON/H
   49   51   55   60   65   68   70   73   77   79   78   73   65   58   55   57
   61   65   68   70   72   74   79   82   86   88   90   92   92   91   91   89
   87   86   85   86   88   91   94   97   98   97   95   90   85   78   73   70
   70   72   74   75   75   74   72   71   69   66   64   62   60   57   54   52
   50   49   49   49   48   48   47   47   49
    37.5-180.0 180.0   5.0 450.0                            LAT/LON1/LON2/DLON/H
   47   49   53   58   62   66   69   73   78   81   82   77   71   64   61   63
   67   71   74   77   78   81   85   89   92   94   95   97   97   96   95   93
   92   92   93   94   97  101  105  107  108  106  102   98   92   85   79   75
   74   74   75   75   75   73   71   70   69   67   64   62   60   57   55   53
   51   50   49   49   48   48   47   47   47
    35.0-180.0 180.0   5.0 450.0                            LAT/LON1/LON2/DLON/H
   46   48   51   56   60   64   67   70   75   80   83   80   74   70   68   70
   74   77   80   81   83   87   90   94   95   97   97   99  100  100   98   97
   97   99  101  104  108  112  115  117  117  114  110  106   99   91   84   79
   76   75   74   73   72   71   69   68   67   66   64   62   60   57   55   53
   52   51   50   49   48   47   47   47   46
    32.5-180.0 180.0   5.0 450.0                            LAT/LON1/LON2/DLON/H
   45   46   49   54   58   61   63   66   71   77   80   80   77   74   75   77
   80   82   84   86   88   92   95   96   96   96   98  100  103  104  104  104
  106  109  112  117  120  123  127  128  127  123  118  113  106   98   89   83
   78   76   74   72   71   69   68   68   67   66   65   64   61   59   56   54
   53   51   50   49   48   47   47   46   45
    30.0-180.0 180.0   5.0 450.0                            LAT/LON1/LON2/DLON/H
   46   46   48   52   55   58   60   62   66   71   75   77   77   77   79   82
   85   86   87   89   92   95   97   97   95   95   98  102  106  109  112  115
  118  123  127  132  134  137  138  138  136  132  127  122  114  104   95   88
   82   78   76   74   72   70   70   69   69   69   67   66   64   61   58   55
   54   53   51   50   48   48   47   47   46
    27.5-180.0 180.0   5.0 450.0                            LAT/LON1/LON2/DLON/H
   48   48   50   52   54   56   57   58   61   66   70   73   75   79   83   87
   88   89   90   92   94   97   98   97   95   96  101  108  114  119  123  128
  134  141  145  147  149  149  148  147  144  140  136  131  122  112  103   94
   87   83   80   78   76   74   73   73   73   73   72   71   68   64   60   57
   56   55   53   50   48   48   48   49   48
    25.0-180.0 180.0   5.0 450.0                            LAT/LON1/LON2/DLON/H
   51   51   51   53   55   57   56   55   57   60   64   68   72   78   84   89
   91   91   92   94   96   98   99   97   97  100  108  118  126  133  140  146
  154  159  166  164  164  161  158  154  151  147  145  141  132  123  113  103
   96   91   87   84   82   79   79   78   78   77   77   77   73   67   62   59
   58   57   55   52   49   49   50   51   51
    22.5-180.0 180.0   5.0 450.0                            LAT/LON1/LON2/DLON/H
   54   53   53   55   57   57   55   54   53   55   59   62   68   75   83   88
   91   93   93   95   98   99  100   99  102  109  120  133  144  153  161  168
  176  182  184  182  178  171  167  165  158  155  153  150  144  134  125  116
  107  102   97   94   91   88   87   86   84   83   83   82   77   72   66   62
   59   59   57   54   51   50   51   53   54
    20.0-180.0 180.0   5.0 450.0                            LAT/LON1/LON2/DLON/H
   55   54   54   55   57   58   56   54   52   52   54   58   64   73   81   88
   90   92   94   97   99  101  102  104  111  122  136  151  165  174  183  189
  197  199  199  196  191  181  178  174  166  162  162  160  155  148  139  132
  124  117  111  107  103  100   99   95   91   89   89   86   82   75   69   64
   61   60   58   56   53   52   53   55   55
    17.5-180.0 180.0   5.0 450.0                            LAT/LON1/LON2/DLON/H
   56   54   53   54   56   57   56   54   52   50   52   55   61   71   79   87
   90   93   95   98  100  102  105  111  122  138  156  173  186  194  200  205
  211  209  208  203  195  188  185  179  172  170  170  170  168  163  156  147
  142  134  126  120  115  112  110  104   98   95   93   91   85   78   72   67
   62   60   59   57   55   54   55   55   56
    15.0-180.0 180.0   5.0 450.0                            LAT/LON1/LON2/DLON/H
   55   53   51   52   53   54   54   53   51   50   50   54   60   70   80   87
   91   95   98  100  101  104  109  120  136  157  176  192  204  211  213  217
  218  212  209  202  194  189  186  182  178  179  181  182  179  175  170  163
  157  149  139  131  124  120  117  110  103   98   93   90   86   80   74   68
   63   60   59   58   57   56   56   56   55
    12.5-180.0 180.0   5.0 450.0                            LAT/LON1/LON2/DLON/H
   54   52   49   48   49   50   50   49   49   49   50   54   61   71   81   87
   92   97  101  103  105  107  115  130  151  174  194  207  215  219  219  220
  218  210  204  199  193  190  189  188  187  189  192  193  191  188  183  176
  170  162  149  138  129  122  117  110  102   95   90   87   84   79   74   68
   63   61   60   59   58   58   57   56   54
    10.0-180.0 180.0   5.0 450.0                            LAT/LON1/LON2/DLON/H
   54   50   46   44   45   45   46   46   46   47   50   54   63   73   82   89
   95  100  105  107  110  114  124  143  166  189  206  216  218  218  216  216
  213  207  200  196  195  196  198  199  200  202  205  205  202  199  194  188
  181  170  155  142  129  120  112  105   97   90   86   83   81   78   74   67
   63   60   60   59   59   59   58   57   54
     7.5-180.0 180.0   5.0 450.0                            LAT/LON1/LON2/DLON/H
   53   49   43   40   40   41   41   41   42   45   49   55   64   75   85   92
   98  104  108  112  116  123  136  159  181  200  213  218  217  214  211  210
  207  204  200  200  203  208  213  216  217  218  218  217  212  209  204  199
  189  176  158  142  128  115  107  100   94   89   86   84   82   80   75   69
   63   61   60   59   60   59   59   57   53
     5.0-180.0 180.0   5.0 450.0                            LAT/LON1/LON2/DLON/H
   53   48   41   36   35   36   36   37   38   41   47   55   65   76   87   95
  102  108  113  118  124  133  149  173  195  209  216  217  214  212  210  209
  208  207  209  213  220  227  234  237  237  236  233  228  223  218  213  206
  195  179  161  143  128  114  106  100   96   93   90   89   88   85   80   74
   67   63   62   59   59   60   59   56   53
     2.5-180.0 180.0   5.0 450.0                            LAT/LON1/LON2/DLON/H
   53   47   41   35   32   32   33   33   35   38   45   54   65   77   88   98
  105  111  117  124  132  144  162  185  205  215  218  217  214  213  215  215
  217  220  226  234  242  251  257  260  259  253  247  239  231  225  219  210
  199  183  163  145  132  118  110  105  103  102   99   98   97   94   88   81
   73   66   63   60   60   60   58   56   53
