DORISInput/IGSGIM/2019/igsg3390.19i
     1.0            IONOSPHERE MAPS     MIX                 IONEX VERSION / TYPE
cmpcmb v1.2          GRL/UWM            23-dec-19 15:00     PGM / RUN BY / DATE 
ionex file containing IGS COMBINED Ionosphere maps          COMMENT             
global ionosphere maps for day 339, 2019                    DESCRIPTION         
IONEX file containing the COMBINED IGS TEC MAPS and DCBs    DESCRIPTION         
      IONEX files of the following IAACs were combined: cod DESCRIPTION         
                                                        esa DESCRIPTION         
                                                        jpl DESCRIPTION         
                                                        upc DESCRIPTION         
Contact address: Andrzej Krankowski                         DESCRIPTION
                 Geodynamics Research Laboratory            DESCRIPTION
                 University of Warmia and Mazury (GRL/UWM)  DESCRIPTION
                 Oczapowski St. 1                           DESCRIPTION
                 10-957-Olsztyn, POLAND                     DESCRIPTION
                 e-mail:  kand@uwm.edu.pl                   DESCRIPTION
                                                            DESCRIPTION         
  2019    12     5     0     0     0                        EPOCH OF FIRST MAP  
  2019    12     6     0     0     0                        EPOCH OF LAST MAP   
  7200                                                      INTERVAL            
    13                                                      # OF MAPS IN FILE   
  COSZ                                                      MAPPING FUNCTION    
     0.0                                                    ELEVATION CUTOFF    
combined TEC calculated as weighted mean of input TEC valuesOBSERVABLES USED    
   404                                                      # OF STATIONS       
    32                                                      # OF SATELLITES     
  6371.0                                                    BASE RADIUS         
     2                                                      MAP DIMENSION       
   450.0 450.0   0.0                                        HGT1 / HGT2 / DHGT  
    87.5 -87.5  -2.5                                        LAT1 / LAT2 / DLAT  
  -180.0 180.0   5.0                                        LON1 / LON2 / DLON  
    -1                                                      EXPONENT            
TEC values in 0.1 tec units;  9999, if no value available   COMMENT             
DCB values in nanoseconds, reference is Sum_of_SatDCBs = 0  COMMENT             
                                                            END OF HEADER       
[from data line 5148]
    13                                                      START OF TEC MAP    
  2019    12     6     0     0     0                        EPOCH OF CURRENT MAP
    87.5-180.0 180.0   5.0 450.0                            LAT/LON1/LON2/DLON/H
   27   27   27   27   27   27   27   27   26   26   26   26   25   25   24   24
   24   24   24   23   23   22   22   21   21   21   20   20   21   21   21   21
   21   22   22   23   23   23   23   23   24   24   25   25   25   26   26   26
   26   26   26   27   27   27   27   27   27   27   27   27   28   28   28   28
   28   28   28   28   28   28   27   27   27
    85.0-180.0 180.0   5.0 450.0                            LAT/LON1/LON2/DLON/H
   27   27   27   27   27   27   26   26   25   25   24   24   23   23   22   21
   20   19   19   18   18   18   18   18   17   17   17   17   17   17   18   18
   18   18   19   19   19   19   20   21   21   22   22   22   23   24   25   25
   26   26   26   27   27   27   27   26   26   26   26   26   26   26   25   26
   26   26   26   26   26   26   27   27   27
    82.5-180.0 180.0   5.0 450.0                            LAT/LON1/LON2/DLON/H
   26   26   27   27   27   27   28   28   27   27   26   25   25   24   22   21
   20   19   17   16   14   14   14   14   13   13   12   12   12   12   12   12
   12   12   13   13   13   14   14   16   16   17   18   19   19   20   22   22
   23   24   25   24   24   24   23   23   23   22   22   22   22   22   22   22
   22   22   23   23   24   24   25   25   26
    80.0-180.0 180.0   5.0 450.0                            LAT/LON1/LON2/DLON/H
   24   25   26   27   27   27   28   29   28   28   28   27   26   25   23   22
   21   19   17   15   14   12   11    9    8    8    8    8    8    9    9    9
    9    9    9    9   10   10   10   11   11   13   14   15   16   17   18   19
   20   21   22   22   21   21   20   19   19   18   18   18   18   18   18   18
   18   19   20   21   22   22   23   23   24
    77.5-180.0 180.0   5.0 450.0                            LAT/LON1/LON2/DLON/H
   24   26   26   27   28   29   29   29   29   29   29   28   27   26   25   24
   22   20   16   15   13   11    9    7    7    7    7    6    5    5    6    7
    7    7    8    8    9    8    8    9    9   10   11   12   13   14   15   16
   18   19   19   19   18   18   17   17   15   15   14   14   14   14   15   15
   16   17   17   19   20   21   22   23   24
    75.0-180.0 180.0   5.0 450.0                            LAT/LON1/LON2/DLON/H
   26   27   28   29   30   30   30   30   30   30   29   28   26   25   24   22
   21   20   18   16   13   12   11    9    7    8    7    7    7    7    7    6
    6    6    7    7    7    8    8    8    8    9   10   10   11   12   14   15
   16   16   17   17   16   15   15   14   13   12   12   12   12   12   13   15
   16   17   19   20   21   22   24   25   26
    72.5-180.0 180.0   5.0 450.0                            LAT/LON1/LON2/DLON/H
   30   31   32   33   33   33   32   32   31   30   28   27   26   25   23   23
   21   20   20   18   16   15   13   11   10    9    9    9    8    8    9    8
    8    7    7    7    7    7    7    8    8    8    8    9   10   11   11   12
   13   14   15   15   15   14   14   13   12   12   12   12   13   14   15   17
   19   20   22   24   26   27   29   29   30
    70.0-180.0 180.0   5.0 450.0                            LAT/LON1/LON2/DLON/H
   37   38   38   39   38   37   36   35   33   31   29   27   25   23   21   21
   20   20   20   19   19   18   16   14   13   11   10   10   10   10    9    8
    8    8    8    8    7    7    7    7    7    7    8    9    9    9   10   11
   12   13   14   14   14   14   13   12   12   12   13   14   15   18   20   22
   25   27   29   31   33   34   35   37   37
    67.5-180.0 180.0   5.0 450.0                            LAT/LON1/LON2/DLON/H
   46   46   46   45   44   42   40   38   35   32   29   26   24   21   20   19
   19   19   20   20   21   20   18   17   14   13   12   12   11   10   10   10
   10    9    9    9    8    8    7    6    6    6    6    7    9    9    9   11
   12   13   14   15   15   14   13   12   12   13   14   16   19   23   26   30
   33   36   38   41   42   43   44   46   46
    65.0-180.0 180.0   5.0 450.0                            LAT/LON1/LON2/DLON/H
   55   54   54   52   50   47   45   41   37   34   31   27   24   21   20   18
   18   19   20   20   21   20   18   17   15   14   13   13   12   11   11   11
   11   10   10    9    9    8    8    7    7    6    6    6    8    9   10   12
   13   15   16   16   16   15   14   13   13   15   17   19   23   28   33   38
   42   45   48   50   52   53   54   54   55
    62.5-180.0 180.0   5.0 450.0                            LAT/LON1/LON2/DLON/H
   63   62   62   59   57   54   49   45   41   37   34   29   26   22   20   19
   19   19   20   20   20   18   17   16   14   14   14   14   13   11   12   12
   11   11   11   11   10    9    9    9    9    9    9   10   11   12   13   15
   16   17   17   17   17   17   16   15   16   18   21   23   27   33   40   45
   51   54   57   60   61   62   63   64   63
    60.0-180.0 180.0   5.0 450.0                            LAT/LON1/LON2/DLON/H
   71   69   69   66   63   59   55   50   46   41   37   33   29   25   23   21
   20   21   20   20   19   17   15   14   13   13   14   15   14   13   13   13
   12   12   12   12   12   12   12   14   14   14   15   16   18   19   19   19
   19   20   19   18   18   18   18   19   21   23   26   29   34   39   45   52
   58   62   65   68   69   70   71   71   71
    57.5-180.0 180.0   5.0 450.0                            LAT/LON1/LON2/DLON/H
   78   76   75   73   69   65   60   55   50   46   42   38   34   30   27   25
   23   22   21   20   18   15   14   13   13   14   15   16   16   16   16   16
   15   15   15   15   15   16   18   20   21   21   23   25   25   26   26   26
   24   23   22   21   20   20   20   23   26   28   31   34   39   44   50   56
   62   66   70   73   75   76   78   77   78
    55.0-180.0 180.0   5.0 450.0                            LAT/LON1/LON2/DLON/H
   84   83   81   78   75   71   66   62   56   52   48   44   40   36   33   30
   27   25   22   21   18   16   14   13   14   16   17   19   20   21   21   20
   20   19   19   20   21   22   24   27   29   31   33   33   34   34   33   32
   30   28   27   25   24   23   23   25   29   31   35   39   44   48   54   59
   64   69   73   77   80   81   82   83   84
    52.5-180.0 180.0   5.0 450.0                            LAT/LON1/LON2/DLON/H
   88   88   87   85   81   78   73   68   63   59   55   51   47   43   39   36
   32   29   25   22   20   18   16   16   18   20   22   24   26   27   26   25
   24   24   25   26   27   29   31   33   36   38   40   40   40   40   40   39
   37   35   33   31   30   28   27   29   30   33   37   42   47   52   56   60
   65   70   75   79   82   84   85   87   88
    50.0-180.0 180.0   5.0 450.0                            LAT/LON1/LON2/DLON/H
   92   93   92   90   88   85   80   76   71   66   62   58   54   50   47   42
   38   33   29   26   24   22   22   23   25   28   30   32   33   34   33   32
   31   31   31   33   34   36   38   40   42   44   46   46   47   47   47   46
   45   42   40   38   36   34   32   31   32   34   39   44   49   54   57   61
   66   71   76   80   84   86   88   90   92
    47.5-180.0 180.0   5.0 450.0                            LAT/LON1/LON2/DLON/H
   95   97   98   96   94   91   87   83   78   74   69   65   61   58   54   50
   44   40   36   33   31   31   32   34   35   38   39   40   41   41   40   38
   37   37   38   39   40   42   44   45   47   49   50   51   53   54   53   53
   51   50   47   45   42   39   36   34   34   37   41   46   51   54   57   62
   68   73   78   81   85   88   90   92   95
    45.0-180.0 180.0   5.0 450.0                            LAT/LON1/LON2/DLON/H
   99  102  102  101   99   97   94   90   87   81   76   71   67   64   60   56
   51   47   44   43   42   43   45   48   48   48   48   47   48   48   46   44
   43   43   44   45   45   48   49   50   51   52   52   54   56   58   58   58
   57   56   54   51   47   43   39   37   38   41   46   50   53   56   59   64
   70   76   80   83   86   90   91   95   99
    42.5-180.0 180.0   5.0 450.0                            LAT/LON1/LON2/DLON/H
  101  105  107  105  103  102   99   97   93   88   83   78   74   70   66   62
   58   54   53   54   55   57   59   62   60   58   56   55   54   53   51   49
   48   49   49   50   51   52   52   52   53   53   53   56   58   61   62   63
   62   60   57   54   50   46   42   40   41   45   50   54   56   59   63   68
   74   80   83   86   89   91   93   97  101
    40.0-180.0 180.0   5.0 450.0                            LAT/LON1/LON2/DLON/H
  104  108  110  108  106  105  104  102   99   95   90   85   80   76   72   68
   64   61   61   64   67   69   69   72   70   68   66   63   61   58   56   54
   53   54   54   55   55   55   54   54   54   55   55   57   60   63   66   67
   65   62   59   56   52   48   44   42   44   49   54   58   61   64   67   73
   79   84   88   91   92   93   95   99  104
    37.5-180.0 180.0   5.0 450.0                            LAT/LON1/LON2/DLON/H
  106  110  111  110  107  106  106  106  105  101   96   91   86   82   78   74
   70   68   69   73   76   78   79   80   80   77   74   70   66   63   61   59
   58   59   59   59   58   58   57   56   57   58   59   60   62   65   67   67
   64   62   59   56   52   48   45   44   47   52   57   63   66   69   73   78
   84   90   94   96   96   96   98  101  106
    35.0-180.0 180.0   5.0 450.0                            LAT/LON1/LON2/DLON/H
  109  113  113  111  107  105  107  108  109  107  103   98   92   87   83   79
   77   76   78   81   84   86   87   87   86   83   79   75   71   67   65   63
   63   63   63   63   62   61   60   59   60   62   62   63   63   65   65   63
   62   59   57   54   51   48   45   46   49   55   61   66   70   74   79   84
   90   95  100  102  101  101  101  104  109
    32.5-180.0 180.0   5.0 450.0                            LAT/LON1/LON2/DLON/H
  114  116  116  114  109  106  108  110  112  112  110  104   99   93   88   85
   83   82   84   88   89   89   90   89   87   84   81   76   73   71   69   67
   67   67   67   67   66   65   63   64   64   65   65   64   63   62   62   60
   58   55   53   51   48   46   45   47   52   58   63   69   73   77   82   89
   95  101  105  109  110  108  108  111  114
    30.0-180.0 180.0   5.0 450.0                            LAT/LON1/LON2/DLON/H
  123  125  123  119  114  110  109  112  115  116  115  110  105   99   94   90
   87   85   88   91   91   90   88   87   84   82   80   77   76   75   73   71
   70   70   70   71   69   68   67   67   68   67   67   65   62   61   59   58
   55   52   50   47   45   44   45   48   53   60   66   71   75   79   85   93
  100  106  112  116  119  119  119  121  123
    27.5-180.0 180.0   5.0 450.0                            LAT/LON1/LON2/DLON/H
  138  138  136  130  122  117  114  115  118  119  118  115  110  106  100   94
   90   87   88   90   90   89   85   83   81   80   78   78   78   77   76   74
   73   72   73   73   72   70   70   70   70   69   67   65   61   60   58   55
   52   49   47   45   43   43   45   49   55   62   68   72   75   80   87   97
  105  113  120  125  131  133  135  137  138
    25.0-180.0 180.0   5.0 450.0                            LAT/LON1/LON2/DLON/H
  158  157  153  147  137  130  125  123  123  122  121  120  116  111  104   97
   92   89   88   88   87   85   82   81   80   80   79   79   80   80   79   76
   74   74   74   74   73   70   70   70   71   68   65   62   60   59   56   53
   48   45   44   42   42   42   45   51   58   64   70   73   77   82   90  101
  110  120  128  136  143  149  153  157  158
    22.5-180.0 180.0   5.0 450.0                            LAT/LON1/LON2/DLON/H
  178  179  176  170  159  149  142  137  131  127  125  123  120  115  107   99
   93   89   88   86   84   82   80   80   80   80   80   79   81   82   80   78
   75   74   74   72   72   69   69   68   67   65   61   59   57   56   53   49
   45   42   40   41   41   42   45   52   60   67   73   76   80   86   96  107
  117  127  137  147  156  165  172  178  178
    20.0-180.0 180.0   5.0 450.0                            LAT/LON1/LON2/DLON/H
  198  200  202  195  184  174  163  154  142  135  130  127  124  119  111  101
   94   90   88   85   82   81   81   82   83   82   81   81   83   83   80   78
   74   72   72   71   70   67   66   65   63   60   56   53   53   52   50   46
   42   39   39   39   40   41   45   53   62   70   76   81   86   93  102  114
  125  135  145  157  169  182  191  197  198
    17.5-180.0 180.0   5.0 450.0                            LAT/LON1/LON2/DLON/H
  217  220  224  219  210  200  187  174  158  145  138  133  129  124  114  103
   95   90   88   86   84   84   86   88   88   86   84   84   84   83   79   76
   72   70   70   69   67   63   62   60   58   54   51   49   48   48   47   45
   42   38   38   38   38   40   46   55   66   74   81   87   94  102  111  123
  133  143  153  166  180  195  207  213  217
    15.0-180.0 180.0   5.0 450.0                            LAT/LON1/LON2/DLON/H
  231  236  239  236  230  220  210  194  174  158  148  141  136  129  120  109
   99   94   91   90   89   92   96   98   98   95   90   88   88   85   79   74
   70   67   67   65   63   59   57   56   53   50   47   45   45   45   44   44
   41   39   38   39   39   42   48   59   70   79   87   94  102  111  122  132
  142  151  162  174  187  201  215  224  231
    12.5-180.0 180.0   5.0 450.0                            LAT/LON1/LON2/DLON/H
  231  239  246  246  244  237  227  212  194  174  162  154  146  138  127  116
  106  100   97   97   98  103  109  111  110  104   98   94   92   88   81   73
   68   65   63   61   58   55   53   51   50   47   45   45   44   44   44   43
   41   39   38   39   39   43   50   62   74   84   93  102  111  121  131  141
  150  159  169  181  191  202  214  224  231
    10.0-180.0 180.0   5.0 450.0                            LAT/LON1/LON2/DLON/H
  223  233  242  248  248  246  241  229  214  194  180  169  158  148  138  126
  117  111  107  110  112  118  123  124  120  112  104   99   94   89   81   74
   68   64   62   58   55   52   50   49   48   47   45   45   44   45   44   44
   42   39   38   38   39   44   52   64   77   87   97  107  117  127  137  147
  156  165  176  186  194  201  209  215  223
     7.5-180.0 180.0   5.0 450.0                            LAT/LON1/LON2/DLON/H
  216  225  234  241  246  248  247  242  233  216  201  187  173  162  151  140
  132  126  124  127  130  134  136  134  126  116  106  100   95   89   81   74
   68   64   62   58   55   52   50   49   49   47   46   46   46   46   45   44
   41   38   38   37   39   44   54   66   78   89   99  109  119  129  139  148
  157  167  178  187  194  197  203  208  216
     5.0-180.0 180.0   5.0 450.0                            LAT/LON1/LON2/DLON/H
  215  222  229  235  241  246  249  249  245  236  223  207  190  178  167  157
  149  145  143  144  147  149  147  141  130  117  107  100   95   90   83   76
   71   68   65   61   58   54   52   52   51   50   49   49   48   47   45   42
   40   39   38   38   40   47   57   68   80   90   99  109  118  127  136  146
  155  166  176  185  191  195  199  206  215
     2.5-180.0 180.0   5.0 450.0                            LAT/LON1/LON2/DLON/H
  218  225  231  235  240  245  250  252  252  248  240  224  208  197  184  176
  168  165  163  162  163  162  156  145  131  118  107  101   97   92   86   80
   76   73   69   66   63   59   56   55   54   54   53   51   50   48   46   44
   43   41   40   40   42   50   60   71   81   90   99  107  116  124  133  141
  150  161  173  182  189  194  199  208  218
