DORISInput/IGSGIM/2019/igsg3400.19i
     1.0            IONOSPHERE MAPS     MIX                 IONEX VERSION / TYPE
cmpcmb v1.2          GRL/UWM            23-dec-19 15:05     PGM / RUN BY / DATE 
ionex file containing IGS COMBINED Ionosphere maps          COMMENT             
global ionosphere maps for day 340, 2019                    DESCRIPTION         
IONEX file containing the COMBINED IGS TEC MAPS and DCBs    DESCRIPTION         
      IONEX files of the following IAACs were combined: cod DESCRIPTION         
                                                        esa DESCRIPTION         
                                                        jpl DESCRIPTION         
                                                        upc DESCRIPTION         
Contact address: Andrzej Krankowski                         DESCRIPTION
                 Geodynamics Research Laboratory            DESCRIPTION
                 University of Warmia and Mazury (GRL/UWM)  DESCRIPTION
                 Oczapowski St. 1                           DESCRIPTION
                 10-957-Olsztyn, POLAND                     DESCRIPTION
                 e-mail:  kand@uwm.edu.pl                   DESCRIPTION
                                                            DESCRIPTION         
  2019    12     6     0     0     0                        EPOCH OF FIRST MAP  
  2019    12     7     0     0     0                        EPOCH OF LAST MAP   
  7200                                                      INTERVAL            
    13                                                      # OF MAPS IN FILE   
  COSZ                                                      MAPPING FUNCTION    
     0.0                                                    ELEVATION CUTOFF    
combined TEC calculated as weighted mean of input TEC valuesOBSERVABLES USED    
   393                                                      # OF STATIONS       
    32                                                      # OF SATELLITES     
  6371.0                                                    BASE RADIUS         
     2                                                      MAP DIMENSION       
   450.0 450.0   0.0                                        HGT1 / HGT2 / DHGT  
    87.5 -87.5  -2.5                                        LAT1 / LAT2 / DLAT  
  -180.0 180.0   5.0                                        LON1 / LON2 / DLON  
    -1                                                      EXPONENT            
TEC values in 0.1 tec units;  9999, if no value available   COMMENT             
DCB values in nanoseconds, reference is Sum_of_SatDCBs = 0  COMMENT             
                                                            END OF HEADER       
[from data line 3861]
    10                                                      START OF TEC MAP    
  2019    12     6    18     0     0                        EPOCH OF CURRENT MAP
    87.5-180.0 180.0   5.0 450.0                            LAT/LON1/LON2/DLON/H
   20   20   20   20   20   20   20   20   20   20   20   20   20   20   20   20
   20   20   21   20   20   20   20   21   20   20   20   21   21   21   21   20
   20   21   21   20   20   20   20   20   21   21   21   21   21   20   20   20
   20   20   21   21   21   21   21   21   21   21   21   21   21   21   21   21
   21   20   20   20   20   20   20   20   20
    85.0-180.0 180.0   5.0 450.0                            LAT/LON1/LON2/DLON/H
   19   19   19   19   19   19   19   19   19   20   20   20   20   21   21   21
   21   21   20   21   21   21   21   21   21   20   21   20   20   20   20   20
   20   21   21   21   21   21   21   21   22   21   21   21   21   21   21   21
   21   21   21   21   20   21   21   21   21   22   21   21   21   21   21   21
   21   20   20   20   20   20   20   20   19
    82.5-180.0 180.0   5.0 450.0                            LAT/LON1/LON2/DLON/H
   18   19   18   19   19   20   20   20   21   20   21   21   21   21   21   21
   22   22   21   21   21   21   22   20   20   20   20   20   20   20   20   21
   21   21   21   22   22   22   22   22   22   22   22   22   22   22   21   22
   21   21   22   21   21   20   21   21   22   22   22   22   22   22   22   21
   20   20   20   19   19   19   18   18   18
    80.0-180.0 180.0   5.0 450.0                            LAT/LON1/LON2/DLON/H
   18   19   19   20   20   20   20   20   20   20   21   21   21   21   22   22
   22   22   22   21   21   22   22   20   21   21   21   21   20   21   21   20
   20   20   20   20   21   21   22   22   22   22   22   22   22   21   21   21
   21   21   21   21   22   22   22   21   22   22   22   22   22   22   21   21
   20   20   19   19   18   18   18   18   18
    77.5-180.0 180.0   5.0 450.0                            LAT/LON1/LON2/DLON/H
   18   18   18   18   18   18   18   18   19   19   20   21   22   22   23   24
   24   24   24   24   24   24   24   26   25   23   22   21   21   20   20   20
   20   20   21   21   20   20   20   20   20   20   20   20   20   20   20   20
   20   20   20   20   21   21   21   22   22   22   22   22   22   22   22   21
   21   20   19   19   18   18   18   18   18
    75.0-180.0 180.0   5.0 450.0                            LAT/LON1/LON2/DLON/H
   17   17   16   16   16   16   16   17   18   18   20   21   22   23   25   26
   27   28   30   29   29   29   27   27   27   25   23   22   20   19   19   19
   19   19   18   18   18   18   17   18   18   18   18   17   18   18   18   18
   19   19   19   19   19   19   20   21   22   22   22   22   22   23   22   22
   21   21   20   20   20   19   18   18   17
    72.5-180.0 180.0   5.0 450.0                            LAT/LON1/LON2/DLON/H
   17   16   15   14   14   14   14   15   15   17   19   20   23   25   28   30
   32   33   34   35   35   34   32   31   30   28   25   22   21   19   18   17
   17   17   17   16   15   15   15   15   15   15   15   14   14   14   15   16
   16   17   18   18   18   18   19   20   21   21   22   23   23   23   23   23
   23   23   23   22   21   20   19   18   17
    70.0-180.0 180.0   5.0 450.0                            LAT/LON1/LON2/DLON/H
   17   16   15   14   12   12   12   13   14   16   19   22   25   28   31   34
   36   39   42   42   42   40   38   36   35   32   28   25   23   20   19   17
   15   15   15   14   13   13   12   11   12   12   12   11   11   12   13   13
   14   15   16   17   17   18   19   20   20   22   23   23   24   25   25   26
   26   26   25   24   23   21   20   19   17
    67.5-180.0 180.0   5.0 450.0                            LAT/LON1/LON2/DLON/H
   19   18   17   15   14   13   13   13   15   18   21   25   29   32   35   38
   42   45   47   47   47   46   44   42   38   35   32   28   25   23   20   19
   16   13   13   12   11   11   10    9   10   10    9    9   10   10   11   12
   13   14   15   16   16   18   19   20   21   22   23   24   26   27   28   29
   29   30   29   28   26   25   23   21   19
    65.0-180.0 180.0   5.0 450.0                            LAT/LON1/LON2/DLON/H
   23   22   22   20   19   17   16   17   19   22   26   30   33   37   40   43
   46   49   51   52   51   50   49   46   42   39   35   32   28   25   23   21
   18   15   12   11   10   10   10    9    9    9    9   10   11   11   12   12
   14   15   16   16   17   18   19   20   21   23   24   25   28   30   31   33
   33   33   33   33   31   29   27   25   23
    62.5-180.0 180.0   5.0 450.0                            LAT/LON1/LON2/DLON/H
   30   29   28   27   26   23   23   23   25   29   33   36   39   43   45   48
   50   52   54   55   55   54   52   49   46   43   40   37   33   30   26   22
   20   17   14   12   11   11   11   11   10   11   11   12   13   13   14   15
   16   17   17   18   18   19   19   21   23   24   25   27   29   32   34   36
   37   38   38   38   37   35   32   30   30
    60.0-180.0 180.0   5.0 450.0                            LAT/LON1/LON2/DLON/H
   38   37   36   35   33   32   32   32   34   37   40   44   47   49   51   53
   54   55   56   57   56   55   54   52   50   48   45   42   40   36   31   26
   23   20   16   14   13   13   13   13   13   14   15   15   16   18   19   19
   20   20   20   20   20   21   21   23   24   26   27   29   31   35   37   40
   42   44   44   44   43   41   39   38   38
    57.5-180.0 180.0   5.0 450.0                            LAT/LON1/LON2/DLON/H
   45   45   44   43   41   41   41   41   43   46   49   52   54   56   57   57
   58   58   58   58   57   56   56   55   54   53   50   48   46   42   36   31
   27   23   20   18   17   16   17   17   18   18   19   20   21   23   24   25
   24   24   24   24   24   25   25   27   27   29   30   33   35   37   40   44
   48   50   51   51   49   47   45   45   45
    55.0-180.0 180.0   5.0 450.0                            LAT/LON1/LON2/DLON/H
   51   51   51   50   50   50   49   51   52   54   57   59   61   62   62   62
   61   61   60   59   59   58   58   58   59   59   57   54   53   48   43   37
   33   29   26   24   22   22   23   23   24   24   25   26   27   29   30   30
   30   30   30   30   30   31   31   31   32   34   35   37   39   40   43   47
   52   54   55   55   54   51   50   51   51
    52.5-180.0 180.0   5.0 450.0                            LAT/LON1/LON2/DLON/H
   55   57   57   57   58   59   59   60   61   62   63   66   67   68   67   67
   65   64   63   61   61   61   61   63   65   67   65   63   60   56   49   43
   38   35   32   31   29   30   30   30   31   31   32   33   34   35   35   36
   37   37   37   36   36   36   36   37   38   40   41   42   43   44   46   48
   53   55   57   57   56   54   53   53   55
    50.0-180.0 180.0   5.0 450.0                            LAT/LON1/LON2/DLON/H
   56   59   61   63   66   67   68   69   69   70   69   71   73   73   72   71
   70   68   66   64   64   64   65   69   72   74   74   72   68   62   55   48
   44   41   39   37   37   37   37   38   38   38   39   40   41   41   42   43
   43   44   44   43   43   43   42   43   44   45   46   47   47   47   48   49
   52   55   56   56   55   54   53   54   56
    47.5-180.0 180.0   5.0 450.0                            LAT/LON1/LON2/DLON/H
   54   58   62   66   70   73   74   75   76   75   74   75   77   77   77   77
   76   73   71   69   68   70   72   76   81   84   84   82   77   68   61   54
   49   46   44   44   44   45   45   45   45   46   46   46   47   47   48   49
   49   50   50   50   50   50   49   49   50   51   51   51   50   49   49   49
   51   53   53   53   51   51   51   52   54
    45.0-180.0 180.0   5.0 450.0                            LAT/LON1/LON2/DLON/H
   51   55   60   66   72   77   80   81   81   80   79   79   80   80   82   82
   81   80   78   77   76   78   82   87   92   95   94   91   84   75   67   60
   54   50   49   50   51   53   53   52   53   53   52   52   52   53   53   54
   55   56   56   57   56   55   55   55   54   55   54   54   53   51   50   50
   50   50   49   49   48   47   48   48   51
    42.5-180.0 180.0   5.0 450.0                            LAT/LON1/LON2/DLON/H
   47   51   56   63   71   78   83   85   85   84   82   82   83   84   86   88
   87   87   85   85   87   89   93   98  103  105  103   98   90   82   73   66
   59   55   55   56   58   59   59   59   60   59   58   57   57   58   58   59
   61   62   62   62   62   60   60   58   57   57   57   56   54   53   51   50
   50   49   48   47   46   45   45   45   47
    40.0-180.0 180.0   5.0 450.0                            LAT/LON1/LON2/DLON/H
   43   47   52   60   69   78   85   88   89   89   86   85   87   88   90   92
   93   94   93   94   97  101  105  110  113  114  108  102   95   87   79   72
   65   62   60   61   63   65   66   66   66   65   64   62   62   62   62   64
   66   66   66   65   64   63   62   60   58   58   57   56   55   54   53   51
   50   49   48   47   45   44   43   42   43
    37.5-180.0 180.0   5.0 450.0                            LAT/LON1/LON2/DLON/H
   41   44   48   56   66   77   85   90   92   93   91   90   91   92   94   96
   98   99  101  103  107  111  116  119  120  118  113  106   99   91   85   79
   73   69   66   67   68   70   71   72   71   70   68   67   66   66   67   67
   69   69   68   66   65   64   62   60   59   58   57   56   55   54   54   53
   51   50   48   47   46   44   43   41   41
    35.0-180.0 180.0   5.0 450.0                            LAT/LON1/LON2/DLON/H
   41   42   46   54   64   74   84   90   94   96   96   95   96   97   99  100
  103  106  108  112  116  120  123  125  124  121  115  109  103   96   92   86
   81   78   75   74   74   75   75   76   76   74   72   71   69   69   69   70
   69   69   68   66   64   62   61   60   59   58   56   55   55   54   54   53
   52   51   49   48   47   45   43   41   41
    32.5-180.0 180.0   5.0 450.0                            LAT/LON1/LON2/DLON/H
   42   44   47   54   63   72   81   88   93   97   99  100  101  103  104  105
  107  111  114  118  122  126  128  128  126  123  117  112  107  102   99   96
   92   89   85   82   80   80   79   79   79   78   76   74   72   70   70   70
   69   68   66   64   63   61   60   59   58   57   55   54   54   54   54   53
   52   50   49   48   47   46   45   43   42
    30.0-180.0 180.0   5.0 450.0                            LAT/LON1/LON2/DLON/H
   45   47   51   57   65   72   79   85   91   96  100  103  106  108  108  109
  110  114  118  121  127  130  131  129  127  124  120  116  113  110  109  107
  105  101   96   93   89   86   84   83   83   81   79   76   73   71   71   69
   68   67   64   63   62   60   59   59   58   57   55   54   53   53   53   52
   51   49   47   46   46   47   46   45   45
    27.5-180.0 180.0   5.0 450.0                            LAT/LON1/LON2/DLON/H
   48   51   57   62   68   74   79   84   90   96  101  105  109  112  112  111
  112  114  118  121  127  131  130  128  125  123  121  120  122  121  122  122
  121  117  111  105   99   93   89   87   87   84   81   77   74   73   71   69
   67   65   63   62   60   59   58   57   57   56   55   53   52   52   52   51
   50   47   45   45   45   45   45   46   48
    25.0-180.0 180.0   5.0 450.0                            LAT/LON1/LON2/DLON/H
   50   55   63   68   74   78   81   85   90   96  102  107  111  114  115  114
  113  114  117  120  126  129  127  125  123  122  125  129  133  138  139  140
  140  134  126  118  109  101   95   92   89   87   82   78   75   73   71   69
   66   63   61   60   59   57   57   55   55   55   55   53   52   51   50   50
   48   46   43   42   42   43   44   46   50
    22.5-180.0 180.0   5.0 450.0                            LAT/LON1/LON2/DLON/H
   50   58   68   75   80   84   87   89   92   98  104  109  113  116  117  115
  114  114  116  118  124  125  124  122  123  127  134  142  150  156  161  162
  159  152  143  132  119  109  102   96   92   89   84   80   77   74   71   69
   65   62   59   57   56   56   55   54   53   53   53   52   51   49   49   48
   46   43   41   40   39   39   40   44   50
    20.0-180.0 180.0   5.0 450.0                            LAT/LON1/LON2/DLON/H
   47   58   70   79   86   90   93   95   97  102  108  113  117  120  121  118
  116  115  116  119  122  124  125  126  129  138  148  159  169  178  182  182
  179  170  160  145  130  119  109  101   96   92   87   83   79   75   72   68
   65   61   57   55   55   55   54   53   52   52   52   51   50   48   47   45
   43   41   39   38   36   36   37   40   47
    17.5-180.0 180.0   5.0 450.0                            LAT/LON1/LON2/DLON/H
   45   57   71   82   90   96  100  102  105  109  114  118  123  124  125  123
  120  118  118  120  123  126  129  134  140  152  163  176  187  196  201  201
  196  184  172  156  140  126  115  108  100   95   91   86   81   76   72   68
   64   60   57   55   54   54   53   52   52   52   51   50   49   48   46   43
   41   39   37   36   35   34   34   37   45
    15.0-180.0 180.0   5.0 450.0                            LAT/LON1/LON2/DLON/H
   44   56   71   83   93  100  106  110  114  117  121  125  129  131  130  129
  125  123  122  124  127  131  135  142  152  165  178  190  200  208  213  214
  206  194  180  164  147  132  121  112  104   99   94   88   84   79   74   69
   65   62   58   56   55   54   52   52   51   51   51   50   49   47   44   42
   39   38   37   36   35   32   33   36   44
    12.5-180.0 180.0   5.0 450.0                            LAT/LON1/LON2/DLON/H
   44   57   71   85   96  104  111  117  122  125  129  133  136  138  137  136
  132  129  128  129  132  137  143  151  162  175  189  199  209  216  221  220
  212  199  185  169  153  139  127  117  109  102   97   91   87   81   75   70
   66   63   60   57   55   53   52   51   50   50   50   50   48   46   43   41
   39   37   37   37   36   34   33   36   44
    10.0-180.0 180.0   5.0 450.0                            LAT/LON1/LON2/DLON/H
   46   58   73   86   97  107  116  123  130  134  137  141  144  146  145  143
  140  137  135  136  139  145  152  161  172  184  197  207  215  220  222  220
  212  201  188  173  160  147  135  124  114  106  100   94   90   84   78   72
   68   64   61   58   55   53   51   49   49   49   49   49   48   46   43   40
   38   37   37   38   37   35   34   38   46
     7.5-180.0 180.0   5.0 450.0                            LAT/LON1/LON2/DLON/H
   49   61   75   88  100  111  121  130  138  142  146  151  153  155  153  152
  149  146  144  146  148  154  162  172  182  192  202  212  218  221  221  219
  212  203  193  181  170  157  145  132  121  111  104   98   93   87   81   74
   70   66   62   59   55   52   50   49   49   49   49   49   49   47   44   41
   38   37   37   38   38   36   36   40   49
     5.0-180.0 180.0   5.0 450.0                            LAT/LON1/LON2/DLON/H
   53   65   78   90  102  114  126  137  145  151  156  160  162  164  163  161
  159  157  156  158  161  166  173  181  191  199  207  215  219  223  223  221
  218  211  203  194  183  170  157  142  128  116  108  102   96   91   85   79
   74   69   66   63   58   53   51   51   52   52   51   51   51   49   47   43
   38   36   36   38   38   37   38   44   53
     2.5-180.0 180.0   5.0 450.0                            LAT/LON1/LON2/DLON/H
   57   68   80   92  106  119  131  142  152  159  164  168  171  172  172  171
  170  169  168  172  175  179  183  189  197  205  212  218  223  227  229  229
  229  224  219  209  197  185  170  152  135  121  112  106  101   97   92   85
   79   74   70   67   63   57   55   55   56   55   54   53   53   53   50   46
   40   37   36   37   38   38   40   47   57
