DORISInput/IGSGIM/2019/igsg3650.19i
     1.0            IONOSPHERE MAPS     MIX                 IONEX VERSION / TYPE
cmpcmb v1.2          GRL/UWM            16-jan-20 12:56     PGM / RUN BY / DATE 
ionex file containing IGS COMBINED Ionosphere maps          COMMENT             
global ionosphere maps for day 365, 2019                    DESCRIPTION         
IONEX file containing the COMBINED IGS TEC MAPS and DCBs    DESCRIPTION         
      IONEX files of the following IAACs were combined: cod DESCRIPTION         
                                                        esa DESCRIPTION         
                                                        jpl DESCRIPTION         
                                                        upc DESCRIPTION         
Contact address: Andrzej Krankowski                         DESCRIPTION
                 Geodynamics Research Laboratory            DESCRIPTION
                 University of Warmia and Mazury (GRL/UWM)  DESCRIPTION
                 Oczapowski St. 1                           DESCRIPTION
                 10-957-Olsztyn, POLAND                     DESCRIPTION
                 e-mail:  kand@uwm.edu.pl                   DESCRIPTION
                                                            DESCRIPTION         
  2019    12    31     0     0     0                        EPOCH OF FIRST MAP  
  2020     1     1     0     0     0                        EPOCH OF LAST MAP   
  7200                                                      INTERVAL            
    13                                                      # OF MAPS IN FILE   
  COSZ                                                      MAPPING FUNCTION    
     0.0                                                    ELEVATION CUTOFF    
combined TEC calculated as weighted mean of input TEC valuesOBSERVABLES USED    
   390                                                      # OF STATIONS       
    32                                                      # OF SATELLITES     
  6371.0                                                    BASE RADIUS         
     2                                                      MAP DIMENSION       
   450.0 450.0   0.0                                        HGT1 / HGT2 / DHGT  
    87.5 -87.5  -2.5                                        LAT1 / LAT2 / DLAT  
  -180.0 180.0   5.0                                        LON1 / LON2 / DLON  
    -1                                                      EXPONENT            
TEC values in 0.1 tec units;  9999, if no value available   COMMENT             
DCB values in nanoseconds, reference is Sum_of_SatDCBs = 0  COMMENT             
                                                            END OF HEADER       
[from data line 3003]
     8                                                      START OF TEC MAP    
  2019    12    31    14     0     0                        EPOCH OF CURRENT MAP
    87.5-180.0 180.0   5.0 450.0                            LAT/LON1/LON2/DLON/H
   20   20   20   20   20   20   20   20   20   19   19   19   19   19   19   19
   19   18   18   18   18   18   18   18   18   17   17   17   17   18   17   18
   18   18   18   18   18   19   19   19   19   20   20   20   20   20   20   20
   21   21   21   21   21   21   21   21   21   21   21   21   21   21   21   21
   21   20   20   20   20   20   20   20   20
    85.0-180.0 180.0   5.0 450.0                            LAT/LON1/LON2/DLON/H
   20   20   20   20   19   19   19   19   19   19   19   19   18   18   18   18
   18   17   17   17   16   16   16   16   16   16   16   16   15   16   15   16
   16   16   16   17   17   17   17   17   17   18   18   18   19   19   20   20
   21   22   21   22   22   23   23   23   23   22   22   22   22   21   21   21
   21   21   21   21   21   21   21   20   20
    82.5-180.0 180.0   5.0 450.0                            LAT/LON1/LON2/DLON/H
   19   20   20   20   20   20   19   19   19   19   19   19   18   18   18   17
   17   16   15   15   15   14   14   14   14   14   14   13   13   14   14   14
   14   15   15   15   15   16   16   16   17   17   17   17   18   18   18   19
   19   20   20   21   21   22   23   23   23   23   23   23   22   22   22   21
   21   21   21   20   19   19   19   19   19
    80.0-180.0 180.0   5.0 450.0                            LAT/LON1/LON2/DLON/H
   18   19   19   19   18   18   18   19   19   19   19   18   18   18   17   17
   16   15   15   14   13   13   13   13   13   12   12   12   13   13   13   13
   14   14   14   14   14   14   15   15   15   15   15   15   16   16   16   17
   17   18   19   19   19   21   22   22   23   23   22   22   22   21   21   21
   20   19   19   18   18   18   18   18   18
    77.5-180.0 180.0   5.0 450.0                            LAT/LON1/LON2/DLON/H
   17   17   17   17   18   18   19   19   20   20   19   19   18   17   17   17
   16   15   15   14   14   13   13   12   12   13   13   13   14   14   14   14
   15   15   15   14   14   14   14   14   14   14   14   14   14   14   14   15
   15   16   16   17   17   18   20   21   21   21   21   21   20   20   20   20
   18   18   17   17   17   16   16   17   17
    75.0-180.0 180.0   5.0 450.0                            LAT/LON1/LON2/DLON/H
   16   16   16   17   17   18   18   19   19   19   18   18   18   18   18   17
   17   17   16   15   15   15   15   14   14   14   15   16   16   17   17   18
   18   18   18   17   16   16   15   15   14   13   13   12   12   13   13   13
   14   14   15   15   16   16   18   19   19   20   19   19   20   20   19   18
   18   17   17   17   15   15   15   16   16
    72.5-180.0 180.0   5.0 450.0                            LAT/LON1/LON2/DLON/H
   16   17   16   17   17   17   17   17   17   17   17   18   18   18   17   17
   18   17   16   17   16   17   17   18   18   19   20   21   21   22   21   22
   22   22   22   21   20   19   18   16   15   14   13   13   12   12   12   12
   12   13   13   14   14   15   16   17   18   18   18   19   19   19   18   18
   17   17   17   16   15   15   15   15   16
    70.0-180.0 180.0   5.0 450.0                            LAT/LON1/LON2/DLON/H
   17   18   18   18   17   17   17   16   16   16   16   16   17   16   16   17
   17   17   17   18   19   20   21   23   24   24   25   26   27   28   28   28
   28   27   26   25   24   22   20   19   17   16   15   15   14   13   13   13
   13   13   13   14   14   15   16   17   18   18   19   19   19   19   19   18
   18   18   18   16   16   16   16   17   17
    67.5-180.0 180.0   5.0 450.0                            LAT/LON1/LON2/DLON/H
   20   20   20   19   18   17   17   16   15   15   15   15   15   14   15   15
   15   15   17   19   21   23   24   27   28   30   30   32   33   33   34   34
   33   32   31   30   27   25   23   22   20   19   18   18   17   17   16   16
   15   15   15   15   16   17   17   18   19   20   20   20   21   21   20   21
   20   20   19   19   18   19   19   20   20
    65.0-180.0 180.0   5.0 450.0                            LAT/LON1/LON2/DLON/H
   24   24   23   22   21   19   17   16   16   15   14   14   13   13   13   13
   13   14   16   19   22   25   27   29   32   34   36   37   38   39   40   39
   38   38   36   34   31   29   26   25   24   23   22   22   22   21   20   19
   19   18   18   18   19   19   20   20   21   21   22   22   22   23   23   23
   23   22   22   21   21   22   23   24   24
    62.5-180.0 180.0   5.0 450.0                            LAT/LON1/LON2/DLON/H
   28   28   27   25   23   21   19   18   16   15   15   14   13   12   12   12
   13   14   16   19   22   26   29   32   35   37   39   42   42   44   45   44
   44   43   40   38   35   32   30   28   27   27   27   27   27   26   25   24
   23   21   21   21   22   21   22   23   23   24   23   24   25   25   25   26
   26   25   24   24   24   25   27   27   28
    60.0-180.0 180.0   5.0 450.0                            LAT/LON1/LON2/DLON/H
   31   32   31   29   27   24   22   20   18   17   16   15   14   13   12   12
   13   14   17   20   24   28   31   34   37   40   43   45   47   49   49   49
   49   48   46   43   40   36   34   32   32   32   32   33   32   32   30   29
   27   25   24   23   24   24   24   26   27   26   26   27   28   29   29   29
   29   28   27   27   27   28   29   31   31
    57.5-180.0 180.0   5.0 450.0                            LAT/LON1/LON2/DLON/H
   34   35   34   33   31   28   26   24   23   21   20   18   16   15   13   13
   15   16   19   23   26   30   34   37   40   43   46   49   52   54   55   55
   54   53   51   48   45   41   39   37   37   37   38   39   38   37   36   33
   31   30   28   28   28   28   28   29   30   31   31   31   32   34   34   34
   33   32   30   30   29   30   32   33   34
    55.0-180.0 180.0   5.0 450.0                            LAT/LON1/LON2/DLON/H
   37   37   37   36   35   32   30   29   28   26   25   23   21   19   17   17
   18   20   23   26   29   33   37   40   44   47   51   54   57   59   59   60
   59   59   56   53   51   48   46   44   44   44   45   45   44   43   41   39
   37   34   33   33   33   33   34   35   35   36   36   37   38   39   39   39
   37   35   34   33   32   33   34   35   37
    52.5-180.0 180.0   5.0 450.0                            LAT/LON1/LON2/DLON/H
   39   40   40   40   39   37   36   35   34   33   31   28   27   24   22   22
   23   25   28   31   34   38   42   45   49   53   57   60   63   66   65   65
   65   63   61   59   57   55   54   53   52   52   52   51   50   49   47   45
   42   40   38   38   38   39   40   41   41   42   42   42   43   44   44   43
   41   39   37   35   35   35   36   37   39
    50.0-180.0 180.0   5.0 450.0                            LAT/LON1/LON2/DLON/H
   41   42   43   43   43   42   42   40   40   39   37   35   33   30   29   28
   30   32   35   38   41   45   49   53   57   62   66   69   72   73   72   71
   69   67   65   64   63   63   62   62   62   61   60   59   57   56   53   51
   49   46   45   43   44   44   46   47   47   48   48   47   48   47   47   46
   44   42   40   38   38   38   39   40   41
    47.5-180.0 180.0   5.0 450.0                            LAT/LON1/LON2/DLON/H
   43   44   44   45   45   46   45   45   45   44   43   41   40   37   36   36
   37   39   43   46   50   54   59   63   68   73   77   80   81   81   79   77
   74   71   69   68   69   71   71   72   71   71   69   67   66   64   61   59
   56   54   51   50   49   50   52   52   53   53   53   52   51   50   50   48
   46   44   42   41   40   41   42   43   43
    45.0-180.0 180.0   5.0 450.0                            LAT/LON1/LON2/DLON/H
   45   45   45   46   47   48   48   48   48   48   47   46   45   44   43   43
   45   49   52   57   61   66   71   76   80   85   89   90   90   89   86   82
   77   73   72   73   75   78   80   81   80   79   77   75   73   71   69   67
   64   62   59   57   57   57   57   58   58   57   56   55   54   53   52   50
   48   46   44   43   42   43   44   45   45
    42.5-180.0 180.0   5.0 450.0                            LAT/LON1/LON2/DLON/H
   46   46   46   46   47   48   49   50   50   51   51   51   50   49   49   50
   53   57   62   67   72   78   84   89   93   97   99  100   99   96   92   86
   80   76   75   77   81   85   87   89   89   87   85   81   79   78   77   75
   72   69   67   65   63   63   62   62   61   60   58   56   55   54   53   51
   49   47   46   45   45   45   46   46   46
    40.0-180.0 180.0   5.0 450.0                            LAT/LON1/LON2/DLON/H
   47   46   46   46   46   48   49   50   51   53   53   53   54   54   55   57
   60   66   72   78   84   91   95  100  103  106  108  108  107  104   98   91
   84   80   81   83   87   91   96   97   97   94   90   87   85   84   83   82
   80   76   73   71   68   67   66   65   64   63   60   57   56   54   53   52
   50   48   47   47   47   47   48   47   47
    37.5-180.0 180.0   5.0 450.0                            LAT/LON1/LON2/DLON/H
   47   46   45   45   46   47   47   49   51   53   55   56   57   58   61   63
   68   74   81   87   93  100  105  108  111  113  114  114  114  110  103   95
   90   89   89   92   95   99  103  105  104  101   96   92   90   89   88   86
   84   81   78   75   72   70   68   66   66   64   62   59   57   55   53   52
   50   48   47   47   48   48   48   48   47
    35.0-180.0 180.0   5.0 450.0                            LAT/LON1/LON2/DLON/H
   46   46   45   45   44   45   46   48   50   53   56   57   60   62   66   69
   74   82   88   94  101  107  111  114  115  116  116  117  117  113  109  104
  101  101  102  104  106  108  111  113  112  107  101   97   94   92   91   90
   86   84   81   77   74   71   69   67   66   65   63   60   58   56   55   53
   51   49   47   46   47   47   47   47   46
    32.5-180.0 180.0   5.0 450.0                            LAT/LON1/LON2/DLON/H
   46   45   45   44   44   44   45   47   50   52   55   58   62   66   70   75
   81   87   93   99  104  110  113  116  116  116  116  117  118  118  117  115
  115  118  119  120  121  121  122  122  120  115  108  101   98   97   95   93
   88   84   82   79   76   73   71   68   67   66   64   62   61   59   57   55
   53   50   47   46   45   46   46   46   46
    30.0-180.0 180.0   5.0 450.0                            LAT/LON1/LON2/DLON/H
   46   46   46   45   45   44   45   46   49   51   54   58   63   68   74   80
   85   90   95  100  105  109  112  114  114  113  113  115  120  124  127  129
  133  138  140  141  139  137  134  131  128  123  116  109  105  103  100   96
   91   86   83   80   78   76   73   71   69   68   66   65   64   62   60   57
   55   51   48   45   44   44   46   46   46
    27.5-180.0 180.0   5.0 450.0                            LAT/LON1/LON2/DLON/H
   48   48   48   47   46   46   46   46   48   50   52   57   62   70   77   84
   88   92   96  100  104  108  110  111  111  110  112  116  125  133  140  146
  154  163  167  166  161  156  147  141  137  132  126  120  115  112  109  104
   96   90   84   82   81   78   76   73   71   71   70   69   68   66   63   60
   57   53   49   46   44   44   46   47   48
    25.0-180.0 180.0   5.0 450.0                            LAT/LON1/LON2/DLON/H
   50   50   51   50   48   48   47   48   48   48   51   55   61   69   78   85
   89   92   96  100  104  107  109  109  109  110  113  121  134  146  157  166
  177  187  192  193  183  174  162  152  148  143  137  132  129  126  123  116
  107   96   88   84   82   81   78   74   73   73   73   73   72   69   65   62
   59   55   51   47   45   45   47   49   50
    22.5-180.0 180.0   5.0 450.0                            LAT/LON1/LON2/DLON/H
   52   53   54   53   51   50   50   49   48   48   49   53   59   68   77   84
   89   93   96  101  104  107  108  109  111  114  119  130  147  162  175  185
  200  210  213  213  202  188  173  162  158  154  150  146  146  145  142  133
  120  106   94   88   86   84   81   77   76   76   76   75   74   70   67   63
   60   57   53   50   48   47   49   51   52
    20.0-180.0 180.0   5.0 450.0                            LAT/LON1/LON2/DLON/H
   54   54   55   55   53   52   52   51   50   48   48   51   57   65   75   83
   88   92   97  101  106  109  111  112  116  121  130  144  161  180  192  203
  217  223  224  218  207  195  179  170  167  166  164  163  165  166  163  151
  136  118  103   95   91   89   87   84   81   79   78   76   73   69   66   63
   61   58   55   53   51   50   51   52   54
    17.5-180.0 180.0   5.0 450.0                            LAT/LON1/LON2/DLON/H
   54   54   55   55   54   53   52   52   51   49   47   50   56   64   73   82
   87   92   97  103  108  112  115  119  125  133  144  160  177  195  207  218
  225  228  226  218  208  196  183  177  176  178  179  180  183  186  184  172
  153  131  113  102   97   94   93   91   88   84   80   75   71   67   64   62
   61   59   58   56   53   53   53   54   54
    15.0-180.0 180.0   5.0 450.0                            LAT/LON1/LON2/DLON/H
   54   54   54   53   53   52   52   52   51   49   48   50   55   63   72   82
   88   93   99  106  113  117  123  129  137  147  160  177  193  209  219  224
  228  230  226  217  208  197  187  184  184  187  190  194  198  203  200  188
  167  145  124  111  104  101   99   97   93   88   82   76   71   66   62   61
   60   59   60   58   56   55   55   55   54
    12.5-180.0 180.0   5.0 450.0                            LAT/LON1/LON2/DLON/H
   53   52   51   50   50   50   49   50   50   49   48   50   55   63   73   82
   89   96  102  110  119  126  134  142  152  164  177  192  204  214  220  222
  226  227  223  217  208  199  192  191  192  195  199  203  209  213  210  198
  179  156  134  119  110  105  103  100   96   90   84   77   70   66   62   60
   59   60   61   60   59   57   56   55   53
    10.0-180.0 180.0   5.0 450.0                            LAT/LON1/LON2/DLON/H
   51   49   47   46   46   46   46   47   48   47   47   50   55   64   75   84
   91  100  108  116  126  135  145  156  167  179  191  203  210  214  215  216
  219  222  220  217  211  204  200  199  199  201  204  208  213  217  213  200
  183  163  142  125  113  107  104  101   97   92   85   78   72   67   63   61
   60   61   62   61   60   59   57   54   51
     7.5-180.0 180.0   5.0 450.0                            LAT/LON1/LON2/DLON/H
   48   44   42   41   41   41   41   43   44   45   46   49   55   64   76   86
   95  104  112  123  133  145  157  167  180  192  203  210  211  210  209  209
  212  216  219  220  218  214  211  209  208  207  208  210  213  214  209  199
  185  167  147  131  117  109  105  103   99   94   89   83   78   73   69   66
   64   64   64   63   61   59   55   52   48
     5.0-180.0 180.0   5.0 450.0                            LAT/LON1/LON2/DLON/H
   45   41   38   37   37   37   37   38   40   41   44   48   55   65   77   89
   99  108  118  129  142  155  167  179  191  201  209  211  209  205  202  204
  209  217  225  229  230  228  225  221  217  212  210  210  210  208  205  197
  185  171  154  137  122  111  107  105  101   99   96   92   88   83   78   74
   70   68   66   64   62   59   54   50   45
     2.5-180.0 180.0   5.0 450.0                            LAT/LON1/LON2/DLON/H
   43   38   35   34   33   32   32   33   34   37   41   46   54   66   79   92
  103  113  123  135  148  163  177  189  199  208  211  211  207  202  200  203
  212  223  234  242  246  244  240  234  226  218  213  210  206  203  200  195
  187  175  161  145  128  117  111  107  105  104  104  102   99   94   89   84
   78   73   70   66   63   59   54   49   43
