DORISInput/IGSGIM/2019/igsg3560.19i
     1.0            IONOSPHERE MAPS     MIX                 IONEX VERSION / TYPE
cmpcmb v1.2          GRL/UWM            16-jan-20 11:37     PGM / RUN BY / DATE 
ionex file containing IGS COMBINED Ionosphere maps          COMMENT             
global ionosphere maps for day 356, 2019                    DESCRIPTION         
IONEX file containing the COMBINED IGS TEC MAPS and DCBs    DESCRIPTION         
      IONEX files of the following IAACs were combined: cod DESCRIPTION         
                                                        esa DESCRIPTION         
                                                        jpl DESCRIPTION         
                                                        upc DESCRIPTION         
Contact address: Andrzej Krankowski                         DESCRIPTION
                 Geodynamics Research Laboratory            DESCRIPTION
                 University of Warmia and Mazury (GRL/UWM)  DESCRIPTION
                 Oczapowski St. 1                           DESCRIPTION
                 10-957-Olsztyn, POLAND                     DESCRIPTION
                 e-mail:  kand@uwm.edu.pl                   DESCRIPTION
                                                            DESCRIPTION         
  2019    12    22     0     0     0                        EPOCH OF FIRST MAP  
  2019    12    23     0     0     0                        EPOCH OF LAST MAP   
  7200                                                      INTERVAL            
    13                                                      # OF MAPS IN FILE   
  COSZ                                                      MAPPING FUNCTION    
     0.0                                                    ELEVATION CUTOFF    
combined TEC calculated as weighted mean of input TEC valuesOBSERVABLES USED    
   389                                                      # OF STATIONS       
    32                                                      # OF SATELLITES     
  6371.0                                                    BASE RADIUS         
     2                                                      MAP DIMENSION       
   450.0 450.0   0.0                                        HGT1 / HGT2 / DHGT  
    87.5 -87.5  -2.5                                        LAT1 / LAT2 / DLAT  
  -180.0 180.0   5.0                                        LON1 / LON2 / DLON  
    -1                                                      EXPONENT            
TEC values in 0.1 tec units;  9999, if no value available   COMMENT             
DCB values in nanoseconds, reference is Sum_of_SatDCBs = 0  COMMENT             
                                                            END OF HEADER       
     1                                                      START OF TEC MAP    
  2019    12    22     0     0     0                        EPOCH OF CURRENT MAP
    87.5-180.0 180.0   5.0 450.0                            LAT/LON1/LON2/DLON/H
   22   22   22   22   22   22   22   22   22   21   21   20   20   19   19   18
   18   18   17   17   16   16   15   15   14   14   14   14   13   13   14   14
   14   14   14   14   14   14   14   15   15   15   16   16   16   17   17   17
   18   18   18   19   19   19   20   20   20   20   21   21   21   21   21   22
   22   22   22   22   22   22   22   23   22
    85.0-180.0 180.0   5.0 450.0                            LAT/LON1/LON2/DLON/H
   24   24   24   24   24   24   24   23   22   21   21   21   20   19   19   18
   17   16   15   15   13   12   11   10   10    9    9    9    9    9    9    8
    9    9    9   10   10   10   11   12   12   13   13   14   14   15   16   16
   17   17   17   18   18   19   19   19   20   20   20   20   21   21   21   22
   22   22   22   23   23   23   23   23   24
    82.5-180.0 180.0   5.0 450.0                            LAT/LON1/LON2/DLON/H
   23   23   23   24   24   24   24   23   23   22   21   21   20   20   18   17
   16   15   14   12   11   10    9    8    8    7    7    6    7    7    7    7
    7    7    7    7    8    8    9   10   11   12   13   13   14   15   15   16
   16   17   17   17   17   18   18   18   18   18   18   18   19   19   19   19
   20   20   20   21   22   22   22   23   23
    80.0-180.0 180.0   5.0 450.0                            LAT/LON1/LON2/DLON/H
   20   20   21   22   21   22   22   22   22   22   21   21   21   21   19   19
   17   15   13   12   11   10    8    7    6    7    7    6    6    6    6    6
    6    7    7    7    7    8    8    9   10   11   13   13   14   15   16   16
   16   16   16   16   16   16   16   15   15   15   15   15   15   15   15   15
   16   16   16   17   17   18   18   19   20
    77.5-180.0 180.0   5.0 450.0                            LAT/LON1/LON2/DLON/H
   16   16   17   19   19   20   21   21   22   22   22   21   20   19   17   17
   15   14   13   11    9    8    8    7    7    7    6    6    6    6    7    7
    7    7    7    7    7    8    9   10   11   11   12   13   14   15   15   15
   15   15   15   15   15   14   14   13   13   12   12   12   11   11   11   11
   12   12   12   13   13   14   14   15   16
    75.0-180.0 180.0   5.0 450.0                            LAT/LON1/LON2/DLON/H
   14   15   16   18   19   19   20   20   21   20   20   20   20   19   18   17
   15   14   12   10    9    8    8    7    7    7    7    7    7    7    7    7
    7    8    8    8    8    9    9   10   11   12   13   13   14   14   14   14
   14   13   13   13   12   12   11   11   10   10    9    9    9    9    9    9
    9   10   10   10   11   12   13   14   14
    72.5-180.0 180.0   5.0 450.0                            LAT/LON1/LON2/DLON/H
   17   18   18   18   19   19   19   19   20   19   20   20   19   18   18   17
   15   13   12   11   10   10    9    8    8    8    7    7    7    7    7    7
    8    8    8    9   10    9   10   11   11   11   12   12   12   12   12   12
   11   11   11   11   11   10   10    9    9    9    9    9    9    9    9    9
   10   10   10   11   12   14   15   16   17
    70.0-180.0 180.0   5.0 450.0                            LAT/LON1/LON2/DLON/H
   23   24   23   23   22   21   20   20   20   19   19   19   18   17   16   14
   13   13   12   12   13   13   12   11   12   11   10    8    8    8    8    8
    9   10   10   10   10    9    9    9   10   10   10   10   10   10   10   10
   10   10   10   10   10   10   10    9   10   10    9    9    9    9    9   10
   11   12   14   15   17   19   20   22   23
    67.5-180.0 180.0   5.0 450.0                            LAT/LON1/LON2/DLON/H
   32   32   30   29   28   26   24   23   21   20   19   19   18   16   14   13
   12   12   12   13   14   15   15   14   14   14   12   11   10   10   10   10
   10   11   11   11   11    9    8    8    8    9    9   10   10   10   10   10
   10    9    9    9    9    9   10   11   11   11   11   11   12   13   14   15
   17   18   20   21   24   26   28   30   32
    65.0-180.0 180.0   5.0 450.0                            LAT/LON1/LON2/DLON/H
   41   40   40   38   35   32   30   27   24   23   21   20   18   16   14   12
   11   11   12   13   15   16   16   16   16   15   14   13   12   10   11   11
   10   10   11   11   11   10    8    8    8    9    9   10   11   11   10   10
   10    9    9   10   11   12   13   14   15   15   14   15   16   18   20   21
   24   26   27   29   31   34   36   39   41
    62.5-180.0 180.0   5.0 450.0                            LAT/LON1/LON2/DLON/H
   49   50   50   47   44   39   36   32   29   26   25   22   20   18   15   13
   12   12   12   13   14   15   15   15   15   15   13   13   13   11   10   10
   10   10   11   11   11   11   10    9   10   11   12   13   14   14   14   13
   12   11   12   12   13   14   16   17   18   18   18   19   21   23   26   28
   31   33   35   37   38   41   44   47   49
    60.0-180.0 180.0   5.0 450.0                            LAT/LON1/LON2/DLON/H
   56   58   58   55   51   47   42   37   33   31   28   25   24   20   17   15
   14   13   13   13   14   14   14   14   13   13   12   12   12   12   11   11
   11   12   13   13   14   14   14   14   14   16   17   19   19   19   19   17
   16   15   15   16   17   18   20   21   21   22   22   23   26   29   33   36
   39   41   42   43   44   46   49   52   56
    57.5-180.0 180.0   5.0 450.0                            LAT/LON1/LON2/DLON/H
   59   61   62   61   58   53   48   43   39   35   32   29   27   24   21   18
   16   15   14   14   14   15   13   12   12   12   12   12   12   13   13   13
   14   15   17   18   19   20   21   22   22   24   26   27   26   26   25   23
   22   21   21   21   21   23   24   24   24   25   26   27   30   35   39   44
   46   48   49   49   50   51   54   56   59
    55.0-180.0 180.0   5.0 450.0                            LAT/LON1/LON2/DLON/H
   61   63   64   64   62   58   53   49   44   39   36   33   31   27   25   21
   19   18   17   16   15   16   14   12   12   12   12   14   15   16   16   18
   19   21   24   26   27   28   30   31   32   34   35   35   35   34   32   31
   29   27   26   26   26   27   27   28   28   28   29   31   35   40   44   49
   53   54   54   54   54   55   56   59   61
    52.5-180.0 180.0   5.0 450.0                            LAT/LON1/LON2/DLON/H
   62   64   66   67   66   63   59   54   49   45   41   38   35   32   28   25
   23   22   20   19   19   17   14   13   12   13   14   17   19   20   23   24
   26   29   32   34   36   38   40   41   42   43   44   44   43   42   40   37
   35   33   32   31   31   31   31   31   31   32   32   35   38   43   48   53
   57   59   59   58   57   58   59   60   62
    50.0-180.0 180.0   5.0 450.0                            LAT/LON1/LON2/DLON/H
   65   67   68   69   69   67   64   60   55   50   46   43   40   36   33   30
   28   26   25   23   22   21   18   15   15   16   18   22   25   30   32   34
   36   38   40   43   45   48   50   51   52   52   52   51   50   49   46   44
   41   38   37   36   35   34   34   35   35   35   37   39   42   47   52   57
   61   63   63   63   61   61   62   63   65
    47.5-180.0 180.0   5.0 450.0                            LAT/LON1/LON2/DLON/H
   68   69   71   73   73   72   70   66   60   55   51   49   46   43   38   35
   33   31   30   29   28   27   25   23   22   25   28   32   36   40   42   43
   44   47   48   51   54   56   58   59   60   59   58   56   54   53   51   48
   46   43   41   40   39   37   37   37   38   39   40   43   46   51   57   61
   64   67   68   67   66   65   65   66   68
    45.0-180.0 180.0   5.0 450.0                            LAT/LON1/LON2/DLON/H
   72   74   76   78   78   78   76   72   67   61   57   55   53   50   45   41
   38   36   35   36   37   37   36   35   35   37   40   44   48   51   51   51
   51   54   55   58   60   62   63   64   64   63   61   59   57   55   54   52
   50   48   46   44   42   40   40   40   42   43   45   48   51   55   60   64
   67   70   72   73   72   71   70   71   72
    42.5-180.0 180.0   5.0 450.0                            LAT/LON1/LON2/DLON/H
   77   78   80   82   84   85   82   78   73   68   65   62   61   57   52   47
   43   41   41   43   47   49   50   50   51   53   54   57   59   60   58   57
   57   58   60   61   63   65   66   67   66   65   62   60   58   57   57   56
   54   53   50   48   46   44   43   44   46   49   52   55   57   60   64   68
   71   74   77   78   78   77   77   77   77
    40.0-180.0 180.0   5.0 450.0                            LAT/LON1/LON2/DLON/H
   83   83   84   87   88   90   88   85   80   75   72   69   69   64   59   54
   48   47   48   53   58   63   65   66   67   68   68   68   68   67   64   62
   60   61   63   63   65   66   67   67   66   65   63   60   59   59   59   58
   57   56   54   51   49   46   46   47   50   56   59   62   65   66   69   72
   75   78   81   83   84   83   84   83   83
    37.5-180.0 180.0   5.0 450.0                            LAT/LON1/LON2/DLON/H
   87   87   88   89   92   93   92   89   85   81   78   77   76   72   67   60
   55   53   56   62   69   75   79   80   80   81   79   77   75   71   67   64
   63   64   64   64   64   65   66   66   66   64   62   61   60   60   60   60
   59   58   56   53   49   47   46   48   54   61   66   70   72   72   74   76
   79   82   85   87   88   88   89   88   87
    35.0-180.0 180.0   5.0 450.0                            LAT/LON1/LON2/DLON/H
   90   89   89   90   93   94   94   91   88   84   83   82   82   79   74   67
   62   59   65   71   77   85   89   90   90   87   85   81   78   75   70   66
   65   65   65   65   65   64   64   65   65   64   63   62   62   61   62   61
   59   57   55   53   50   47   46   50   57   65   71   75   77   77   79   80
   83   86   89   91   93   93   93   92   90
    32.5-180.0 180.0   5.0 450.0                            LAT/LON1/LON2/DLON/H
   93   91   89   90   92   93   93   92   89   87   86   86   87   84   79   74
   69   66   72   77   83   92   95   95   94   90   86   83   79   76   71   68
   67   68   67   67   65   64   63   64   64   65   64   64   63   63   62   60
   57   55   54   52   50   48   48   51   58   67   75   80   82   82   82   84
   87   90   94   96   97   97   98   96   93
    30.0-180.0 180.0   5.0 450.0                            LAT/LON1/LON2/DLON/H
   99   94   91   90   91   92   91   90   89   89   88   89   89   87   83   80
   77   74   77   81   88   95   95   95   92   89   85   81   78   77   73   71
   70   71   70   69   67   64   63   63   65   66   66   65   63   62   60   57
   54   53   51   50   49   49   49   53   60   69   77   82   84   85   86   88
   91   94   98   99  101  103  103  102   99
    27.5-180.0 180.0   5.0 450.0                            LAT/LON1/LON2/DLON/H
  106  101   96   94   94   93   92   90   90   91   91   90   90   88   86   84
   83   81   81   83   89   92   88   87   85   84   81   78   78   78   76   75
   74   74   73   71   68   65   63   64   64   66   66   64   62   60   57   54
   50   49   48   48   49   49   50   54   61   70   78   83   86   88   90   92
   95   99  102  105  109  110  112  111  106
    25.0-180.0 180.0   5.0 450.0                            LAT/LON1/LON2/DLON/H
  117  111  106  103  101  100   97   95   93   95   95   94   92   89   87   87
   88   87   84   82   84   84   79   77   76   76   76   76   79   81   82   81
   80   78   77   73   70   66   64   64   64   65   64   62   59   57   53   50
   46   45   44   45   47   48   50   54   61   71   79   85   88   91   94   96
  100  104  109  114  118  122  123  123  117
    22.5-180.0 180.0   5.0 450.0                            LAT/LON1/LON2/DLON/H
  133  126  121  117  116  113  109  106  103  104  104  100   96   91   89   89
   90   89   84   79   78   77   73   71   69   70   73   78   84   87   88   88
   85   84   80   76   72   68   64   64   64   63   61   58   55   52   49   46
   42   41   41   42   44   46   48   53   61   72   80   86   91   95   98  102
  107  113  118  124  129  135  138  139  133
    20.0-180.0 180.0   5.0 450.0                            LAT/LON1/LON2/DLON/H
  151  144  142  138  136  134  129  124  120  117  116  109  102   96   92   92
   93   90   84   78   75   73   71   70   70   72   76   84   91   94   94   92
   89   87   84   78   74   70   66   63   62   60   56   53   50   48   45   42
   40   39   39   40   42   44   47   52   62   72   81   88   95  101  105  111
  116  123  129  137  143  150  155  155  151
    17.5-180.0 180.0   5.0 450.0                            LAT/LON1/LON2/DLON/H
  170  170  164  161  160  158  155  147  141  136  131  121  110  102   98   98
   98   94   87   80   76   74   73   74   76   80   86   93   98  100   98   96
   93   90   86   80   76   70   66   62   59   56   52   48   45   44   42   41
   40   38   39   40   41   43   46   53   63   75   86   94  101  108  114  121
  128  134  142  150  158  165  169  171  170
    15.0-180.0 180.0   5.0 450.0                            LAT/LON1/LON2/DLON/H
  186  190  188  188  188  185  179  171  163  157  148  136  122  111  106  105
  103   99   93   86   82   79   79   81   86   90   96  101  105  104  102   99
   95   91   87   81   77   70   64   60   57   54   49   45   43   41   41   41
   41   40   40   40   40   42   46   55   66   79   91  101  109  117  125  132
  139  147  157  164  172  178  182  184  186
    12.5-180.0 180.0   5.0 450.0                            LAT/LON1/LON2/DLON/H
  198  202  202  205  209  210  203  192  186  179  168  153  136  123  116  112
  110  105   98   94   93   91   89   91   95  100  105  108  109  106  102  100
   95   90   86   80   77   70   64   60   57   55   49   45   43   42   42   43
   43   42   41   41   40   40   45   56   69   83   95  105  115  125  134  141
  150  159  169  176  183  188  192  195  198
    10.0-180.0 180.0   5.0 450.0                            LAT/LON1/LON2/DLON/H
  205  207  207  212  221  225  221  211  202  196  186  169  150  136  128  122
  117  111  107  106  107  106  104  104  105  108  112  112  109  104  100   97
   94   89   86   81   78   72   66   62   60   58   53   48   45   44   44   45
   45   44   42   40   38   38   44   56   71   86   97  108  119  130  139  148
  158  168  177  184  189  194  198  202  205
     7.5-180.0 180.0   5.0 450.0                            LAT/LON1/LON2/DLON/H
  209  210  211  215  223  229  228  217  212  207  200  183  164  151  141  134
  128  121  120  122  124  124  121  117  115  115  116  113  107  101   98   97
   95   91   88   85   83   77   72   67   64   62   58   53   48   46   46   47
   47   45   43   40   38   38   44   57   73   88   99  110  122  132  142  152
  162  172  181  187  192  197  202  206  209
     5.0-180.0 180.0   5.0 450.0                            LAT/LON1/LON2/DLON/H
  212  214  215  217  222  225  223  217  215  213  208  193  176  165  154  149
  140  136  136  140  144  144  140  132  125  121  119  113  106   99   98   99
   98   95   93   90   88   83   78   73   70   67   63   58   53   50   49   48
   48   46   43   40   38   38   46   59   76   89  101  111  122  133  143  153
  163  172  180  186  191  196  203  208  212
     2.5-180.0 180.0   5.0 450.0                            LAT/LON1/LON2/DLON/H
  216  221  220  221  222  220  218  215  216  217  213  201  186  176  169  164
  158  153  154  159  165  166  159  146  134  125  120  114  107  102  103  105
  105  103  101   98   97   90   84   78   74   71   68   64   59   55   53   51
   50   47   43   40   38   40   48   62   77   90  100  110  121  132  142  151
  161  170  177  182  188  195  203  210  216
