DORISInput/IGSGIM/2019/igsg3520.19i
     1.0            IONOSPHERE MAPS     MIX                 IONEX VERSION / TYPE
cmpcmb v1.2          GRL/UWM             4-jan-20 13:39     PGM / RUN BY / DATE 
ionex file containing IGS COMBINED Ionosphere maps          COMMENT             
global ionosphere maps for day 352, 2019                    DESCRIPTION         
IONEX file containing the COMBINED IGS TEC MAPS and DCBs    DESCRIPTION         
      IONEX files of the following IAACs were combined: cod DESCRIPTION         
                                                        esa DESCRIPTION         
                                                        jpl DESCRIPTION         
                                                        upc DESCRIPTION         
Contact address: Andrzej Krankowski                         DESCRIPTION
                 Geodynamics Research Laboratory            DESCRIPTION
                 University of Warmia and Mazury (GRL/UWM)  DESCRIPTION
                 Oczapowski St. 1                           DESCRIPTION
                 10-957-Olsztyn, POLAND                     DESCRIPTION
                 e-mail:  kand@uwm.edu.pl                   DESCRIPTION
                                                            DESCRIPTION         
  2019    12    18     0     0     0                        EPOCH OF FIRST MAP  
  2019    12    19     0     0     0                        EPOCH OF LAST MAP   
  7200                                                      INTERVAL            
    13                                                      # OF MAPS IN FILE   
  COSZ                                                      MAPPING FUNCTION    
     0.0                                                    ELEVATION CUTOFF    
combined TEC calculated as weighted mean of input TEC valuesOBSERVABLES USED    
   397                                                      # OF STATIONS       
    32                                                      # OF SATELLITES     
  6371.0                                                    BASE RADIUS         
     2                                                      MAP DIMENSION       
   450.0 450.0   0.0                                        HGT1 / HGT2 / DHGT  
    87.5 -87.5  -2.5                                        LAT1 / LAT2 / DLAT  
  -180.0 180.0   5.0                                        LON1 / LON2 / DLON  
    -1                                                      EXPONENT            
TEC values in 0.1 tec units;  9999, if no value available   COMMENT             
DCB values in nanoseconds, reference is Sum_of_SatDCBs = 0  COMMENT             
                                                            END OF HEADER       
[from data line 429]
     2                                                      START OF TEC MAP    
  2019    12    18     2     0     0                        EPOCH OF CURRENT MAP
    87.5-180.0 180.0   5.0 450.0                            LAT/LON1/LON2/DLON/H
   20   21   21   20   20   20   20   19   19   19   19   18   18   18   18   17
   17   17   16   16   16   16   16   15   16   16   16   16   16   16   16   17
   17   17   18   18   18   19   19   19   20   20   20   20   20   21   21   22
   22   22   23   23   23   23   23   22   22   22   22   22   22   22   22   21
   21   21   21   21   21   21   21   21   20
    85.0-180.0 180.0   5.0 450.0                            LAT/LON1/LON2/DLON/H
   21   21   21   21   21   21   21   21   21   20   20   20   19   18   18   16
   16   15   14   13   13   12   12   11   11   11   11   12   12   12   12   13
   14   14   15   16   17   18   18   19   20   20   21   22   22   22   23   23
   23   23   23   23   23   23   22   22   22   21   21   21   21   21   20   20
   20   20   20   21   21   21   21   21   21
    82.5-180.0 180.0   5.0 450.0                            LAT/LON1/LON2/DLON/H
   19   20   21   22   23   23   24   24   23   23   22   22   20   20   18   17
   16   15   14   12   11   11   11   10    9    9    9    9   10   11   11   12
   12   14   14   16   17   18   19   20   21   21   22   22   23   23   23   23
   23   23   22   22   21   21   20   19   18   18   18   17   17   17   17   17
   17   17   17   17   18   18   18   19   19
    80.0-180.0 180.0   5.0 450.0                            LAT/LON1/LON2/DLON/H
   17   18   19   20   21   22   23   23   24   24   25   24   23   22   20   19
   18   16   14   13   12   10   10    8    8    8    8    9    9   10   10   10
   11   11   12   13   15   17   19   20   21   21   22   22   22   22   22   21
   21   20   20   19   18   17   16   15   15   14   14   13   14   14   13   14
   14   14   14   14   14   14   15   16   17
    77.5-180.0 180.0   5.0 450.0                            LAT/LON1/LON2/DLON/H
   15   16   17   17   18   20   21   22   23   24   25   25   25   25   24   23
   22   20   17   14   12   11   10    8    8    8    8    9    9   10   10   11
   11   12   13   14   16   17   18   19   19   20   20   20   20   20   19   18
   18   16   16   15   14   12   12   12   11   11   11   11   11   12   11   12
   12   12   13   13   13   13   13   14   15
    75.0-180.0 180.0   5.0 450.0                            LAT/LON1/LON2/DLON/H
   15   15   15   16   16   17   18   19   21   22   24   25   26   27   26   24
   23   22   20   18   16   14   12   11   10    9    9   10   11   11   11   12
   13   13   14   16   16   17   16   17   17   17   17   16   16   15   15   14
   13   12   11   11   10   10   10   10   10   10   10   11   11   12   12   12
   13   14   14   14   14   14   15   15   15
    72.5-180.0 180.0   5.0 450.0                            LAT/LON1/LON2/DLON/H
   17   16   16   15   16   16   16   17   18   20   21   23   24   25   26   26
   25   25   25   24   22   20   18   16   13   12   11   11   12   13   14   15
   15   16   16   16   17   16   15   14   13   13   12   12   12   11   11   11
   11   10   10   10   10   10   10   10   11   11   12   13   14   15   16   17
   18   19   19   19   19   19   18   18   17
    70.0-180.0 180.0   5.0 450.0                            LAT/LON1/LON2/DLON/H
   22   20   19   17   16   15   15   15   15   16   17   19   21   23   25   25
   26   30   30   29   27   26   24   22   19   18   17   15   14   16   16   18
   19   18   17   16   16   15   13   11   10    9    9    9   10   10   10   10
   10   10   11   11   11   11   12   12   14   15   17   19   21   23   25   26
   27   27   27   27   26   26   24   23   22
    67.5-180.0 180.0   5.0 450.0                            LAT/LON1/LON2/DLON/H
   28   26   23   21   18   17   16   15   14   14   14   15   16   18   21   23
   26   30   31   32   31   31   29   26   24   22   21   19   18   18   18   20
   20   19   17   16   14   12   10    9    8    8    9    9   10   11   11   11
   11   11   12   12   13   14   15   17   19   22   24   27   29   32   33   35
   36   36   36   36   35   34   32   31   28
    65.0-180.0 180.0   5.0 450.0                            LAT/LON1/LON2/DLON/H
   36   33   30   27   23   21   18   16   14   13   12   12   12   14   16   19
   23   27   30   30   31   32   30   28   25   23   21   21   19   19   19   20
   20   18   17   15   14   12   10    9    8    9   10   11   12   12   13   13
   14   15   15   16   17   19   21   23   26   29   31   34   37   40   41   43
   43   44   44   44   43   42   40   39   36
    62.5-180.0 180.0   5.0 450.0                            LAT/LON1/LON2/DLON/H
   44   40   37   33   29   26   23   20   17   14   12   11   10   11   12   14
   18   22   26   27   29   30   29   26   24   22   20   18   18   18   19   20
   19   19   17   16   15   13   12   12   12   12   13   15   16   17   18   19
   19   19   19   19   21   23   26   28   31   35   38   42   44   47   48   49
   50   49   49   49   49   48   47   46   44
    60.0-180.0 180.0   5.0 450.0                            LAT/LON1/LON2/DLON/H
   50   47   43   40   36   32   28   24   21   17   14   12   10   10   10   11
   14   17   20   22   25   26   25   23   22   19   18   16   16   18   19   20
   20   20   20   20   19   18   17   17   18   19   19   21   23   24   24   24
   24   23   23   23   25   27   30   34   37   40   44   47   50   52   53   54
   54   53   53   53   53   53   53   52   50
    57.5-180.0 180.0   5.0 450.0                            LAT/LON1/LON2/DLON/H
   55   52   49   46   42   38   34   30   25   21   18   15   12   11   10   10
   12   14   15   18   20   20   19   18   17   16   16   15   16   18   20   21
   23   23   25   26   26   25   25   26   26   27   28   29   30   30   31   31
   30   28   28   28   29   32   35   38   41   45   48   51   55   56   57   57
   57   57   56   56   57   57   57   56   55
    55.0-180.0 180.0   5.0 450.0                            LAT/LON1/LON2/DLON/H
   58   57   54   50   47   43   39   35   30   26   22   19   16   14   13   13
   13   13   14   15   16   15   15   15   16   17   17   18   19   21   23   25
   28   30   32   34   35   34   35   35   36   36   36   37   37   36   36   36
   35   33   32   32   33   35   38   42   44   48   51   54   57   59   60   60
   59   59   59   60   60   61   60   59   58
    52.5-180.0 180.0   5.0 450.0                            LAT/LON1/LON2/DLON/H
   61   60   58   55   52   48   44   40   36   31   27   23   21   19   17   16
   16   15   15   15   15   15   15   16   19   20   22   23   25   28   30   32
   35   37   41   42   43   44   44   44   44   44   44   43   43   42   41   40
   39   37   36   36   36   39   41   44   46   50   53   56   59   61   62   62
   62   62   62   63   64   64   64   63   61
    50.0-180.0 180.0   5.0 450.0                            LAT/LON1/LON2/DLON/H
   66   64   62   60   57   54   50   46   41   36   32   29   26   24   23   21
   20   19   19   18   18   18   19   22   25   28   31   33   35   38   39   40
   42   45   48   50   52   52   52   52   52   51   50   48   47   46   45   44
   43   42   40   39   40   41   44   47   49   52   54   57   60   62   64   65
   65   65   66   66   68   68   69   68   66
    47.5-180.0 180.0   5.0 450.0                            LAT/LON1/LON2/DLON/H
   70   68   67   65   63   59   56   51   46   41   37   34   31   29   28   27
   26   25   25   24   24   26   28   33   37   41   44   47   48   50   49   49
   50   52   54   56   58   58   59   58   58   56   54   52   51   50   49   48
   47   46   45   45   45   47   49   50   52   54   56   59   62   65   67   68
   68   69   70   71   72   73   73   72   70
    45.0-180.0 180.0   5.0 450.0                            LAT/LON1/LON2/DLON/H
   75   73   72   71   68   65   62   57   52   47   43   39   36   35   33   33
   32   32   32   33   34   37   41   47   53   57   60   63   63   61   59   57
   57   59   60   60   62   62   63   63   61   60   57   55   54   53   53   53
   52   52   51   51   52   54   55   56   57   58   60   63   65   68   71   73
   73   74   75   76   77   78   78   77   75
    42.5-180.0 180.0   5.0 450.0                            LAT/LON1/LON2/DLON/H
   80   79   76   75   73   70   67   63   58   53   49   45   42   40   39   38
   39   39   41   43   47   51   57   64   69   73   75   75   73   69   66   64
   62   63   63   63   64   65   65   65   64   62   60   58   57   56   57   58
   59   58   58   58   59   62   62   63   64   64   66   67   69   72   74   77
   78   79   80   81   83   83   83   82   80
    40.0-180.0 180.0   5.0 450.0                            LAT/LON1/LON2/DLON/H
   85   83   81   79   76   74   71   68   63   59   55   51   47   45   45   45
   45   46   49   54   60   65   72   79   84   86   85   83   80   76   72   69
   66   65   64   65   65   66   66   66   66   65   63   61   59   59   61   63
   64   65   65   66   67   69   69   70   71   71   72   73   74   76   78   81
   82   84   85   86   87   87   87   87   85
    37.5-180.0 180.0   5.0 450.0                            LAT/LON1/LON2/DLON/H
   90   88   84   81   79   76   74   71   67   64   61   57   54   50   50   50
   51   54   58   64   71   78   84   90   93   93   90   86   83   78   73   70
   67   66   65   65   65   66   67   68   69   68   66   64   63   63   64   67
   68   70   70   72   73   74   75   76   77   77   78   78   79   81   83   85
   87   88   89   89   90   90   91   91   90
    35.0-180.0 180.0   5.0 450.0                            LAT/LON1/LON2/DLON/H
   94   91   88   83   79   77   74   72   69   68   66   63   59   56   55   55
   57   60   65   71   79   86   92   96   96   95   91   88   83   77   72   69
   67   66   66   66   66   66   68   70   70   70   68   66   65   65   66   67
   70   71   74   75   76   78   78   80   82   82   83   83   85   86   88   91
   93   94   94   93   93   93   94   95   94
    32.5-180.0 180.0   5.0 450.0                            LAT/LON1/LON2/DLON/H
  100   96   92   86   81   76   74   71   70   70   69   67   64   61   60   60
   62   65   70   77   84   90   94   96   96   94   89   84   80   74   70   67
   66   66   66   67   66   67   69   71   72   71   69   68   66   65   65   66
   68   70   73   76   77   79   81   84   86   87   88   89   90   92   95   99
  102  103  103  101   99   98   99  100  100
    30.0-180.0 180.0   5.0 450.0                            LAT/LON1/LON2/DLON/H
  108  104   98   90   83   77   73   71   70   71   71   70   68   66   65   65
   66   69   73   79   85   88   90   91   90   88   83   78   74   70   67   66
   65   65   66   67   67   67   68   70   71   70   69   66   64   63   62   62
   64   68   72   75   77   80   83   86   89   91   94   96   97  100  105  111
  115  116  116  113  109  107  108  109  108
    27.5-180.0 180.0   5.0 450.0                            LAT/LON1/LON2/DLON/H
  120  117  110  100   90   82   76   72   71   72   72   72   71   69   69   69
   69   71   75   79   82   83   84   84   82   79   75   72   70   67   65   64
   65   65   67   68   67   67   67   68   68   67   65   62   60   58   57   56
   60   64   69   73   77   80   84   88   92   96   99  102  106  111  117  125
  131  134  134  129  124  120  120  121  120
    25.0-180.0 180.0   5.0 450.0                            LAT/LON1/LON2/DLON/H
  138  135  127  116  105   95   85   78   74   74   73   72   72   71   71   71
   70   72   74   77   78   78   78   77   76   72   69   67   66   65   64   63
   64   65   66   67   66   65   65   65   63   61   59   56   53   51   50   50
   53   59   65   71   75   80   85   90   95  100  106  111  116  123  131  142
  150  155  155  148  144  138  137  138  138
    22.5-180.0 180.0   5.0 450.0                            LAT/LON1/LON2/DLON/H
  159  158  151  141  129  116  102   91   83   79   76   74   73   72   71   70
   70   71   73   74   73   72   72   71   70   68   66   64   64   64   63   62
   62   64   66   66   64   63   62   61   57   54   50   47   45   43   42   44
   48   55   62   69   75   80   86   92   99  106  114  122  129  138  148  161
  170  175  174  170  165  159  158  158  159
    20.0-180.0 180.0   5.0 450.0                            LAT/LON1/LON2/DLON/H
  183  183  178  172  160  146  128  112   99   89   82   78   76   74   71   70
   69   69   70   71   70   69   69   69   69   67   65   64   64   64   63   61
   62   63   64   65   64   60   58   54   49   44   41   38   36   35   36   40
   45   53   62   70   77   82   89   97  105  114  124  135  144  155  166  180
  189  194  194  192  186  181  181  183  183
    17.5-180.0 180.0   5.0 450.0                            LAT/LON1/LON2/DLON/H
  207  207  206  203  195  182  162  141  120  105   94   87   81   78   73   70
   68   68   69   69   69   69   69   70   71   70   67   66   65   65   64   62
   63   63   64   64   62   58   53   48   41   36   33   30   29   30   32   38
   45   55   65   74   81   87   95  104  114  125  137  150  162  172  182  193
  203  208  209  207  202  201  199  204  207
    15.0-180.0 180.0   5.0 450.0                            LAT/LON1/LON2/DLON/H
  225  224  226  229  229  216  197  172  147  126  112   99   91   84   77   72
   69   69   69   70   71   72   73   75   76   75   72   68   67   68   66   65
   64   64   64   62   60   54   48   42   36   30   28   26   27   28   32   38
   46   58   69   78   85   93  101  112  123  136  149  163  175  185  193  202
  209  214  215  214  212  212  214  219  225
    12.5-180.0 180.0   5.0 450.0                            LAT/LON1/LON2/DLON/H
  232  234  233  243  249  244  228  202  173  148  132  115  102   93   84   77
   73   72   72   73   75   77   80   83   84   82   76   72   70   70   69   67
   64   64   63   61   57   51   45   39   33   29   26   26   28   30   34   40
   49   61   72   81   89   98  108  119  132  145  159  173  184  193  200  206
  209  213  214  214  215  217  221  225  232
    10.0-180.0 180.0   5.0 450.0                            LAT/LON1/LON2/DLON/H
  228  232  233  244  255  258  246  220  198  172  149  133  118  105   93   84
   80   79   78   80   82   85   88   90   90   86   80   75   72   73   71   69
   65   64   62   60   55   49   44   39   35   31   29   30   31   33   37   42
   50   63   74   84   93  102  113  126  139  152  166  179  190  197  202  205
  207  207  209  211  215  219  223  226  228
     7.5-180.0 180.0   5.0 450.0                            LAT/LON1/LON2/DLON/H
  225  226  229  237  249  256  250  230  210  188  167  150  134  119  105   93
   89   87   86   88   90   93   96   96   95   89   83   77   74   74   73   71
   67   64   62   59   55   50   45   41   38   37   35   35   35   37   39   43
   51   64   75   86   96  106  119  131  145  158  170  182  191  197  201  203
  203  203  205  209  214  219  223  226  225
     5.0-180.0 180.0   5.0 450.0                            LAT/LON1/LON2/DLON/H
  225  223  225  232  240  246  242  229  213  198  181  166  150  133  119  106
  100   97   96   97   99  101  102  102   98   92   84   78   75   75   75   73
   69   66   63   60   56   52   48   44   43   42   40   40   40   41   42   46
   53   64   76   87   98  111  123  135  148  161  173  183  191  196  199  202
  202  202  203  208  214  220  224  226  225
     2.5-180.0 180.0   5.0 450.0                            LAT/LON1/LON2/DLON/H
  228  226  227  230  234  237  234  225  213  202  190  177  163  148  133  120
  112  109  107  106  106  108  107  105  100   92   85   80   77   76   77   76
   73   69   65   62   58   54   51   48   47   46   45   45   44   45   46   48
   55   64   76   87  100  113  125  136  148  160  170  180  187  192  197  201
  202  203  205  210  216  222  226  229  228
