DORISInput/IGSGIM/2019/igsg3500.19i
     1.0            IONOSPHERE MAPS     MIX                 IONEX VERSION / TYPE
cmpcmb v1.2          GRL/UWM             4-jan-20 13:28     PGM / RUN BY / DATE 
ionex file containing IGS COMBINED Ionosphere maps          COMMENT             
global ionosphere maps for day 350, 2019                    DESCRIPTION         
IONEX file containing the COMBINED IGS TEC MAPS and DCBs    DESCRIPTION         
      IONEX files of the following IAACs were combined: cod DESCRIPTION         
                                                        esa DESCRIPTION         
                                                        jpl DESCRIPTION         
                                                        upc DESCRIPTION         
Contact address: Andrzej Krankowski                         DESCRIPTION
                 Geodynamics Research Laboratory            DESCRIPTION
                 University of Warmia and Mazury (GRL/UWM)  DESCRIPTION
                 Oczapowski St. 1                           DESCRIPTION
                 10-957-Olsztyn, POLAND                     DESCRIPTION
                 e-mail:  kand@uwm.edu.pl                   DESCRIPTION
                                                            DESCRIPTION         
  2019    12    16     0     0     0                        EPOCH OF FIRST MAP  
  2019    12    17     0     0     0                        EPOCH OF LAST MAP   
  7200                                                      INTERVAL            
    13                                                      # OF MAPS IN FILE   
  COSZ                                                      MAPPING FUNCTION    
     0.0                                                    ELEVATION CUTOFF    
combined TEC calculated as weighted mean of input TEC valuesOBSERVABLES USED    
   394                                                      # OF STATIONS       
    32                                                      # OF SATELLITES     
  6371.0                                                    BASE RADIUS         
     2                                                      MAP DIMENSION       
   450.0 450.0   0.0                                        HGT1 / HGT2 / DHGT  
    87.5 -87.5  -2.5                                        LAT1 / LAT2 / DLAT  
  -180.0 180.0   5.0                                        LON1 / LON2 / DLON  
    -1                                                      EXPONENT            
TEC values in 0.1 tec units;  9999, if no value available   COMMENT             
DCB values in nanoseconds, reference is Sum_of_SatDCBs = 0  COMMENT             
                                                            END OF HEADER       
     1                                                      START OF TEC MAP    
  2019    12    16     0     0     0                        EPOCH OF CURRENT MAP
    87.5-180.0 180.0   5.0 450.0                            LAT/LON1/LON2/DLON/H
   17   18   18   18   18   18   18   18   18   18   17   17   17   16   16   16
   16   15   14   14   14   14   13   13   13   12   12   12   12   12   12   12
   12   12   11   11   11   11   11   11   12   12   12   12   12   12   13   13
   13   14   14   14   14   14   15   15   15   15   15   15   15   16   16   16
   16   17   17   17   17   17   17   17   17
    85.0-180.0 180.0   5.0 450.0                            LAT/LON1/LON2/DLON/H
   19   20   20   21   20   21   20   20   20   20   20   19   19   18   17   17
   16   15   15   14   13   13   12   11   11   11   11   11   10   10   10   10
   10   11   11   11   11   11   11   12   12   12   12   12   12   13   13   13
   13   13   13   14   14   14   15   15   15   15   15   15   16   16   16   16
   16   17   17   17   17   18   19   19   19
    82.5-180.0 180.0   5.0 450.0                            LAT/LON1/LON2/DLON/H
   19   20   20   20   21   21   22   22   22   22   22   22   21   21   19   18
   17   16   14   13   13   11   10    9    9    9    9    9    9    9    9    9
   10   10   10   11   11   11   11   11   12   12   12   12   13   13   13   14
   14   14   14   15   14   15   15   15   15   15   15   15   15   14   14   14
   15   15   15   16   17   17   18   18   19
    80.0-180.0 180.0   5.0 450.0                            LAT/LON1/LON2/DLON/H
   19   20   21   22   23   24   24   25   25   24   24   23   23   22   21   19
   18   16   14   12   11   10    9    8    9    9    9    9    9    9    9    9
   10   10   10   10   10   11   11   11   11   11   11   11   12   12   13   13
   14   14   14   15   15   15   15   15   15   14   14   13   13   13   12   12
   12   13   13   14   14   16   16   18   19
    77.5-180.0 180.0   5.0 450.0                            LAT/LON1/LON2/DLON/H
   19   20   21   22   23   24   24   24   25   25   25   24   23   22   21   19
   18   16   14   13   11    9    9    8    9    9    9    9    9   10   10   11
   11   11   11   11   11   11   10   10   10   10   10   10   11   12   12   13
   13   13   14   14   14   15   15   14   13   13   13   12   12   11   11   11
   11   11   12   13   14   14   16   17   19
    75.0-180.0 180.0   5.0 450.0                            LAT/LON1/LON2/DLON/H
   19   20   21   23   23   24   25   25   25   24   24   24   22   22   21   21
   19   17   16   14   12   10   10    9    9    9    9    9    9   10   10   10
   11   11   11   12   11   11   11   11   10    9   10   10   11   11   12   13
   13   13   14   14   14   15   15   14   13   13   12   12   11   10   10   10
   10   11   12   13   14   15   16   18   19
    72.5-180.0 180.0   5.0 450.0                            LAT/LON1/LON2/DLON/H
   22   23   24   25   26   26   26   25   25   24   23   22   21   21   21   19
   19   18   16   16   14   14   12   11   10   10   10   11   11   12   11   11
   12   13   13   13   12   11   11   10   10   10   10   10   11   11   12   13
   14   14   15   15   15   15   15   14   13   13   13   12   12   11   11   11
   12   12   13   14   16   17   19   21   22
    70.0-180.0 180.0   5.0 450.0                            LAT/LON1/LON2/DLON/H
   29   29   30   31   31   30   29   28   26   24   22   20   19   19   18   17
   17   17   17   16   15   16   15   14   13   12   12   13   14   13   13   13
   13   14   14   14   13   11   10    9    9    9   10   10   11   12   13   13
   13   15   16   16   16   16   15   15   14   14   14   14   14   14   14   15
   15   16   18   19   20   22   25   27   29
    67.5-180.0 180.0   5.0 450.0                            LAT/LON1/LON2/DLON/H
   37   38   38   38   37   35   33   31   28   25   23   20   18   16   15   15
   16   16   16   16   16   17   17   16   15   15   14   14   14   14   14   13
   14   14   14   13   12   10    9    9    8    9   10   11   12   14   15   16
   16   16   17   17   17   17   17   17   17   17   16   16   17   18   19   21
   22   23   25   27   29   31   33   36   37
    65.0-180.0 180.0   5.0 450.0                            LAT/LON1/LON2/DLON/H
   47   48   47   46   45   42   39   35   32   28   25   21   18   15   14   13
   14   15   15   16   16   17   17   16   16   15   14   15   15   15   14   15
   15   14   13   11   10    9    9    9    9   10   11   13   16   18   20   20
   20   20   20   20   20   21   21   20   20   20   19   19   20   22   24   26
   29   31   34   36   38   41   43   46   47
    62.5-180.0 180.0   5.0 450.0                            LAT/LON1/LON2/DLON/H
   55   56   55   54   51   48   45   41   36   32   28   24   20   17   14   13
   12   13   13   14   15   16   16   15   14   13   13   15   15   14   14   16
   16   14   13   12   11   11   11   11   12   13   16   20   23   25   26   27
   26   24   24   23   23   24   23   23   22   22   21   22   23   26   29   33
   37   41   43   45   47   49   51   53   55
    60.0-180.0 180.0   5.0 450.0                            LAT/LON1/LON2/DLON/H
   61   61   61   60   57   54   50   45   41   36   32   28   24   20   17   14
   13   13   13   13   13   14   14   13   13   12   12   13   15   15   15   17
   17   16   15   15   14   14   15   17   20   22   26   30   32   35   34   33
   32   30   28   27   26   26   26   26   25   25   24   25   27   30   35   40
   45   49   51   53   55   57   58   59   61
    57.5-180.0 180.0   5.0 450.0                            LAT/LON1/LON2/DLON/H
   65   65   64   63   61   58   54   50   45   41   36   32   28   24   20   17
   15   14   13   12   12   12   12   12   12   11   11   13   15   16   18   20
   20   20   20   20   21   22   24   28   32   35   39   42   43   44   42   40
   38   35   32   31   30   30   29   29   28   28   28   28   30   35   40   47
   52   56   59   60   61   62   62   64   65
    55.0-180.0 180.0   5.0 450.0                            LAT/LON1/LON2/DLON/H
   68   67   66   65   63   60   57   53   49   45   41   37   33   29   25   21
   18   16   15   14   13   13   12   12   12   12   13   15   18   21   24   26
   27   27   28   29   31   33   37   42   45   50   53   55   54   53   51   47
   43   39   36   35   34   33   32   32   31   31   31   32   35   40   46   52
   58   62   64   65   66   66   67   67   68
    52.5-180.0 180.0   5.0 450.0                            LAT/LON1/LON2/DLON/H
   71   70   70   68   65   62   59   56   53   50   46   42   38   34   30   26
   23   20   18   16   14   14   13   13   14   15   17   21   25   28   32   35
   36   36   38   39   41   45   50   55   60   63   65   65   63   61   57   53
   48   43   39   38   36   36   35   35   35   34   34   36   39   45   51   57
   62   66   68   70   71   71   71   71   71
    50.0-180.0 180.0   5.0 450.0                            LAT/LON1/LON2/DLON/H
   75   75   73   71   69   66   63   59   57   54   51   48   44   40   35   31
   27   24   22   20   18   17   17   18   19   21   24   29   34   37   40   43
   45   46   47   48   51   56   61   66   71   74   74   73   70   66   61   56
   51   46   43   41   40   40   39   39   38   38   39   41   45   49   54   60
   65   69   72   74   75   76   76   76   75
    47.5-180.0 180.0   5.0 450.0                            LAT/LON1/LON2/DLON/H
   80   80   79   77   75   72   68   65   63   59   56   53   49   45   40   36
   33   29   27   25   24   24   23   25   28   30   34   39   44   47   48   51
   51   53   53   55   58   63   69   75   79   80   79   77   73   69   64   59
   54   50   47   45   44   44   43   42   42   43   44   46   50   54   59   64
   68   72   75   77   79   80   81   81   80
    45.0-180.0 180.0   5.0 450.0                            LAT/LON1/LON2/DLON/H
   86   85   84   83   82   79   76   72   68   65   62   58   55   50   46   41
   38   35   33   31   31   32   33   35   38   41   45   49   52   54   55   56
   56   56   57   59   61   67   73   78   81   82   80   77   74   70   66   63
   59   55   52   50   49   48   47   46   46   48   50   53   57   60   64   68
   72   74   77   80   82   84   85   86   86
    42.5-180.0 180.0   5.0 450.0                            LAT/LON1/LON2/DLON/H
   90   90   90   89   89   86   83   79   75   72   68   64   61   56   52   47
   43   40   39   38   39   41   43   47   50   53   56   57   58   59   59   59
   59   59   59   60   63   67   72   77   80   81   79   76   74   71   69   67
   64   60   57   55   54   53   52   51   51   53   56   59   64   67   70   73
   76   77   79   81   84   86   89   90   90
    40.0-180.0 180.0   5.0 450.0                            LAT/LON1/LON2/DLON/H
   94   93   93   93   93   92   89   86   82   78   74   70   67   63   58   53
   48   46   44   45   46   50   54   58   61   64   65   65   64   64   63   62
   62   61   61   61   62   65   69   73   76   77   76   75   73   73   72   71
   68   65   61   59   58   57   54   54   55   58   62   66   70   73   76   78
   79   80   81   82   85   88   92   93   94
    37.5-180.0 180.0   5.0 450.0                            LAT/LON1/LON2/DLON/H
   95   95   95   96   96   95   94   91   87   83   79   75   73   70   65   59
   54   51   50   51   54   58   63   67   70   72   72   70   68   66   64   63
   62   62   61   61   62   63   65   69   72   74   74   74   74   75   75   73
   70   67   64   61   59   58   56   56   58   62   67   72   75   79   81   83
   84   84   84   84   86   90   93   95   95
    35.0-180.0 180.0   5.0 450.0                            LAT/LON1/LON2/DLON/H
   96   96   95   96   96   97   96   93   89   86   83   81   79   77   72   66
   60   56   55   56   60   65   70   73   76   77   76   72   70   68   65   64
   63   62   62   62   62   62   64   66   70   72   74   75   76   76   76   75
   71   67   64   61   59   57   56   56   60   65   71   76   80   83   86   88
   89   89   89   89   90   92   94   96   96
    32.5-180.0 180.0   5.0 450.0                            LAT/LON1/LON2/DLON/H
   97   96   94   93   94   95   96   94   90   87   85   83   83   82   78   73
   66   61   59   60   63   69   74   77   80   80   77   72   69   67   66   65
   63   64   65   65   64   64   64   66   69   73   74   76   77   78   76   73
   68   64   61   59   57   56   56   57   62   69   74   79   83   87   90   93
   95   96   96   95   96   97   98   98   97
    30.0-180.0 180.0   5.0 450.0                            LAT/LON1/LON2/DLON/H
  101   98   95   93   92   93   93   92   90   88   87   86   86   86   83   78
   71   65   62   62   64   69   74   77   78   78   75   71   69   68   67   66
   66   66   67   68   68   68   67   68   71   74   76   77   77   76   74   69
   64   59   56   54   54   54   55   58   63   70   76   81   85   89   93   98
  101  104  106  106  106  106  106  104  101
    27.5-180.0 180.0   5.0 450.0                            LAT/LON1/LON2/DLON/H
  111  105  101   96   94   94   93   92   90   89   89   87   88   88   86   82
   75   69   65   64   66   68   71   73   74   74   72   71   71   71   70   70
   69   69   71   73   73   71   70   70   72   75   76   76   75   73   69   63
   57   52   50   49   49   51   53   56   62   70   77   82   86   91   97  103
  109  115  119  121  121  122  121  118  111
    25.0-180.0 180.0   5.0 450.0                            LAT/LON1/LON2/DLON/H
  129  122  114  107  102  100   98   95   93   91   91   90   89   90   88   84
   77   71   67   66   66   67   69   70   71   71   70   71   73   75   74   73
   72   72   74   75   76   73   72   72   73   75   75   73   70   67   62   56
   50   45   44   43   45   47   49   54   61   69   76   82   88   94  101  109
  118  127  135  139  141  143  141  137  129
    22.5-180.0 180.0   5.0 450.0                            LAT/LON1/LON2/DLON/H
  155  144  135  126  119  115  111  105  100   97   96   93   91   90   89   85
   79   73   69   67   66   66   67   68   69   69   70   72   75   78   78   75
   73   73   76   77   78   73   73   72   72   71   69   66   62   58   54   49
   43   39   38   38   40   43   47   54   61   69   77   83   89   97  106  116
  128  140  153  159  163  166  165  163  155
    20.0-180.0 180.0   5.0 450.0                            LAT/LON1/LON2/DLON/H
  181  171  159  150  142  136  131  122  115  109  104   99   96   92   90   86
   80   75   71   68   67   66   66   67   69   70   72   75   78   81   80   76
   73   73   75   76   77   73   72   69   67   65   62   57   53   49   46   43
   37   34   33   35   38   42   47   55   63   71   78   85   91  100  112  126
  139  154  168  177  184  187  187  186  181
    17.5-180.0 180.0   5.0 450.0                            LAT/LON1/LON2/DLON/H
  199  194  186  179  170  162  154  147  137  127  118  110  103   98   93   88
   81   77   72   70   69   67   67   70   72   73   76   79   82   84   82   77
   73   72   73   75   75   70   67   63   60   57   53   48   44   41   40   38
   34   32   33   35   38   43   48   57   65   74   81   89   96  107  120  135
  150  166  180  192  200  202  204  202  199
    15.0-180.0 180.0   5.0 450.0                            LAT/LON1/LON2/DLON/H
  208  207  207  205  197  189  182  176  163  149  136  125  114  106   98   92
   85   79   74   71   70   69   70   73   76   79   81   83   85   86   82   78
   72   69   70   70   69   66   60   56   53   50   46   41   37   36   37   37
   35   34   35   37   39   43   49   58   68   78   85   94  103  114  128  143
  159  175  188  199  206  208  210  210  208
    12.5-180.0 180.0   5.0 450.0                            LAT/LON1/LON2/DLON/H
  209  211  216  219  219  213  209  204  190  173  157  142  128  117  106   99
   90   83   77   74   72   72   74   77   81   84   86   87   87   86   82   76
   70   67   66   66   65   60   55   51   48   46   42   37   34   35   37   38
   38   38   37   38   39   43   50   60   71   81   89   99  110  122  135  150
  165  181  193  201  208  209  210  210  209
    10.0-180.0 180.0   5.0 450.0                            LAT/LON1/LON2/DLON/H
  204  208  213  218  227  228  227  224  211  195  177  160  143  129  117  108
   98   89   81   76   74   75   78   83   87   91   91   90   88   86   81   75
   69   66   64   64   62   57   52   49   48   46   43   38   35   36   38   39
   41   41   40   39   39   43   50   61   72   83   93  103  115  127  140  155
  169  184  195  202  207  208  206  205  204
     7.5-180.0 180.0   5.0 450.0                            LAT/LON1/LON2/DLON/H
  199  201  206  214  224  230  233  233  223  209  194  176  159  143  130  118
  107   96   87   80   77   78   82   88   94   96   95   92   89   86   81   76
   71   68   66   66   63   59   54   52   51   49   46   42   39   39   40   42
   44   44   42   39   39   43   51   63   76   87   97  108  119  132  144  158
  171  185  196  202  205  204  202  200  199
     5.0-180.0 180.0   5.0 450.0                            LAT/LON1/LON2/DLON/H
  198  198  203  209  218  226  231  233  228  218  206  191  174  157  144  130
  117  105   93   85   81   81   85   92   99  101   99   95   91   88   84   81
   78   76   73   72   69   64   60   57   56   55   51   47   44   44   45   46
   47   46   43   41   40   44   54   67   79   91  101  112  124  136  146  160
  172  184  195  203  205  204  201  199  198
     2.5-180.0 180.0   5.0 450.0                            LAT/LON1/LON2/DLON/H
  204  204  207  211  216  223  227  230  228  223  214  202  187  171  158  144
  129  116  102   92   86   85   89   96  101  104  103   99   94   91   88   89
   89   86   83   80   77   72   68   64   63   61   57   54   51   50   50   50
   49   47   44   42   43   47   58   71   83   94  105  116  127  137  148  160
  173  184  195  203  206  206  205  204  204
