DORISInput/IGSGIM/2019/igsg3640.19i
     1.0            IONOSPHERE MAPS     MIX                 IONEX VERSION / TYPE
cmpcmb v1.2          GRL/UWM            16-jan-20 12:50     PGM / RUN BY / DATE 
ionex file containing IGS COMBINED Ionosphere maps          COMMENT             
global ionosphere maps for day 364, 2019                    DESCRIPTION         
IONEX file containing the COMBINED IGS TEC MAPS and DCBs    DESCRIPTION         
      IONEX files of the following IAACs were combined: cod DESCRIPTION         
                                                        esa DESCRIPTION         
                                                        jpl DESCRIPTION         
                                                        upc DESCRIPTION         
Contact address: Andrzej Krankowski                         DESCRIPTION
                 Geodynamics Research Laboratory            DESCRIPTION
                 University of Warmia and Mazury (GRL/UWM)  DESCRIPTION
                 Oczapowski St. 1                           DESCRIPTION
                 10-957-Olsztyn, POLAND                     DESCRIPTION
                 e-mail:  kand@uwm.edu.pl                   DESCRIPTION
                                                            DESCRIPTION         
  2019    12    30     0     0     0                        EPOCH OF FIRST MAP  
  2019    12    31     0     0     0                        EPOCH OF LAST MAP   
  7200                                                      INTERVAL            
    13                                                      # OF MAPS IN FILE   
  COSZ                                                      MAPPING FUNCTION    
     0.0                                                    ELEVATION CUTOFF    
combined TEC calculated as weighted mean of input TEC valuesOBSERVABLES USED    
   392                                                      # OF STATIONS       
    32                                                      # OF SATELLITES     
  6371.0                                                    BASE RADIUS         
     2                                                      MAP DIMENSION       
   450.0 450.0   0.0                                        HGT1 / HGT2 / DHGT  
    87.5 -87.5  -2.5                                        LAT1 / LAT2 / DLAT  
  -180.0 180.0   5.0                                        LON1 / LON2 / DLON  
    -1                                                      EXPONENT            
TEC values in 0.1 tec units;  9999, if no value available   COMMENT             
DCB values in nanoseconds, reference is Sum_of_SatDCBs = 0  COMMENT             
                                                            END OF HEADER       
[from data line 3003]
     8                                                      START OF TEC MAP    
  2019    12    30    14     0     0                        EPOCH OF CURRENT MAP
    87.5-180.0 180.0   5.0 450.0                            LAT/LON1/LON2/DLON/H
   26   26   26   26   25   25   25   25   25   24   24   24   23   23   23   23
   22   22   22   22   22   22   22   22   22   22   22   21   21   21   21   22
   22   22   22   23   23   23   23   23   23   24   24   24   25   25   25   25
   25   26   26   26   26   26   26   26   26   26   26   26   26   26   27   27
   26   26   26   26   26   26   26   26   26
    85.0-180.0 180.0   5.0 450.0                            LAT/LON1/LON2/DLON/H
   25   25   25   25   25   25   24   24   24   23   23   23   22   22   21   21
   20   20   19   19   19   18   18   18   18   18   18   18   18   19   19   19
   19   20   20   20   20   21   21   21   21   22   22   22   23   23   23   24
   24   25   25   25   25   25   25   26   25   25   26   26   26   26   26   26
   26   26   26   26   26   26   26   26   25
    82.5-180.0 180.0   5.0 450.0                            LAT/LON1/LON2/DLON/H
   24   25   25   25   25   24   24   24   23   23   22   22   21   20   19   19
   18   18   17   16   16   16   16   16   15   15   15   15   15   15   15   16
   16   17   17   17   18   18   18   19   19   19   20   20   20   20   20   21
   21   21   22   23   23   23   23   23   23   23   23   23   23   23   24   24
   23   23   24   24   24   24   24   24   24
    80.0-180.0 180.0   5.0 450.0                            LAT/LON1/LON2/DLON/H
   22   23   23   23   23   23   23   23   23   22   22   21   20   19   18   18
   17   16   15   14   14   13   14   13   13   12   13   13   13   14   14   14
   15   15   16   15   15   15   15   16   16   16   16   16   16   17   17   18
   18   18   19   19   19   19   20   20   20   20   19   19   19   19   20   19
   20   20   20   20   20   21   21   21   22
    77.5-180.0 180.0   5.0 450.0                            LAT/LON1/LON2/DLON/H
   19   20   20   21   21   21   22   22   22   21   21   20   20   19   18   18
   17   16   15   14   14   14   13   12   12   13   13   13   13   14   14   15
   15   15   15   14   14   14   14   13   13   13   13   13   14   14   14   15
   15   16   16   16   16   16   17   17   18   17   17   16   16   16   16   16
   16   16   16   16   16   17   17   18   19
    75.0-180.0 180.0   5.0 450.0                            LAT/LON1/LON2/DLON/H
   16   16   17   18   19   20   20   20   20   20   20   20   19   19   19   19
   18   17   17   16   16   15   14   14   13   13   14   16   17   17   18   17
   17   17   17   16   16   15   14   13   12   11   11   11   11   12   12   13
   13   14   15   15   15   15   15   15   15   15   14   14   13   13   13   13
   12   12   12   12   12   13   14   15   16
    72.5-180.0 180.0   5.0 450.0                            LAT/LON1/LON2/DLON/H
   13   14   15   16   17   17   17   17   17   17   17   17   18   18   19   19
   18   19   18   19   18   18   17   18   18   18   19   20   21   21   21   21
   21   20   20   19   18   16   15   13   12   10   10   10   11   11   12   12
   13   13   14   14   14   14   14   14   14   14   14   13   13   13   12   11
   11   11   10   10   10   10   11   12   13
    70.0-180.0 180.0   5.0 450.0                            LAT/LON1/LON2/DLON/H
   12   14   14   15   15   15   15   14   14   14   14   14   15   16   17   18
   18   19   19   20   21   22   21   22   22   23   24   24   25   25   26   26
   26   26   24   23   21   19   17   15   14   12   12   12   12   12   12   13
   13   13   14   15   14   15   14   14   14   15   15   15   15   15   14   13
   13   12   11   10   10   10   11   11   12
    67.5-180.0 180.0   5.0 450.0                            LAT/LON1/LON2/DLON/H
   14   15   16   15   15   14   13   12   11   11   10   11   11   13   14   15
   16   17   19   21   22   24   24   25   26   27   28   29   30   31   31   32
   32   32   30   28   26   23   21   19   17   16   15   14   15   15   15   15
   16   16   16   17   16   16   16   17   17   17   17   17   18   18   18   18
   17   15   15   13   13   12   13   14   14
    65.0-180.0 180.0   5.0 450.0                            LAT/LON1/LON2/DLON/H
   18   19   19   18   17   15   14   11   10    9    8    8    8    9   10   12
   13   15   16   19   22   24   26   28   29   31   33   33   35   36   37   37
   38   38   36   33   31   28   25   23   21   20   19   19   19   19   19   19
   19   19   19   19   18   18   18   18   19   19   19   20   21   22   23   23
   22   21   20   18   17   17   17   18   18
    62.5-180.0 180.0   5.0 450.0                            LAT/LON1/LON2/DLON/H
   24   25   24   23   21   19   16   14   12    9    8    8    7    8    8    9
   10   12   15   18   21   24   27   30   32   35   37   38   40   42   42   43
   43   43   41   39   36   33   30   28   26   26   25   26   25   25   24   23
   23   22   21   20   20   20   20   20   20   21   22   23   25   26   27   27
   27   25   25   23   22   23   23   23   24
    60.0-180.0 180.0   5.0 450.0                            LAT/LON1/LON2/DLON/H
   31   31   31   30   27   24   21   18   15   12   11    9    8    7    8    8
    9   11   14   17   21   25   29   32   35   38   41   43   45   47   48   48
   49   49   47   44   41   37   35   33   32   32   32   32   32   31   30   28
   26   25   23   22   22   22   21   22   23   24   24   26   28   31   32   33
   33   31   30   29   28   29   29   30   31
    57.5-180.0 180.0   5.0 450.0                            LAT/LON1/LON2/DLON/H
   37   38   37   36   34   30   27   24   20   18   15   13   11   10    9   10
   11   12   15   20   23   26   30   34   38   42   45   49   51   53   54   54
   55   54   52   50   47   43   41   39   39   38   39   39   38   37   35   33
   30   28   26   25   24   24   24   25   26   27   28   30   32   35   37   38
   38   37   36   35   34   34   35   35   37
    55.0-180.0 180.0   5.0 450.0                            LAT/LON1/LON2/DLON/H
   43   43   43   42   40   37   34   31   27   25   22   19   17   14   12   12
   14   15   19   23   25   29   33   37   42   47   51   55   57   59   60   61
   62   60   59   56   53   49   47   46   45   45   46   46   45   43   40   37
   34   32   30   30   29   29   29   30   31   32   33   34   37   39   41   43
   42   42   41   40   39   40   41   41   43
    52.5-180.0 180.0   5.0 450.0                            LAT/LON1/LON2/DLON/H
   48   49   48   47   45   43   40   38   35   32   29   26   24   21   18   18
   19   21   24   28   31   34   38   43   48   53   58   62   64   67   67   68
   68   68   66   63   60   57   55   53   52   52   52   52   50   48   45   42
   38   36   35   35   35   35   35   36   36   37   38   40   41   43   44   46
   46   46   45   44   44   45   46   47   48
    50.0-180.0 180.0   5.0 450.0                            LAT/LON1/LON2/DLON/H
   52   52   52   51   50   48   46   44   42   40   37   34   32   28   25   24
   25   28   32   35   38   41   45   50   55   60   65   69   72   75   76   76
   76   75   73   70   67   65   62   61   60   59   59   57   55   53   50   47
   44   42   41   41   41   41   41   42   42   43   44   44   45   46   47   49
   49   48   48   48   48   48   49   51   52
    47.5-180.0 180.0   5.0 450.0                            LAT/LON1/LON2/DLON/H
   54   54   54   53   53   51   50   48   47   46   44   42   39   35   32   31
   33   36   40   44   47   50   53   58   63   69   74   78   81   82   83   84
   84   83   81   78   76   74   72   70   68   67   65   63   61   58   55   52
   49   48   47   47   47   48   48   49   49   49   49   49   49   50   50   51
   51   50   50   50   50   50   52   53   54
    45.0-180.0 180.0   5.0 450.0                            LAT/LON1/LON2/DLON/H
   54   54   54   54   53   53   51   51   51   51   50   49   45   42   39   38
   40   44   49   54   56   60   63   68   73   79   83   87   88   90   90   91
   90   89   88   86   85   84   83   81   77   74   71   68   65   62   59   57
   55   55   54   53   54   55   55   55   54   54   53   53   53   53   53   53
   52   52   52   51   51   52   53   54   54
    42.5-180.0 180.0   5.0 450.0                            LAT/LON1/LON2/DLON/H
   54   53   53   53   52   52   52   52   53   54   54   53   51   47   44   43
   46   52   58   63   66   69   73   77   82   87   90   93   94   95   96   96
   95   95   94   94   94   94   93   91   87   82   77   72   69   67   64   62
   61   61   60   60   61   61   61   60   59   58   57   55   55   56   55   55
   54   54   54   53   53   53   54   54   54
    40.0-180.0 180.0   5.0 450.0                            LAT/LON1/LON2/DLON/H
   53   51   51   51   51   51   51   52   54   57   57   56   54   51   49   48
   51   58   65   70   74   77   80   84   88   92   95   97   99   99  100  100
  100   99   99  100  102  104  104  101   96   90   83   78   74   72   69   68
   66   65   65   64   64   64   64   63   62   61   59   58   57   57   56   56
   55   55   55   55   54   54   54   54   53
    37.5-180.0 180.0   5.0 450.0                            LAT/LON1/LON2/DLON/H
   52   50   49   48   48   49   50   52   54   57   59   59   57   55   54   53
   57   63   71   76   80   84   86   89   92   96   98  100  101  101  102  102
  103  104  105  107  111  114  115  112  106   99   91   84   80   76   74   71
   70   68   67   66   65   65   65   64   63   61   60   58   58   58   57   57
   56   55   55   55   54   54   54   53   52
    35.0-180.0 180.0   5.0 450.0                            LAT/LON1/LON2/DLON/H
   51   49   48   47   46   47   48   50   53   56   59   60   60   58   58   59
   62   69   76   81   85   87   89   92   94   97   99  100  101  102  103  105
  106  109  111  115  120  123  124  122  117  109   99   92   86   82   78   75
   73   71   69   68   67   66   65   63   62   61   60   59   58   58   58   58
   56   55   54   53   53   53   53   52   51
    32.5-180.0 180.0   5.0 450.0                            LAT/LON1/LON2/DLON/H
   51   49   48   46   45   45   46   48   51   54   58   60   61   62   63   65
   68   73   79   83   86   89   91   93   95   96   97   97   99  101  105  109
  112  115  118  124  130  134  134  131  127  119  110  102   95   90   85   81
   77   74   71   70   69   67   66   64   63   61   60   59   59   59   58   58
   56   54   53   52   51   52   52   52   51
    30.0-180.0 180.0   5.0 450.0                            LAT/LON1/LON2/DLON/H
   51   50   49   46   45   45   45   46   49   52   55   59   62   64   67   71
   75   78   81   84   86   88   90   91   93   94   94   95   98  102  109  115
  121  125  129  135  141  144  142  139  135  130  122  116  108  100   95   90
   84   80   76   75   73   71   70   67   65   63   62   61   61   61   59   58
   55   53   51   50   50   51   52   52   51
    27.5-180.0 180.0   5.0 450.0                            LAT/LON1/LON2/DLON/H
   52   51   50   47   46   44   44   45   46   49   52   56   61   66   72   76
   80   81   83   84   85   87   89   90   91   92   93   94   99  107  116  125
  133  139  144  150  153  154  149  145  144  140  137  132  124  115  109  103
   96   90   85   82   80   77   75   71   69   66   65   64   64   63   61   59
   55   52   49   49   48   49   51   52   52
    25.0-180.0 180.0   5.0 450.0                            LAT/LON1/LON2/DLON/H
   52   52   50   48   46   45   44   44   45   46   49   54   59   66   74   80
   83   84   84   85   86   88   90   90   91   92   94   97  105  115  127  138
  148  155  161  166  167  165  159  154  153  151  150  149  144  134  127  120
  112  103   96   92   88   84   81   76   73   71   70   69   68   66   63   59
   55   52   49   48   47   47   50   52   52
    22.5-180.0 180.0   5.0 450.0                            LAT/LON1/LON2/DLON/H
   51   51   50   48   46   44   44   43   43   44   46   51   57   64   74   81
   84   85   86   87   88   90   91   92   94   96   99  104  115  127  141  154
  166  175  180  183  182  177  170  165  163  162  164  165  162  155  147  140
  129  119  109  102   97   92   88   84   81   78   76   74   72   69   64   60
   55   52   48   47   46   47   48   50   51
    20.0-180.0 180.0   5.0 450.0                            LAT/LON1/LON2/DLON/H
   48   48   48   47   45   44   43   43   43   43   44   48   55   63   72   80
   84   86   88   89   91   93   94   96   99  103  108  115  126  142  157  171
  184  193  197  196  192  187  178  173  173  173  177  180  179  175  170  159
  148  134  123  113  105  100   97   93   89   86   82   78   74   70   65   61
   56   52   49   48   47   47   47   47   48
    17.5-180.0 180.0   5.0 450.0                            LAT/LON1/LON2/DLON/H
   45   44   44   44   42   42   42   43   43   43   43   47   53   61   70   78
   83   87   89   92   95   97   99  101  106  113  120  130  142  156  172  189
  201  210  210  204  199  192  183  179  180  181  187  192  193  192  188  178
  163  148  134  123  113  106  103  100   97   93   88   82   76   70   66   61
   57   53   51   49   48   46   46   45   45
    15.0-180.0 180.0   5.0 450.0                            LAT/LON1/LON2/DLON/H
   42   42   41   40   40   39   40   41   43   43   43   46   52   60   68   77
   83   87   91   95   99  102  105  109  116  125  135  146  158  171  186  201
  213  218  215  207  201  193  185  181  183  185  192  199  203  204  200  191
  174  159  143  128  116  109  106  104  101   98   92   84   76   70   65   62
   58   55   54   51   49   47   45   43   42
    12.5-180.0 180.0   5.0 450.0                            LAT/LON1/LON2/DLON/H
   40   39   38   37   36   36   37   40   42   43   43   46   52   59   68   76
   83   88   93   99  104  109  113  119  128  139  151  162  173  183  195  206
  214  217  213  207  201  194  188  185  185  188  196  203  208  210  208  198
  182  166  147  130  116  108  105  104  102   98   91   83   76   70   65   61
   58   57   56   53   52   49   46   43   40
    10.0-180.0 180.0   5.0 450.0                            LAT/LON1/LON2/DLON/H
   39   37   35   34   34   34   35   38   41   42   44   46   52   59   68   77
   84   90   95  102  109  115  121  129  140  153  166  177  183  190  197  204
  208  209  207  204  201  198  193  191  190  193  199  204  207  210  208  198
  185  169  150  130  115  106  103  101   99   94   88   81   74   68   63   60
   58   58   57   56   54   50   46   43   39
     7.5-180.0 180.0   5.0 450.0                            LAT/LON1/LON2/DLON/H
   38   35   33   32   31   31   33   36   39   41   43   47   53   61   71   79
   86   93   98  106  113  121  128  138  151  165  177  186  189  191  194  198
  200  201  201  202  204  204  203  200  199  199  201  203  205  207  205  198
  186  171  152  133  115  106  101  100   96   91   86   80   75   68   64   61
   60   58   58   57   54   51   47   42   38
     5.0-180.0 180.0   5.0 450.0                            LAT/LON1/LON2/DLON/H
   38   34   32   30   29   29   30   33   36   38   41   46   54   64   74   82
   90   96  102  109  117  126  135  147  161  174  185  190  190  190  190  192
  193  196  199  205  211  215  215  212  209  205  204  203  203  204  203  198
  188  174  157  137  122  108  103  102   97   92   88   84   79   72   67   64
   61   59   58   56   54   51   47   43   38
     2.5-180.0 180.0   5.0 450.0                            LAT/LON1/LON2/DLON/H
   38   34   31   28   27   27   29   30   32   34   39   45   54   66   77   86
   94  100  105  113  122  132  143  155  168  181  190  192  191  189  188  189
  191  195  201  211  220  227  228  226  221  215  210  206  205  205  204  200
  192  179  163  146  131  118  112  108  102   97   93   90   85   79   73   68
   64   60   58   56   53   51   48   43   38
