DORISInput/IGSGIM/2019/igsg3510.19i
     1.0            IONOSPHERE MAPS     MIX                 IONEX VERSION / TYPE
cmpcmb v1.2          GRL/UWM             4-jan-20 13:33     PGM / RUN BY / DATE 
ionex file containing IGS COMBINED Ionosphere maps          COMMENT             
global ionosphere maps for day 351, 2019                    DESCRIPTION         
IONEX file containing the COMBINED IGS TEC MAPS and DCBs    DESCRIPTION         
      IONEX files of the following IAACs were combined: cod DESCRIPTION         
                                                        esa DESCRIPTION         
                                                        jpl DESCRIPTION         
                                                        upc DESCRIPTION         
Contact address: Andrzej Krankowski                         DESCRIPTION
                 Geodynamics Research Laboratory            DESCRIPTION
                 University of Warmia and Mazury (GRL/UWM)  DESCRIPTION
                 Oczapowski St. 1                           DESCRIPTION
                 10-957-Olsztyn, POLAND                     DESCRIPTION
                 e-mail:  kand@uwm.edu.pl                   DESCRIPTION
                                                            DESCRIPTION         
  2019    12    17     0     0     0                        EPOCH OF FIRST MAP  
  2019    12    18     0     0     0                        EPOCH OF LAST MAP   
  7200                                                      INTERVAL            
    13                                                      # OF MAPS IN FILE   
  COSZ                                                      MAPPING FUNCTION    
     0.0                                                    ELEVATION CUTOFF    
combined TEC calculated as weighted mean of input TEC valuesOBSERVABLES USED    
   399                                                      # OF STATIONS       
    32                                                      # OF SATELLITES     
  6371.0                                                    BASE RADIUS         
     2                                                      MAP DIMENSION       
   450.0 450.0   0.0                                        HGT1 / HGT2 / DHGT  
    87.5 -87.5  -2.5                                        LAT1 / LAT2 / DLAT  
  -180.0 180.0   5.0                                        LON1 / LON2 / DLON  
    -1                                                      EXPONENT            
TEC values in 0.1 tec units;  9999, if no value available   COMMENT             
DCB values in nanoseconds, reference is Sum_of_SatDCBs = 0  COMMENT             
                                                            END OF HEADER       
[from data line 429]
     2                                                      START OF TEC MAP    
  2019    12    17     2     0     0                        EPOCH OF CURRENT MAP
    87.5-180.0 180.0   5.0 450.0                            LAT/LON1/LON2/DLON/H
   14   14   14   14   14   14   14   14   14   14   14   14   14   14   14   14
   14   13   13   13   13   12   12   12   12   12   12   12   12   12   12   12
   12   12   12   13   13   13   13   13   13   13   13   13   13   13   13   13
   13   13   13   13   14   14   13   13   13   13   13   13   13   13   13   13
   13   13   13   13   13   13   13   14   14
    85.0-180.0 180.0   5.0 450.0                            LAT/LON1/LON2/DLON/H
   13   13   14   15   15   15   15   15   16   15   15   15   15   14   14   14
   14   13   13   12   12   11   11   10   10    9    9   10    9    9   10   10
   10   11   11   11   12   12   12   12   12   12   12   13   13   13   13   13
   13   13   13   12   12   12   13   13   13   13   13   13   12   12   12   12
   12   12   12   12   12   12   13   13   13
    82.5-180.0 180.0   5.0 450.0                            LAT/LON1/LON2/DLON/H
   13   13   14   15   15   16   16   17   17   18   18   18   17   17   16   15
   14   13   12   11   11    9    9    8    8    8    8    8    8    9    9    9
    9    9    9   10   10   10   11   11   11   12   12   12   12   12   12   12
   12   12   11   11   11   11   10   10   11   11   11   11   11   11   10   11
   11   11   11   11   11   12   12   12   13
    80.0-180.0 180.0   5.0 450.0                            LAT/LON1/LON2/DLON/H
   13   13   14   14   15   16   17   18   18   19   19   19   18   17   16   15
   14   13   12   11   10    9    7    7    7    7    7    7    7    8    8    8
    9    9    9    9    9    9    9   10   10   10   11   11   11   11   11   11
   10   10    9   10    9    9    9    9    9    9    9    9   10   10   10   10
   10   10   11   11   11   12   12   12   13
    77.5-180.0 180.0   5.0 450.0                            LAT/LON1/LON2/DLON/H
   13   13   13   14   14   15   16   17   17   17   17   17   17   16   16   15
   14   13   11    9    8    7    6    7    7    7    7    7    7    8    8    8
    8    9    9    9    9    9    9    9    9    9    9    9   10    9    9    9
    9    8    8    8    8    8    8    8    8    8    8    9    9   10   10   10
   11   11   11   11   12   12   12   12   13
    75.0-180.0 180.0   5.0 450.0                            LAT/LON1/LON2/DLON/H
   14   14   14   14   14   14   14   14   15   15   15   16   16   15   15   14
   12   11   10    9    8    7    6    7    7    7    8    8    8    8    8    9
    9    8    8    8    8    8    8    8    8    8    8    9    9    9    9    9
    9    8    8    8    8    8    8    8    8    8    8    9   10   11   11   12
   12   13   14   14   14   15   15   14   14
    72.5-180.0 180.0   5.0 450.0                            LAT/LON1/LON2/DLON/H
   18   16   15   14   14   13   13   13   13   13   13   13   13   13   13   12
   11   10   10    9    8    8    7    7    8    8    8    8    9   10    9    9
    9    8    7    7    7    7    7    7    7    8    8    8    8    9    9    9
    9    8    9    8    8    9    9    9   10   11   11   13   14   15   17   18
   20   20   21   21   21   21   20   19   18
    70.0-180.0 180.0   5.0 450.0                            LAT/LON1/LON2/DLON/H
   24   22   19   17   16   14   14   13   12   11   11   11   10   10   10   10
    9   10   10    9    9    9    8    8    8    9    9    9   10   10   10   10
    9    8    7    6    6    6    7    7    7    7    7    8    8    8    9    9
    9    9   10   10   10   11   12   13   14   16   17   19   21   23   25   27
   29   30   30   31   30   30   28   27   24
    67.5-180.0 180.0   5.0 450.0                            LAT/LON1/LON2/DLON/H
   33   30   26   23   20   18   15   14   12   11   10    9    9    9    9    9
    9    9    9   10   10   10   10   10   10   10    9    9   10   11   10   10
    8    7    7    7    6    6    7    7    7    7    7    8    8    9   10   10
   10   11   12   12   13   15   16   17   19   21   23   26   28   31   33   35
   37   39   40   41   40   39   37   36   33
    65.0-180.0 180.0   5.0 450.0                            LAT/LON1/LON2/DLON/H
   42   38   34   30   26   23   19   16   14   12   10    9    8    8    8    8
    8    8    9   10   11   12   11   11   11   10   10   10   10   11   11   10
    9    7    7    8    7    7    8    8    8    8    8    9   10   11   12   13
   14   15   15   15   16   18   19   21   24   27   30   32   34   37   39   41
   44   46   47   48   49   48   47   44   42
    62.5-180.0 180.0   5.0 450.0                            LAT/LON1/LON2/DLON/H
   50   46   43   38   33   29   25   21   17   14   11    9    8    8    8    8
    8    8    9   10   11   11   12   12   11   11   10   11   10   11   11   11
   10    9    9   10   10   10   11   11   12   11   12   13   14   15   17   18
   19   18   18   18   19   20   22   25   29   32   35   38   40   42   44   46
   48   50   52   54   55   55   54   53   50
    60.0-180.0 180.0   5.0 450.0                            LAT/LON1/LON2/DLON/H
   57   54   50   47   42   37   32   27   22   18   14   12   10    9    8    8
    8    9   10   10   11   11   11   11   11   11   11   11   11   12   12   12
   12   12   13   14   15   17   18   19   19   19   19   20   21   22   23   23
   23   22   22   22   22   24   26   30   33   37   40   43   45   47   48   50
   51   53   55   57   58   59   59   58   57
    57.5-180.0 180.0   5.0 450.0                            LAT/LON1/LON2/DLON/H
   61   59   58   54   50   44   39   33   27   22   19   16   14   12   11    9
   10   10   11   11   11   11   11   11   11   12   12   12   13   14   14   15
   16   17   19   21   23   25   27   28   28   28   27   28   28   29   29   29
   28   27   26   26   26   28   30   34   38   41   45   47   50   51   52   53
   54   55   57   59   61   62   62   62   61
    55.0-180.0 180.0   5.0 450.0                            LAT/LON1/LON2/DLON/H
   65   64   63   60   57   51   45   39   33   27   23   20   18   16   14   13
   12   12   12   12   11   11   11   12   13   14   15   15   16   18   19   19
   21   23   26   29   33   35   37   38   38   37   36   36   35   35   35   34
   33   32   31   30   30   32   34   38   42   45   49   52   54   55   55   56
   56   58   59   61   63   64   65   64   65
    52.5-180.0 180.0   5.0 450.0                            LAT/LON1/LON2/DLON/H
   68   68   68   67   63   57   51   44   38   32   28   24   22   20   18   17
   15   14   14   13   13   13   12   14   17   19   20   21   22   24   25   25
   28   31   35   38   42   45   47   48   47   46   44   43   42   41   40   39
   38   36   35   34   34   35   37   41   45   49   53   56   59   60   60   60
   60   61   62   63   65   66   68   68   68
    50.0-180.0 180.0   5.0 450.0                            LAT/LON1/LON2/DLON/H
   72   72   72   71   68   62   56   49   43   36   32   28   26   24   22   21
   19   18   17   17   16   16   17   19   23   26   28   30   31   32   33   33
   34   38   41   45   49   53   55   56   55   54   52   49   47   45   43   42
   42   40   39   38   38   39   41   44   48   52   57   61   64   65   65   64
   64   64   65   67   68   70   71   72   72
    47.5-180.0 180.0   5.0 450.0                            LAT/LON1/LON2/DLON/H
   76   76   76   75   71   66   60   53   46   40   36   32   30   28   26   25
   24   23   23   22   22   23   25   29   33   37   39   41   42   42   41   40
   41   43   46   50   54   59   61   62   62   60   57   54   50   48   46   45
   45   44   43   42   42   44   46   49   52   56   60   64   68   70   71   71
   69   70   70   72   73   74   76   76   76
    45.0-180.0 180.0   5.0 450.0                            LAT/LON1/LON2/DLON/H
   80   80   79   78   75   70   64   57   51   45   40   37   34   32   31   30
   30   29   29   30   30   32   36   41   46   50   52   54   53   51   49   47
   47   48   50   54   59   62   65   67   67   65   61   57   54   51   48   48
   47   48   47   47   48   50   52   54   57   60   64   69   72   75   76   77
   76   75   76   78   79   80   80   80   80
    42.5-180.0 180.0   5.0 450.0                            LAT/LON1/LON2/DLON/H
   84   83   81   79   76   72   67   61   55   49   44   41   39   37   36   36
   36   36   37   39   41   44   48   54   59   63   64   62   60   57   54   52
   51   52   54   58   61   65   68   70   71   69   65   61   57   53   51   51
   52   52   52   53   54   57   59   61   64   66   69   73   76   79   81   81
   82   82   83   84   85   85   85   85   84
    40.0-180.0 180.0   5.0 450.0                            LAT/LON1/LON2/DLON/H
   86   84   82   79   77   73   70   65   59   54   50   46   44   42   41   42
   43   44   46   49   52   56   61   66   70   72   71   68   65   62   58   56
   54   55   57   60   64   67   69   72   73   72   69   65   60   56   54   54
   55   56   56   58   61   64   67   69   71   72   74   76   80   82   84   86
   86   87   88   89   90   90   90   88   86
    37.5-180.0 180.0   5.0 450.0                            LAT/LON1/LON2/DLON/H
   88   85   82   79   76   74   71   68   64   60   56   52   49   47   47   48
   49   51   54   58   63   68   72   76   78   78   75   71   68   64   60   57
   57   57   60   63   66   68   71   73   75   75   73   68   63   59   57   57
   58   59   61   63   67   71   75   76   77   78   79   81   83   86   88   90
   91   93   94   94   95   94   93   91   88
    35.0-180.0 180.0   5.0 450.0                            LAT/LON1/LON2/DLON/H
   90   87   83   79   77   74   73   70   68   65   61   58   55   53   53   54
   56   58   62   67   71   76   80   82   82   80   76   72   68   64   61   58
   58   60   63   66   68   70   72   74   77   77   75   71   66   62   59   59
   60   61   63   66   71   76   80   83   84   83   83   85   86   89   92   95
   97   99  101  100   99   98   96   93   90
    32.5-180.0 180.0   5.0 450.0                            LAT/LON1/LON2/DLON/H
   93   89   85   81   78   75   74   73   72   70   67   64   61   59   58   59
   61   64   68   72   77   81   83   83   82   80   75   70   66   63   61   60
   60   63   66   69   70   71   72   74   76   77   76   72   66   62   59   58
   60   62   65   68   74   80   85   89   90   89   89   90   92   95   99  103
  107  109  111  110  107  104  101   97   93
    30.0-180.0 180.0   5.0 450.0                            LAT/LON1/LON2/DLON/H
   98   93   89   85   81   78   77   75   75   74   71   68   66   64   63   63
   64   67   70   75   78   81   82   81   79   76   71   67   64   61   61   62
   63   66   69   72   72   71   72   73   75   75   74   70   65   60   57   57
   58   60   64   70   76   83   89   94   95   95   96   97  100  103  109  114
  120  124  126  124  120  115  109  103   98
    27.5-180.0 180.0   5.0 450.0                            LAT/LON1/LON2/DLON/H
  107  101   97   92   87   83   80   78   77   76   74   71   69   67   67   67
   67   68   72   75   77   78   78   77   74   70   66   63   61   61   62   65
   67   69   72   73   72   71   70   71   71   71   69   65   60   56   53   52
   54   57   63   70   77   84   91   97  100  102  104  106  110  116  122  130
  138  143  147  143  138  130  122  115  107
    25.0-180.0 180.0   5.0 450.0                            LAT/LON1/LON2/DLON/H
  122  115  108  102   96   89   85   81   79   78   76   72   71   70   69   69
   69   70   71   74   75   74   74   73   70   65   63   61   61   63   65   68
   70   71   72   72   70   68   67   66   66   65   62   58   54   49   47   47
   50   54   61   69   76   84   93   99  104  108  113  118  124  131  139  150
  159  167  171  165  160  150  140  131  122
    22.5-180.0 180.0   5.0 450.0                            LAT/LON1/LON2/DLON/H
  141  133  125  117  109  101   93   87   84   81   78   75   72   71   70   70
   70   70   71   72   72   71   70   68   66   63   61   61   63   66   69   71
   71   71   71   70   67   65   63   61   59   57   53   49   45   41   40   42
   46   52   60   68   76   84   93  102  109  117  124  133  141  150  160  172
  182  190  194  192  186  173  162  151  141
    20.0-180.0 180.0   5.0 450.0                            LAT/LON1/LON2/DLON/H
  162  154  144  135  124  113  104   97   92   87   82   77   74   72   71   70
   70   70   70   70   70   69   68   67   65   64   62   64   67   70   73   73
   72   70   69   66   63   60   58   55   52   48   44   40   37   34   34   37
   43   51   60   69   77   86   95  106  116  127  138  149  161  171  182  194
  204  212  215  215  208  197  186  173  162
    17.5-180.0 180.0   5.0 450.0                            LAT/LON1/LON2/DLON/H
  184  175  166  154  140  127  116  109  103   97   89   82   77   74   72   71
   70   69   70   70   69   70   68   68   67   66   65   67   71   74   76   75
   73   70   67   63   59   55   53   50   45   40   35   32   30   29   30   34
   42   51   62   71   79   89  100  112  125  138  152  166  178  189  200  210
  219  227  229  230  226  218  206  194  184
    15.0-180.0 180.0   5.0 450.0                            LAT/LON1/LON2/DLON/H
  203  192  185  172  156  141  129  122  116  109   99   90   82   76   73   72
   71   70   70   70   71   72   71   71   71   69   68   71   75   77   78   76
   73   68   63   59   55   52   49   45   40   34   30   27   27   27   29   34
   43   54   65   75   83   93  106  119  135  151  165  180  191  201  211  217
  224  230  234  235  234  228  221  212  203
    12.5-180.0 180.0   5.0 450.0                            LAT/LON1/LON2/DLON/H
  216  207  199  187  172  155  142  134  129  121  110   98   87   80   75   73
   73   72   72   73   74   75   75   76   75   73   72   74   77   79   80   77
   72   66   60   56   52   50   47   43   38   32   28   27   26   28   31   36
   44   57   68   78   88   98  112  127  144  161  175  189  199  208  215  217
  220  225  229  232  233  231  228  223  216
    10.0-180.0 180.0   5.0 450.0                            LAT/LON1/LON2/DLON/H
  223  217  213  203  189  172  157  147  142  134  122  108   94   83   77   75
   75   75   75   77   79   80   81   81   80   77   75   76   78   79   79   76
   71   64   59   55   52   50   48   44   39   34   31   29   29   30   33   37
   45   58   71   81   92  104  118  135  152  168  181  192  202  209  212  212
  212  215  220  223  228  229  230  228  223
     7.5-180.0 180.0   5.0 450.0                            LAT/LON1/LON2/DLON/H
  227  224  222  216  204  188  173  162  156  147  135  118  101   88   80   76
   77   78   79   82   83   85   87   87   84   82   79   77   78   79   78   75
   70   65   61   57   54   52   50   46   41   38   34   32   32   33   35   39
   47   60   72   84   96  109  125  142  159  173  184  193  201  207  209  207
  206  207  209  214  220  224  227  228  227
     5.0-180.0 180.0   5.0 450.0                            LAT/LON1/LON2/DLON/H
  227  229  229  225  217  204  189  177  169  159  147  129  110   94   83   79
   80   82   84   87   88   90   93   95   90   86   81   79   78   78   77   74
   70   67   63   60   57   54   51   47   44   41   37   36   35   35   37   41
   49   60   74   87  100  115  132  148  164  177  186  194  200  204  205  203
  201  200  202  206  212  218  223  226  227
     2.5-180.0 180.0   5.0 450.0                            LAT/LON1/LON2/DLON/H
  228  231  234  234  228  217  204  192  181  171  158  140  119  102   89   84
   83   85   89   92   94   95   98  100   95   89   83   80   79   78   78   75
   72   69   65   63   59   56   52   49   46   43   41   40   39   40   41   44
   51   62   74   88  103  119  135  151  166  178  186  193  198  202  202  200
  199  198  199  202  207  212  218  224  228
