DORISInput/IGSGIM/2019/igsg3360.19i
     1.0            IONOSPHERE MAPS     MIX                 IONEX VERSION / TYPE
cmpcmb v1.2          GRL/UWM            23-dec-19 14:44     PGM / RUN BY / DATE 
ionex file containing IGS COMBINED Ionosphere maps          COMMENT             
global ionosphere maps for day 336, 2019                    DESCRIPTION         
IONEX file containing the COMBINED IGS TEC MAPS and DCBs    DESCRIPTION         
      IONEX files of the following IAACs were combined: cod DESCRIPTION         
                                                        esa DESCRIPTION         
                                                        jpl DESCRIPTION         
                                                        upc DESCRIPTION         
Contact address: Andrzej Krankowski                         DESCRIPTION
                 Geodynamics Research Laboratory            DESCRIPTION
                 University of Warmia and Mazury (GRL/UWM)  DESCRIPTION
                 Oczapowski St. 1                           DESCRIPTION
                 10-957-Olsztyn, POLAND                     DESCRIPTION
                 e-mail:  kand@uwm.edu.pl                   DESCRIPTION
                                                            DESCRIPTION         
  2019    12     2     0     0     0                        EPOCH OF FIRST MAP  
  2019    12     3     0     0     0                        EPOCH OF LAST MAP   
  7200                                                      INTERVAL            
    13                                                      # OF MAPS IN FILE   
  COSZ                                                      MAPPING FUNCTION    
     0.0                                                    ELEVATION CUTOFF    
combined TEC calculated as weighted mean of input TEC valuesOBSERVABLES USED    
   399                                                      # OF STATIONS       
    32                                                      # OF SATELLITES     
  6371.0                                                    BASE RADIUS         
     2                                                      MAP DIMENSION       
   450.0 450.0   0.0                                        HGT1 / HGT2 / DHGT  
    87.5 -87.5  -2.5                                        LAT1 / LAT2 / DLAT  
  -180.0 180.0   5.0                                        LON1 / LON2 / DLON  
    -1                                                      EXPONENT            
TEC values in 0.1 tec units;  9999, if no value available   COMMENT             
DCB values in nanoseconds, reference is Sum_of_SatDCBs = 0  COMMENT             
                                                            END OF HEADER       
[from data line 5148]
    13                                                      START OF TEC MAP    
  2019    12     3     0     0     0                        EPOCH OF CURRENT MAP
    87.5-180.0 180.0   5.0 450.0                            LAT/LON1/LON2/DLON/H
   16   16   16   15   16   15   15   15   15   16   16   15   15   15   15   14
   14   14   14   13   13   13   12   12   11   11   11   11   11   11   11   11
   11   11   11   11   11   11   11   11   11   12   12   12   12   12   12   12
   13   13   13   14   14   14   14   14   14   14   15   15   15   15   15   15
   15   15   15   16   16   16   15   16   16
    85.0-180.0 180.0   5.0 450.0                            LAT/LON1/LON2/DLON/H
   17   17   17   17   17   17   17   18   18   18   18   18   18   18   18   17
   17   16   16   15   14   14   14   13   12   12   12   11   11   11   11   11
   11   11   11   11   11   11   10   10   11   11   11   12   12   13   13   14
   14   15   15   15   15   15   15   15   15   15   15   15   15   15   15   15
   15   15   15   15   16   16   16   16   17
    82.5-180.0 180.0   5.0 450.0                            LAT/LON1/LON2/DLON/H
   18   18   19   19   20   20   20   21   21   22   22   22   21   22   21   21
   20   19   19   18   17   16   15   14   14   12   12   11   11   11   11   11
   10   10   10    9    9    9    9    9    9   11   12   13   13   14   14   15
   16   16   17   17   17   16   15   15   15   14   14   13   14   14   14   14
   15   15   15   16   17   17   17   18   18
    80.0-180.0 180.0   5.0 450.0                            LAT/LON1/LON2/DLON/H
   20   21   22   22   22   23   23   23   24   25   25   25   26   25   25   25
   24   23   22   21   20   19   18   17   14   12   11   10   10   10   10   10
   10    9    9    9    9    8    8    9   10   11   12   13   15   16   17   17
   18   19   19   18   17   16   15   14   13   13   12   13   13   13   14   14
   15   16   16   17   18   18   19   20   20
    77.5-180.0 180.0   5.0 450.0                            LAT/LON1/LON2/DLON/H
   24   24   24   25   25   25   25   25   26   26   27   27   27   27   27   28
   28   28   27   25   23   22   20   19   16   15   13   11   11   10   10   10
   10    9    9    8    8    8    9    9   11   12   14   15   17   18   19   19
   19   20   20   19   17   16   14   13   12   11   11   12   12   13   14   15
   16   17   18   19   20   21   22   23   24
    75.0-180.0 180.0   5.0 450.0                            LAT/LON1/LON2/DLON/H
   28   28   29   28   28   28   27   27   27   27   27   28   28   28   29   29
   29   28   28   28   27   25   23   22   19   17   14   12   12   11   10   10
   10    9    9    8    8    9    9   10   12   14   15   16   17   18   19   19
   19   18   18   17   15   14   13   12   11   10   11   11   12   13   15   16
   18   19   21   23   24   26   27   28   28
    72.5-180.0 180.0   5.0 450.0                            LAT/LON1/LON2/DLON/H
   34   34   33   33   32   31   30   29   28   28   27   27   27   28   27   27
   27   29   30   30   29   28   25   24   21   19   16   14   12   11   11   10
    9    8    8    9    9    9   10   11   13   14   15   16   16   16   17   16
   16   16   16   15   14   13   12   12   11   10   11   11   13   15   17   18
   21   23   25   28   30   31   33   33   34
    70.0-180.0 180.0   5.0 450.0                            LAT/LON1/LON2/DLON/H
   41   40   40   39   37   35   34   32   30   28   27   26   25   25   24   24
   25   27   28   28   28   28   26   25   23   20   18   16   13   12   11   10
   10    9    9    9   10    9   10   11   11   12   13   13   13   13   13   14
   14   14   14   14   14   13   13   13   12   11   12   13   14   17   19   22
   26   28   31   34   36   38   40   41   41
    67.5-180.0 180.0   5.0 450.0                            LAT/LON1/LON2/DLON/H
   48   48   46   45   43   41   39   36   34   30   27   25   24   22   21   21
   22   23   24   25   26   26   26   24   23   21   19   17   15   13   12   11
   11   10   10    9    9    9    9    9   10   10   10   10   10   10   11   12
   13   14   14   15   15   15   14   14   13   13   14   15   18   21   23   27
   31   34   37   40   43   45   47   48   48
    65.0-180.0 180.0   5.0 450.0                            LAT/LON1/LON2/DLON/H
   54   54   53   51   49   47   45   42   38   34   30   26   24   21   19   19
   18   19   21   21   22   23   22   22   21   20   19   17   15   15   13   12
   12   11   10    9    9    9    9    9   10   10   10   10   10   10   11   12
   13   15   16   17   17   17   17   17   16   16   17   19   21   24   29   33
   36   39   43   46   49   51   53   54   54
    62.5-180.0 180.0   5.0 450.0                            LAT/LON1/LON2/DLON/H
   60   60   58   57   55   52   50   47   43   40   35   30   25   22   19   18
   18   18   19   19   19   19   18   18   17   16   16   15   15   15   13   12
   11   11   10   10    9    9    9   10   11   13   12   12   13   13   14   15
   16   17   19   20   20   20   20   20   20   20   21   23   26   29   34   38
   42   46   49   52   55   57   59   60   60
    60.0-180.0 180.0   5.0 450.0                            LAT/LON1/LON2/DLON/H
   65   64   63   62   60   58   56   53   50   46   41   35   29   25   21   19
   18   18   19   19   17   17   15   14   14   14   14   15   14   15   14   12
   12   12   11   11   11   12   13   14   16   17   17   17   18   18   20   21
   21   21   22   24   23   23   23   23   24   26   27   29   32   35   40   44
   48   50   54   56   59   61   63   65   65
    57.5-180.0 180.0   5.0 450.0                            LAT/LON1/LON2/DLON/H
   69   68   68   66   64   62   61   58   56   52   46   41   35   29   26   23
   21   20   20   19   18   15   14   13   13   13   14   15   15   15   15   15
   14   14   14   14   15   16   18   21   23   25   25   25   25   26   27   29
   28   26   27   29   28   27   27   27   29   30   32   35   38   42   45   49
   52   55   58   61   63   65   67   68   69
    55.0-180.0 180.0   5.0 450.0                            LAT/LON1/LON2/DLON/H
   72   72   72   71   69   66   65   63   61   57   53   47   41   36   31   28
   25   23   22   20   19   16   15   14   14   15   16   17   18   19   18   18
   17   17   18   20   22   24   26   28   31   34   35   36   34   35   35   36
   35   34   34   34   33   32   31   30   32   34   37   40   43   47   50   53
   56   59   62   64   67   69   70   72   72
    52.5-180.0 180.0   5.0 450.0                            LAT/LON1/LON2/DLON/H
   77   77   77   76   73   71   69   67   65   63   59   54   48   43   38   33
   30   28   26   23   21   18   17   17   18   20   21   22   23   24   24   24
   23   24   25   28   30   33   36   38   40   43   45   46   46   46   45   45
   43   43   41   40   39   37   34   32   33   35   39   43   47   51   54   57
   59   62   66   69   72   74   76   76   77
    50.0-180.0 180.0   5.0 450.0                            LAT/LON1/LON2/DLON/H
   83   83   83   82   79   76   73   71   70   67   64   60   55   49   44   40
   36   32   30   27   24   22   22   23   25   27   28   29   31   32   32   32
   32   32   34   37   40   43   46   48   50   52   54   55   56   56   56   54
   52   51   49   47   44   40   37   34   34   36   40   45   49   53   56   59
   62   65   69   73   76   79   81   81   83
    47.5-180.0 180.0   5.0 450.0                            LAT/LON1/LON2/DLON/H
   89   90   90   89   86   82   79   76   74   72   69   66   61   56   50   46
   41   37   34   32   30   29   31   33   36   36   37   38   39   41   41   41
   40   41   43   46   48   52   55   57   59   60   61   62   64   64   63   62
   60   57   56   53   49   44   40   37   37   39   43   48   52   55   58   61
   65   68   73   76   79   83   85   87   89
    45.0-180.0 180.0   5.0 450.0                            LAT/LON1/LON2/DLON/H
   94   97   97   97   95   90   85   82   80   78   75   72   68   63   57   52
   46   42   39   38   37   39   41   44   46   47   47   47   49   50   50   49
   49   50   51   54   56   60   61   63   64   64   64   65   67   68   68   66
   64   62   60   57   52   47   43   41   42   44   48   52   55   58   60   64
   67   71   75   79   82   85   88   91   94
    42.5-180.0 180.0   5.0 450.0                            LAT/LON1/LON2/DLON/H
   97  102  104  105  103   99   94   90   87   85   82   79   75   70   64   57
   51   47   45   44   46   48   51   56   58   58   58   58   57   57   57   57
   57   57   58   60   62   65   66   66   66   65   65   66   68   70   70   69
   67   65   62   59   55   50   46   45   45   49   53   57   59   61   64   67
   70   75   79   82   85   87   90   93   97
    40.0-180.0 180.0   5.0 450.0                            LAT/LON1/LON2/DLON/H
  100  105  110  111  110  106  102   98   95   92   89   86   83   77   71   64
   57   52   49   52   54   57   61   67   69   70   69   67   65   64   63   63
   63   63   64   66   66   67   68   67   65   66   66   69   70   72   72   72
   69   66   62   60   55   52   49   47   49   53   59   63   65   66   68   71
   74   78   82   85   88   89   91   94  100
    37.5-180.0 180.0   5.0 450.0                            LAT/LON1/LON2/DLON/H
  102  108  112  115  115  113  109  105  103  101   97   94   90   85   79   71
   63   58   56   59   61   64   69   75   80   81   78   74   71   69   68   67
   67   67   68   68   69   69   68   67   67   67   69   71   72   73   73   71
   68   65   62   59   55   52   50   50   53   59   64   68   71   72   73   76
   78   82   86   89   91   92   94   97  102
    35.0-180.0 180.0   5.0 450.0                            LAT/LON1/LON2/DLON/H
  105  109  113  116  117  116  114  112  109  108  105  102   98   92   86   78
   71   66   64   65   67   70   76   82   86   86   83   78   75   72   71   70
   69   69   70   70   71   71   70   69   69   70   71   72   71   72   70   68
   66   62   60   57   54   52   51   53   57   63   69   74   76   77   78   81
   84   87   91   95   98   98  100  101  105
    32.5-180.0 180.0   5.0 450.0                            LAT/LON1/LON2/DLON/H
  111  112  113  116  118  118  117  117  115  114  112  108  104   98   92   85
   79   74   70   71   72   73   78   84   86   86   83   79   76   74   73   73
   71   71   72   72   73   73   72   71   71   72   73   72   71   69   67   64
   62   58   56   53   51   50   51   54   60   67   73   78   81   82   84   87
   91   94   99  103  108  109  109  110  111
    30.0-180.0 180.0   5.0 450.0                            LAT/LON1/LON2/DLON/H
  122  119  117  117  118  119  120  120  120  119  116  113  108  104   97   91
   85   80   76   76   75   73   76   81   82   82   80   77   76   75   75   75
   73   73   73   74   75   75   74   74   74   74   73   71   70   68   65   62
   59   54   51   49   48   47   50   55   62   69   76   81   85   88   90   95
   98  103  109  115  123  125  125  125  122
    27.5-180.0 180.0   5.0 450.0                            LAT/LON1/LON2/DLON/H
  139  132  125  122  121  122  124  124  123  122  119  115  112  108  102   96
   89   84   80   78   75   71   73   75   77   78   77   77   77   77   77   77
   76   75   75   76   77   76   75   75   75   74   72   70   68   66   63   59
   55   51   48   45   44   45   48   54   63   70   77   82   87   91   96  102
  108  115  123  132  141  145  147  145  139
    25.0-180.0 180.0   5.0 450.0                            LAT/LON1/LON2/DLON/H
  163  153  143  135  130  130  131  132  129  127  123  119  115  111  106  100
   93   89   84   79   74   70   69   71   74   76   76   77   78   80   80   80
   77   76   76   77   77   75   74   74   74   73   69   67   65   63   60   56
   51   46   43   42   41   43   48   55   63   71   77   83   88   94   99  108
  117  128  138  150  161  168  173  171  163
    22.5-180.0 180.0   5.0 450.0                            LAT/LON1/LON2/DLON/H
  189  178  166  154  146  143  143  143  139  135  131  125  120  115  109  103
   96   91   86   80   73   68   67   69   73   77   77   78   81   83   84   82
   79   77   77   77   76   73   72   71   71   68   64   62   60   58   56   52
   47   41   39   39   40   42   48   55   64   72   77   83   89   95  103  114
  126  140  153  168  181  193  197  198  189
    20.0-180.0 180.0   5.0 450.0                            LAT/LON1/LON2/DLON/H
  215  203  193  179  169  163  160  158  153  147  143  135  128  122  115  108
  100   94   88   82   74   69   69   71   76   79   79   81   84   86   86   84
   81   78   76   74   73   71   69   68   66   63   59   55   53   52   51   47
   43   39   37   37   38   42   47   56   65   72   78   83   91   99  108  121
  134  150  166  182  198  214  223  223  215
    17.5-180.0 180.0   5.0 450.0                            LAT/LON1/LON2/DLON/H
  239  228  215  203  193  186  183  179  174  168  160  150  141  134  125  117
  108  100   93   87   78   74   76   79   83   85   86   87   89   90   88   85
   82   78   75   72   69   67   66   64   61   57   53   50   48   47   46   45
   42   38   36   36   38   42   49   58   67   74   79   86   93  104  115  128
  144  159  175  192  209  225  241  243  239
    15.0-180.0 180.0   5.0 450.0                            LAT/LON1/LON2/DLON/H
  254  246  234  225  216  209  203  199  197  192  180  172  161  152  143  132
  121  111  102   95   87   85   88   92   95   96   95   95   96   95   91   87
   82   78   73   68   65   62   61   59   55   52   49   46   45   45   44   43
   41   37   35   36   38   43   51   62   71   77   83   88   97  109  123  138
  154  169  183  196  210  224  242  253  254
    12.5-180.0 180.0   5.0 450.0                            LAT/LON1/LON2/DLON/H
  254  256  249  240  233  227  221  217  218  216  207  199  187  176  167  154
  141  130  118  109  102  100  104  109  110  108  105  103  104  101   94   87
   82   76   70   65   61   57   56   54   51   48   47   45   44   44   44   43
   41   38   36   36   39   45   54   65   75   81   85   91  101  114  130  147
  163  177  189  199  208  218  231  245  254
    10.0-180.0 180.0   5.0 450.0                            LAT/LON1/LON2/DLON/H
  245  252  252  247  241  237  233  232  233  235  233  228  218  207  198  183
  168  155  141  131  122  117  118  124  123  118  111  109  108  104   96   88
   81   74   68   62   58   54   52   50   49   47   47   46   45   45   45   43
   42   38   36   37   40   47   57   69   79   85   88   95  105  118  135  152
  169  183  193  201  207  212  221  233  245
     7.5-180.0 180.0   5.0 450.0                            LAT/LON1/LON2/DLON/H
  236  243  244  242  241  239  237  238  243  249  253  253  246  240  230  216
  201  185  170  157  145  135  132  135  132  122  113  110  108  102   96   88
   80   73   66   60   56   52   50   49   48   48   48   48   48   47   46   43
   41   38   37   39   42   50   61   73   83   88   91   98  108  122  139  156
  172  186  196  202  205  206  214  225  236
     5.0-180.0 180.0   5.0 450.0                            LAT/LON1/LON2/DLON/H
  230  234  235  235  235  236  236  238  245  255  264  268  266  263  255  248
  231  218  199  183  168  156  149  146  137  125  116  112  108  102   96   88
   81   73   66   60   56   52   51   50   50   51   52   52   50   48   46   43
   41   39   39   41   45   53   65   77   86   91   94  100  110  124  140  157
  172  186  196  202  204  205  211  222  230
     2.5-180.0 180.0   5.0 450.0                            LAT/LON1/LON2/DLON/H
  236  237  235  233  232  233  233  236  243  253  264  269  273  272  271  265
  256  242  223  203  187  175  165  156  144  131  122  117  111  104   98   91
   83   75   68   63   58   54   54   54   54   54   55   55   53   50   47   44
   43   41   42   43   48   58   69   81   88   92   95  101  111  125  140  155
  169  184  195  202  205  209  216  228  236
