DORISInput/IGSGIM/2019/igsg3390.19i
     1.0            IONOSPHERE MAPS     MIX                 IONEX VERSION / TYPE
cmpcmb v1.2          GRL/UWM            23-dec-19 15:00     PGM / RUN BY / DATE 
ionex file containing IGS COMBINED Ionosphere maps          COMMENT             
global ionosphere maps for day 339, 2019                    DESCRIPTION         
IONEX file containing the COMBINED IGS TEC MAPS and DCBs    DESCRIPTION         
      IONEX files of the following IAACs were combined: cod DESCRIPTION         
                                                        esa DESCRIPTION         
                                                        jpl DESCRIPTION         
                                                        upc DESCRIPTION         
Contact address: Andrzej Krankowski                         DESCRIPTION
                 Geodynamics Research Laboratory            DESCRIPTION
                 University of Warmia and Mazury (GRL/UWM)  DESCRIPTION
                 Oczapowski St. 1                           DESCRIPTION
                 10-957-Olsztyn, POLAND                     DESCRIPTION
                 e-mail:  kand@uwm.edu.pl                   DESCRIPTION
                                                            DESCRIPTION         
  2019    12     5     0     0     0                        EPOCH OF FIRST MAP  
  2019    12     6     0     0     0                        EPOCH OF LAST MAP   
  7200                                                      INTERVAL            
    13                                                      # OF MAPS IN FILE   
  COSZ                                                      MAPPING FUNCTION    
     0.0                                                    ELEVATION CUTOFF    
combined TEC calculated as weighted mean of input TEC valuesOBSERVABLES USED    
   404                                                      # OF STATIONS       
    32                                                      # OF SATELLITES     
  6371.0                                                    BASE RADIUS         
     2                                                      MAP DIMENSION       
   450.0 450.0   0.0                                        HGT1 / HGT2 / DHGT  
    87.5 -87.5  -2.5                                        LAT1 / LAT2 / DLAT  
  -180.0 180.0   5.0                                        LON1 / LON2 / DLON  
    -1                                                      EXPONENT            
TEC values in 0.1 tec units;  9999, if no value available   COMMENT             
DCB values in nanoseconds, reference is Sum_of_SatDCBs = 0  COMMENT             
                                                            END OF HEADER       
[from data line 2574]
     7                                                      START OF TEC MAP    
  2019    12     5    12     0     0                        EPOCH OF CURRENT MAP
    87.5-180.0 180.0   5.0 450.0                            LAT/LON1/LON2/DLON/H
   21   21   21   21   20   20   20   20   20   20   20   20   19   19   19   19
   19   19   19   19   19   19   19   19   19   19   19   19   19   19   19   19
   19   19   19   19   20   20   20   20   20   20   20   20   21   21   21   21
   21   22   22   22   22   22   22   22   22   22   23   23   23   23   23   23
   22   22   22   22   22   21   21   21   21
    85.0-180.0 180.0   5.0 450.0                            LAT/LON1/LON2/DLON/H
   20   20   20   19   19   19   18   18   18   18   18   18   17   18   17   17
   17   17   17   17   17   17   17   17   17   17   17   17   17   17   17   17
   17   18   18   18   18   18   18   19   19   19   20   20   20   20   20   20
   20   21   21   21   22   22   23   23   23   24   24   24   24   24   24   24
   23   23   23   23   22   21   21   21   20
    82.5-180.0 180.0   5.0 450.0                            LAT/LON1/LON2/DLON/H
   18   18   18   18   18   18   17   17   17   17   17   17   17   17   17   17
   16   16   16   15   15   15   15   15   15   15   14   15   15   15   15   16
   16   16   16   17   17   17   18   18   18   18   18   18   18   18   18   18
   19   19   19   19   20   21   22   22   23   24   24   24   24   24   24   24
   24   23   23   21   20   19   19   19   18
    80.0-180.0 180.0   5.0 450.0                            LAT/LON1/LON2/DLON/H
   18   18   18   18   18   17   17   17   17   17   17   17   17   17   17   17
   17   16   16   15   15   14   14   14   14   13   13   13   13   13   13   14
   14   15   15   15   15   15   15   15   16   16   16   16   16   15   15   15
   15   15   16   17   18   18   20   21   22   22   22   22   23   23   23   23
   22   21   20   19   19   19   18   18   18
    77.5-180.0 180.0   5.0 450.0                            LAT/LON1/LON2/DLON/H
   18   18   18   18   18   18   18   17   17   17   17   18   18   19   19   19
   19   18   18   18   16   16   15   14   13   12   12   12   12   12   13   13
   13   14   14   15   15   15   14   14   14   14   13   13   12   13   12   12
   12   13   14   15   15   16   17   18   19   20   20   20   20   20   20   20
   20   19   19   19   19   18   18   17   18
    75.0-180.0 180.0   5.0 450.0                            LAT/LON1/LON2/DLON/H
   18   18   18   18   18   19   19   19   18   19   20   20   21   21   21   22
   22   22   21   20   20   19   17   16   14   13   12   11   11   12   12   13
   14   14   15   15   16   16   16   15   15   14   13   12   11   11   10   11
   11   12   12   13   14   14   15   16   17   17   17   18   18   18   18   18
   18   18   18   17   17   17   18   17   18
    72.5-180.0 180.0   5.0 450.0                            LAT/LON1/LON2/DLON/H
   18   18   18   19   19   19   19   19   19   20   21   21   22   23   24   24
   25   25   24   24   23   22   20   17   15   14   13   13   13   13   13   14
   16   17   18   19   20   19   19   18   17   16   15   13   12   12   11   11
   11   12   12   12   13   13   13   14   15   15   15   16   16   16   17   17
   17   17   16   17   17   17   17   18   18
    70.0-180.0 180.0   5.0 450.0                            LAT/LON1/LON2/DLON/H
   18   19   19   20   19   19   19   18   18   19   20   21   22   23   25   27
   27   28   27   26   25   24   21   19   17   15   15   15   15   16   17   19
   20   22   23   24   25   24   24   23   21   20   18   17   16   14   13   13
   13   13   13   12   13   13   13   14   14   15   15   16   16   16   16   17
   17   17   17   17   17   17   17   17   18
    67.5-180.0 180.0   5.0 450.0                            LAT/LON1/LON2/DLON/H
   19   21   21   21   21   20   19   18   18   18   18   20   21   23   25   26
   27   28   27   26   25   23   21   20   18   17   17   18   19   20   22   24
   26   27   29   30   30   30   29   28   27   25   23   22   20   19   18   17
   16   16   15   15   14   14   14   14   15   15   16   16   17   18   18   19
   19   19   19   19   19   19   18   19   19
    65.0-180.0 180.0   5.0 450.0                            LAT/LON1/LON2/DLON/H
   22   23   23   23   23   22   20   19   17   16   16   17   19   21   22   24
   24   25   24   23   22   20   19   19   18   18   19   21   23   26   27   29
   32   34   35   35   35   35   34   33   32   31   29   27   26   24   23   22
   21   20   19   17   16   16   16   16   16   17   17   17   18   20   21   22
   23   23   23   22   22   22   22   22   22
    62.5-180.0 180.0   5.0 450.0                            LAT/LON1/LON2/DLON/H
   26   26   26   26   26   24   22   19   17   16   14   15   16   18   19   20
   21   21   20   19   17   16   17   17   18   20   22   25   28   31   33   35
   37   39   39   40   40   40   39   39   38   37   35   34   32   31   29   28
   26   24   22   20   18   18   17   17   18   18   19   19   20   22   24   25
   27   27   27   28   27   27   26   26   26
    60.0-180.0 180.0   5.0 450.0                            LAT/LON1/LON2/DLON/H
   31   31   32   31   30   28   25   22   19   16   14   13   14   15   16   16
   17   16   15   14   13   13   14   15   18   21   25   29   33   36   39   41
   43   43   44   44   44   44   44   43   43   43   41   41   39   38   36   34
   31   29   26   23   21   20   19   19   19   20   20   22   23   25   27   29
   31   32   33   33   33   32   32   31   31
    57.5-180.0 180.0   5.0 450.0                            LAT/LON1/LON2/DLON/H
   38   37   37   36   35   33   31   27   23   19   16   14   13   13   14   14
   14   12   11   10   10    9   12   15   19   24   29   33   37   41   44   46
   48   48   49   48   48   48   48   48   48   48   48   48   47   45   43   41
   37   33   30   27   24   23   22   22   22   23   24   24   26   28   30   33
   35   37   38   39   39   39   38   38   38
    55.0-180.0 180.0   5.0 450.0                            LAT/LON1/LON2/DLON/H
   44   44   44   43   41   39   37   33   29   24   19   16   15   14   14   14
   13   12   11   10   10   10   12   17   22   27   32   37   41   46   49   51
   53   53   53   52   51   51   52   53   53   54   54   54   54   53   51   48
   43   39   35   31   29   27   26   26   26   26   27   28   29   31   33   36
   38   41   43   43   44   44   44   44   44
    52.5-180.0 180.0   5.0 450.0                            LAT/LON1/LON2/DLON/H
   50   50   50   49   48   47   45   43   38   31   26   22   19   17   17   17
   16   15   13   12   12   13   17   22   27   32   37   43   46   50   54   56
   58   58   58   57   56   56   57   58   59   60   61   61   61   60   58   55
   50   46   42   37   35   33   32   32   31   32   32   32   33   34   36   39
   42   44   47   48   49   49   49   50   50
    50.0-180.0 180.0   5.0 450.0                            LAT/LON1/LON2/DLON/H
   55   55   55   54   54   54   54   52   47   42   35   29   25   23   22   21
   21   20   19   19   18   21   24   29   35   39   44   49   53   56   59   62
   62   62   62   61   61   61   62   64   65   67   67   68   69   68   66   63
   58   54   50   45   41   39   38   38   37   37   37   37   38   38   40   43
   46   48   50   51   52   52   52   54   55
    47.5-180.0 180.0   5.0 450.0                            LAT/LON1/LON2/DLON/H
   56   58   58   58   59   61   62   62   59   53   45   39   34   31   29   29
   28   28   28   27   28   31   35   40   44   48   52   55   58   62   64   66
   66   66   65   65   65   67   68   70   72   74   76   76   77   77   74   71
   66   62   58   53   49   46   45   43   43   43   42   42   42   44   44   46
   49   51   53   53   53   53   54   55   56
    45.0-180.0 180.0   5.0 450.0                            LAT/LON1/LON2/DLON/H
   56   58   58   59   62   65   68   70   68   63   57   50   44   40   38   37
   36   37   37   39   41   44   48   52   55   58   60   62   63   66   68   69
   70   69   69   70   71   73   75   77   80   82   84   85   86   86   83   79
   74   69   65   60   57   54   52   50   48   48   48   47   47   48   49   51
   53   54   55   55   53   53   54   55   56
    42.5-180.0 180.0   5.0 450.0                            LAT/LON1/LON2/DLON/H
   54   56   57   59   62   66   71   74   75   72   66   60   54   50   46   45
   45   46   48   50   54   57   61   64   66   67   68   68   69   70   71   73
   73   73   73   75   77   80   82   84   87   89   91   93   93   93   91   87
   81   76   71   66   62   59   57   55   53   53   53   52   51   52   53   55
   56   57   57   56   54   52   52   53   54
    40.0-180.0 180.0   5.0 450.0                            LAT/LON1/LON2/DLON/H
   51   53   55   57   59   64   70   75   79   78   73   68   63   58   54   53
   52   54   56   61   65   69   73   75   75   75   74   73   73   74   75   76
   77   77   78   81   84   87   89   92   94   96   98   99  100  100   98   94
   88   82   76   70   66   63   60   58   57   56   57   56   56   56   57   58
   60   60   59   57   54   52   50   50   51
    37.5-180.0 180.0   5.0 450.0                            LAT/LON1/LON2/DLON/H
   48   50   52   54   56   60   66   73   79   81   78   74   69   65   61   58
   58   60   63   69   74   79   82   83   83   81   80   78   78   79   79   80
   81   82   84   88   92   96   97   99  101  102  103  105  105  105  103  100
   94   87   81   74   68   65   62   60   58   59   60   60   60   60   60   62
   63   62   61   59   54   51   49   48   48
    35.0-180.0 180.0   5.0 450.0                            LAT/LON1/LON2/DLON/H
   46   47   48   50   51   55   60   67   76   81   80   78   73   69   66   63
   63   64   68   74   80   85   88   88   87   86   85   83   83   83   85   86
   87   89   93   97  102  105  107  108  108  109  109  109  109  108  107  105
   99   93   86   78   72   68   64   61   60   60   61   62   63   63   62   63
   64   63   62   59   55   51   48   46   46
    32.5-180.0 180.0   5.0 450.0                            LAT/LON1/LON2/DLON/H
   46   45   46   47   47   49   53   61   70   77   79   78   75   72   68   66
   66   67   71   77   82   88   90   90   90   90   88   87   87   89   91   94
   96  100  104  110  114  117  118  117  115  115  114  113  112  111  111  109
  104   99   92   85   79   74   69   66   65   64   63   64   65   64   63   63
   64   63   62   59   55   51   48   46   46
    30.0-180.0 180.0   5.0 450.0                            LAT/LON1/LON2/DLON/H
   46   46   45   45   44   45   48   54   64   70   74   74   73   71   69   68
   67   68   72   77   83   87   88   89   91   91   91   91   93   96  101  105
  109  113  118  124  128  131  130  127  125  121  119  117  116  115  115  115
  113  109  103   97   91   85   79   74   70   68   66   66   65   65   63   62
   62   61   60   58   55   52   48   46   46
    27.5-180.0 180.0   5.0 450.0                            LAT/LON1/LON2/DLON/H
   47   47   47   45   44   43   45   50   58   63   66   68   69   68   68   68
   67   67   70   75   80   84   86   88   90   91   92   94  100  107  115  120
  125  130  135  141  145  146  144  141  134  130  127  123  122  122  123  125
  125  121  118  113  107  100   92   84   78   72   69   68   66   64   62   60
   60   58   57   56   53   51   49   47   47
    25.0-180.0 180.0   5.0 450.0                            LAT/LON1/LON2/DLON/H
   47   48   49   48   45   43   43   47   52   56   58   61   63   64   66   66
   66   66   68   72   77   81   85   87   89   91   94  100  108  120  131  138
  143  149  154  159  162  162  160  154  145  140  135  132  132  133  135  137
  138  137  135  132  126  119  108   97   86   78   73   70   67   64   61   58
   57   56   54   53   52   50   49   47   47
    22.5-180.0 180.0   5.0 450.0                            LAT/LON1/LON2/DLON/H
   48   50   51   50   48   46   45   46   48   50   52   54   57   59   62   63
   63   63   66   70   75   80   83   86   89   91   97  106  119  135  149  158
  164  170  172  175  178  179  174  165  155  149  145  143  143  145  149  152
  154  155  154  153  147  139  126  113   98   85   76   71   67   63   60   56
   55   53   51   50   50   49   49   48   48
    20.0-180.0 180.0   5.0 450.0                            LAT/LON1/LON2/DLON/H
   49   51   52   52   50   48   47   47   48   47   47   49   52   54   57   59
   60   60   64   68   74   79   83   86   89   93  101  115  133  151  167  179
  187  189  186  187  189  189  184  174  163  158  155  154  156  159  163  168
  171  172  173  173  168  159  146  129  109   91   80   72   66   62   58   55
   53   51   49   48   48   49   49   49   49
    17.5-180.0 180.0   5.0 450.0                            LAT/LON1/LON2/DLON/H
   49   50   52   52   51   49   48   48   48   46   45   45   47   50   53   55
   57   58   61   68   74   80   85   88   92   97  106  125  147  169  186  197
  203  201  196  194  192  190  186  177  170  166  165  166  169  173  178  183
  185  189  189  189  186  177  162  142  118   97   83   73   67   62   58   55
   53   51   49   48   48   49   49   49   49
    15.0-180.0 180.0   5.0 450.0                            LAT/LON1/LON2/DLON/H
   49   50   51   51   50   49   49   49   49   47   44   44   45   47   50   52
   54   56   60   68   76   82   88   91   96  103  114  134  159  182  200  209
  210  204  198  192  190  188  184  179  175  174  175  177  181  185  191  195
  198  200  201  200  197  188  174  151  124  102   85   75   68   64   61   58
   55   53   51   49   48   49   49   49   49
    12.5-180.0 180.0   5.0 450.0                            LAT/LON1/LON2/DLON/H
   50   50   50   49   48   47   48   49   49   48   45   44   45   46   48   49
   51   55   60   69   77   84   91   96  101  110  123  144  168  190  205  211
  209  201  194  188  185  183  181  179  179  180  184  187  191  195  199  202
  205  207  207  206  202  193  178  154  127  104   88   77   70   67   64   62
   59   58   55   52   51   49   49   49   50
    10.0-180.0 180.0   5.0 450.0                            LAT/LON1/LON2/DLON/H
   50   50   48   46   45   45   46   47   48   48   46   45   45   45   46   48
   51   55   62   70   78   87   93  100  107  118  133  151  174  193  204  207
  203  196  189  185  182  181  179  181  184  188  192  196  199  201  203  205
  206  207  206  204  200  193  177  155  129  106   91   81   75   71   68   66
   64   63   60   56   53   51   50   50   50
     7.5-180.0 180.0   5.0 450.0                            LAT/LON1/LON2/DLON/H
   50   49   47   44   42   42   43   44   46   47   46   45   44   44   45   48
   52   56   63   72   80   88   96  104  113  126  141  158  177  191  198  200
  196  191  187  183  181  181  182  185  190  195  199  202  203  204  205  205
  205  204  202  200  196  189  176  155  131  111   97   88   82   77   74   71
   70   68   64   59   56   52   51   50   50
     5.0-180.0 180.0   5.0 450.0                            LAT/LON1/LON2/DLON/H
   51   49   45   41   39   38   40   41   43   44   45   44   44   43   44   48
   52   58   66   74   81   90   99  108  120  133  147  163  177  186  192  192
  191  189  188  187  187  187  189  193  198  202  205  206  207  206  206  205
  203  202  200  197  193  187  177  160  139  121  108   98   92   86   81   78
   75   72   67   61   56   53   52   52   51
     2.5-180.0 180.0   5.0 450.0                            LAT/LON1/LON2/DLON/H
   51   49   45   40   37   36   37   37   39   40   42   42   42   41   43   47
   52   59   67   75   83   92  102  112  125  139  153  166  175  181  185  187
  190  192  194  196  197  197  198  202  206  209  210  211  210  209  209  208
  207  204  202  198  194  190  183  170  153  138  124  113  104   97   91   85
   80   75   70   63   58   54   52   52   51
