DORISInput/IGSGIM/2019/igsg3490.19i
     1.0            IONOSPHERE MAPS     MIX                 IONEX VERSION / TYPE
cmpcmb v1.2          GRL/UWM             4-jan-20 13:23     PGM / RUN BY / DATE 
ionex file containing IGS COMBINED Ionosphere maps          COMMENT             
global ionosphere maps for day 349, 2019                    DESCRIPTION         
IONEX file containing the COMBINED IGS TEC MAPS and DCBs    DESCRIPTION         
      IONEX files of the following IAACs were combined: cod DESCRIPTION         
                                                        esa DESCRIPTION         
                                                        jpl DESCRIPTION         
                                                        upc DESCRIPTION         
Contact address: Andrzej Krankowski                         DESCRIPTION
                 Geodynamics Research Laboratory            DESCRIPTION
                 University of Warmia and Mazury (GRL/UWM)  DESCRIPTION
                 Oczapowski St. 1                           DESCRIPTION
                 10-957-Olsztyn, POLAND                     DESCRIPTION
                 e-mail:  kand@uwm.edu.pl                   DESCRIPTION
                                                            DESCRIPTION         
  2019    12    15     0     0     0                        EPOCH OF FIRST MAP  
  2019    12    16     0     0     0                        EPOCH OF LAST MAP   
  7200                                                      INTERVAL            
    13                                                      # OF MAPS IN FILE   
  COSZ                                                      MAPPING FUNCTION    
     0.0                                                    ELEVATION CUTOFF    
combined TEC calculated as weighted mean of input TEC valuesOBSERVABLES USED    
   394                                                      # OF STATIONS       
    32                                                      # OF SATELLITES     
  6371.0                                                    BASE RADIUS         
     2                                                      MAP DIMENSION       
   450.0 450.0   0.0                                        HGT1 / HGT2 / DHGT  
    87.5 -87.5  -2.5                                        LAT1 / LAT2 / DLAT  
  -180.0 180.0   5.0                                        LON1 / LON2 / DLON  
    -1                                                      EXPONENT            
TEC values in 0.1 tec units;  9999, if no value available   COMMENT             
DCB values in nanoseconds, reference is Sum_of_SatDCBs = 0  COMMENT             
                                                            END OF HEADER       
[from data line 3003]
     8                                                      START OF TEC MAP    
  2019    12    15    14     0     0                        EPOCH OF CURRENT MAP
    87.5-180.0 180.0   5.0 450.0                            LAT/LON1/LON2/DLON/H
   22   23   23   22   22   22   22   22   22   22   21   21   21   21   21   20
   20   20   20   19   19   19   19   19   18   18   18   18   18   18   18   17
   18   18   18   18   18   18   18   18   18   18   18   19   19   19   19   19
   19   20   20   20   20   21   21   22   22   22   22   22   23   23   23   23
   23   23   23   23   23   23   23   22   22
    85.0-180.0 180.0   5.0 450.0                            LAT/LON1/LON2/DLON/H
   23   22   22   23   23   23   23   23   23   23   23   23   22   22   21   21
   20   20   19   18   17   17   16   16   16   16   15   15   15   14   15   14
   14   14   14   14   14   14   14   14   14   15   15   15   16   16   17   17
   18   18   19   19   20   20   20   21   22   22   23   23   23   23   23   23
   23   23   23   23   23   22   22   22   23
    82.5-180.0 180.0   5.0 450.0                            LAT/LON1/LON2/DLON/H
   21   21   22   22   23   23   23   24   24   24   24   24   23   23   22   21
   20   19   18   17   17   16   15   14   14   13   13   13   13   12   12   12
   11   11   11   11   11   11   11   11   11   11   12   12   12   13   14   14
   15   15   16   17   18   19   19   20   21   21   22   22   22   22   22   21
   21   20   20   20   20   20   20   20   21
    80.0-180.0 180.0   5.0 450.0                            LAT/LON1/LON2/DLON/H
   17   17   18   20   21   21   22   23   24   25   25   25   24   24   23   22
   20   19   18   16   15   13   13   13   12   12   12   11   11   11   11   10
   10   10   10    9    9    9    8    8    9    8    9    9    9    9   10   10
   12   12   14   15   16   17   17   18   19   19   19   19   19   19   18   18
   17   17   17   16   16   16   16   16   17
    77.5-180.0 180.0   5.0 450.0                            LAT/LON1/LON2/DLON/H
   12   14   15   17   18   19   21   22   23   23   24   25   25   24   24   23
   21   20   18   17   16   14   12   12   11   12   12   12   13   13   13   12
   12   11   11   11   10   10    9    8    7    7    7    7    7    7    8    8
    9   10   11   12   13   14   15   16   16   16   16   16   16   16   15   14
   13   13   12   12   12   11   11   12   12
    75.0-180.0 180.0   5.0 450.0                            LAT/LON1/LON2/DLON/H
   10   10   12   13   15   16   18   18   20   21   22   23   24   23   22   21
   21   20   19   18   16   16   14   12   13   13   14   15   15   16   16   16
   16   15   15   14   13   11   10    9    8    7    6    6    6    7    7    7
    8    8    9   11   12   12   13   13   14   14   13   13   13   13   12   11
   10   10   10   10   10   10    9    9   10
    72.5-180.0 180.0   5.0 450.0                            LAT/LON1/LON2/DLON/H
    9   10   10   11   12   13   13   15   16   18   19   20   20   21   21   20
   20   20   19   18   18   17   16   15   15   16   18   19   20   20   21   21
   21   21   20   19   17   15   13   11    9    8    7    7    7    7    7    7
    8    8    9   10   11   11   11   11   12   12   11   11   11   11   11   10
   10   10   10   10   10    9    9    9    9
    70.0-180.0 180.0   5.0 450.0                            LAT/LON1/LON2/DLON/H
   10   10   10   10   11   11   12   12   13   14   14   15   16   17   18   18
   18   18   18   17   18   19   19   19   19   21   23   25   26   26   26   27
   27   27   26   24   22   19   16   14   11    9    8    8    7    7    7    8
    8    9   10   10   11   11   11   11   11   12   11   11   11   12   12   12
   13   12   12   11   11   10   10   10   10
    67.5-180.0 180.0   5.0 450.0                            LAT/LON1/LON2/DLON/H
   14   14   13   13   13   12   12   11   10   10   10   11   12   12   13   13
   13   15   16   17   19   21   22   23   25   27   28   30   32   32   32   32
   33   33   32   29   26   23   20   17   14   12   11   10    9    8    8    8
   10   11   12   13   13   13   13   13   13   13   13   13   13   14   15   17
   18   17   17   17   16   16   15   14   14
    65.0-180.0 180.0   5.0 450.0                            LAT/LON1/LON2/DLON/H
   21   20   20   19   17   16   14   12   10    9    9    9    9    9    9    9
   10   11   14   17   20   23   25   28   31   33   34   36   38   39   39   38
   38   38   37   34   30   27   24   20   18   17   15   14   13   13   13   13
   14   15   16   17   16   16   16   15   15   16   17   17   17   18   20   22
   23   24   25   25   24   23   22   22   21
    62.5-180.0 180.0   5.0 450.0                            LAT/LON1/LON2/DLON/H
   29   28   28   26   24   22   19   15   12   10    9    8    8    8    8    8
    8   10   14   18   22   26   30   33   36   39   41   43   44   45   45   45
   44   43   41   39   35   31   28   25   23   22   21   21   20   20   20   20
   20   20   20   21   20   20   19   18   18   19   20   20   21   23   25   27
   29   30   31   32   31   30   29   29   29
    60.0-180.0 180.0   5.0 450.0                            LAT/LON1/LON2/DLON/H
   36   35   35   34   31   29   25   21   17   14   11    9    8    8    8    8
    8   10   14   19   24   29   33   38   41   44   46   48   50   51   51   51
   50   48   46   44   40   36   33   31   30   29   28   29   27   27   27   27
   26   25   25   25   25   25   24   23   23   23   24   24   26   29   31   33
   35   37   37   37   36   35   35   35   36
    57.5-180.0 180.0   5.0 450.0                            LAT/LON1/LON2/DLON/H
   40   41   40   40   38   35   31   28   23   19   16   13   11    9    9    9
   10   13   17   22   27   32   37   41   45   48   51   54   56   57   58   58
   57   55   53   50   47   44   41   39   38   38   38   37   37   36   34   33
   32   30   30   29   29   29   29   29   29   29   29   30   32   35   37   38
   41   42   42   42   41   40   39   39   40
    55.0-180.0 180.0   5.0 450.0                            LAT/LON1/LON2/DLON/H
   43   44   45   45   44   41   38   34   30   26   22   19   16   14   13   12
   14   17   21   26   30   35   40   45   49   53   57   60   63   65   65   65
   64   62   60   58   55   53   52   50   49   48   48   47   45   43   41   39
   37   35   34   34   34   34   35   36   36   36   36   36   37   39   41   43
   45   46   45   45   44   43   42   42   43
    52.5-180.0 180.0   5.0 450.0                            LAT/LON1/LON2/DLON/H
   45   46   47   47   47   46   43   40   37   33   30   27   23   21   19   18
   20   23   26   31   34   38   42   47   53   59   63   67   71   73   72   72
   71   69   68   66   65   64   64   63   62   60   59   57   54   50   47   44
   41   40   39   39   40   40   41   42   43   43   43   42   43   43   44   46
   47   47   46   46   46   45   44   44   45
    50.0-180.0 180.0   5.0 450.0                            LAT/LON1/LON2/DLON/H
   46   47   49   49   49   49   47   44   42   40   37   34   30   27   26   25
   26   29   32   36   39   42   46   51   58   65   70   75   79   81   80   80
   78   76   73   73   74   75   76   76   75   73   70   66   61   57   52   49
   46   45   45   45   45   47   48   49   49   49   49   49   49   48   48   49
   49   49   47   47   46   46   45   45   46
    47.5-180.0 180.0   5.0 450.0                            LAT/LON1/LON2/DLON/H
   47   49   49   50   51   50   49   48   47   46   44   41   37   34   32   32
   33   36   39   42   45   47   51   57   64   71   77   83   86   87   87   86
   83   81   79   80   83   86   88   89   87   84   80   74   69   63   58   54
   51   51   51   51   52   54   55   55   55   55   54   53   52   52   51   51
   50   50   48   47   47   46   46   46   47
    45.0-180.0 180.0   5.0 450.0                            LAT/LON1/LON2/DLON/H
   48   49   50   50   51   50   50   50   50   49   48   46   43   39   38   39
   41   44   46   49   52   54   58   65   71   78   84   89   91   91   91   90
   87   85   84   86   90   96   99  100   98   94   88   82   75   69   63   59
   57   57   57   59   60   62   63   62   61   61   59   57   55   54   54   53
   53   52   51   49   48   48   48   48   48
    42.5-180.0 180.0   5.0 450.0                            LAT/LON1/LON2/DLON/H
   49   49   49   50   50   50   50   51   51   52   52   50   47   44   44   45
   48   51   54   58   60   63   67   73   79   85   89   91   93   93   93   93
   91   89   89   91   98  104  108  109  107  103   96   88   80   73   68   64
   63   63   64   65   67   68   69   68   67   65   62   60   58   56   56   56
   55   54   53   51   50   50   50   50   49
    40.0-180.0 180.0   5.0 450.0                            LAT/LON1/LON2/DLON/H
   51   50   49   49   49   48   49   50   51   53   54   52   50   48   49   51
   55   59   62   66   69   73   77   82   87   91   92   92   92   93   95   96
   96   96   95   99  105  112  117  117  115  110  103   95   87   78   72   69
   68   68   69   70   72   73   73   72   71   68   65   62   60   58   58   58
   57   56   55   54   53   53   52   52   51
    37.5-180.0 180.0   5.0 450.0                            LAT/LON1/LON2/DLON/H
   52   50   49   48   48   47   47   48   50   53   54   54   53   52   53   57
   62   66   69   74   78   83   87   91   93   94   93   92   92   94   98  102
  104  105  106  109  115  121  124  125  122  118  110  102   93   85   79   74
   72   72   73   74   75   75   75   74   72   70   66   63   61   59   59   59
   59   58   57   55   54   54   54   53   52
    35.0-180.0 180.0   5.0 450.0                            LAT/LON1/LON2/DLON/H
   53   50   49   48   47   46   45   46   49   53   55   56   55   56   59   63
   68   72   76   82   86   91   95   97   98   97   95   93   93   97  103  111
  116  120  121  124  128  131  133  133  130  125  117  109  101   92   84   79
   75   75   75   75   76   75   75   74   73   70   66   63   61   60   60   61
   61   60   58   56   55   55   54   54   53
    32.5-180.0 180.0   5.0 450.0                            LAT/LON1/LON2/DLON/H
   52   50   49   48   46   45   44   44   47   51   54   56   57   59   64   69
   73   78   82   88   92   98  100  101  101  100   97   96   97  102  111  123
  133  139  142  143  144  145  144  142  137  132  126  119  111  101   92   85
   80   76   75   74   75   74   74   73   72   69   66   64   62   61   61   61
   62   61   59   57   55   55   55   54   52
    30.0-180.0 180.0   5.0 450.0                            LAT/LON1/LON2/DLON/H
   52   51   50   49   47   45   43   43   45   49   53   55   58   62   67   73
   78   82   86   91   96  101  102  102  102  102  100  101  105  112  125  140
  153  160  164  167  165  162  158  153  147  140  135  130  123  111  102   93
   85   80   76   75   75   74   73   72   71   69   66   64   63   62   62   63
   63   61   59   56   54   53   53   53   52
    27.5-180.0 180.0   5.0 450.0                            LAT/LON1/LON2/DLON/H
   53   53   52   51   49   46   44   42   44   48   50   53   58   63   70   78
   82   86   89   93   98  102  103  103  103  103  105  110  117  128  143  160
  175  183  186  189  187  179  172  165  158  152  147  142  136  125  115  103
   93   86   79   76   75   73   72   71   70   69   67   65   64   64   64   64
   63   61   57   54   52   51   51   53   53
    25.0-180.0 180.0   5.0 450.0                            LAT/LON1/LON2/DLON/H
   53   55   55   54   52   48   45   43   43   46   48   51   56   64   72   81
   85   88   91   95   99  102  104  104  105  108  113  122  134  151  168  185
  199  205  207  209  205  196  187  178  171  166  162  157  151  142  132  118
  104   94   85   79   76   74   71   71   70   69   67   67   66   66   65   64
   63   60   56   53   50   49   49   51   53
    22.5-180.0 180.0   5.0 450.0                            LAT/LON1/LON2/DLON/H
   52   55   57   57   55   51   48   45   44   44   46   49   54   64   74   82
   87   90   93   97  101  104  105  107  109  116  126  140  156  176  198  212
  220  224  225  226  221  210  199  189  182  178  176  173  167  158  148  134
  117  104   91   84   80   76   73   72   72   71   70   69   68   67   66   64
   62   59   55   51   48   47   47   49   52
    20.0-180.0 180.0   5.0 450.0                            LAT/LON1/LON2/DLON/H
   51   55   58   58   56   53   50   47   45   45   46   48   53   64   75   83
   89   92   96  100  104  106  108  111  117  128  141  159  180  203  219  230
  236  236  235  234  229  218  206  197  191  190  189  188  182  174  164  151
  133  116  102   93   86   81   78   76   75   74   74   72   71   69   66   63
   61   57   54   50   47   46   46   48   51
    17.5-180.0 180.0   5.0 450.0                            LAT/LON1/LON2/DLON/H
   50   53   56   57   56   54   51   48   47   46   46   48   53   64   77   86
   91   95   99  104  108  111  114  120  129  142  158  177  200  221  230  236
  241  239  236  235  230  220  210  204  200  200  202  201  196  188  178  166
  148  130  115  103   94   88   84   82   79   78   77   75   72   70   66   63
   60   56   53   50   47   46   46   48   50
    15.0-180.0 180.0   5.0 450.0                            LAT/LON1/LON2/DLON/H
   49   52   54   55   54   52   50   48   47   46   46   48   54   66   79   88
   95  100  105  110  115  118  123  131  143  160  175  193  214  229  234  238
  238  236  230  229  227  219  214  210  211  212  212  211  207  199  190  178
  162  143  127  113  102   95   90   87   84   82   80   78   74   70   66   62
   58   55   53   50   48   47   47   48   49
    12.5-180.0 180.0   5.0 450.0                            LAT/LON1/LON2/DLON/H
   48   50   51   52   51   50   48   47   46   46   47   50   57   69   81   92
  100  106  112  117  123  127  134  144  159  176  192  207  222  231  233  233
  230  226  221  221  220  218  216  217  219  221  222  220  215  208  200  188
  173  154  137  121  110  101   96   91   88   85   82   80   75   70   65   60
   57   55   54   51   50   48   48   47   48
    10.0-180.0 180.0   5.0 450.0                            LAT/LON1/LON2/DLON/H
   46   46   47   47   47   47   46   45   44   45   47   51   60   72   84   95
  104  112  119  126  131  138  147  159  175  191  204  215  224  228  227  225
  221  217  214  215  217  219  221  225  229  231  231  227  221  214  207  195
  180  163  145  129  114  105   99   94   90   87   84   80   75   69   64   60
   57   54   54   52   51   49   48   47   46
     7.5-180.0 180.0   5.0 450.0                            LAT/LON1/LON2/DLON/H
   45   43   42   42   42   42   42   42   42   43   46   52   62   75   88   99
  108  117  126  134  141  148  159  173  189  203  212  218  222  223  220  218
  216  214  214  216  221  226  232  236  240  240  237  232  225  218  210  200
  186  169  150  132  117  107  100   95   92   89   85   82   77   72   67   62
   58   55   54   52   51   50   49   47   45
     5.0-180.0 180.0   5.0 450.0                            LAT/LON1/LON2/DLON/H
   44   41   38   38   38   39   39   38   38   40   45   53   64   77   90  102
  112  122  132  141  149  159  172  186  201  212  217  219  219  220  218  217
  217  219  223  227  234  241  247  250  251  247  243  237  229  222  215  204
  191  173  153  135  120  110  104   99   95   93   90   86   82   78   73   68
   62   58   55   53   51   50   49   47   44
     2.5-180.0 180.0   5.0 450.0                            LAT/LON1/LON2/DLON/H
   44   41   37   36   36   36   36   35   35   37   43   52   65   78   92  106
  116  127  136  147  157  168  182  197  209  218  221  219  218  220  220  223
  227  232  240  245  253  259  264  266  261  255  250  244  237  230  223  211
  196  179  158  140  127  117  111  106  102  101   98   94   91   87   82   76
   69   62   58   54   52   50   49   47   44
