DORISInput/IGSGIM/2019/igsg3540.19i
     1.0            IONOSPHERE MAPS     MIX                 IONEX VERSION / TYPE
cmpcmb v1.2          GRL/UWM             4-jan-20 13:50     PGM / RUN BY / DATE 
ionex file containing IGS COMBINED Ionosphere maps          COMMENT             
global ionosphere maps for day 354, 2019                    DESCRIPTION         
IONEX file containing the COMBINED IGS TEC MAPS and DCBs    DESCRIPTION         
      IONEX files of the following IAACs were combined: cod DESCRIPTION         
                                                        esa DESCRIPTION         
                                                        jpl DESCRIPTION         
                                                        upc DESCRIPTION         
Contact address: Andrzej Krankowski                         DESCRIPTION
                 Geodynamics Research Laboratory            DESCRIPTION
                 University of Warmia and Mazury (GRL/UWM)  DESCRIPTION
                 Oczapowski St. 1                           DESCRIPTION
                 10-957-Olsztyn, POLAND                     DESCRIPTION
                 e-mail:  kand@uwm.edu.pl                   DESCRIPTION
                                                            DESCRIPTION         
  2019    12    20     0     0     0                        EPOCH OF FIRST MAP  
  2019    12    21     0     0     0                        EPOCH OF LAST MAP   
  7200                                                      INTERVAL            
    13                                                      # OF MAPS IN FILE   
  COSZ                                                      MAPPING FUNCTION    
     0.0                                                    ELEVATION CUTOFF    
combined TEC calculated as weighted mean of input TEC valuesOBSERVABLES USED    
   392                                                      # OF STATIONS       
    32                                                      # OF SATELLITES     
  6371.0                                                    BASE RADIUS         
     2                                                      MAP DIMENSION       
   450.0 450.0   0.0                                        HGT1 / HGT2 / DHGT  
    87.5 -87.5  -2.5                                        LAT1 / LAT2 / DLAT  
  -180.0 180.0   5.0                                        LON1 / LON2 / DLON  
    -1                                                      EXPONENT            
TEC values in 0.1 tec units;  9999, if no value available   COMMENT             
DCB values in nanoseconds, reference is Sum_of_SatDCBs = 0  COMMENT             
                                                            END OF HEADER       
[from data line 2574]
     7                                                      START OF TEC MAP    
  2019    12    20    12     0     0                        EPOCH OF CURRENT MAP
    87.5-180.0 180.0   5.0 450.0                            LAT/LON1/LON2/DLON/H
   19   18   18   18   18   18   18   18   18   18   18   18   18   18   17   17
   17   17   17   17   17   17   17   17   17   17   17   17   17   17   17   17
   17   17   17   17   17   17   17   17   17   17   17   17   17   17   17   17
   17   17   17   17   17   17   18   18   18   18   18   18   18   18   18   19
   19   19   19   19   19   19   19   19   19
    85.0-180.0 180.0   5.0 450.0                            LAT/LON1/LON2/DLON/H
   18   18   18   18   18   17   17   17   17   17   17   16   16   16   16   15
   15   15   15   15   15   15   15   15   15   15   15   15   15   15   15   15
   16   16   16   16   16   16   16   16   16   16   15   15   15   15   15   15
   16   16   16   16   17   17   18   18   18   18   19   19   19   19   19   19
   19   20   19   19   19   19   19   18   18
    82.5-180.0 180.0   5.0 450.0                            LAT/LON1/LON2/DLON/H
   19   18   18   17   18   17   17   17   16   16   15   15   15   14   14   14
   14   14   14   14   14   14   14   14   14   14   13   14   14   14   15   15
   15   16   16   15   15   15   15   15   15   14   14   13   13   13   13   13
   13   14   14   15   15   16   17   17   18   19   19   20   20   20   20   20
   20   20   20   20   20   19   19   19   19
    80.0-180.0 180.0   5.0 450.0                            LAT/LON1/LON2/DLON/H
   18   17   17   17   17   16   16   16   15   15   15   14   14   14   13   13
   13   13   13   13   13   13   13   12   13   13   13   13   13   14   14   14
   15   15   15   15   15   15   15   14   14   13   13   12   11   10   10   10
   10   11   11   12   13   14   15   16   17   18   19   19   20   20   20   20
   20   21   20   20   20   20   19   18   18
    77.5-180.0 180.0   5.0 450.0                            LAT/LON1/LON2/DLON/H
   17   17   17   18   17   17   17   16   16   16   15   15   14   14   13   13
   12   12   12   12   12   12   13   13   13   13   13   13   14   14   16   17
   17   17   17   17   17   16   16   15   14   13   12   10    9    9    9    9
    9   10   11   12   12   13   14   15   16   17   18   18   19   19   19   20
   19   20   19   19   19   18   18   17   17
    75.0-180.0 180.0   5.0 450.0                            LAT/LON1/LON2/DLON/H
   17   17   17   17   17   17   17   17   17   16   16   15   15   14   14   14
   14   14   14   14   14   14   14   13   13   12   13   13   14   15   16   17
   18   19   20   20   20   19   18   17   15   14   13   11   10    9    9    9
    9    9   10   12   13   13   13   14   15   16   17   18   18   18   18   18
   18   18   18   17   17   17   17   16   17
    72.5-180.0 180.0   5.0 450.0                            LAT/LON1/LON2/DLON/H
   16   16   16   17   17   17   17   17   17   16   16   16   16   15   15   15
   16   17   17   17   17   16   15   15   14   14   14   14   15   16   17   18
   19   21   23   24   23   23   22   20   19   17   15   14   12   11   10   10
   10   10   11   12   13   13   13   14   15   15   16   16   16   16   16   17
   17   16   16   16   16   16   16   16   16
    70.0-180.0 180.0   5.0 450.0                            LAT/LON1/LON2/DLON/H
   16   16   17   17   17   17   17   17   17   17   16   16   16   15   16   17
   18   19   20   19   19   19   17   17   16   15   16   16   17   17   18   20
   22   24   26   27   28   27   26   25   23   21   19   18   17   16   15   15
   14   13   13   14   14   14   14   14   15   15   15   16   16   16   16   16
   16   16   16   15   15   16   16   16   16
    67.5-180.0 180.0   5.0 450.0                            LAT/LON1/LON2/DLON/H
   18   18   18   18   18   18   18   18   17   17   16   15   15   15   16   17
   19   21   21   21   21   20   19   19   18   18   18   18   19   20   21   24
   26   28   30   31   32   32   31   30   28   26   24   23   22   22   21   20
   19   18   17   17   16   16   15   15   15   15   15   16   16   16   16   16
   16   16   16   16   16   17   17   17   18
    65.0-180.0 180.0   5.0 450.0                            LAT/LON1/LON2/DLON/H
   21   20   20   20   20   20   19   18   18   17   15   14   13   14   15   17
   18   20   20   21   21   20   19   19   18   19   20   21   22   24   25   27
   30   32   34   36   36   36   36   34   32   31   29   29   29   28   27   26
   24   23   21   20   18   17   16   15   15   15   16   16   16   17   17   17
   17   18   18   18   19   19   20   21   21
    62.5-180.0 180.0   5.0 450.0                            LAT/LON1/LON2/DLON/H
   24   23   23   22   22   22   21   20   19   17   15   13   13   13   14   16
   17   18   19   19   19   19   18   18   19   20   22   24   26   28   30   32
   34   37   39   40   41   40   39   38   37   36   35   35   35   35   34   33
   31   27   25   22   20   18   16   16   16   16   16   16   17   18   18   19
   20   20   21   21   22   23   24   24   24
    60.0-180.0 180.0   5.0 450.0                            LAT/LON1/LON2/DLON/H
   28   27   26   25   25   25   24   23   21   18   15   14   12   12   14   15
   15   16   17   16   16   16   16   17   19   21   24   28   30   33   35   38
   40   42   44   45   45   44   43   43   41   41   41   40   41   41   40   38
   35   31   27   24   21   19   17   16   16   17   17   18   19   20   20   21
   22   24   25   26   27   28   28   29   28
    57.5-180.0 180.0   5.0 450.0                            LAT/LON1/LON2/DLON/H
   34   32   31   31   30   29   29   27   23   20   17   15   14   13   14   15
   14   15   14   13   13   13   14   16   19   22   27   31   34   38   41   44
   46   48   50   51   49   49   47   47   47   46   47   47   47   46   45   43
   40   35   31   27   23   21   19   18   18   19   20   21   22   23   24   25
   26   28   29   31   32   33   34   34   34
    55.0-180.0 180.0   5.0 450.0                            LAT/LON1/LON2/DLON/H
   40   39   38   38   37   36   35   33   29   25   20   18   16   16   17   16
   15   14   13   12   11   12   14   17   22   26   30   35   39   44   47   51
   53   55   56   56   55   54   53   52   53   53   53   53   53   52   51   48
   45   39   35   31   28   25   23   22   23   23   25   26   27   28   29   29
   30   32   33   35   37   38   40   40   40
    52.5-180.0 180.0   5.0 450.0                            LAT/LON1/LON2/DLON/H
   45   45   45   45   45   45   43   40   36   31   26   23   22   21   21   20
   18   15   13   11   11   12   16   20   25   31   36   41   45   50   54   58
   61   62   63   63   61   60   59   59   60   60   60   60   60   59   57   54
   50   45   41   37   34   31   30   29   29   30   31   32   33   33   34   34
   35   37   38   40   41   43   44   45   45
    50.0-180.0 180.0   5.0 450.0                            LAT/LON1/LON2/DLON/H
   49   51   51   53   54   53   51   48   43   38   34   30   29   29   28   26
   23   20   16   13   13   16   20   26   32   37   42   47   52   57   62   66
   68   70   70   69   68   67   66   67   68   69   69   69   69   67   64   61
   57   52   48   45   41   39   38   37   37   38   38   38   38   38   39   39
   40   41   42   44   44   46   47   48   49
    47.5-180.0 180.0   5.0 450.0                            LAT/LON1/LON2/DLON/H
   52   55   57   58   60   61   59   55   51   45   42   39   38   37   36   34
   30   26   22   19   20   23   28   34   39   44   49   54   58   62   67   72
   75   76   76   76   75   74   74   76   78   80   80   80   79   77   74   70
   65   60   55   52   49   47   45   44   44   44   45   44   43   43   44   44
   45   45   46   46   47   48   49   51   52
    45.0-180.0 180.0   5.0 450.0                            LAT/LON1/LON2/DLON/H
   53   56   59   62   64   65   64   61   56   53   49   48   48   47   45   42
   37   33   30   28   29   33   38   44   49   52   56   60   64   67   72   76
   79   81   83   83   82   82   83   85   88   90   91   90   90   87   83   79
   73   68   63   59   56   54   52   50   49   49   50   49   47   48   48   49
   49   48   49   49   49   49   51   52   53
    42.5-180.0 180.0   5.0 450.0                            LAT/LON1/LON2/DLON/H
   54   55   59   63   65   67   67   65   61   58   56   56   56   55   53   50
   45   42   39   39   42   46   50   55   58   60   62   65   68   71   74   79
   83   87   88   89   90   90   91   94   97  100  101  101  100   98   94   89
   82   76   70   66   62   59   56   54   53   52   52   51   51   51   51   51
   51   51   50   50   50   50   51   52   54
    40.0-180.0 180.0   5.0 450.0                            LAT/LON1/LON2/DLON/H
   52   54   58   61   65   67   67   66   64   62   61   61   62   62   60   57
   53   51   50   52   55   58   62   65   66   68   68   70   72   74   78   83
   87   91   95   96   97   98  100  103  106  108  109  110  110  108  105   99
   91   83   76   70   65   62   58   56   54   54   54   53   52   52   53   53
   53   52   51   51   50   51   51   52   52
    37.5-180.0 180.0   5.0 450.0                            LAT/LON1/LON2/DLON/H
   51   52   55   59   62   64   66   66   64   63   64   65   67   67   65   63
   61   60   60   63   67   70   72   74   73   74   74   74   76   78   82   86
   91   96  100  103  105  106  109  111  113  115  117  118  118  118  115  108
   99   90   80   73   66   62   59   57   55   55   55   54   53   53   53   54
   53   53   52   51   50   50   50   50   51
    35.0-180.0 180.0   5.0 450.0                            LAT/LON1/LON2/DLON/H
   49   50   52   56   59   61   63   64   63   64   65   67   69   69   69   68
   67   68   69   73   77   80   81   81   79   79   78   79   81   82   85   89
   94  100  105  110  113  115  116  118  121  123  123  124  124  125  123  117
  107   95   84   75   69   64   61   58   57   57   57   56   55   54   55   55
   55   54   53   51   51   50   49   49   49
    32.5-180.0 180.0   5.0 450.0                            LAT/LON1/LON2/DLON/H
   48   48   49   52   55   58   60   61   62   64   65   67   69   70   70   70
   71   73   75   79   82   86   87   87   85   84   83   83   85   87   89   93
   98  105  112  119  123  123  124  125  127  128  128  129  131  132  131  126
  115  102   90   81   75   70   67   64   62   62   61   60   59   57   57   56
   55   54   53   52   52   51   49   48   48
    30.0-180.0 180.0   5.0 450.0                            LAT/LON1/LON2/DLON/H
   48   48   48   51   52   55   56   58   60   62   63   66   68   69   70   71
   73   75   77   80   85   88   90   90   89   88   88   88   90   92   95   99
  104  112  121  129  133  134  133  133  134  134  134  135  138  140  139  135
  126  112  100   93   88   84   79   75   72   70   68   67   64   62   60   58
   57   55   54   53   54   53   51   49   48
    27.5-180.0 180.0   5.0 450.0                            LAT/LON1/LON2/DLON/H
   50   50   50   51   52   53   54   56   58   60   61   63   65   67   68   70
   72   74   77   81   86   89   91   92   91   91   92   93   95   99  103  107
  114  123  132  140  144  144  142  142  141  140  141  142  146  148  148  146
  138  126  116  111  107  103   98   91   85   81   79   76   72   69   65   62
   59   57   55   55   56   55   53   52   50
    25.0-180.0 180.0   5.0 450.0                            LAT/LON1/LON2/DLON/H
   53   54   54   54   54   55   55   55   56   57   59   62   63   63   66   68
   70   73   77   81   85   89   91   93   94   94   96   98  102  107  113  119
  126  134  145  153  155  155  154  152  150  147  147  149  154  157  158  158
  151  141  137  134  132  127  121  111  102   96   92   88   82   76   71   67
   62   59   57   57   57   57   56   55   53
    22.5-180.0 180.0   5.0 450.0                            LAT/LON1/LON2/DLON/H
   57   58   58   59   58   58   57   57   56   56   58   59   60   61   63   64
   66   71   75   79   84   88   92   95   96   98   99  103  108  116  125  133
  141  150  158  166  170  169  167  163  160  157  156  159  164  167  171  172
  167  160  159  161  160  155  147  133  119  113  106   99   92   84   78   72
   66   62   59   58   60   60   59   59   57
    20.0-180.0 180.0   5.0 450.0                            LAT/LON1/LON2/DLON/H
   60   61   62   62   63   62   61   60   57   56   57   57   58   58   59   60
   63   68   72   78   83   88   93   97   99  101  103  107  115  125  137  148
  157  166  173  181  184  185  182  176  173  168  167  171  177  180  185  186
  185  182  183  187  188  181  171  153  138  129  118  110  101   92   84   78
   71   65   61   60   62   62   62   62   60
    17.5-180.0 180.0   5.0 450.0                            LAT/LON1/LON2/DLON/H
   64   64   65   65   66   65   64   62   58   56   56   56   56   56   56   57
   60   63   69   77   83   90   96  100  103  105  107  113  122  136  150  162
  173  180  185  192  194  195  192  187  185  181  181  186  192  194  198  199
  201  203  206  211  210  201  189  170  154  141  126  116  106   97   89   83
   76   68   63   62   63   65   65   65   64
    15.0-180.0 180.0   5.0 450.0                            LAT/LON1/LON2/DLON/H
   66   65   66   66   67   66   64   62   59   57   56   56   55   55   54   54
   57   60   67   77   85   92   98  103  107  109  113  119  129  145  161  176
  186  191  194  197  199  200  201  199  197  195  197  201  203  204  207  209
  213  218  223  226  223  213  197  178  160  146  130  118  109  100   92   86
   79   71   65   64   64   66   67   66   66
    12.5-180.0 180.0   5.0 450.0                            LAT/LON1/LON2/DLON/H
   66   65   65   66   67   66   64   62   59   57   56   55   55   54   53   52
   54   58   67   77   87   95  101  106  110  114  118  126  138  154  172  185
  194  198  197  198  202  206  210  209  208  208  210  213  212  210  211  214
  220  226  229  231  226  214  196  175  156  144  130  118  109  101   94   89
   82   73   67   65   65   66   66   66   66
    10.0-180.0 180.0   5.0 450.0                            LAT/LON1/LON2/DLON/H
   64   63   63   64   64   63   62   61   58   56   55   54   54   53   52   51
   53   58   67   79   90   98  105  110  115  120  126  134  146  162  179  191
  197  201  199  200  204  211  216  218  218  221  224  223  218  213  212  215
  221  225  227  226  219  205  187  167  150  139  129  118  109  103   97   93
   84   76   69   66   65   66   66   65   64
     7.5-180.0 180.0   5.0 450.0                            LAT/LON1/LON2/DLON/H
   62   62   61   59   59   58   58   57   56   54   52   52   51   52   51   51
   53   59   69   81   92  102  109  115  121  127  134  142  153  168  183  193
  198  202  202  202  207  214  220  224  228  233  235  232  224  216  212  213
  217  219  219  217  208  194  178  160  146  137  129  120  112  106  102   97
   88   79   72   68   66   66   64   63   62
     5.0-180.0 180.0   5.0 450.0                            LAT/LON1/LON2/DLON/H
   60   59   57   55   53   52   52   52   52   51   50   49   49   50   51   51
   53   59   70   83   95  104  112  120  127  133  141  150  160  171  183  192
  199  203  203  205  209  215  221  227  236  243  246  241  232  222  214  212
  213  214  211  207  198  186  172  158  147  140  134  127  119  113  109  103
   94   84   76   72   69   67   65   63   60
     2.5-180.0 180.0   5.0 450.0                            LAT/LON1/LON2/DLON/H
   61   58   55   51   48   47   47   47   47   47   46   46   46   47   48   49
   52   59   71   85   98  107  115  124  132  139  148  158  165  173  183  191
  198  203  204  205  209  214  220  229  241  251  255  251  241  229  218  213
  211  209  205  199  193  183  173  163  154  148  146  140  131  123  119  112
  101   90   82   77   74   71   68   65   61
