DORISInput/IGSGIM/2019/igsg3540.19i
     1.0            IONOSPHERE MAPS     MIX                 IONEX VERSION / TYPE
cmpcmb v1.2          GRL/UWM             4-jan-20 13:50     PGM / RUN BY / DATE 
ionex file containing IGS COMBINED Ionosphere maps          COMMENT             
global ionosphere maps for day 354, 2019                    DESCRIPTION         
IONEX file containing the COMBINED IGS TEC MAPS and DCBs    DESCRIPTION         
      IONEX files of the following IAACs were combined: cod DESCRIPTION         
                                                        esa DESCRIPTION         
                                                        jpl DESCRIPTION         
                                                        upc DESCRIPTION         
Contact address: Andrzej Krankowski                         DESCRIPTION
                 Geodynamics Research Laboratory            DESCRIPTION
                 University of Warmia and Mazury (GRL/UWM)  DESCRIPTION
                 Oczapowski St. 1                           DESCRIPTION
                 10-957-Olsztyn, POLAND                     DESCRIPTION
                 e-mail:  kand@uwm.edu.pl                   DESCRIPTION
                                                            DESCRIPTION         
  2019    12    20     0     0     0                        EPOCH OF FIRST MAP  
  2019    12    21     0     0     0                        EPOCH OF LAST MAP   
  7200                                                      INTERVAL            
    13                                                      # OF MAPS IN FILE   
  COSZ                                                      MAPPING FUNCTION    
     0.0                                                    ELEVATION CUTOFF    
combined TEC calculated as weighted mean of input TEC valuesOBSERVABLES USED    
   392                                                      # OF STATIONS       
    32                                                      # OF SATELLITES     
  6371.0                                                    BASE RADIUS         
     2                                                      MAP DIMENSION       
   450.0 450.0   0.0                                        HGT1 / HGT2 / DHGT  
    87.5 -87.5  -2.5                                        LAT1 / LAT2 / DLAT  
  -180.0 180.0   5.0                                        LON1 / LON2 / DLON  
    -1                                                      EXPONENT            
TEC values in 0.1 tec units;  9999, if no value available   COMMENT             
DCB values in nanoseconds, reference is Sum_of_SatDCBs = 0  COMMENT             
                                                            END OF HEADER       
[from data line 3432]
     9                                                      START OF TEC MAP    
  2019    12    20    16     0     0                        EPOCH OF CURRENT MAP
    87.5-180.0 180.0   5.0 450.0                            LAT/LON1/LON2/DLON/H
   20   20   20   20   19   19   19   19   19   19   19   19   18   18   18   18
   18   17   17   16   16   16   15   15   15   15   14   14   14   13   13   13
   13   13   12   12   12   12   12   12   13   12   13   13   13   13   13   14
   14   14   14   15   15   15   15   16   16   16   17   17   17   17   18   18
   18   18   19   19   19   19   19   19   20
    85.0-180.0 180.0   5.0 450.0                            LAT/LON1/LON2/DLON/H
   22   23   23   23   23   23   23   23   23   23   22   22   22   21   21   20
   20   20   19   18   17   16   15   15   14   13   13   13   12   12   12   11
   11   11   10   10   10   10   10   10   10   11   11   11   11   11   12   12
   13   13   14   14   15   15   16   16   17   17   18   18   19   19   20   20
   20   21   21   22   22   22   22   22   22
    82.5-180.0 180.0   5.0 450.0                            LAT/LON1/LON2/DLON/H
   23   24   24   24   25   25   25   25   25   25   25   25   25   25   24   23
   22   21   20   19   18   17   16   15   14   13   13   12   11   11   10   10
    9    9    9    9    9    9    9    9    9    9   10   10   11   11   11   12
   12   13   13   14   15   15   16   17   17   18   19   20   20   21   21   21
   22   22   22   22   23   23   23   23   23
    80.0-180.0 180.0   5.0 450.0                            LAT/LON1/LON2/DLON/H
   23   23   24   24   25   25   25   26   27   27   27   27   27   27   27   26
   25   24   23   22   20   18   17   16   15   14   13   13   12   11   11   11
   11   10   10   10   10   10    9   10   10   10   11   11   11   11   12   12
   13   13   14   14   15   16   17   18   19   20   21   21   22   21   22   21
   22   22   22   22   23   23   23   23   23
    77.5-180.0 180.0   5.0 450.0                            LAT/LON1/LON2/DLON/H
   21   22   22   22   23   24   25   26   26   27   28   28   29   29   29   28
   27   26   26   25   24   22   21   20   18   17   15   15   14   13   12   12
   11   11   11   11   11   11   11   11   11   11   11   11   11   11   11   12
   13   14   14   15   16   17   18   19   20   21   22   22   23   22   22   22
   21   22   22   22   22   22   22   21   21
    75.0-180.0 180.0   5.0 450.0                            LAT/LON1/LON2/DLON/H
   19   19   19   20   21   21   23   23   25   26   27   28   29   29   29   29
   29   29   29   29   27   27   26   24   23   22   20   18   17   16   15   14
   13   13   12   12   12   12   12   12   12   12   12   11   11   11   10   11
   12   12   14   15   17   18   19   20   21   22   23   23   23   22   22   22
   22   21   21   21   21   20   20   19   19
    72.5-180.0 180.0   5.0 450.0                            LAT/LON1/LON2/DLON/H
   17   17   17   17   18   18   19   20   21   22   24   25   26   27   28   29
   30   31   32   32   32   32   31   30   29   28   27   24   22   20   18   17
   16   15   14   13   13   13   13   12   12   11   11   10   10   10   10   10
   11   12   14   15   17   19   20   21   22   23   24   24   24   23   22   22
   21   21   21   20   19   19   18   17   17
    70.0-180.0 180.0   5.0 450.0                            LAT/LON1/LON2/DLON/H
   16   15   15   15   15   16   16   17   18   19   20   21   22   24   26   27
   30   32   34   35   38   38   38   37   36   36   34   31   28   25   23   20
   19   17   16   15   14   13   13   12   12   11   10   10    9   10   10   11
   11   12   13   16   18   20   21   22   23   24   24   24   24   24   23   22
   22   21   21   20   19   18   18   17   16
    67.5-180.0 180.0   5.0 450.0                            LAT/LON1/LON2/DLON/H
   17   16   16   15   15   15   15   15   14   15   16   17   18   20   23   26
   29   33   36   39   42   43   43   44   43   42   40   37   33   30   27   24
   22   20   18   16   15   13   13   12   11   11   10   10   10   10   10   11
   11   12   14   16   19   20   22   23   23   24   24   24   24   24   23   23
   23   23   23   22   21   20   19   18   17
    65.0-180.0 180.0   5.0 450.0                            LAT/LON1/LON2/DLON/H
   20   19   18   18   17   16   15   14   13   13   13   14   15   18   21   25
   29   33   38   42   45   48   48   49   48   47   44   42   38   36   32   28
   26   23   21   18   15   14   13   12   11   12   11   11   11   10   11   11
   11   13   15   17   19   20   21   22   23   23   24   24   24   25   24   25
   25   25   26   25   24   23   22   21   20
    62.5-180.0 180.0   5.0 450.0                            LAT/LON1/LON2/DLON/H
   24   23   23   22   22   20   18   16   14   13   12   13   15   17   21   26
   30   35   40   44   47   50   52   52   52   51   49   46   43   41   38   34
   31   27   24   21   18   16   14   13   12   13   13   13   13   12   12   13
   14   15   17   17   19   20   21   21   22   22   23   24   24   25   26   26
   27   28   28   29   29   28   27   25   24
    60.0-180.0 180.0   5.0 450.0                            LAT/LON1/LON2/DLON/H
   31   30   30   29   28   25   23   20   17   15   14   14   16   19   24   28
   33   38   43   47   49   53   54   54   54   53   52   51   48   47   44   41
   38   34   30   26   22   19   17   16   15   15   16   16   16   16   16   16
   17   18   19   19   19   20   21   22   22   23   24   26   26   27   28   29
   30   31   32   33   34   33   33   32   31
    57.5-180.0 180.0   5.0 450.0                            LAT/LON1/LON2/DLON/H
   39   38   38   37   35   32   29   25   22   19   17   18   20   24   29   33
   37   42   46   50   52   55   55   56   55   55   55   54   54   53   51   50
   46   42   37   33   28   24   22   21   21   21   22   22   22   22   22   21
   21   21   21   22   22   22   23   24   24   25   27   29   29   31   32   33
   34   35   37   38   39   40   39   39   39
    55.0-180.0 180.0   5.0 450.0                            LAT/LON1/LON2/DLON/H
   47   47   46   46   43   40   36   31   28   24   23   24   27   31   35   39
   43   46   50   53   55   57   57   57   57   57   58   59   60   61   60   59
   56   51   47   42   37   32   30   28   28   28   29   29   29   29   29   28
   27   26   25   25   25   26   26   27   28   30   31   33   34   36   36   37
   38   40   41   42   44   45   46   47   47
    52.5-180.0 180.0   5.0 450.0                            LAT/LON1/LON2/DLON/H
   53   53   53   53   51   47   43   39   35   32   31   32   35   38   43   46
   48   51   54   57   58   60   60   60   61   61   63   65   66   68   68   68
   65   61   56   51   45   42   39   38   38   38   38   38   37   37   36   36
   35   34   32   31   30   30   31   32   33   35   36   39   39   40   41   42
   43   44   46   47   48   50   52   52   53
    50.0-180.0 180.0   5.0 450.0                            LAT/LON1/LON2/DLON/H
   57   57   58   58   57   54   49   44   41   39   39   40   43   46   50   52
   54   56   58   61   63   64   64   65   66   67   69   72   73   75   76   75
   72   69   64   59   55   51   49   47   47   46   46   46   46   45   45   44
   42   41   40   38   37   36   37   38   40   41   43   44   44   45   46   47
   48   48   49   50   52   54   55   56   57
    47.5-180.0 180.0   5.0 450.0                            LAT/LON1/LON2/DLON/H
   58   59   60   60   59   56   53   49   47   47   47   49   51   53   55   57
   58   60   63   66   68   70   71   72   73   74   77   79   80   82   81   79
   76   73   70   66   63   60   58   57   56   55   54   54   54   53   52   51
   50   49   47   46   43   43   44   45   46   48   49   49   49   50   50   50
   50   51   51   53   55   56   56   58   58
    45.0-180.0 180.0   5.0 450.0                            LAT/LON1/LON2/DLON/H
   57   58   58   58   58   56   54   52   51   52   55   57   58   59   60   62
   62   65   67   71   74   77   79   80   81   83   85   86   87   86   84   80
   77   75   74   72   70   69   67   66   64   62   61   60   60   59   59   59
   58   56   55   52   50   50   50   51   52   53   54   54   54   54   53   53
   53   53   53   54   55   56   56   57   57
    42.5-180.0 180.0   5.0 450.0                            LAT/LON1/LON2/DLON/H
   55   55   55   56   55   54   53   53   53   57   61   63   65   65   65   66
   66   69   73   78   81   85   88   89   90   92   93   92   90   87   84   80
   78   77   77   77   77   76   75   73   70   67   66   65   65   65   65   65
   65   63   61   58   57   55   55   54   56   57   57   56   56   56   55   55
   54   54   54   54   55   55   55   55   55
    40.0-180.0 180.0   5.0 450.0                            LAT/LON1/LON2/DLON/H
   53   53   53   52   52   51   51   51   54   60   66   70   71   70   70   70
   71   74   79   84   88   92   96   98  100  101  100   96   92   87   83   81
   80   80   82   83   84   83   82   79   75   73   71   70   71   71   71   71
   70   69   66   64   61   60   58   57   58   58   58   57   56   56   56   55
   55   55   54   54   54   54   54   53   53
    37.5-180.0 180.0   5.0 450.0                            LAT/LON1/LON2/DLON/H
   51   50   49   50   49   48   47   49   54   63   71   75   77   77   75   76
   77   80   85   90   94   99  103  106  107  107  105  100   94   87   85   84
   86   88   90   92   93   93   90   85   81   78   76   75   75   76   76   75
   73   71   68   66   63   61   59   59   59   59   58   57   56   55   55   55
   54   54   54   53   53   52   52   52   51
    35.0-180.0 180.0   5.0 450.0                            LAT/LON1/LON2/DLON/H
   49   47   47   47   46   45   44   47   54   64   74   81   83   84   82   82
   83   86   91   96  101  106  109  111  112  111  109  103   97   91   91   92
   96  100  103  106  106  104   99   94   89   84   81   81   80   80   78   76
   74   71   68   65   63   61   59   58   59   59   58   56   55   55   54   54
   54   53   53   52   51   50   50   49   49
    32.5-180.0 180.0   5.0 450.0                            LAT/LON1/LON2/DLON/H
   47   46   45   45   44   42   42   45   53   65   77   86   90   91   90   90
   90   93   97  102  106  110  112  113  113  114  111  107  102   99  102  106
  112  119  122  124  123  119  111  104   97   91   87   86   85   84   80   77
   74   70   66   63   61   60   58   58   58   58   58   56   55   54   54   53
   53   53   52   51   50   49   48   48   47
    30.0-180.0 180.0   5.0 450.0                            LAT/LON1/LON2/DLON/H
   46   45   45   45   44   42   41   45   53   66   80   89   95   97   96   97
   98  100  103  107  109  111  112  112  112  113  114  112  111  111  117  125
  136  145  149  149  144  136  125  116  106   98   94   91   89   86   82   78
   74   69   65   62   60   59   59   58   58   58   57   57   55   54   53   53
   53   53   52   50   49   48   47   46   46
    27.5-180.0 180.0   5.0 450.0                            LAT/LON1/LON2/DLON/H
   46   46   47   46   45   44   43   46   54   67   81   92   98  102  103  104
  105  107  108  110  110  110  110  110  111  113  116  118  121  128  138  150
  164  173  177  175  167  154  141  128  116  107  103   98   93   89   85   79
   74   69   65   62   60   59   58   58   58   58   58   57   55   54   54   53
   53   53   53   51   50   48   47   46   46
    25.0-180.0 180.0   5.0 450.0                            LAT/LON1/LON2/DLON/H
   46   47   48   48   48   47   47   50   57   69   82   93  100  104  108  109
  111  113  113  113  111  110  108  109  111  115  120  127  136  149  163  179
  194  205  204  195  183  169  154  138  123  115  110  104  100   94   88   82
   76   71   66   63   61   60   59   59   59   59   59   58   56   55   54   54
   54   54   53   53   51   49   48   47   46
    22.5-180.0 180.0   5.0 450.0                            LAT/LON1/LON2/DLON/H
   47   47   49   50   51   51   52   55   61   72   83   93  100  107  112  114
  116  117  116  116  113  111  109  110  114  120  129  141  153  173  191  207
  223  232  223  211  197  181  165  147  131  122  116  112  107  100   93   86
   79   73   69   66   63   62   61   60   60   60   59   58   57   55   55   55
   55   55   55   54   53   51   49   48   47
    20.0-180.0 180.0   5.0 450.0                            LAT/LON1/LON2/DLON/H
   48   48   49   50   52   54   57   61   66   75   85   94  102  108  114  117
  119  121  120  119  116  114  113  115  121  130  143  158  173  195  215  233
  243  246  235  222  208  189  173  157  141  130  124  121  114  106   99   91
   84   79   75   72   69   66   64   62   61   60   59   58   57   55   55   55
   55   55   56   55   54   52   50   48   48
    17.5-180.0 180.0   5.0 450.0                            LAT/LON1/LON2/DLON/H
   48   47   48   49   52   55   60   65   72   79   88   96  103  110  117  121
  123  124  124  123  121  119  119  124  132  145  160  178  194  214  233  246
  250  250  237  220  208  191  177  165  151  141  135  131  124  114  106   98
   91   88   83   81   78   73   69   65   62   61   60   58   57   56   56   56
   55   56   56   55   55   53   51   49   48
    15.0-180.0 180.0   5.0 450.0                            LAT/LON1/LON2/DLON/H
   47   46   46   48   51   55   60   67   75   83   91  100  107  115  121  125
  127  129  129  128  127  127  129  136  146  161  178  196  212  228  241  249
  249  244  229  212  200  187  178  172  162  154  148  143  133  122  113  105
   99   96   92   89   85   80   74   69   64   62   61   59   58   57   57   57
   56   55   55   55   54   53   51   49   47
    12.5-180.0 180.0   5.0 450.0                            LAT/LON1/LON2/DLON/H
   46   44   44   46   48   53   60   68   77   87   95  104  113  121  127  132
  134  136  136  136  136  137  141  149  162  177  193  210  223  234  241  245
  242  233  217  201  190  184  183  180  175  168  163  155  143  130  119  111
  106  104  100   96   92   86   80   72   66   62   60   58   58   57   58   57
   56   54   54   53   53   52   51   48   46
    10.0-180.0 180.0   5.0 450.0                            LAT/LON1/LON2/DLON/H
   44   42   41   42   45   50   57   68   79   90  100  110  119  129  134  139
  142  145  145  146  147  150  156  166  178  192  205  217  227  234  237  238
  233  223  209  197  191  190  191  190  188  184  179  169  154  138  124  115
  110  108  104  100   96   90   84   76   69   63   60   59   58   59   59   58
   56   53   52   51   52   51   49   46   44
     7.5-180.0 180.0   5.0 450.0                            LAT/LON1/LON2/DLON/H
   43   40   38   38   41   46   55   67   80   93  104  115  126  135  142  148
  152  155  156  158  160  165  173  183  194  205  213  221  227  230  232  231
  227  221  211  203  201  200  201  202  202  200  195  182  164  144  129  118
  112  108  104  100   98   94   88   82   73   67   63   61   61   62   63   61
   57   54   51   50   49   49   47   45   43
     5.0-180.0 180.0   5.0 450.0                            LAT/LON1/LON2/DLON/H
   42   39   36   35   36   42   53   66   80   94  107  119  132  142  151  156
  162  166  168  171  175  180  189  199  208  215  219  223  225  227  229  230
  230  227  221  217  216  216  214  215  215  214  207  193  170  149  132  120
  113  107  103  100   99   98   94   88   81   74   69   66   66   68   68   65
   60   56   52   50   49   47   46   44   42
     2.5-180.0 180.0   5.0 450.0                            LAT/LON1/LON2/DLON/H
   42   40   36   33   34   40   51   65   81   96  109  123  136  148  157  164
  170  175  179  183  188  195  203  212  219  222  223  223  223  226  229  235
  239  241  238  236  235  234  232  229  227  223  215  198  175  152  134  121
  112  106  102  101  102  102  101   96   89   82   76   73   73   74   73   70
   64   59   55   51   49   47   45   43   42
