DORISInput/IGSGIM/2019/igsg3470.19i
     1.0            IONOSPHERE MAPS     MIX                 IONEX VERSION / TYPE
cmpcmb v1.2          GRL/UWM            27-dec-19 12:42     PGM / RUN BY / DATE 
ionex file containing IGS COMBINED Ionosphere maps          COMMENT             
global ionosphere maps for day 347, 2019                    DESCRIPTION         
IONEX file containing the COMBINED IGS TEC MAPS and DCBs    DESCRIPTION         
      IONEX files of the following IAACs were combined: cod DESCRIPTION         
                                                        esa DESCRIPTION         
                                                        jpl DESCRIPTION         
                                                        upc DESCRIPTION         
Contact address: Andrzej Krankowski                         DESCRIPTION
                 Geodynamics Research Laboratory            DESCRIPTION
                 University of Warmia and Mazury (GRL/UWM)  DESCRIPTION
                 Oczapowski St. 1                           DESCRIPTION
                 10-957-Olsztyn, POLAND                     DESCRIPTION
                 e-mail:  kand@uwm.edu.pl                   DESCRIPTION
                                                            DESCRIPTION         
  2019    12    13     0     0     0                        EPOCH OF FIRST MAP  
  2019    12    14     0     0     0                        EPOCH OF LAST MAP   
  7200                                                      INTERVAL            
    13                                                      # OF MAPS IN FILE   
  COSZ                                                      MAPPING FUNCTION    
     0.0                                                    ELEVATION CUTOFF    
combined TEC calculated as weighted mean of input TEC valuesOBSERVABLES USED    
   397                                                      # OF STATIONS       
    32                                                      # OF SATELLITES     
  6371.0                                                    BASE RADIUS         
     2                                                      MAP DIMENSION       
   450.0 450.0   0.0                                        HGT1 / HGT2 / DHGT  
    87.5 -87.5  -2.5                                        LAT1 / LAT2 / DLAT  
  -180.0 180.0   5.0                                        LON1 / LON2 / DLON  
    -1                                                      EXPONENT            
TEC values in 0.1 tec units;  9999, if no value available   COMMENT             
DCB values in nanoseconds, reference is Sum_of_SatDCBs = 0  COMMENT             
                                                            END OF HEADER       
[from data line 3861]
    10                                                      START OF TEC MAP    
  2019    12    13    18     0     0                        EPOCH OF CURRENT MAP
    87.5-180.0 180.0   5.0 450.0                            LAT/LON1/LON2/DLON/H
   17   18   18   18   18   17   17   17   17   17   17   17   17   17   17   17
   16   16   15   15   15   15   15   14   14   13   13   13   13   12   12   12
   12   11   11   11   11   11   11   11   11   12   12   12   12   12   12   13
   13   13   13   13   14   14   14   15   15   15   16   16   16   16   16   17
   17   17   17   17   18   18   18   18   17
    85.0-180.0 180.0   5.0 450.0                            LAT/LON1/LON2/DLON/H
   19   20   20   20   21   21   21   21   21   21   21   21   21   21   21   20
   19   19   18   17   17   16   15   14   14   13   12   11   10   10   10   10
   10   10   10   10   10   10   10   10   10   10   11   11   11   11   11   12
   12   13   13   13   14   14   14   15   15   16   17   17   17   17   18   18
   18   18   18   18   18   19   19   19   19
    82.5-180.0 180.0   5.0 450.0                            LAT/LON1/LON2/DLON/H
   20   20   21   21   22   23   23   24   24   25   25   25   25   25   25   24
   23   23   21   20   19   17   16   15   13   12   11   10    9    9    9    9
    9    9    9    9    9    9    9   10   10   10   10   11   11   11   11   12
   12   12   13   13   13   14   14   15   15   16   16   17   17   17   17   17
   17   17   18   18   18   19   19   20   20
    80.0-180.0 180.0   5.0 450.0                            LAT/LON1/LON2/DLON/H
   19   19   20   20   21   22   24   25   26   27   28   28   29   29   29   29
   29   28   27   25   24   21   19   16   14   12   11   11    9    9    9    9
    9    9    9    9    9    9    9    9    9   10   10   11   12   12   12   12
   13   13   13   13   13   13   14   14   15   15   15   16   16   16   16   16
   16   16   17   17   17   17   18   18   19
    77.5-180.0 180.0   5.0 450.0                            LAT/LON1/LON2/DLON/H
   16   16   17   18   19   20   21   23   24   25   27   29   30   31   32   32
   32   31   30   28   26   24   23   20   18   14   11   10    8    8    7    8
    8    9    9    9    9    9    9    9    9   10   10   11   11   11   12   13
   13   13   13   13   14   14   14   14   14   14   14   15   15   15   15   15
   15   15   15   15   15   15   15   16   16
    75.0-180.0 180.0   5.0 450.0                            LAT/LON1/LON2/DLON/H
   14   14   14   14   15   16   17   18   20   22   25   27   30   32   34   36
   36   35   34   33   31   28   25   23   20   17   14   12   10    9    8    8
    8    8    8    8    8    8    9    9    9    9    9   10   10   11   11   12
   12   13   13   13   13   13   13   13   13   13   13   14   14   14   14   14
   13   13   13   13   13   13   13   13   14
    72.5-180.0 180.0   5.0 450.0                            LAT/LON1/LON2/DLON/H
   12   12   12   11   11   11   12   13   15   17   20   24   28   32   35   37
   38   39   39   38   36   33   30   28   24   20   17   14   13   11   10    9
    9    8    8    8    8    8    8    8    8    8    8    9    9   10   11   11
   12   12   12   13   13   13   14   13   13   14   14   13   14   14   14   13
   13   13   13   13   13   12   12   12   12
    70.0-180.0 180.0   5.0 450.0                            LAT/LON1/LON2/DLON/H
   13   11   11   10    9    9    8    9   11   14   18   23   27   31   34   37
   39   41   42   42   41   39   36   33   30   26   21   18   15   13   11    9
    9    9    9    8    7    7    7    8    8    8    8    8    9   10   10   11
   12   13   13   13   14   14   15   14   15   15   15   15   15   16   15   15
   15   15   14   15   14   14   13   13   13
    67.5-180.0 180.0   5.0 450.0                            LAT/LON1/LON2/DLON/H
   15   14   12   11   10    9    8    8   10   13   18   22   26   30   34   37
   40   42   44   45   45   44   41   38   35   31   27   22   19   17   14   11
   10    9    9    8    7    6    7    7    7    7    7    8    9   10   11   11
   14   14   15   15   16   17   17   18   18   18   18   18   18   19   19   19
   19   18   18   18   17   17   17   17   15
    65.0-180.0 180.0   5.0 450.0                            LAT/LON1/LON2/DLON/H
   20   19   17   15   12   11   10   11   12   15   19   23   27   31   34   37
   41   43   46   48   48   48   46   43   40   36   32   27   23   19   17   14
   11   10    9    7    7    7    7    7    7    8    8    9   10   11   14   15
   17   18   19   19   19   20   20   21   21   21   21   22   22   22   23   23
   22   22   22   22   21   22   22   21   20
    62.5-180.0 180.0   5.0 450.0                            LAT/LON1/LON2/DLON/H
   27   25   24   22   19   18   17   17   19   21   25   28   32   35   37   39
   42   45   48   50   51   52   51   48   45   41   37   33   28   23   19   17
   14   12   10    8    8    8    8    8    9   10   11   13   14   17   19   21
   22   23   23   23   24   24   25   25   25   25   26   26   26   27   27   27
   26   26   27   26   26   27   27   28   27
    60.0-180.0 180.0   5.0 450.0                            LAT/LON1/LON2/DLON/H
   33   32   31   30   28   26   26   26   28   30   32   35   38   40   42   43
   45   48   51   54   54   55   54   53   50   47   43   38   33   28   23   20
   17   14   12   11   10   10   10   10   11   15   17   20   24   25   27   27
   28   28   28   28   28   29   29   29   29   30   30   31   32   32   32   32
   31   31   31   31   31   31   32   33   33
    57.5-180.0 180.0   5.0 450.0                            LAT/LON1/LON2/DLON/H
   38   39   38   37   36   36   36   37   38   40   42   44   46   47   49   49
   50   53   55   57   58   58   58   57   55   52   48   44   39   33   28   24
   21   18   17   15   14   14   15   17   20   23   27   31   33   35   36   35
   35   34   33   33   33   34   34   34   35   35   35   36   37   37   36   36
   36   35   35   34   35   35   36   37   38
    55.0-180.0 180.0   5.0 450.0                            LAT/LON1/LON2/DLON/H
   42   43   43   44   44   45   46   48   49   51   52   54   55   56   57   57
   58   59   60   61   62   62   61   61   61   58   54   51   45   39   33   29
   26   24   23   22   20   21   23   26   30   33   38   42   44   45   44   44
   42   41   40   39   39   39   40   40   41   41   41   41   41   41   41   41
   40   39   38   37   37   38   39   40   42
    52.5-180.0 180.0   5.0 450.0                            LAT/LON1/LON2/DLON/H
   43   45   47   49   51   53   55   57   58   59   61   62   63   64   65   65
   65   65   65   66   66   66   65   66   65   64   61   58   53   46   40   36
   33   31   30   30   30   31   33   37   41   45   49   53   54   54   53   51
   49   47   46   46   45   45   45   45   46   47   47   47   46   45   44   44
   43   42   40   39   39   39   40   42   43
    50.0-180.0 180.0   5.0 450.0                            LAT/LON1/LON2/DLON/H
   44   45   48   51   55   58   61   64   65   66   67   69   70   72   73   73
   73   73   71   71   70   69   69   69   70   69   67   65   61   54   48   44
   41   39   38   39   39   41   43   47   51   56   60   62   63   62   60   57
   54   53   51   51   50   50   50   51   52   52   51   51   49   47   46   46
   45   44   42   40   40   40   41   42   44
    47.5-180.0 180.0   5.0 450.0                            LAT/LON1/LON2/DLON/H
   42   44   47   51   56   62   66   68   69   70   71   73   75   78   80   81
   80   79   78   77   75   73   73   73   73   74   73   71   67   62   56   52
   49   47   46   47   49   50   53   57   61   65   68   69   69   68   65   62
   59   57   56   55   55   55   55   56   56   56   55   54   51   49   47   46
   45   44   42   40   39   39   40   41   42
    45.0-180.0 180.0   5.0 450.0                            LAT/LON1/LON2/DLON/H
   41   42   45   50   56   63   68   71   72   73   74   76   79   83   86   87
   87   87   85   84   81   79   78   77   78   79   78   76   73   69   64   60
   56   55   55   56   57   59   61   65   69   72   73   74   73   72   70   67
   64   63   61   61   60   60   61   61   60   60   58   56   53   50   48   47
   46   44   42   40   39   39   39   40   41
    42.5-180.0 180.0   5.0 450.0                            LAT/LON1/LON2/DLON/H
   39   40   43   48   55   63   70   74   75   75   76   78   82   86   90   93
   94   94   94   92   90   87   84   82   82   82   81   81   79   75   72   67
   64   62   63   63   64   66   69   71   74   76   76   77   75   75   73   72
   70   67   65   65   65   65   65   64   64   62   60   57   54   51   49   48
   47   45   43   41   41   40   39   39   39
    40.0-180.0 180.0   5.0 450.0                            LAT/LON1/LON2/DLON/H
   38   39   41   46   54   63   71   76   78   78   79   81   86   90   96   99
  101  102  102  101   98   95   91   88   86   85   84   84   84   82   79   75
   72   70   69   69   70   72   74   76   78   79   79   78   77   77   76   76
   73   71   68   67   67   66   66   65   65   64   61   59   55   53   51   49
   48   46   45   43   42   41   40   39   38
    37.5-180.0 180.0   5.0 450.0                            LAT/LON1/LON2/DLON/H
   39   39   41   46   53   63   72   78   80   82   84   87   90   95  101  106
  109  110  110  110  107  103   98   93   90   87   86   87   88   87   85   82
   78   76   76   75   76   76   78   79   81   81   81   80   79   79   79   78
   76   73   69   68   67   66   67   66   65   63   61   59   57   54   52   50
   49   48   46   44   43   43   42   40   39
    35.0-180.0 180.0   5.0 450.0                            LAT/LON1/LON2/DLON/H
   40   40   43   47   55   65   74   80   84   87   91   93   97  102  106  112
  115  117  118  117  115  110  105   99   94   91   89   91   91   91   90   88
   86   84   83   81   81   81   81   82   83   82   82   81   81   81   80   79
   76   72   69   67   66   66   66   65   64   63   61   60   57   55   53   51
   50   48   46   45   45   44   44   42   40
    32.5-180.0 180.0   5.0 450.0                            LAT/LON1/LON2/DLON/H
   42   43   46   51   59   68   78   83   88   93   98  102  105  108  112  117
  121  123  123  122  120  116  110  105   99   96   94   94   94   94   95   94
   94   92   90   88   87   86   86   85   85   83   83   82   81   81   79   78
   74   71   68   66   65   65   65   63   62   61   60   59   57   56   54   52
   50   48   47   46   46   46   45   44   42
    30.0-180.0 180.0   5.0 450.0                            LAT/LON1/LON2/DLON/H
   45   47   51   56   65   73   81   87   92   99  106  109  113  115  118  121
  125  126  126  124  122  119  115  110  105  101   99   99   98   98  100  102
  102  102   99   97   94   92   90   88   86   85   83   82   81   81   79   77
   73   70   67   65   64   64   63   61   60   60   59   59   57   56   54   52
   50   48   47   46   46   46   46   46   45
    27.5-180.0 180.0   5.0 450.0                            LAT/LON1/LON2/DLON/H
   48   51   57   64   72   80   87   92   98  105  113  118  121  122  123  126
  127  127  126  124  122  120  117  114  111  108  105  105  104  104  107  110
  112  112  110  107  103   99   94   90   88   85   84   83   82   81   79   76
   72   69   66   64   63   63   61   59   58   58   58   58   57   56   54   52
   50   48   47   46   46   46   47   47   48
    25.0-180.0 180.0   5.0 450.0                            LAT/LON1/LON2/DLON/H
   51   56   63   72   81   88   94   98  104  113  121  126  129  129  128  129
  129  127  125  123  121  119  119  118  116  115  114  113  111  112  116  120
  123  124  121  118  112  105   99   94   90   86   84   84   82   80   77   73
   70   67   65   64   64   63   61   58   56   56   57   58   57   55   54   51
   49   47   46   45   45   46   47   48   51
    22.5-180.0 180.0   5.0 450.0                            LAT/LON1/LON2/DLON/H
   51   58   68   79   88   96  102  107  112  120  128  136  137  135  133  132
  129  126  123  120  119  119  120  122  123  124  123  122  121  121  126  130
  135  136  134  129  122  114  106   99   93   88   84   84   83   80   75   71
   68   67   65   64   64   62   60   57   56   56   57   56   56   54   52   50
   48   46   44   44   43   44   45   47   51
    20.0-180.0 180.0   5.0 450.0                            LAT/LON1/LON2/DLON/H
   50   59   72   85   95  104  111  117  121  129  137  145  147  142  138  135
  133  128  123  120  119  120  123  127  131  133  134  133  132  133  136  141
  146  147  145  140  132  121  112  104   96   88   85   84   82   78   73   70
   67   65   64   64   64   62   60   58   56   55   56   55   54   52   50   48
   46   44   43   41   42   42   43   45   50
    17.5-180.0 180.0   5.0 450.0                            LAT/LON1/LON2/DLON/H
   49   60   74   88  100  111  120  126  131  139  148  156  158  153  146  143
  140  134  128  125  124  125  130  135  139  143  145  145  145  146  149  153
  159  160  157  150  140  129  118  107   98   90   85   82   80   76   72   69
   67   65   64   63   63   62   60   57   56   55   55   55   53   50   48   46
   44   43   41   40   41   41   41   43   49
    15.0-180.0 180.0   5.0 450.0                            LAT/LON1/LON2/DLON/H
   49   61   76   91  104  117  127  135  142  150  160  168  170  166  160  157
  153  147  140  137  135  136  139  144  150  154  157  159  160  161  163  166
  170  171  166  157  147  134  121  109   98   90   84   81   78   75   72   69
   66   65   64   63   62   61   60   57   56   55   55   54   51   48   46   44
   41   41   40   40   40   40   40   43   49
    12.5-180.0 180.0   5.0 450.0                            LAT/LON1/LON2/DLON/H
   49   61   76   92  106  120  132  142  151  160  171  180  184  181  178  176
  173  168  161  158  154  154  154  156  161  166  170  172  173  175  177  180
  180  179  173  163  151  138  123  110   99   91   84   80   76   74   72   70
   67   67   65   64   62   61   59   56   55   54   54   52   49   46   43   41
   39   38   39   40   40   40   40   43   49
    10.0-180.0 180.0   5.0 450.0                            LAT/LON1/LON2/DLON/H
   50   61   76   92  107  121  134  147  158  169  181  192  197  198  199  199
  198  196  190  187  183  178  173  170  172  177  181  184  187  187  189  191
  189  186  179  168  156  142  129  115  103   94   85   79   76   74   73   71
   70   70   68   65   62   60   58   55   54   53   52   51   48   44   41   39
   37   37   38   39   40   40   40   43   50
     7.5-180.0 180.0   5.0 450.0                            LAT/LON1/LON2/DLON/H
   51   62   77   92  107  122  137  151  164  176  189  202  210  214  219  223
  226  227  223  220  214  206  195  186  184  187  191  196  200  199  200  200
  199  193  185  175  162  149  138  125  112  100   88   80   77   76   75   75
   75   75   72   69   64   60   59   56   55   54   52   50   48   45   41   38
   36   36   37   40   41   40   41   44   51
     5.0-180.0 180.0   5.0 450.0                            LAT/LON1/LON2/DLON/H
   54   65   78   93  108  123  139  154  167  180  195  209  219  226  234  243
  250  255  255  252  245  234  218  203  197  197  201  208  213  213  212  212
  209  204  196  185  173  162  151  137  122  107   93   85   81   81   82   83
   83   82   79   75   69   63   62   59   57   55   54   52   49   46   43   40
   37   36   37   40   41   41   42   46   54
     2.5-180.0 180.0   5.0 450.0                            LAT/LON1/LON2/DLON/H
   57   68   81   95  109  125  142  156  170  183  197  213  223  232  242  256
  267  273  276  276  270  256  237  219  209  207  212  221  227  228  229  227
  224  217  209  198  186  175  163  147  130  114  100   93   89   89   91   93
   92   92   88   83   77   69   66   63   61   58   55   53   51   49   45   42
   39   38   39   41   42   43   44   49   57
