DORISInput/IGSGIM/2019/igsg3420.19i
     1.0            IONOSPHERE MAPS     MIX                 IONEX VERSION / TYPE
cmpcmb v1.2          GRL/UWM            27-dec-19 12:14     PGM / RUN BY / DATE 
ionex file containing IGS COMBINED Ionosphere maps          COMMENT             
global ionosphere maps for day 342, 2019                    DESCRIPTION         
IONEX file containing the COMBINED IGS TEC MAPS and DCBs    DESCRIPTION         
      IONEX files of the following IAACs were combined: cod DESCRIPTION         
                                                        esa DESCRIPTION         
                                                        jpl DESCRIPTION         
                                                        upc DESCRIPTION         
Contact address: Andrzej Krankowski                         DESCRIPTION
                 Geodynamics Research Laboratory            DESCRIPTION
                 University of Warmia and Mazury (GRL/UWM)  DESCRIPTION
                 Oczapowski St. 1                           DESCRIPTION
                 10-957-Olsztyn, POLAND                     DESCRIPTION
                 e-mail:  kand@uwm.edu.pl                   DESCRIPTION
                                                            DESCRIPTION         
  2019    12     8     0     0     0                        EPOCH OF FIRST MAP  
  2019    12     9     0     0     0                        EPOCH OF LAST MAP   
  7200                                                      INTERVAL            
    13                                                      # OF MAPS IN FILE   
  COSZ                                                      MAPPING FUNCTION    
     0.0                                                    ELEVATION CUTOFF    
combined TEC calculated as weighted mean of input TEC valuesOBSERVABLES USED    
   393                                                      # OF STATIONS       
    32                                                      # OF SATELLITES     
  6371.0                                                    BASE RADIUS         
     2                                                      MAP DIMENSION       
   450.0 450.0   0.0                                        HGT1 / HGT2 / DHGT  
    87.5 -87.5  -2.5                                        LAT1 / LAT2 / DLAT  
  -180.0 180.0   5.0                                        LON1 / LON2 / DLON  
    -1                                                      EXPONENT            
TEC values in 0.1 tec units;  9999, if no value available   COMMENT             
DCB values in nanoseconds, reference is Sum_of_SatDCBs = 0  COMMENT             
                                                            END OF HEADER       
[from data line 858]
     3                                                      START OF TEC MAP    
  2019    12     8     4     0     0                        EPOCH OF CURRENT MAP
    87.5-180.0 180.0   5.0 450.0                            LAT/LON1/LON2/DLON/H
   17   17   17   17   17   16   16   16   16   16   16   16   15   15   14   15
   15   15   14   14   14   14   14   14   14   14   14   14   14   14   14   15
   15   15   15   15   15   15   16   16   16   16   16   16   16   16   16   16
   16   16   17   17   17   17   17   17   17   17   17   17   17   17   17   17
   16   17   17   17   17   17   17   17   17
    85.0-180.0 180.0   5.0 450.0                            LAT/LON1/LON2/DLON/H
   17   17   17   17   17   17   17   17   17   16   16   15   15   14   14   13
   13   12   11   12   11   11   11   10   10   11   11   11   12   12   12   13
   13   14   14   15   15   15   15   16   16   16   16   16   16   16   16   16
   16   16   16   16   16   16   16   16   16   16   16   16   16   16   16   16
   16   16   17   16   17   17   17   17   17
    82.5-180.0 180.0   5.0 450.0                            LAT/LON1/LON2/DLON/H
   17   17   17   18   18   18   18   18   17   17   16   15   15   13   12   12
   11   10    9    9    8    8    7    7    7    8    8    9    9   10   11   12
   12   14   14   15   15   16   16   16   16   16   16   16   16   15   15   15
   15   15   15   15   14   14   14   14   14   14   14   14   14   14   14   15
   14   15   15   15   15   16   16   16   17
    80.0-180.0 180.0   5.0 450.0                            LAT/LON1/LON2/DLON/H
   16   16   17   18   18   18   19   18   18   18   17   16   15   14   12   11
   10    9    7    7    6    6    6    6    6    6    7    7    8    9   10   12
   13   14   15   15   16   16   16   17   16   16   16   15   15   14   14   13
   13   13   13   12   13   13   12   13   13   13   13   12   13   13   13   13
   13   13   13   13   14   14   14   15   16
    77.5-180.0 180.0   5.0 450.0                            LAT/LON1/LON2/DLON/H
   14   15   16   16   17   17   18   18   18   17   17   16   14   13   12   10
    9    7    6    6    5    5    5    5    5    6    7    7    8    9   10   11
   13   13   14   15   16   16   15   15   15   15   14   14   13   12   12   11
   11   11   11   11   12   12   12   12   13   13   13   13   13   13   13   13
   13   12   12   12   12   12   13   13   14
    75.0-180.0 180.0   5.0 450.0                            LAT/LON1/LON2/DLON/H
   13   14   14   14   15   15   15   16   16   16   15   15   14   13   12   10
    9    7    7    6    6    6    5    6    6    6    7    8    9   10   11   12
   13   14   15   15   15   15   14   14   14   13   13   12   11   11   10   10
   10   10   11   11   13   13   15   15   15   16   16   16   16   16   15   15
   15   14   13   13   13   13   13   13   13
    72.5-180.0 180.0   5.0 450.0                            LAT/LON1/LON2/DLON/H
   14   13   13   13   13   13   13   13   13   13   13   14   13   12   11   10
   10    8    7    8    6    7    6    6    6    7    9   10   11   12   13   14
   15   15   15   15   14   13   13   12   11   11   10    9   10    9    9    9
   10   11   12   13   15   17   18   19   21   21   22   22   22   22   21   21
   20   19   18   17   16   15   15   14   14
    70.0-180.0 180.0   5.0 450.0                            LAT/LON1/LON2/DLON/H
   16   15   14   13   12   12   11   11   10   11   11   11   11   11   11   11
   10   10    9    8    8    8    8    9    9   10   12   13   14   15   15   15
   15   15   14   13   12   11   10    9    9    9    9    8    8    8    9    9
   11   13   15   17   19   21   24   25   27   29   29   29   30   30   29   28
   27   26   24   22   21   20   19   17   16
    67.5-180.0 180.0   5.0 450.0                            LAT/LON1/LON2/DLON/H
   20   19   16   14   13   11   10    9    9    8    9    9    9   10   10   10
   10   11   10   10   10   11   11   12   12   13   13   15   16   16   16   15
   15   13   12   11   10    9    8    8    8    8    9    9    9    9   10   11
   13   15   18   21   24   27   29   32   34   36   37   37   37   37   37   36
   35   33   31   29   28   26   24   22   20
    65.0-180.0 180.0   5.0 450.0                            LAT/LON1/LON2/DLON/H
   25   23   20   17   15   13   11   10    9    8    8    8    8    9    9   10
   10   10   11   11   12   12   13   13   13   14   15   15   16   16   15   15
   13   12   11   10    8    8    7    8    8    9    9   10   11   11   13   14
   16   19   22   26   29   33   35   38   41   43   44   45   45   45   43   43
   41   39   37   35   33   31   29   28   25
    62.5-180.0 180.0   5.0 450.0                            LAT/LON1/LON2/DLON/H
   31   28   25   22   19   16   14   12   10    9    8    8    8    8    8   10
   10   11   12   11   11   12   12   13   13   13   14   15   15   14   14   13
   13   12   10    9    8    7    8    9    9   10   11   13   14   15   16   17
   19   23   27   31   34   38   41   44   46   48   49   50   51   50   49   48
   47   45   43   40   38   37   35   33   31
    60.0-180.0 180.0   5.0 450.0                            LAT/LON1/LON2/DLON/H
   35   33   31   28   24   22   18   16   14   12   10    8    8    8    9   10
   11   12   12   11   11   11   12   13   13   13   13   13   14   13   13   13
   13   13   11   10    9    9    9   10   12   13   16   17   18   19   20   22
   24   27   32   36   39   42   46   48   50   53   54   54   55   54   54   53
   51   50   48   45   44   42   40   38   35
    57.5-180.0 180.0   5.0 450.0                            LAT/LON1/LON2/DLON/H
   40   38   35   33   30   27   23   20   18   16   14   12   11   10   11   11
   12   13   12   10    9   10   11   12   13   13   14   14   14   15   14   15
   15   15   14   13   12   11   12   14   16   18   20   22   23   24   25   26
   29   33   37   41   44   47   50   52   54   56   56   57   58   58   57   56
   54   53   51   50   48   46   44   42   40
    55.0-180.0 180.0   5.0 450.0                            LAT/LON1/LON2/DLON/H
   45   43   41   39   36   32   29   26   24   21   19   17   15   14   14   14
   14   14   12   11    9   10   11   12   14   15   16   17   17   18   18   19
   20   20   19   18   16   16   16   18   20   23   26   27   28   29   30   32
   35   39   43   47   49   52   54   56   57   58   59   59   59   60   59   58
   57   56   55   53   52   49   48   46   45
    52.5-180.0 180.0   5.0 450.0                            LAT/LON1/LON2/DLON/H
   49   47   46   43   41   38   34   31   29   27   24   22   21   19   19   18
   17   16   15   12   11   12   13   14   17   20   21   23   24   25   25   26
   26   26   26   24   21   20   20   22   25   28   31   33   34   34   36   38
   41   45   48   52   55   57   58   59   60   61   61   61   62   62   61   61
   60   59   59   57   56   54   52   50   49
    50.0-180.0 180.0   5.0 450.0                            LAT/LON1/LON2/DLON/H
   53   52   50   48   46   42   38   36   34   32   30   28   27   25   24   23
   23   21   19   17   15   16   17   20   24   27   30   33   33   34   34   34
   34   34   33   30   28   26   26   28   30   34   36   37   38   40   41   44
   47   51   54   57   60   61   62   63   64   64   65   64   64   64   63   63
   63   62   63   62   61   59   57   55   53
    47.5-180.0 180.0   5.0 450.0                            LAT/LON1/LON2/DLON/H
   57   55   53   51   49   46   42   40   38   38   37   35   34   32   31   30
   29   29   27   25   25   26   29   33   37   41   43   45   44   44   44   43
   43   42   39   37   34   32   32   33   36   39   41   42   43   45   47   51
   54   58   60   63   64   65   66   67   68   68   68   68   68   67   66   66
   66   66   67   67   66   64   61   59   57
    45.0-180.0 180.0   5.0 450.0                            LAT/LON1/LON2/DLON/H
   60   57   55   53   51   48   45   43   42   43   43   42   41   39   37   37
   37   37   37   38   38   41   46   50   54   57   58   58   56   54   52   51
   50   48   46   44   41   39   38   39   41   43   45   46   47   50   53   58
   61   64   66   67   68   69   69   70   71   72   73   72   72   71   70   70
   70   71   71   72   71   69   66   63   60
    42.5-180.0 180.0   5.0 450.0                            LAT/LON1/LON2/DLON/H
   63   60   58   56   53   50   49   47   46   47   47   47   47   46   44   43
   44   46   48   52   55   60   65   70   74   75   73   71   67   64   60   58
   56   54   52   49   46   44   43   44   46   48   49   50   51   54   59   65
   69   72   73   73   72   73   73   74   75   77   77   77   77   76   75   75
   75   75   76   76   75   73   70   67   63
    40.0-180.0 180.0   5.0 450.0                            LAT/LON1/LON2/DLON/H
   66   61   59   57   55   53   51   49   49   51   51   53   53   52   50   49
   51   55   60   66   72   78   84   89   91   91   86   81   75   71   66   64
   60   58   56   53   51   49   48   49   50   52   53   54   56   60   66   72
   77   79   78   77   76   76   76   77   79   81   82   82   82   82   80   80
   78   78   79   79   79   77   74   70   66
    37.5-180.0 180.0   5.0 450.0                            LAT/LON1/LON2/DLON/H
   68   64   61   58   55   53   52   52   53   53   55   57   59   58   56   56
   58   63   71   79   86   93   99  103  104  103   95   87   80   75   71   68
   64   60   58   56   55   53   52   52   53   54   55   57   60   66   73   80
   84   85   84   82   80   79   80   82   84   85   86   87   87   87   86   85
   84   83   82   82   82   80   77   73   68
    35.0-180.0 180.0   5.0 450.0                            LAT/LON1/LON2/DLON/H
   71   66   62   59   56   55   53   53   54   56   59   62   64   64   64   63
   65   70   79   89   97  103  109  112  112  108   99   90   82   77   73   69
   65   62   60   58   57   56   55   54   55   56   57   59   64   71   79   86
   90   90   88   86   84   84   84   85   87   89   90   90   91   92   92   92
   90   89   88   87   86   84   81   76   71
    32.5-180.0 180.0   5.0 450.0                            LAT/LON1/LON2/DLON/H
   75   69   65   61   58   56   54   54   55   58   62   66   69   70   69   70
   72   77   85   93  102  108  113  115  113  108   98   89   80   76   72   70
   65   62   61   59   58   57   55   55   55   56   57   61   66   75   84   92
   95   95   94   92   91   90   91   91   92   93   93   94   96   98   99  100
   99   97   96   95   94   91   87   81   75
    30.0-180.0 180.0   5.0 450.0                            LAT/LON1/LON2/DLON/H
   82   75   70   64   59   57   55   55   55   58   62   67   71   72   73   73
   76   82   87   95  102  106  108  108  106  102   93   84   76   73   71   68
   66   63   61   60   58   55   54   53   54   54   56   60   67   77   88   96
  100  101  102  101  101  101  101  100  100   98   98   98  100  104  107  110
  111  110  109  107  105  101   96   90   82
    27.5-180.0 180.0   5.0 450.0                            LAT/LON1/LON2/DLON/H
   93   84   77   69   63   59   57   55   56   58   62   67   71   73   74   75
   78   82   87   91   95   96   96   96   93   90   84   77   71   70   69   68
   65   63   61   59   56   53   50   50   50   51   53   58   67   79   91  100
  105  108  111  113  114  114  113  111  110  107  105  105  107  112  117  122
  125  126  125  123  120  116  110  102   93
    25.0-180.0 180.0   5.0 450.0                            LAT/LON1/LON2/DLON/H
  107   97   87   77   69   64   61   58   57   59   62   66   70   72   74   74
   76   80   83   84   85   84   83   84   82   78   74   69   67   68   68   67
   65   63   60   57   53   49   46   45   46   47   50   56   67   81   93  103
  110  116  121  125  128  130  128  125  122  118  114  114  117  122  129  135
  141  143  144  142  139  134  126  117  107
    22.5-180.0 180.0   5.0 450.0                            LAT/LON1/LON2/DLON/H
  122  110   99   87   78   71   66   63   61   62   63   65   68   70   71   72
   73   75   77   78   76   75   74   74   73   70   67   64   64   66   67   67
   65   62   59   55   50   45   42   41   42   43   47   55   68   82   96  107
  117  125  132  138  143  145  144  141  136  131  126  126  130  135  143  150
  159  163  164  162  159  154  144  134  122
    20.0-180.0 180.0   5.0 450.0                            LAT/LON1/LON2/DLON/H
  136  122  110   99   89   80   75   70   67   65   65   65   67   68   68   69
   70   71   72   71   71   69   68   70   69   68   65   63   63   65   66   65
   63   60   57   52   46   41   38   37   38   41   46   56   68   84   99  112
  123  134  142  150  156  160  159  156  151  145  141  141  145  150  158  167
  175  181  185  182  178  172  162  151  136
    17.5-180.0 180.0   5.0 450.0                            LAT/LON1/LON2/DLON/H
  151  135  122  111  101   91   82   77   73   70   68   67   67   67   67   68
   69   69   69   68   67   67   67   70   71   69   66   64   64   64   65   63
   60   57   54   50   44   39   35   35   36   39   45   56   71   88  103  117
  130  141  152  161  168  172  173  172  167  162  159  159  161  166  173  181
  189  195  200  197  193  187  178  166  151
    15.0-180.0 180.0   5.0 450.0                            LAT/LON1/LON2/DLON/H
  163  148  134  124  113  101   91   84   79   75   72   69   67   66   66   68
   68   68   68   67   66   68   69   72   73   71   69   66   65   65   64   61
   58   54   51   47   42   37   34   34   35   38   45   58   74   91  107  122
  135  148  160  170  178  182  184  186  183  179  177  177  178  182  187  193
  200  205  208  207  205  198  190  179  163
    12.5-180.0 180.0   5.0 450.0                            LAT/LON1/LON2/DLON/H
  174  160  148  137  126  113  101   91   85   79   75   71   69   67   66   66
   67   66   66   67   69   72   75   77   78   75   71   68   66   64   62   59
   56   52   48   43   39   37   35   35   36   39   47   61   78   95  112  126
  140  154  165  174  184  190  194  196  195  192  191  191  193  195  198  202
  206  210  212  212  209  205  198  189  174
    10.0-180.0 180.0   5.0 450.0                            LAT/LON1/LON2/DLON/H
  184  171  160  151  139  125  112  100   91   85   79   75   72   69   68   68
   67   66   66   69   73   78   82   83   83   78   73   69   65   63   60   57
   53   49   44   41   39   37   37   37   37   41   51   64   82   99  115  130
  144  157  168  177  187  196  200  202  202  201  198  199  201  203  206  208
  210  211  213  213  212  210  204  195  184
     7.5-180.0 180.0   5.0 450.0                            LAT/LON1/LON2/DLON/H
  193  181  171  160  150  136  121  110   99   91   84   78   75   72   71   70
   70   69   70   74   79   85   89   90   87   81   74   69   64   60   58   55
   50   45   42   40   40   40   40   39   39   44   53   68   85  103  119  133
  147  160  170  179  189  198  204  206  205  203  201  203  205  208  210  212
  212  212  213  214  214  213  210  203  193
     5.0-180.0 180.0   5.0 450.0                            LAT/LON1/LON2/DLON/H
  203  192  181  171  160  147  132  119  108   98   90   83   79   77   76   76
   75   75   76   80   85   91   95   95   91   83   74   67   62   58   56   52
   47   43   41   40   41   43   43   42   41   46   56   70   88  105  120  135
  148  161  172  181  190  200  206  207  206  203  201  203  208  210  213  214
  213  213  215  216  217  218  216  211  203
     2.5-180.0 180.0   5.0 450.0                            LAT/LON1/LON2/DLON/H
  213  202  191  180  169  156  143  128  115  104   95   88   84   82   82   82
   81   80   82   86   90   95   99   97   91   83   73   66   61   57   54   51
   47   43   41   41   43   45   46   43   43   48   57   72   90  106  121  136
  150  163  173  182  191  201  208  207  205  201  200  205  209  213  214  217
  218  218  220  221  223  224  224  221  213
