DORISInput/IGSGIM/2019/igsg3430.19i
     1.0            IONOSPHERE MAPS     MIX                 IONEX VERSION / TYPE
cmpcmb v1.2          GRL/UWM            27-dec-19 12:19     PGM / RUN BY / DATE 
ionex file containing IGS COMBINED Ionosphere maps          COMMENT             
global ionosphere maps for day 343, 2019                    DESCRIPTION         
IONEX file containing the COMBINED IGS TEC MAPS and DCBs    DESCRIPTION         
      IONEX files of the following IAACs were combined: cod DESCRIPTION         
                                                        esa DESCRIPTION         
                                                        jpl DESCRIPTION         
                                                        upc DESCRIPTION         
Contact address: Andrzej Krankowski                         DESCRIPTION
                 Geodynamics Research Laboratory            DESCRIPTION
                 University of Warmia and Mazury (GRL/UWM)  DESCRIPTION
                 Oczapowski St. 1                           DESCRIPTION
                 10-957-Olsztyn, POLAND                     DESCRIPTION
                 e-mail:  kand@uwm.edu.pl                   DESCRIPTION
                                                            DESCRIPTION         
  2019    12     9     0     0     0                        EPOCH OF FIRST MAP  
  2019    12    10     0     0     0                        EPOCH OF LAST MAP   
  7200                                                      INTERVAL            
    13                                                      # OF MAPS IN FILE   
  COSZ                                                      MAPPING FUNCTION    
     0.0                                                    ELEVATION CUTOFF    
combined TEC calculated as weighted mean of input TEC valuesOBSERVABLES USED    
   397                                                      # OF STATIONS       
    32                                                      # OF SATELLITES     
  6371.0                                                    BASE RADIUS         
     2                                                      MAP DIMENSION       
   450.0 450.0   0.0                                        HGT1 / HGT2 / DHGT  
    87.5 -87.5  -2.5                                        LAT1 / LAT2 / DLAT  
  -180.0 180.0   5.0                                        LON1 / LON2 / DLON  
    -1                                                      EXPONENT            
TEC values in 0.1 tec units;  9999, if no value available   COMMENT             
DCB values in nanoseconds, reference is Sum_of_SatDCBs = 0  COMMENT             
                                                            END OF HEADER       
[from data line 1287]
     4                                                      START OF TEC MAP    
  2019    12     9     6     0     0                        EPOCH OF CURRENT MAP
    87.5-180.0 180.0   5.0 450.0                            LAT/LON1/LON2/DLON/H
   26   26   27   26   26   26   26   25   25   25   25   24   24   23   23   23
   22   22   22   22   21   21   21   21   21   21   20   21   21   21   21   21
   21   21   21   21   21   21   21   21   22   22   22   22   23   23   23   23
   23   23   24   24   24   24   24   24   24   24   24   24   24   25   25   25
   25   25   26   26   26   26   26   26   26
    85.0-180.0 180.0   5.0 450.0                            LAT/LON1/LON2/DLON/H
   27   28   28   28   28   28   28   27   27   26   26   25   24   23   22   21
   20   19   18   17   17   16   16   16   15   15   15   16   16   16   16   16
   17   17   17   18   19   19   19   19   19   19   19   19   19   20   20   20
   20   20   20   20   20   20   20   21   21   21   21   21   22   22   23   23
   23   24   25   26   26   26   27   27   27
    82.5-180.0 180.0   5.0 450.0                            LAT/LON1/LON2/DLON/H
   26   26   27   27   27   27   27   26   26   25   24   23   22   21   19   18
   17   15   14   13   12   12   11   10   10   10   11   11   12   12   13   14
   14   15   15   16   17   17   17   17   17   17   17   16   16   16   16   16
   16   16   16   16   16   16   16   16   17   17   17   17   17   17   18   19
   20   21   21   22   23   24   25   25   26
    80.0-180.0 180.0   5.0 450.0                            LAT/LON1/LON2/DLON/H
   22   23   23   24   25   25   25   25   25   24   22   21   20   18   16   15
   13   11   10    9    9    9    8    7    7    7    8    9    9   10   10   11
   12   13   14   14   15   14   14   15   14   14   14   13   12   12   12   12
   12   12   12   13   13   13   13   13   13   13   13   13   13   13   14   14
   15   15   16   17   18   19   20   21   22
    77.5-180.0 180.0   5.0 450.0                            LAT/LON1/LON2/DLON/H
   17   19   20   20   21   22   22   22   22   21   20   19   18   16   14   12
   11    9    9    8    6    6    6    7    6    6    6    7    8    9    9   11
   11   12   13   14   13   13   13   12   12   11   11   11   10   10   10   10
   10   11   11   11   11   12   12   12   12   12   12   11   11   11   11   11
   11   11   11   12   13   14   15   16   17
    75.0-180.0 180.0   5.0 450.0                            LAT/LON1/LON2/DLON/H
   13   14   15   16   17   18   19   19   19   18   18   17   16   15   13   12
   10    9    9    7    7    7    6    7    7    7    7    7    8    9   12   13
   13   14   14   13   13   11   11   10   10    9    9    8    9    9   10   10
   11   12   13   13   14   15   15   15   15   15   15   14   13   12   11   11
   11   10   10   10   10   10   10   11   13
    72.5-180.0 180.0   5.0 450.0                            LAT/LON1/LON2/DLON/H
   10   11   13   14   15   15   16   16   16   16   15   14   14   13   12   11
   10   10   10    9    9    9    9    9    9   10   10   10   10   11   12   14
   14   14   14   13   12   11   10    9    8    7    7    7    8    9   11   12
   14   16   17   18   20   21   21   22   22   21   20   20   18   17   15   13
   12   11   10    9    9    9    9    9   10
    70.0-180.0 180.0   5.0 450.0                            LAT/LON1/LON2/DLON/H
   11   12   12   13   13   13   13   13   13   13   13   12   11   11   10   11
   11   11   11   12   12   13   13   13   14   14   14   14   13   13   13   13
   14   14   13   12   11   10    9    8    7    7    7    8   10   12   15   17
   20   21   24   26   27   29   30   31   31   30   30   28   26   24   21   19
   16   14   12   11   10    9   10   10   11
    67.5-180.0 180.0   5.0 450.0                            LAT/LON1/LON2/DLON/H
   13   14   14   14   14   13   12   12   11   10   10   10    9    9    9    9
   11   11   12   13   15   15   16   17   18   17   17   16   15   15   14   14
   13   13   12   11   10    9    8    8    8    8    9   11   14   17   21   24
   27   30   32   35   36   38   39   41   41   40   39   37   35   33   29   26
   23   20   17   16   14   13   13   13   13
    65.0-180.0 180.0   5.0 450.0                            LAT/LON1/LON2/DLON/H
   18   18   18   17   16   15   13   12   11    9    9    8    9    9    9    9
   10   11   12   14   15   16   17   18   18   18   18   16   16   15   14   13
   12   11   11   10    9    9    8    8    8    9   11   14   19   23   28   32
   36   39   41   43   45   46   48   49   49   49   47   45   42   39   36   33
   30   26   23   21   19   18   17   18   18
    62.5-180.0 180.0   5.0 450.0                            LAT/LON1/LON2/DLON/H
   22   22   22   21   20   18   16   14   11   10    9    8    8    8    8    8
    9   10   11   12   13   14   16   16   17   17   16   15   14   14   13   12
   11   11   10   10    9    9    9    9   10   11   15   20   25   31   36   40
   44   46   49   50   51   52   53   54   55   54   53   50   48   45   42   38
   35   32   29   26   24   22   22   22   22
    60.0-180.0 180.0   5.0 450.0                            LAT/LON1/LON2/DLON/H
   26   27   27   25   24   22   19   17   14   12   10    8    8    8    8    8
    8    9   10   10   11   12   13   14   15   14   15   14   14   13   12   11
   11   10   10   10   10   10   10   11   12   16   21   26   32   38   44   48
   51   53   55   55   56   56   57   58   58   57   56   55   52   49   46   43
   40   37   33   30   28   26   25   25   26
    57.5-180.0 180.0   5.0 450.0                            LAT/LON1/LON2/DLON/H
   29   30   30   29   28   26   24   20   17   15   12   10    9    9   10    9
    9    9    9    9    9   10   11   12   13   13   13   14   13   12   12   12
   11   12   12   12   13   12   13   15   18   22   27   33   39   45   50   54
   57   59   60   60   60   60   60   60   60   60   59   58   56   53   50   47
   44   41   37   34   31   29   28   28   29
    55.0-180.0 180.0   5.0 450.0                            LAT/LON1/LON2/DLON/H
   31   32   33   33   32   31   28   25   22   19   16   15   13   12   13   12
   11   11   10   10   10   10   10   12   13   13   14   14   13   13   13   13
   13   14   15   16   17   18   19   22   25   30   35   41   46   51   56   60
   62   63   64   64   64   64   64   64   64   64   63   62   60   58   55   52
   49   45   41   38   35   32   30   30   31
    52.5-180.0 180.0   5.0 450.0                            LAT/LON1/LON2/DLON/H
   33   35   36   37   37   36   34   31   28   24   21   19   18   17   17   17
   16   15   13   12   12   12   13   15   16   17   17   17   17   16   16   16
   16   17   20   21   23   24   27   30   33   38   43   48   53   57   61   64
   67   68   69   69   68   69   69   69   69   69   69   68   66   63   60   56
   53   49   46   42   39   36   34   33   33
    50.0-180.0 180.0   5.0 450.0                            LAT/LON1/LON2/DLON/H
   36   38   40   41   42   41   40   37   34   31   28   25   24   24   24   24
   23   22   20   19   18   19   21   23   25   26   25   25   23   21   20   20
   20   22   24   27   29   31   34   38   42   47   51   56   59   63   66   69
   72   73   74   74   73   73   74   74   75   76   76   74   72   70   65   62
   58   54   51   47   44   40   38   36   36
    47.5-180.0 180.0   5.0 450.0                            LAT/LON1/LON2/DLON/H
   40   41   44   46   47   47   46   43   41   37   34   32   32   32   32   34
   33   33   32   31   31   32   35   37   37   37   35   33   31   28   26   24
   24   26   28   31   35   38   42   45   50   55   59   62   65   67   70   74
   76   78   79   79   78   79   79   80   82   83   82   81   78   74   70   65
   61   58   55   52   49   45   42   40   40
    45.0-180.0 180.0   5.0 450.0                            LAT/LON1/LON2/DLON/H
   44   45   47   49   51   52   51   49   47   44   42   40   40   40   42   44
   44   45   45   46   46   49   51   52   52   50   46   43   39   35   32   30
   29   30   33   36   40   44   47   52   57   62   65   67   70   72   75   78
   81   83   85   85   85   85   86   87   89   89   89   86   83   79   73   69
   65   62   59   57   54   50   47   45   44
    42.5-180.0 180.0   5.0 450.0                            LAT/LON1/LON2/DLON/H
   47   48   50   52   54   55   55   54   53   51   49   48   48   50   52   54
   56   58   59   62   64   67   69   69   66   62   56   51   46   41   38   35
   34   34   37   40   43   48   52   58   63   68   71   73   74   76   79   83
   86   89   91   91   92   92   93   95   96   96   94   91   87   82   77   73
   68   66   63   60   57   54   51   49   47
    40.0-180.0 180.0   5.0 450.0                            LAT/LON1/LON2/DLON/H
   50   49   50   52   55   56   58   58   58   57   56   55   56   58   61   64
   67   69   72   77   81   84   85   83   77   71   64   58   52   47   44   40
   38   38   40   43   46   51   55   62   68   74   77   78   79   81   84   87
   91   94   96   96   97   98  100  101  103  102  100   96   91   86   81   77
   73   69   66   63   60   57   54   51   50
    37.5-180.0 180.0   5.0 450.0                            LAT/LON1/LON2/DLON/H
   49   48   49   51   53   55   58   60   62   62   63   63   64   66   69   72
   75   79   83   88   93   97   97   93   85   77   69   63   57   52   48   44
   42   42   43   46   49   53   58   66   74   80   83   84   85   86   88   92
   95   98   99  100  101  103  105  107  108  108  105  101   96   91   86   82
   78   74   70   66   62   58   54   52   49
    35.0-180.0 180.0   5.0 450.0                            LAT/LON1/LON2/DLON/H
   48   46   46   48   50   52   56   59   63   66   68   70   72   74   76   78
   81   86   90   96  101  105  103   98   89   80   71   65   60   54   51   47
   45   45   46   48   50   54   61   69   78   85   88   90   90   92   94   97
   99  101  103  104  104  105  109  111  112  112  110  107  102   98   94   91
   86   81   76   71   66   60   55   51   48
    32.5-180.0 180.0   5.0 450.0                            LAT/LON1/LON2/DLON/H
   47   44   43   44   46   48   53   58   63   68   72   75   77   80   81   83
   85   89   93   99  103  105  104   97   88   79   71   65   60   56   52   50
   48   48   49   49   51   55   63   73   82   89   93   95   96   98   99  101
  102  104  105  106  107  109  113  117  118  119  118  116  114  111  108  105
  100   94   87   80   72   65   58   52   47
    30.0-180.0 180.0   5.0 450.0                            LAT/LON1/LON2/DLON/H
   51   46   44   43   43   46   50   55   61   68   74   78   81   84   85   86
   87   90   92   96   99  100   99   93   84   75   67   63   60   56   53   51
   49   49   50   50   52   56   65   75   86   93   98  100  102  103  105  106
  107  109  110  111  112  115  120  124  126  128  130  131  130  129  127  124
  120  113  105   94   83   74   66   58   51
    27.5-180.0 180.0   5.0 450.0                            LAT/LON1/LON2/DLON/H
   60   53   49   46   45   45   48   52   58   66   73   78   82   85   87   87
   87   88   89   91   93   94   92   86   78   70   64   61   59   57   54   51
   49   49   50   50   51   56   66   77   89   97  102  105  108  111  111  113
  115  116  118  118  120  123  129  134  137  141  145  148  151  152  152  150
  146  137  128  114  102   90   79   69   60
    25.0-180.0 180.0   5.0 450.0                            LAT/LON1/LON2/DLON/H
   74   64   58   53   49   48   49   51   56   62   69   75   80   84   86   86
   86   84   84   84   85   86   85   80   73   65   61   59   57   56   52   50
   48   48   48   47   49   55   65   79   91  100  106  110  115  119  121  123
  125  128  129  130  131  134  140  146  152  158  163  168  174  178  180  181
  174  165  155  139  125  111   98   86   74
    22.5-180.0 180.0   5.0 450.0                            LAT/LON1/LON2/DLON/H
   92   80   69   62   56   52   51   52   54   59   65   72   77   80   82   83
   82   80   79   78   78   78   78   75   69   62   58   56   54   53   49   47
   46   45   44   43   46   53   65   80   93  104  110  116  122  127  131  134
  138  142  144  145  146  149  155  162  169  177  185  191  198  204  207  208
  205  194  184  167  153  137  121  106   92
    20.0-180.0 180.0   5.0 450.0                            LAT/LON1/LON2/DLON/H
  111   96   83   73   66   60   56   55   56   58   63   68   73   76   78   79
   78   77   74   73   73   74   74   71   66   60   56   53   51   48   45   43
   42   41   40   40   43   52   66   82   96  106  115  122  129  136  142  146
  154  159  162  164  165  168  174  180  188  196  205  213  221  226  229  230
  228  221  210  193  181  164  146  128  111
    17.5-180.0 180.0   5.0 450.0                            LAT/LON1/LON2/DLON/H
  129  112   97   85   76   68   62   59   59   59   62   65   69   72   74   76
   75   74   71   71   71   73   73   70   64   58   53   49   47   44   41   40
   39   38   37   38   42   52   67   84   98  110  119  128  135  144  153  161
  169  177  181  184  185  188  194  199  206  214  223  231  239  243  243  244
  241  238  229  216  202  186  169  148  129
    15.0-180.0 180.0   5.0 450.0                            LAT/LON1/LON2/DLON/H
  143  124  108   95   85   75   69   64   63   62   62   64   67   70   71   73
   73   71   70   71   72   74   74   71   65   58   51   46   43   41   39   38
   37   36   35   37   42   52   69   86  101  114  124  134  143  153  164  174
  184  192  197  201  203  207  210  213  219  226  234  242  248  251  251  250
  247  244  239  230  216  201  182  163  143
    12.5-180.0 180.0   5.0 450.0                            LAT/LON1/LON2/DLON/H
  150  130  114  101   90   81   74   69   66   65   65   66   67   69   70   72
   72   71   71   72   75   77   77   74   66   58   49   44   41   40   38   37
   36   35   35   36   43   55   72   89  104  117  129  139  150  162  173  184
  195  203  209  213  215  216  219  220  224  230  236  244  249  250  250  249
  246  244  241  235  224  210  192  171  150
    10.0-180.0 180.0   5.0 450.0                            LAT/LON1/LON2/DLON/H
  154  133  115  102   92   84   78   73   71   69   68   67   68   69   71   71
   72   73   73   75   79   82   81   76   67   57   49   44   40   39   38   37
   36   36   36   38   46   59   76   93  107  120  132  144  157  168  178  189
  200  208  214  217  218  219  220  219  221  226  232  240  244  244  243  243
  241  240  238  234  226  213  196  175  154
     7.5-180.0 180.0   5.0 450.0                            LAT/LON1/LON2/DLON/H
  155  134  116  102   93   86   81   77   75   73   71   70   69   69   71   72
   74   75   77   79   83   86   84   78   68   58   50   44   40   38   38   37
   37   37   37   40   49   64   81   97  110  123  135  148  161  172  181  190
  201  209  213  216  217  217  216  215  216  219  226  234  240  241  239  238
  237  237  235  232  225  214  198  177  155
     5.0-180.0 180.0   5.0 450.0                            LAT/LON1/LON2/DLON/H
  158  136  117  103   94   88   83   80   78   76   74   72   71   70   72   74
   76   78   79   82   85   88   85   78   68   58   51   46   42   40   39   39
   38   38   38   43   53   68   85   99  113  125  138  151  163  173  181  189
  198  206  210  212  214  213  212  211  212  216  223  231  238  241  241  240
  239  238  236  234  227  216  201  181  158
     2.5-180.0 180.0   5.0 450.0                            LAT/LON1/LON2/DLON/H
  167  144  124  108   97   90   85   82   79   77   75   72   71   71   73   76
   78   79   80   83   85   87   85   78   68   59   52   47   44   41   41   40
   39   39   40   47   58   73   88  102  115  127  140  152  164  173  180  187
  193  200  206  209  210  210  208  208  210  214  222  232  240  246  250  250
  250  248  246  241  234  223  209  189  167
