DORISInput/IGSGIM/2019/igsg3440.19i
     1.0            IONOSPHERE MAPS     MIX                 IONEX VERSION / TYPE
cmpcmb v1.2          GRL/UWM            27-dec-19 12:25     PGM / RUN BY / DATE 
ionex file containing IGS COMBINED Ionosphere maps          COMMENT             
global ionosphere maps for day 344, 2019                    DESCRIPTION         
IONEX file containing the COMBINED IGS TEC MAPS and DCBs    DESCRIPTION         
      IONEX files of the following IAACs were combined: cod DESCRIPTION         
                                                        esa DESCRIPTION         
                                                        jpl DESCRIPTION         
                                                        upc DESCRIPTION         
Contact address: Andrzej Krankowski                         DESCRIPTION
                 Geodynamics Research Laboratory            DESCRIPTION
                 University of Warmia and Mazury (GRL/UWM)  DESCRIPTION
                 Oczapowski St. 1                           DESCRIPTION
                 10-957-Olsztyn, POLAND                     DESCRIPTION
                 e-mail:  kand@uwm.edu.pl                   DESCRIPTION
                                                            DESCRIPTION         
  2019    12    10     0     0     0                        EPOCH OF FIRST MAP  
  2019    12    11     0     0     0                        EPOCH OF LAST MAP   
  7200                                                      INTERVAL            
    13                                                      # OF MAPS IN FILE   
  COSZ                                                      MAPPING FUNCTION    
     0.0                                                    ELEVATION CUTOFF    
combined TEC calculated as weighted mean of input TEC valuesOBSERVABLES USED    
   401                                                      # OF STATIONS       
    32                                                      # OF SATELLITES     
  6371.0                                                    BASE RADIUS         
     2                                                      MAP DIMENSION       
   450.0 450.0   0.0                                        HGT1 / HGT2 / DHGT  
    87.5 -87.5  -2.5                                        LAT1 / LAT2 / DLAT  
  -180.0 180.0   5.0                                        LON1 / LON2 / DLON  
    -1                                                      EXPONENT            
TEC values in 0.1 tec units;  9999, if no value available   COMMENT             
DCB values in nanoseconds, reference is Sum_of_SatDCBs = 0  COMMENT             
                                                            END OF HEADER       
[from data line 3432]
     9                                                      START OF TEC MAP    
  2019    12    10    16     0     0                        EPOCH OF CURRENT MAP
    87.5-180.0 180.0   5.0 450.0                            LAT/LON1/LON2/DLON/H
   32   32   32   32   31   30   30   31   31   31   30   30   30   30   30   30
   30   30   30   29   29   29   29   28   28   28   28   28   28   27   27   27
   27   27   27   27   27   27   27   28   28   28   28   28   28   28   28   29
   29   29   30   30   30   31   31   31   31   31   31   31   32   31   31   31
   31   32   32   32   32   31   31   31   32
    85.0-180.0 180.0   5.0 450.0                            LAT/LON1/LON2/DLON/H
   31   31   31   31   31   31   30   31   31   30   30   30   30   30   29   29
   29   28   28   28   28   27   26   26   26   25   25   25   24   24   24   24
   24   24   23   24   24   24   25   25   25   26   27   27   27   27   27   27
   28   28   28   28   28   29   29   29   30   30   30   30   30   31   31   30
   30   30   30   31   31   31   31   31   31
    82.5-180.0 180.0   5.0 450.0                            LAT/LON1/LON2/DLON/H
   28   28   29   29   29   29   29   29   30   30   29   29   29   29   29   28
   28   27   26   26   25   25   24   24   23   22   22   23   22   22   21   21
   21   20   20   21   20   20   21   21   21   22   22   22   23   23   24   24
   24   25   25   25   25   26   25   26   26   26   26   27   27   27   27   27
   27   26   26   27   27   27   28   28   28
    80.0-180.0 180.0   5.0 450.0                            LAT/LON1/LON2/DLON/H
   25   25   25   26   26   26   26   27   27   27   27   27   27   27   27   27
   27   26   25   24   24   23   22   24   23   22   21   20   19   19   18   18
   17   16   16   16   16   17   16   17   17   18   18   18   19   20   20   20
   20   21   22   22   22   22   22   22   22   22   22   22   22   22   22   21
   21   21   22   22   22   23   24   24   25
    77.5-180.0 180.0   5.0 450.0                            LAT/LON1/LON2/DLON/H
   20   21   22   23   23   23   24   24   24   24   25   25   26   25   25   26
   25   25   26   25   25   24   22   22   21   20   19   18   18   17   17   16
   15   14   13   14   13   13   13   14   14   14   14   15   16   17   17   17
   17   17   18   18   19   19   19   19   19   18   18   17   17   17   16   16
   16   16   16   16   17   18   19   20   20
    75.0-180.0 180.0   5.0 450.0                            LAT/LON1/LON2/DLON/H
   17   18   19   20   20   20   20   20   20   22   22   23   23   24   25   26
   26   27   26   27   27   27   25   24   23   23   21   21   20   19   17   16
   16   15   12   11   11   11   11   12   12   12   12   13   14   15   15   14
   14   14   15   15   16   16   17   16   16   15   14   14   13   13   13   13
   12   13   13   14   14   15   16   16   17
    72.5-180.0 180.0   5.0 450.0                            LAT/LON1/LON2/DLON/H
   16   17   18   18   18   17   17   16   17   18   18   19   21   22   23   25
   26   26   29   30   31   31   30   29   29   28   28   26   23   21   20   18
   17   15   14   12   11   11   11   11   11   12   12   12   12   13   13   13
   13   13   13   14   14   15   15   15   15   15   14   13   12   11   11   11
   11   11   11   11   12   13   14   14   16
    70.0-180.0 180.0   5.0 450.0                            LAT/LON1/LON2/DLON/H
   17   18   19   18   17   17   15   14   13   13   14   16   18   19   20   23
   25   29   32   33   36   36   36   36   36   35   34   32   29   25   23   20
   19   18   16   14   13   11   11   10   11   11   12   12   12   12   13   13
   13   13   14   14   14   15   16   16   17   17   17   16   15   14   13   12
   11   10   10   10   11   12   13   14   17
    67.5-180.0 180.0   5.0 450.0                            LAT/LON1/LON2/DLON/H
   21   21   20   20   18   17   14   13   12   11   12   13   13   15   18   22
   26   30   33   36   39   41   41   42   42   41   40   38   35   32   29   26
   23   20   18   15   14   12   11   11   11   12   13   13   14   14   14   14
   14   14   16   16   16   18   19   20   21   22   22   22   21   21   19   17
   15   13   12   12   13   14   16   19   21
    65.0-180.0 180.0   5.0 450.0                            LAT/LON1/LON2/DLON/H
   25   25   24   23   21   19   16   14   13   12   11   11   12   14   17   22
   27   31   35   39   43   45   46   46   47   46   45   44   42   39   36   32
   27   24   20   17   14   12   12   11   12   13   14   16   17   17   17   17
   17   17   19   20   20   22   23   25   26   28   29   30   30   30   28   26
   24   21   20   19   20   22   23   25   25
    62.5-180.0 180.0   5.0 450.0                            LAT/LON1/LON2/DLON/H
   31   31   31   29   26   23   20   18   16   14   13   13   14   16   19   24
   29   34   38   42   45   48   49   50   50   49   49   49   47   44   41   38
   33   29   24   19   16   13   12   13   13   14   17   19   20   21   21   21
   21   21   22   23   24   25   27   29   31   34   36   38   39   39   39   37
   34   32   30   28   29   29   30   31   31
    60.0-180.0 180.0   5.0 450.0                            LAT/LON1/LON2/DLON/H
   38   37   37   35   32   29   26   23   20   19   17   17   17   19   24   28
   33   38   42   46   49   51   53   53   53   53   52   53   52   49   46   43
   38   33   28   23   18   15   14   15   16   18   20   23   24   25   25   25
   24   24   25   27   28   29   31   34   37   39   42   46   47   49   49   48
   45   43   40   38   37   37   37   37   38
    57.5-180.0 180.0   5.0 450.0                            LAT/LON1/LON2/DLON/H
   43   43   42   41   38   35   32   29   27   24   23   22   23   25   29   34
   38   43   47   50   52   54   55   55   54   54   55   56   57   55   51   47
   44   39   34   28   23   19   18   19   20   23   26   28   29   30   30   29
   29   30   30   31   32   33   35   38   41   45   48   52   54   57   58   57
   55   51   48   46   44   43   43   43   43
    55.0-180.0 180.0   5.0 450.0                            LAT/LON1/LON2/DLON/H
   48   48   47   45   43   41   38   36   33   32   31   30   31   33   37   41
   44   49   52   55   56   57   57   56   56   57   58   59   61   60   57   54
   50   45   40   34   29   25   24   25   27   29   31   34   35   35   35   35
   35   36   37   37   37   38   40   43   46   50   53   56   59   62   62   61
   60   56   53   50   48   48   48   49   48
    52.5-180.0 180.0   5.0 450.0                            LAT/LON1/LON2/DLON/H
   51   50   49   49   48   46   43   41   39   39   37   37   38   40   44   48
   52   55   58   60   61   61   61   59   59   60   61   63   65   66   63   61
   57   52   48   42   37   34   33   33   34   36   38   40   41   41   41   40
   41   42   42   43   43   44   44   47   50   53   57   59   61   62   63   62
   60   57   54   52   50   50   50   51   51
    50.0-180.0 180.0   5.0 450.0                            LAT/LON1/LON2/DLON/H
   52   51   51   51   50   49   48   46   44   44   43   45   46   48   51   55
   59   62   65   66   67   66   66   65   65   65   66   68   70   71   69   68
   64   60   55   51   47   44   42   42   43   44   46   47   48   48   47   46
   47   47   48   49   49   50   50   51   54   56   58   60   61   61   62   61
   59   56   53   51   50   50   51   51   52
    47.5-180.0 180.0   5.0 450.0                            LAT/LON1/LON2/DLON/H
   50   50   50   51   51   51   50   48   47   47   49   51   53   55   58   62
   65   69   71   73   74   74   73   73   72   73   73   75   76   76   74   73
   70   66   63   60   57   55   53   52   52   52   53   55   55   55   53   53
   53   53   53   54   55   55   56   57   58   59   60   60   60   60   60   58
   56   55   52   49   47   48   49   49   50
    45.0-180.0 180.0   5.0 450.0                            LAT/LON1/LON2/DLON/H
   48   48   48   49   51   51   50   49   49   51   53   56   58   61   64   67
   71   74   78   80   82   83   83   83   83   83   83   84   83   81   79   76
   74   72   70   68   67   65   64   61   60   60   60   61   61   60   59   59
   59   59   59   60   60   61   61   62   63   63   63   62   61   59   58   57
   55   52   50   47   46   46   47   48   48
    42.5-180.0 180.0   5.0 450.0                            LAT/LON1/LON2/DLON/H
   45   45   46   47   49   49   49   49   51   53   57   60   63   66   68   71
   75   78   83   87   91   92   93   94   94   95   94   94   91   87   83   79
   77   76   76   76   75   74   73   70   67   66   65   66   66   66   65   65
   65   66   66   66   67   67   67   67   67   66   65   64   63   60   58   57
   54   52   49   46   45   45   46   46   45
    40.0-180.0 180.0   5.0 450.0                            LAT/LON1/LON2/DLON/H
   43   42   43   44   45   46   47   48   51   56   60   64   68   71   73   75
   77   82   88   93   98  101  103  104  105  106  105  102   98   93   87   83
   81   80   81   82   83   82   80   76   73   70   69   69   70   69   69   69
   70   71   71   71   72   72   72   71   70   69   68   66   65   62   60   58
   55   52   49   47   45   45   45   44   43
    37.5-180.0 180.0   5.0 450.0                            LAT/LON1/LON2/DLON/H
   42   41   41   41   42   42   43   46   51   58   64   69   74   77   77   78
   80   85   91   98  104  108  111  112  114  114  113  110  104   97   91   87
   87   86   87   89   90   90   86   82   77   73   71   72   72   72   72   72
   72   72   73   73   74   74   74   73   72   71   70   69   67   65   63   60
   57   53   50   48   47   46   45   44   42
    35.0-180.0 180.0   5.0 450.0                            LAT/LON1/LON2/DLON/H
   42   40   39   39   39   39   40   44   50   60   68   76   80   82   83   83
   85   89   95  102  108  113  116  118  119  119  118  115  110  104   98   95
   94   95   96   98   98   97   93   87   81   76   73   73   74   74   74   73
   73   73   73   73   74   74   74   73   72   72   71   70   69   67   65   62
   59   56   53   51   49   47   46   44   42
    32.5-180.0 180.0   5.0 450.0                            LAT/LON1/LON2/DLON/H
   42   40   38   37   37   36   37   42   51   62   72   81   86   89   90   90
   91   94   99  105  111  117  119  120  121  121  121  119  115  112  108  106
  106  107  107  109  108  105  100   93   86   79   76   75   76   76   76   75
   74   74   73   72   73   73   72   71   71   71   70   70   70   68   66   64
   60   57   54   53   51   49   47   45   42
    30.0-180.0 180.0   5.0 450.0                            LAT/LON1/LON2/DLON/H
   43   41   40   38   36   35   35   41   50   62   74   85   92   95   96   96
   97  100  104  109  114  118  119  118  119  120  121  121  120  120  120  120
  121  123  124  125  122  117  109  101   92   85   80   79   79   79   79   77
   75   74   73   73   73   72   71   70   70   70   70   71   70   69   66   63
   60   57   54   53   52   51   48   46   43
    27.5-180.0 180.0   5.0 450.0                            LAT/LON1/LON2/DLON/H
   44   43   41   39   37   35   36   41   50   64   77   88   96  100  102  102
  103  107  110  113  115  117  115  112  113  117  121  124  128  131  134  137
  141  145  146  143  138  131  120  111  101   93   88   86   85   85   84   82
   78   75   73   73   72   71   69   69   69   70   70   70   70   67   64   62
   59   56   54   53   52   51   49   47   44
    25.0-180.0 180.0   5.0 450.0                            LAT/LON1/LON2/DLON/H
   45   45   43   42   39   37   38   42   52   66   80   91  100  106  108  109
  110  114  114  116  116  114  110  107  109  116  124  131  138  146  153  159
  166  168  170  164  155  146  134  123  112  103   99   96   95   95   93   89
   82   77   73   72   70   69   67   68   68   69   70   69   69   65   63   59
   57   55   53   52   51   50   49   47   45
    22.5-180.0 180.0   5.0 450.0                            LAT/LON1/LON2/DLON/H
   45   45   45   44   42   40   42   47   58   71   84   95  104  111  115  118
  118  120  120  120  118  114  109  107  111  119  130  140  153  164  175  183
  190  194  192  185  172  160  149  138  126  117  112  109  107  106  103   96
   86   78   74   71   69   67   67   66   67   67   69   67   66   63   60   57
   55   52   51   50   50   49   48   46   45
    20.0-180.0 180.0   5.0 450.0                            LAT/LON1/LON2/DLON/H
   43   44   45   44   43   44   47   53   63   75   88   99  109  117  123  128
  129  129  128  127  125  120  116  117  121  131  144  157  172  185  198  206
  211  213  210  202  189  175  164  152  141  133  128  124  121  117  113  104
   92   82   76   73   71   69   67   66   66   67   67   65   64   61   57   55
   53   51   49   49   48   48   47   45   43
    17.5-180.0 180.0   5.0 450.0                            LAT/LON1/LON2/DLON/H
   42   42   42   43   44   45   51   59   69   80   92  103  114  124  131  139
  141  140  139  138  135  131  130  134  141  152  164  177  191  206  218  223
  225  225  220  213  201  187  175  163  156  149  144  138  133  127  120  109
   97   87   80   77   74   72   70   68   68   68   66   64   63   59   56   54
   52   50   48   47   47   47   45   43   42
    15.0-180.0 180.0   5.0 450.0                            LAT/LON1/LON2/DLON/H
   39   39   39   40   42   46   53   64   75   85   97  108  119  131  140  148
  152  153  153  152  149  147  150  157  166  177  188  198  210  223  231  234
  233  231  226  218  206  194  183  174  168  163  159  152  142  132  123  112
  101   92   86   82   80   76   74   72   70   69   67   64   62   59   56   54
   52   50   48   47   46   46   44   41   39
    12.5-180.0 180.0   5.0 450.0                            LAT/LON1/LON2/DLON/H
   37   36   36   37   40   46   55   66   80   91  101  113  125  138  149  157
  162  165  166  168  169  171  175  185  195  204  212  218  225  231  236  237
  236  232  227  218  208  199  190  183  179  175  170  160  146  134  123  111
  102   97   93   89   85   81   78   75   72   70   66   62   60   58   56   55
   53   51   49   48   47   45   42   39   37
    10.0-180.0 180.0   5.0 450.0                            LAT/LON1/LON2/DLON/H
   35   33   32   33   36   44   55   69   83   95  106  119  131  144  156  165
  171  176  180  186  192  199  205  215  224  231  233  233  234  234  236  236
  234  231  227  220  212  204  197  191  188  183  176  164  149  135  121  110
  104  101   98   94   89   85   82   78   74   69   65   61   59   58   57   56
   55   53   50   49   48   45   41   38   35
     7.5-180.0 180.0   5.0 450.0                            LAT/LON1/LON2/DLON/H
   33   31   30   30   33   42   55   70   85   98  110  123  137  150  162  172
  180  188  195  205  217  227  237  246  251  252  248  243  238  235  234  233
  232  232  230  226  219  212  206  200  196  190  180  166  150  133  120  111
  107  105  103  100   95   91   87   83   77   71   65   61   60   60   59   58
   55   53   51   49   47   44   40   36   33
     5.0-180.0 180.0   5.0 450.0                            LAT/LON1/LON2/DLON/H
   33   31   28   27   31   40   54   70   85   99  112  127  141  155  168  178
  189  200  211  225  239  253  265  274  276  268  256  248  240  235  233  233
  236  238  240  237  232  224  217  210  203  195  183  168  150  135  125  118
  113  110  108  106  103   99   95   90   83   75   68   64   63   63   62   60
   57   54   51   50   47   44   40   36   33
     2.5-180.0 180.0   5.0 450.0                            LAT/LON1/LON2/DLON/H
   34   31   28   27   30   39   53   69   85   99  113  129  145  159  172  183
  195  209  223  240  256  274  288  297  294  280  262  250  241  237  237  240
  247  252  255  254  247  239  229  219  210  199  185  170  155  144  137  130
  124  118  114  113  111  108  104   99   91   82   74   68   67   67   66   63
   58   54   52   49   48   45   41   37   34
