DORISInput/IGSGIM/2019/igsg3510.19i
     1.0            IONOSPHERE MAPS     MIX                 IONEX VERSION / TYPE
cmpcmb v1.2          GRL/UWM             4-jan-20 13:33     PGM / RUN BY / DATE 
ionex file containing IGS COMBINED Ionosphere maps          COMMENT             
global ionosphere maps for day 351, 2019                    DESCRIPTION         
IONEX file containing the COMBINED IGS TEC MAPS and DCBs    DESCRIPTION         
      IONEX files of the following IAACs were combined: cod DESCRIPTION         
                                                        esa DESCRIPTION         
                                                        jpl DESCRIPTION         
                                                        upc DESCRIPTION         
Contact address: Andrzej Krankowski                         DESCRIPTION
                 Geodynamics Research Laboratory            DESCRIPTION
                 University of Warmia and Mazury (GRL/UWM)  DESCRIPTION
                 Oczapowski St. 1                           DESCRIPTION
                 10-957-Olsztyn, POLAND                     DESCRIPTION
                 e-mail:  kand@uwm.edu.pl                   DESCRIPTION
                                                            DESCRIPTION         
  2019    12    17     0     0     0                        EPOCH OF FIRST MAP  
  2019    12    18     0     0     0                        EPOCH OF LAST MAP   
  7200                                                      INTERVAL            
    13                                                      # OF MAPS IN FILE   
  COSZ                                                      MAPPING FUNCTION    
     0.0                                                    ELEVATION CUTOFF    
combined TEC calculated as weighted mean of input TEC valuesOBSERVABLES USED    
   399                                                      # OF STATIONS       
    32                                                      # OF SATELLITES     
  6371.0                                                    BASE RADIUS         
     2                                                      MAP DIMENSION       
   450.0 450.0   0.0                                        HGT1 / HGT2 / DHGT  
    87.5 -87.5  -2.5                                        LAT1 / LAT2 / DLAT  
  -180.0 180.0   5.0                                        LON1 / LON2 / DLON  
    -1                                                      EXPONENT            
TEC values in 0.1 tec units;  9999, if no value available   COMMENT             
DCB values in nanoseconds, reference is Sum_of_SatDCBs = 0  COMMENT             
                                                            END OF HEADER       
[from data line 3861]
    10                                                      START OF TEC MAP    
  2019    12    17    18     0     0                        EPOCH OF CURRENT MAP
    87.5-180.0 180.0   5.0 450.0                            LAT/LON1/LON2/DLON/H
   15   15   15   15   15   15   15   15   15   15   15   15   14   14   14   14
   14   13   13   14   13   13   12   12   12   12   12   12   12   11   11   11
   11   11   11   11   11   11   11   11   11   11   11   11   11   12   12   12
   12   12   13   13   13   13   13   14   14   14   14   14   14   15   15   15
   15   15   15   15   15   15   15   15   15
    85.0-180.0 180.0   5.0 450.0                            LAT/LON1/LON2/DLON/H
   18   18   18   19   18   18   18   18   18   18   17   17   17   17   16   16
   15   15   15   14   14   13   13   12   12   11   11   11   10   10   10   10
   10   10   10    9    9    9    9    9   10   10   10   10   10   10   11   11
   12   12   12   13   13   13   14   14   14   15   15   15   15   15   16   16
   16   16   17   17   17   17   17   18   18
    82.5-180.0 180.0   5.0 450.0                            LAT/LON1/LON2/DLON/H
   19   19   19   20   20   20   20   20   20   20   20   20   19   19   19   19
   18   17   16   15   15   14   14   13   12   12   11   11   11   11   11   10
   10   10   10    9    9    9    9    9    9    9    9    9   10   10   10   11
   11   12   12   12   13   14   14   14   14   15   15   15   15   16   16   16
   17   17   17   17   18   18   18   19   19
    80.0-180.0 180.0   5.0 450.0                            LAT/LON1/LON2/DLON/H
   17   17   17   18   18   19   20   21   21   22   22   22   22   22   22   21
   21   21   20   19   18   16   15   14   13   12   12   12   12   12   12   11
   11   10   10   10   10    9    9    9    8    9    9    9    9    9   10   10
   10   11   12   13   13   13   14   14   14   14   15   15   15   15   15   15
   15   16   16   16   16   16   17   17   17
    77.5-180.0 180.0   5.0 450.0                            LAT/LON1/LON2/DLON/H
   14   14   15   15   16   17   18   19   19   21   22   23   24   24   24   23
   23   22   22   21   20   19   20   19   18   15   14   13   12   11   11   11
   12   11   10   10    9    9    8    8    8    8    8    8    8    9    9   10
   10   11   11   12   13   13   13   13   13   14   13   14   14   13   13   13
   13   13   13   13   14   14   14   14   14
    75.0-180.0 180.0   5.0 450.0                            LAT/LON1/LON2/DLON/H
   11   12   12   12   12   13   14   15   17   18   20   22   23   24   26   27
   28   27   27   26   25   24   23   22   20   18   16   14   13   12   11   10
   10    9    9    9    9    8    8    7    7    8    8    8    8    8    9    9
   10   10   11   11   12   12   12   12   12   12   12   12   12   12   11   11
   11   12   11   11   11   12   11   12   11
    72.5-180.0 180.0   5.0 450.0                            LAT/LON1/LON2/DLON/H
   10   10   10    9    9    9   10   11   12   15   18   21   24   26   29   30
   31   33   32   32   31   29   28   27   25   22   19   16   14   12   11   10
    9    8    8    7    7    7    8    7    7    7    7    8    8    8    8    9
    9    9   10   10   11   11   11   11   11   11   11   11   11   11   11   11
   11   11   11   10   10   11   11   11   10
    70.0-180.0 180.0   5.0 450.0                            LAT/LON1/LON2/DLON/H
   11   10    9    9    8    8    8    9   10   13   17   20   24   27   30   32
   34   36   37   38   37   35   34   33   30   27   24   20   17   14   11    9
    9    9    7    6    6    6    7    7    7    7    7    7    8    8    8    9
    9   10   10   10   11   11   12   12   13   13   13   13   13   13   13   13
   13   13   12   12   12   12   12   12   11
    67.5-180.0 180.0   5.0 450.0                            LAT/LON1/LON2/DLON/H
   15   13   12   11   10    9    9    9   10   13   16   20   24   28   30   33
   37   39   41   43   42   42   40   38   35   31   28   23   20   16   14   11
    8    8    7    6    6    6    6    6    7    7    7    8    9    9    9   10
   11   11   12   13   13   14   15   16   16   16   16   16   17   17   17   17
   17   16   16   16   15   16   16   16   15
    65.0-180.0 180.0   5.0 450.0                            LAT/LON1/LON2/DLON/H
   21   19   18   15   14   13   12   12   14   15   18   22   26   30   33   36
   39   42   45   47   47   47   45   43   39   35   31   27   23   19   16   12
   10    7    7    7    7    7    7    7    7    8    8    9    9   10   11   12
   14   14   15   16   17   18   19   19   19   20   20   20   21   21   21   21
   21   21   20   20   20   21   21   21   21
    62.5-180.0 180.0   5.0 450.0                            LAT/LON1/LON2/DLON/H
   27   26   25   23   21   20   19   19   19   21   24   26   30   33   36   39
   43   46   49   51   51   51   50   47   43   39   35   30   26   23   18   14
   11    9    8    8    8    8    8    8    9    9   10   11   13   14   16   17
   19   19   19   20   21   22   22   23   23   24   25   25   26   26   26   26
   25   25   25   25   25   27   27   28   27
    60.0-180.0 180.0   5.0 450.0                            LAT/LON1/LON2/DLON/H
   33   33   32   31   29   28   28   28   28   29   30   33   36   38   42   44
   47   50   53   55   55   55   53   51   48   44   40   36   31   27   22   17
   14   12   11   11   11   10   10   10   11   13   15   18   20   22   23   23
   24   23   23   24   24   25   26   26   27   28   30   30   31   32   32   32
   31   30   29   29   30   31   32   33   33
    57.5-180.0 180.0   5.0 450.0                            LAT/LON1/LON2/DLON/H
   38   38   38   37   37   36   36   37   37   37   39   41   43   45   48   50
   52   55   57   59   59   59   57   55   53   50   46   42   37   32   27   22
   19   17   16   16   15   14   14   15   17   19   23   26   28   30   30   29
   28   28   27   28   29   29   30   31   32   33   34   35   36   37   37   36
   35   34   33   32   33   34   36   37   38
    55.0-180.0 180.0   5.0 450.0                            LAT/LON1/LON2/DLON/H
   41   41   42   42   43   43   44   45   46   47   48   49   50   53   55   56
   58   60   62   62   63   62   61   60   58   56   53   49   43   38   33   30
   27   25   23   22   21   21   21   22   24   27   32   35   38   39   38   37
   35   34   34   34   34   34   35   36   37   38   40   40   41   42   41   41
   40   37   36   35   35   36   38   39   41
    52.5-180.0 180.0   5.0 450.0                            LAT/LON1/LON2/DLON/H
   41   43   44   45   46   48   50   51   53   55   56   57   58   60   62   63
   64   65   66   66   66   66   65   65   64   62   60   56   52   45   41   37
   35   33   32   31   29   29   30   30   32   36   40   44   47   48   46   44
   42   41   40   40   40   40   40   42   43   43   45   45   45   45   44   43
   41   40   37   36   37   37   38   40   41
    50.0-180.0 180.0   5.0 450.0                            LAT/LON1/LON2/DLON/H
   41   42   43   46   48   51   54   57   59   61   62   63   65   66   68   69
   70   70   70   70   70   70   70   70   71   70   67   65   60   55   50   46
   44   42   39   39   38   38   38   39   41   44   48   52   55   54   53   50
   49   48   47   47   47   47   47   48   48   48   48   48   47   47   45   43
   41   40   38   36   37   37   38   39   41
    47.5-180.0 180.0   5.0 450.0                            LAT/LON1/LON2/DLON/H
   39   40   42   44   48   53   57   61   64   66   67   68   70   72   73   74
   75   76   76   76   76   76   77   78   79   79   77   74   69   63   58   54
   51   49   47   46   46   46   46   47   49   52   56   59   62   61   59   57
   55   55   55   55   54   55   54   54   53   53   52   51   49   47   45   43
   41   39   37   36   36   36   37   38   39
    45.0-180.0 180.0   5.0 450.0                            LAT/LON1/LON2/DLON/H
   37   38   40   42   48   53   59   64   67   69   70   72   74   76   78   79
   81   82   82   83   84   85   86   87   88   89   87   83   77   72   66   61
   58   55   54   54   55   55   55   55   56   59   62   64   67   66   64   63
   62   62   62   63   63   63   61   60   59   57   55   53   50   48   45   43
   41   39   37   37   36   36   36   36   37
    42.5-180.0 180.0   5.0 450.0                            LAT/LON1/LON2/DLON/H
   35   36   37   41   46   54   61   66   70   72   73   75   78   80   82   84
   86   88   91   93   94   96   98   98   99   98   95   90   85   79   73   68
   63   61   60   60   61   61   61   62   62   64   66   69   70   70   70   69
   69   69   69   69   69   68   67   65   63   61   58   55   52   48   46   43
   41   39   38   37   37   37   36   36   35
    40.0-180.0 180.0   5.0 450.0                            LAT/LON1/LON2/DLON/H
   35   34   36   39   46   54   62   68   72   75   77   79   81   84   87   89
   92   95   99  103  106  108  109  108  107  104  100   97   92   86   80   73
   68   66   65   65   65   67   67   67   68   69   70   72   73   73   74   74
   73   73   73   74   73   71   70   67   65   63   60   56   53   49   45   44
   42   40   39   39   39   39   37   36   35
    37.5-180.0 180.0   5.0 450.0                            LAT/LON1/LON2/DLON/H
   36   35   36   39   46   54   63   70   74   78   81   83   86   88   90   93
   97  102  108  113  116  118  119  117  113  109  105  102   97   91   86   79
   73   70   69   69   70   72   73   73   73   73   74   74   76   76   77   78
   77   76   76   75   73   71   70   67   65   63   61   57   53   49   46   44
   42   41   41   41   41   41   39   37   36
    35.0-180.0 180.0   5.0 450.0                            LAT/LON1/LON2/DLON/H
   37   37   39   42   48   56   64   70   76   81   85   88   91   93   95   98
  102  108  114  121  125  127  125  122  117  112  108  106  102   97   92   86
   80   77   74   73   75   76   78   78   77   76   76   77   78   79   80   80
   78   76   74   72   70   69   68   66   64   62   60   57   53   49   46   44
   43   42   42   42   42   42   41   39   37
    32.5-180.0 180.0   5.0 450.0                            LAT/LON1/LON2/DLON/H
   40   41   43   46   52   58   65   71   78   83   89   93   96   98  100  102
  106  112  118  125  129  131  129  125  119  115  110  108  105  102   98   94
   89   86   82   79   80   81   81   81   80   78   78   78   79   80   80   80
   77   73   71   68   67   66   65   64   63   61   58   55   52   49   46   44
   43   42   43   43   44   44   43   41   40
    30.0-180.0 180.0   5.0 450.0                            LAT/LON1/LON2/DLON/H
   42   44   48   51   56   62   67   73   79   86   93   98  101  103  104  106
  109  114  119  124  128  130  129  126  121  117  111  111  109  107  106  104
  101   97   92   88   86   85   85   83   82   81   79   79   79   80   79   77
   74   69   66   65   64   63   63   62   60   58   56   53   51   48   46   44
   43   42   42   43   44   44   44   43   42
    27.5-180.0 180.0   5.0 450.0                            LAT/LON1/LON2/DLON/H
   45   48   53   56   61   66   70   75   81   88   96  102  106  108  108  110
  111  114  117  121  124  126  126  124  120  118  115  115  116  116  118  116
  114  110  104   98   94   90   88   85   83   81   79   79   80   79   77   74
   70   66   62   61   61   60   59   58   56   54   53   51   49   47   45   43
   42   42   42   42   43   43   43   44   45
    25.0-180.0 180.0   5.0 450.0                            LAT/LON1/LON2/DLON/H
   46   51   58   62   67   71   74   78   83   90   98  105  109  111  111  112
  113  114  115  116  119  120  121  121  120  121  121  123  126  129  131  130
  129  124  119  112  102   96   91   87   83   81   79   78   79   78   75   71
   67   61   58   57   57   57   56   54   52   51   50   49   47   45   43   41
   40   40   40   40   41   41   41   43   46
    22.5-180.0 180.0   5.0 450.0                            LAT/LON1/LON2/DLON/H
   45   53   61   67   72   76   79   82   86   94  101  108  112  114  114  115
  115  114  113  113  113  114  116  120  122  126  128  132  138  143  146  145
  144  140  132  124  115  103   95   89   84   80   78   77   79   77   73   68
   63   58   55   55   56   55   54   52   50   49   48   47   44   42   41   39
   39   38   38   38   38   38   38   40   45
    20.0-180.0 180.0   5.0 450.0                            LAT/LON1/LON2/DLON/H
   43   52   63   71   77   81   85   88   92   98  105  112  116  117  117  118
  118  116  115  112  110  111  115  121  127  134  139  144  152  157  159  158
  158  153  145  134  125  112  100   92   85   81   77   77   78   75   71   66
   61   57   55   55   55   55   54   51   49   48   47   45   42   40   38   38
   37   36   36   35   35   34   34   37   43
    17.5-180.0 180.0   5.0 450.0                            LAT/LON1/LON2/DLON/H
   40   50   63   73   81   87   91   95   99  104  111  117  121  122  123  125
  124  123  120  116  114  115  120  129  137  144  151  158  166  172  173  172
  170  166  155  144  133  118  105   94   87   81   77   76   76   73   69   64
   60   57   56   57   57   57   55   52   49   48   47   44   41   38   36   36
   35   35   34   33   32   32   32   34   40
    15.0-180.0 180.0   5.0 450.0                            LAT/LON1/LON2/DLON/H
   39   50   63   75   84   91   97  103  107  112  119  125  129  130  132  135
  135  135  132  128  126  127  132  141  150  158  165  171  179  186  188  186
  181  175  164  153  140  124  110   98   89   83   78   75   73   70   67   63
   61   59   59   60   60   59   57   54   51   49   46   44   39   36   35   34
   34   34   33   32   31   31   30   33   39
    12.5-180.0 180.0   5.0 450.0                            LAT/LON1/LON2/DLON/H
   39   50   64   76   87   95  103  109  116  122  129  134  139  142  146  150
  152  153  151  150  148  148  152  159  166  173  179  185  191  197  198  194
  188  181  172  160  146  130  114  101   92   85   79   74   70   68   65   63
   62   62   62   63   62   60   58   54   51   48   45   42   38   34   33   32
   32   33   33   32   32   31   31   33   39
    10.0-180.0 180.0   5.0 450.0                            LAT/LON1/LON2/DLON/H
   41   51   64   78   89   99  107  115  123  132  139  146  151  155  162  170
  175  177  177  179  179  177  178  182  186  190  194  199  201  204  203  199
  193  185  177  166  151  134  118  105   95   87   80   73   69   67   64   64
   64   65   65   65   63   60   57   54   51   48   44   41   37   34   33   31
   31   32   33   33   33   32   31   34   41
     7.5-180.0 180.0   5.0 450.0                            LAT/LON1/LON2/DLON/H
   43   53   66   79   91  101  111  121  131  140  148  157  163  170  180  192
  201  206  208  213  214  210  209  209  209  209  208  211  211  210  208  204
  198  191  182  170  155  139  123  109   99   91   82   75   71   68   66   67
   68   68   68   66   63   59   57   53   50   47   44   41   38   34   32   30
   30   31   33   34   33   32   32   35   43
     5.0-180.0 180.0   5.0 450.0                            LAT/LON1/LON2/DLON/H
   46   56   69   81   93  104  115  125  137  147  156  167  175  184  197  212
  225  232  236  244  247  244  240  235  231  226  222  223  222  220  217  212
  207  199  189  176  161  144  129  115  105   96   87   80   75   73   71   73
   75   75   73   70   65   60   57   54   52   48   44   41   38   35   33   31
   30   31   33   35   35   34   34   38   46
     2.5-180.0 180.0   5.0 450.0                            LAT/LON1/LON2/DLON/H
   49   60   72   84   95  106  118  129  141  152  163  174  183  194  209  227
  241  250  257  266  270  272  266  257  248  238  234  235  235  234  231  226
  221  211  199  183  167  151  134  122  113  104   94   87   84   82   80   82
   83   82   80   75   69   63   60   56   54   49   45   42   40   37   34   33
   31   31   33   35   36   35   36   40   49
