DORISInput/IGSGIM/2019/igsg3350.19i
     1.0            IONOSPHERE MAPS     MIX                 IONEX VERSION / TYPE
cmpcmb v1.2          GRL/UWM            23-dec-19 14:38     PGM / RUN BY / DATE 
ionex file containing IGS COMBINED Ionosphere maps          COMMENT             
global ionosphere maps for day 335, 2019                    DESCRIPTION         
IONEX file containing the COMBINED IGS TEC MAPS and DCBs    DESCRIPTION         
      IONEX files of the following IAACs were combined: cod DESCRIPTION         
                                                        esa DESCRIPTION         
                                                        jpl DESCRIPTION         
                                                        upc DESCRIPTION         
Contact address: Andrzej Krankowski                         DESCRIPTION
                 Geodynamics Research Laboratory            DESCRIPTION
                 University of Warmia and Mazury (GRL/UWM)  DESCRIPTION
                 Oczapowski St. 1                           DESCRIPTION
                 10-957-Olsztyn, POLAND                     DESCRIPTION
                 e-mail:  kand@uwm.edu.pl                   DESCRIPTION
                                                            DESCRIPTION         
  2019    12     1     0     0     0                        EPOCH OF FIRST MAP  
  2019    12     2     0     0     0                        EPOCH OF LAST MAP   
  7200                                                      INTERVAL            
    13                                                      # OF MAPS IN FILE   
  COSZ                                                      MAPPING FUNCTION    
     0.0                                                    ELEVATION CUTOFF    
combined TEC calculated as weighted mean of input TEC valuesOBSERVABLES USED    
   393                                                      # OF STATIONS       
    32                                                      # OF SATELLITES     
  6371.0                                                    BASE RADIUS         
     2                                                      MAP DIMENSION       
   450.0 450.0   0.0                                        HGT1 / HGT2 / DHGT  
    87.5 -87.5  -2.5                                        LAT1 / LAT2 / DLAT  
  -180.0 180.0   5.0                                        LON1 / LON2 / DLON  
    -1                                                      EXPONENT            
TEC values in 0.1 tec units;  9999, if no value available   COMMENT             
DCB values in nanoseconds, reference is Sum_of_SatDCBs = 0  COMMENT             
                                                            END OF HEADER       
     1                                                      START OF TEC MAP    
  2019    12     1     0     0     0                        EPOCH OF CURRENT MAP
    87.5-180.0 180.0   5.0 450.0                            LAT/LON1/LON2/DLON/H
   21   21   21   21   21   20   20   20   20   20   19   18   18   18   18   17
   16   16   15   14   14   13   13   12   11   11   11   11   10   10   11   11
   10   11   11   11   11   12   12   12   13   13   14   14   15   15   16   16
   17   17   17   18   18   18   18   19   19   19   19   20   20   20   21   21
   21   21   21   21   22   22   22   22   21
    85.0-180.0 180.0   5.0 450.0                            LAT/LON1/LON2/DLON/H
   26   25   25   25   25   25   24   24   23   23   22   21   20   19   18   17
   17   15   15   15   14   13   11   10    9    9    8    8    7    7    7    7
    7    7    8    8    8    8    8    9   10   11   12   13   14   15   17   18
   18   19   20   20   21   21   21   22   22   22   23   23   23   24   24   25
   24   25   25   25   25   25   25   25   26
    82.5-180.0 180.0   5.0 450.0                            LAT/LON1/LON2/DLON/H
   27   27   27   28   28   28   28   28   27   27   25   24   23   22   20   19
   17   15   14   13   13   12   10    9    8    7    7    7    7    7    6    7
    7    7    7    7    7    8    8    9   10   11   13   14   14   16   17   19
   20   21   22   22   23   23   23   23   24   24   24   24   25   25   25   25
   25   25   25   26   26   26   27   27   27
    80.0-180.0 180.0   5.0 450.0                            LAT/LON1/LON2/DLON/H
   27   28   29   30   30   31   31   30   30   29   29   28   27   25   23   21
   19   18   16   14   12   11   10    8    7    7    7    7    7    7    7    7
    7    7    7    8    8    8    9   10   12   12   14   15   16   17   18   20
   21   22   23   23   23   23   23   23   23   23   23   23   23   23   23   23
   22   22   23   24   25   25   26   26   27
    77.5-180.0 180.0   5.0 450.0                            LAT/LON1/LON2/DLON/H
   27   28   29   30   31   32   32   32   32   31   31   31   30   28   28   26
   24   22   19   17   15   13   11    9    7    7    7    7    7    6    6    6
    7    7    8    8    9   10   12   12   14   14   15   16   18   19   19   20
   21   21   22   22   23   22   21   21   20   20   20   20   19   18   19   19
   19   19   20   21   22   23   24   26   27
    75.0-180.0 180.0   5.0 450.0                            LAT/LON1/LON2/DLON/H
   28   29   30   31   32   33   33   32   32   32   32   32   32   31   30   28
   27   26   24   22   19   16   15   13   10    9    8    7    7    7    8    8
    8    8    9   10   11   13   14   15   15   16   16   17   18   19   19   20
   20   20   21   20   20   20   18   18   17   16   16   15   15   15   15   16
   16   17   19   20   22   23   25   26   28
    72.5-180.0 180.0   5.0 450.0                            LAT/LON1/LON2/DLON/H
   31   32   32   33   34   34   34   34   33   33   32   32   32   31   31   30
   31   30   27   25   24   21   20   17   15   13   11   10    9    9   10   10
   11   11   12   14   14   16   16   16   16   17   17   16   16   17   17   18
   18   18   19   18   18   16   16   15   14   13   12   12   12   12   13   15
   16   18   19   22   23   26   28   29   31
    70.0-180.0 180.0   5.0 450.0                            LAT/LON1/LON2/DLON/H
   36   37   37   38   37   37   37   36   34   33   31   30   29   29   28   29
   30   30   28   28   27   25   24   22   19   17   15   14   14   13   14   14
   14   14   15   17   17   17   17   16   16   16   15   15   14   14   15   15
   16   16   16   16   15   14   13   12   12   11   10   10   11   12   14   16
   18   20   23   25   28   30   32   35   36
    67.5-180.0 180.0   5.0 450.0                            LAT/LON1/LON2/DLON/H
   43   44   44   43   42   41   40   37   35   33   30   28   27   25   25   25
   27   27   27   28   28   27   26   24   22   20   18   17   16   15   16   17
   17   17   18   18   18   17   16   16   14   13   13   12   12   13   13   14
   15   15   16   15   15   13   12   11   10    9   10   11   12   14   16   19
   22   25   28   31   34   37   39   41   43
    65.0-180.0 180.0   5.0 450.0                            LAT/LON1/LON2/DLON/H
   50   50   50   49   48   46   43   40   37   34   30   27   25   23   22   22
   22   24   25   27   27   27   26   25   22   21   19   19   17   16   16   16
   17   17   18   17   17   15   15   14   13   12   12   11   12   12   13   14
   15   16   17   17   16   14   13   11   10   10   11   13   16   18   22   25
   28   32   35   38   41   44   47   49   50
    62.5-180.0 180.0   5.0 450.0                            LAT/LON1/LON2/DLON/H
   56   56   56   55   53   51   47   44   40   36   31   28   24   22   20   19
   19   21   22   24   25   25   24   23   22   20   18   18   17   16   15   15
   14   15   15   15   14   14   13   13   12   12   12   13   14   14   15   17
   18   19   20   20   19   16   14   13   12   12   14   17   21   24   28   32
   36   39   43   46   48   51   53   55   56
    60.0-180.0 180.0   5.0 450.0                            LAT/LON1/LON2/DLON/H
   61   61   61   60   58   55   52   48   44   39   35   30   27   23   21   19
   19   19   20   21   21   21   20   20   20   18   16   16   17   15   14   13
   14   14   15   15   15   15   15   15   15   15   16   18   18   19   20   21
   23   23   24   24   22   21   19   17   17   17   20   23   28   32   36   39
   43   47   50   52   54   56   58   59   61
    57.5-180.0 180.0   5.0 450.0                            LAT/LON1/LON2/DLON/H
   64   64   64   64   62   60   57   53   49   44   40   35   30   27   25   22
   21   20   19   19   18   17   17   17   17   16   15   16   16   15   14   14
   16   17   18   19   19   20   20   20   21   21   22   24   25   26   27   27
   28   29   29   29   29   27   25   24   23   24   27   31   35   39   43   47
   51   54   57   59   60   61   62   63   64
    55.0-180.0 180.0   5.0 450.0                            LAT/LON1/LON2/DLON/H
   66   67   67   67   65   63   61   58   55   50   45   41   37   33   29   26
   24   22   20   19   17   16   15   16   16   16   16   18   18   18   17   18
   20   22   23   25   25   26   27   28   29   29   30   32   33   34   34   34
   35   36   37   36   36   34   32   30   30   31   33   37   40   45   48   53
   56   59   62   64   65   65   66   66   66
    52.5-180.0 180.0   5.0 450.0                            LAT/LON1/LON2/DLON/H
   70   70   70   70   69   67   65   63   60   57   53   49   44   39   35   31
   29   26   23   21   18   17   16   17   18   20   21   23   24   25   23   24
   26   29   31   32   33   35   36   36   37   38   39   40   40   41   41   41
   41   43   44   44   43   41   39   38   38   39   41   43   46   50   53   57
   60   62   66   68   69   70   70   70   70
    50.0-180.0 180.0   5.0 450.0                            LAT/LON1/LON2/DLON/H
   74   74   74   73   73   71   70   68   66   64   61   56   52   46   42   38
   34   31   28   25   22   20   20   22   24   26   29   31   32   33   32   32
   33   36   38   39   41   43   44   45   45   46   47   47   48   48   47   47
   48   49   50   51   51   50   47   45   46   46   47   49   52   55   57   60
   63   66   69   72   74   74   75   74   74
    47.5-180.0 180.0   5.0 450.0                            LAT/LON1/LON2/DLON/H
   79   79   79   78   78   77   76   74   73   71   69   64   60   54   48   44
   40   36   33   30   28   27   27   30   33   36   39   42   43   42   41   40
   40   43   44   46   48   50   51   52   52   53   53   53   53   53   52   52
   53   55   56   57   58   57   55   53   54   53   53   55   57   59   61   63
   65   69   72   75   78   80   80   80   79
    45.0-180.0 180.0   5.0 450.0                            LAT/LON1/LON2/DLON/H
   86   86   86   85   84   84   82   79   78   77   76   72   68   61   55   50
   45   42   39   37   35   36   38   41   44   48   51   52   53   51   48   47
   47   48   49   52   53   55   57   57   57   58   58   58   59   58   58   57
   58   61   63   64   65   65   63   61   60   59   60   62   64   64   65   66
   69   72   76   79   83   86   86   86   86
    42.5-180.0 180.0   5.0 450.0                            LAT/LON1/LON2/DLON/H
   93   92   92   91   90   90   88   85   83   83   83   80   75   69   61   56
   51   47   45   44   44   45   49   53   57   61   62   61   59   57   54   53
   52   52   53   56   57   59   60   60   60   61   61   61   62   62   62   62
   64   66   68   70   71   71   69   68   66   66   68   70   71   70   70   71
   73   77   81   84   88   90   93   93   93
    40.0-180.0 180.0   5.0 450.0                            LAT/LON1/LON2/DLON/H
   99   98   98   97   96   95   93   90   89   90   90   88   83   76   69   62
   57   53   52   51   53   56   60   64   68   70   69   68   65   62   59   57
   55   55   56   58   60   61   61   62   62   63   63   64   65   65   65   67
   68   70   71   72   72   73   73   72   71   72   74   77   77   77   76   77
   78   81   86   89   92   95   98  100   99
    37.5-180.0 180.0   5.0 450.0                            LAT/LON1/LON2/DLON/H
  104  102  103  103  102  100   98   95   94   96   96   94   90   84   76   69
   62   59   57   59   62   66   70   73   75   76   73   71   69   65   61   58
   56   56   57   59   61   62   62   62   63   64   65   66   68   67   67   68
   69   69   70   70   71   72   72   73   74   76   79   81   83   83   82   82
   84   87   91   93   95   98  102  104  104
    35.0-180.0 180.0   5.0 450.0                            LAT/LON1/LON2/DLON/H
  107  108  108  108  108  105  102   99   98  100  102  101   97   92   84   76
   69   65   64   66   69   73   76   78   78   77   75   73   70   65   61   59
   57   57   59   60   62   63   63   63   64   65   66   68   69   68   68   68
   68   66   66   67   67   68   69   72   75   78   82   85   86   87   87   88
   90   93   96   97   99  102  105  107  107
    32.5-180.0 180.0   5.0 450.0                            LAT/LON1/LON2/DLON/H
  111  112  112  113  114  111  107  103  101  102  104  106  104   99   92   84
   76   71   70   72   74   77   79   79   78   76   73   71   68   65   61   60
   60   59   61   62   63   64   64   63   64   66   68   69   69   68   67   65
   63   62   62   62   62   62   64   68   74   79   84   88   89   90   91   93
   96   99  101  102  104  106  109  111  111
    30.0-180.0 180.0   5.0 450.0                            LAT/LON1/LON2/DLON/H
  117  117  117  118  119  118  113  107  104  104  106  108  108  105   98   91
   83   77   75   76   77   78   77   76   74   72   69   67   65   64   62   62
   62   62   64   64   65   65   65   64   65   67   69   69   67   66   64   60
   58   57   56   56   55   56   58   64   72   80   85   88   91   92   95   98
  102  105  107  109  111  113  116  117  117
    27.5-180.0 180.0   5.0 450.0                            LAT/LON1/LON2/DLON/H
  128  127  126  127  128  127  121  115  109  106  107  109  110  109  104   97
   89   83   79   78   77   76   74   72   69   67   65   64   65   66   65   65
   65   66   66   67   68   67   67   65   65   66   68   67   64   62   58   55
   52   50   50   49   47   48   52   59   69   79   85   88   91   94   98  103
  108  112  115  118  122  126  129  130  128
    25.0-180.0 180.0   5.0 450.0                            LAT/LON1/LON2/DLON/H
  145  143  141  142  143  142  135  127  117  111  109  109  111  111  107  100
   93   86   82   79   76   73   71   68   66   63   62   63   66   69   70   70
   70   69   68   68   69   70   68   66   64   64   65   63   60   56   52   48
   45   43   42   40   40   40   45   54   67   78   85   89   92   97  103  109
  115  120  125  131  137  143  149  149  145
    22.5-180.0 180.0   5.0 450.0                            LAT/LON1/LON2/DLON/H
  167  164  161  162  164  162  155  145  131  120  114  111  111  110  107  102
   95   88   83   79   74   70   67   66   64   62   62   66   70   75   76   76
   74   72   69   69   69   71   68   64   61   61   60   57   54   50   45   41
   38   37   35   33   32   33   40   51   66   78   86   90   94  100  108  116
  122  129  137  146  155  166  172  171  167
    20.0-180.0 180.0   5.0 450.0                            LAT/LON1/LON2/DLON/H
  192  189  186  186  188  187  181  167  149  133  122  116  113  111  107  102
   95   89   83   78   74   69   66   65   66   64   66   72   78   82   83   83
   80   75   70   69   69   69   66   61   58   57   55   51   47   43   39   36
   34   33   32   30   28   29   37   51   67   79   88   93   98  105  114  123
  131  139  150  162  175  189  196  194  192
    17.5-180.0 180.0   5.0 450.0                            LAT/LON1/LON2/DLON/H
  218  215  209  211  214  211  206  190  169  149  135  125  119  113  109  103
   96   90   84   79   74   70   67   68   70   71   72   79   86   90   91   89
   86   78   72   69   68   66   63   59   55   52   50   47   43   39   35   33
   32   33   32   29   27   29   38   54   70   83   92   98  104  113  122  132
  142  152  163  178  194  208  217  220  218
    15.0-180.0 180.0   5.0 450.0                            LAT/LON1/LON2/DLON/H
  238  235  231  235  239  236  227  213  194  171  152  139  128  120  112  105
   98   92   85   80   76   73   72   74   77   79   80   85   91   95   97   94
   89   80   72   68   66   65   61   57   53   50   48   44   41   37   34   32
   33   34   33   31   28   31   42   58   74   87   97  105  111  121  131  142
  153  165  180  194  208  222  233  239  238
    12.5-180.0 180.0   5.0 450.0                            LAT/LON1/LON2/DLON/H
  250  248  247  249  254  254  246  235  217  194  172  156  142  131  120  111
  104   96   88   82   79   77   78   82   86   88   87   90   94   98   98   96
   89   80   73   69   66   64   60   56   52   49   47   44   41   37   35   34
   35   36   34   31   31   35   46   62   79   91  101  109  118  129  140  150
  162  177  192  207  219  230  240  248  250
    10.0-180.0 180.0   5.0 450.0                            LAT/LON1/LON2/DLON/H
  254  255  254  256  260  262  258  250  236  216  193  174  157  144  131  120
  112  103   95   88   84   83   85   90   94   95   94   94   97   99   99   96
   90   81   75   71   69   67   62   56   52   50   48   46   42   38   36   36
   37   36   34   32   32   38   50   66   83   96  104  113  122  134  146  156
  168  184  200  214  224  232  242  249  254
     7.5-180.0 180.0   5.0 450.0                            LAT/LON1/LON2/DLON/H
  255  258  258  258  260  262  262  256  248  234  212  191  173  159  144  135
  122  113  103   96   91   91   94   99  103  103   99   97   98   99  100   98
   92   86   80   77   74   71   65   59   55   53   51   48   45   41   39   38
   38   35   33   33   34   41   54   71   87   99  108  117  127  137  149  160
  171  186  202  214  223  230  238  248  255
     5.0-180.0 180.0   5.0 450.0                            LAT/LON1/LON2/DLON/H
  254  261  261  259  259  260  260  257  252  242  226  206  187  172  159  150
  137  125  113  105  101  100  104  109  111  109  104   99   99  101  103  102
   98   92   87   84   82   76   70   63   59   56   54   51   47   44   41   40
   38   35   33   33   36   44   59   76   91  102  111  121  130  140  150  161
  172  186  200  211  219  224  233  244  254
     2.5-180.0 180.0   5.0 450.0                            LAT/LON1/LON2/DLON/H
  254  263  265  262  260  260  259  257  253  246  233  216  198  184  174  164
  152  138  124  114  110  110  112  118  119  115  108  103  102  105  108  108
  105  100   96   92   89   83   75   69   64   62   59   55   51   46   44   42
   39   37   34   34   37   47   64   80   94  105  113  122  131  140  149  160
  171  184  197  207  214  219  228  240  254
