DORISInput/IGSGIM/2019/igsg3410.19i
     1.0            IONOSPHERE MAPS     MIX                 IONEX VERSION / TYPE
cmpcmb v1.2          GRL/UWM            23-dec-19 15:10     PGM / RUN BY / DATE 
ionex file containing IGS COMBINED Ionosphere maps          COMMENT             
global ionosphere maps for day 341, 2019                    DESCRIPTION         
IONEX file containing the COMBINED IGS TEC MAPS and DCBs    DESCRIPTION         
      IONEX files of the following IAACs were combined: cod DESCRIPTION         
                                                        esa DESCRIPTION         
                                                        jpl DESCRIPTION         
                                                        upc DESCRIPTION         
Contact address: Andrzej Krankowski                         DESCRIPTION
                 Geodynamics Research Laboratory            DESCRIPTION
                 University of Warmia and Mazury (GRL/UWM)  DESCRIPTION
                 Oczapowski St. 1                           DESCRIPTION
                 10-957-Olsztyn, POLAND                     DESCRIPTION
                 e-mail:  kand@uwm.edu.pl                   DESCRIPTION
                                                            DESCRIPTION         
  2019    12     7     0     0     0                        EPOCH OF FIRST MAP  
  2019    12     8     0     0     0                        EPOCH OF LAST MAP   
  7200                                                      INTERVAL            
    13                                                      # OF MAPS IN FILE   
  COSZ                                                      MAPPING FUNCTION    
     0.0                                                    ELEVATION CUTOFF    
combined TEC calculated as weighted mean of input TEC valuesOBSERVABLES USED    
   393                                                      # OF STATIONS       
    32                                                      # OF SATELLITES     
  6371.0                                                    BASE RADIUS         
     2                                                      MAP DIMENSION       
   450.0 450.0   0.0                                        HGT1 / HGT2 / DHGT  
    87.5 -87.5  -2.5                                        LAT1 / LAT2 / DLAT  
  -180.0 180.0   5.0                                        LON1 / LON2 / DLON  
    -1                                                      EXPONENT            
TEC values in 0.1 tec units;  9999, if no value available   COMMENT             
DCB values in nanoseconds, reference is Sum_of_SatDCBs = 0  COMMENT             
                                                            END OF HEADER       
[from data line 2145]
     6                                                      START OF TEC MAP    
  2019    12     7    10     0     0                        EPOCH OF CURRENT MAP
    87.5-180.0 180.0   5.0 450.0                            LAT/LON1/LON2/DLON/H
   28   28   28   27   27   26   26   26   26   25   25   25   24   24   24   23
   23   23   22   22   22   22   22   22   22   22   22   22   22   22   22   22
   23   23   23   24   24   24   24   24   25   25   25   26   26   26   26   26
   26   27   27   27   27   27   27   28   28   28   28   28   28   28   28   29
   28   28   28   28   29   28   29   28   28
    85.0-180.0 180.0   5.0 450.0                            LAT/LON1/LON2/DLON/H
   27   27   27   26   26   26   25   24   24   22   22   21   20   19   18   18
   18   17   16   16   16   16   16   16   16   16   16   17   17   17   18   18
   19   19   20   20   21   21   22   22   23   23   24   24   25   25   25   25
   25   25   26   26   26   26   26   26   26   26   26   27   27   27   27   27
   27   28   27   28   28   28   28   27   27
    82.5-180.0 180.0   5.0 450.0                            LAT/LON1/LON2/DLON/H
   26   26   26   26   25   24   24   23   21   20   19   18   16   15   14   13
   13   12   11   11   11   11   11   11   11   11   12   11   12   12   13   13
   14   15   16   17   18   18   19   19   20   20   20   21   21   21   21   22
   21   22   22   22   23   23   22   22   22   22   22   22   22   23   23   23
   24   24   24   25   25   25   26   26   26
    80.0-180.0 180.0   5.0 450.0                            LAT/LON1/LON2/DLON/H
   23   24   24   24   23   23   22   21   20   18   17   15   14   13   11   10
   10    9    9    8    8    7    8    8    8    8    8    9    9   10   10   11
   12   13   14   15   16   16   17   18   18   19   19   19   19   18   18   18
   17   17   17   17   18   18   18   17   17   17   17   17   17   17   17   18
   19   19   20   20   21   21   22   23   23
    77.5-180.0 180.0   5.0 450.0                            LAT/LON1/LON2/DLON/H
   20   21   22   22   22   20   21   19   18   16   14   13   12   10    9    8
    7    7    6    6    6    6    5    5    5    6    7    7    8    8    9    9
   10   11   13   13   14   15   16   17   17   18   17   17   17   17   16   15
   15   14   14   14   14   14   14   14   13   13   13   13   13   12   13   13
   13   14   14   15   15   17   18   19   20
    75.0-180.0 180.0   5.0 450.0                            LAT/LON1/LON2/DLON/H
   17   18   19   19   19   19   18   18   18   16   14   12   11   10    8    7
    7    6    6    6    6    7    6    6    6    7    7    7    8    9    9   10
   10   12   14   15   16   16   17   18   18   19   19   19   18   17   17   16
   15   14   14   14   14   14   13   13   12   12   11   11   11   10   10   10
   11   10   10   11   11   12   14   16   17
    72.5-180.0 180.0   5.0 450.0                            LAT/LON1/LON2/DLON/H
   15   16   17   18   18   19   20   20   19   17   15   13   11   10    9    8
    8    7    8    8    8    9    9   10   10    9    9    9    9    9    9   10
   12   13   15   17   19   20   21   22   22   22   22   21   21   20   19   19
   18   17   16   15   15   15   15   14   14   13   13   12   11   10   10   10
   10   10   10   10   10   10   12   13   15
    70.0-180.0 180.0   5.0 450.0                            LAT/LON1/LON2/DLON/H
   14   15   16   17   18   19   19   21   19   18   16   15   13   11    9    9
    9   11   11   12   13   14   14   14   14   13   13   12   11   11   11   12
   14   16   18   20   23   25   26   27   28   28   28   27   26   25   25   24
   23   22   21   20   19   19   19   18   18   17   16   15   14   13   12   11
   10   10   10   10   10   11   11   12   14
    67.5-180.0 180.0   5.0 450.0                            LAT/LON1/LON2/DLON/H
   15   16   17   18   18   19   20   20   19   18   17   15   13   12   11   11
   12   14   15   15   16   17   17   17   17   16   15   14   12   13   13   15
   16   19   22   25   27   29   31   33   34   34   34   34   34   33   32   31
   30   28   27   26   25   25   24   23   22   21   21   20   19   18   16   15
   14   13   13   12   12   12   13   14   15
    65.0-180.0 180.0   5.0 450.0                            LAT/LON1/LON2/DLON/H
   18   19   19   20   19   19   19   18   18   17   16   15   14   12   12   12
   13   15   15   16   17   18   17   17   17   16   16   15   14   14   15   17
   19   23   26   29   32   34   36   38   39   40   41   42   42   41   40   39
   37   35   34   33   31   30   29   27   26   25   25   24   24   23   22   21
   19   19   18   17   16   17   17   18   18
    62.5-180.0 180.0   5.0 450.0                            LAT/LON1/LON2/DLON/H
   23   23   23   22   20   19   18   17   17   16   16   15   14   13   12   13
   14   14   15   15   15   15   15   14   14   14   14   14   14   15   17   20
   23   27   31   33   36   38   40   42   44   46   47   49   49   49   49   47
   45   42   40   38   36   34   32   30   28   27   26   26   27   27   27   27
   26   25   24   23   22   22   22   23   23
    60.0-180.0 180.0   5.0 450.0                            LAT/LON1/LON2/DLON/H
   28   28   27   25   22   20   19   18   17   17   16   14   14   13   13   13
   13   13   13   12   12   13   13   13   12   12   13   13   14   17   20   23
   27   31   36   38   40   42   44   46   49   51   53   55   56   56   55   53
   50   47   44   41   39   37   35   33   31   29   28   29   29   31   32   33
   32   31   31   30   29   29   28   28   28
    57.5-180.0 180.0   5.0 450.0                            LAT/LON1/LON2/DLON/H
   34   33   32   30   27   24   22   20   19   18   17   16   15   14   14   14
   13   13   12   11   11   11   11   12   12   12   13   14   16   19   24   28
   33   37   40   42   44   45   47   50   52   55   58   60   61   62   61   58
   54   50   47   45   42   40   38   35   33   30   30   30   31   34   37   38
   38   38   37   36   35   35   35   35   34
    55.0-180.0 180.0   5.0 450.0                            LAT/LON1/LON2/DLON/H
   40   40   39   37   34   30   28   26   24   22   21   19   17   16   15   15
   15   14   13   11   11   12   12   13   13   13   14   16   20   24   29   34
   39   43   46   47   48   49   51   54   56   59   62   64   66   67   65   63
   59   55   51   49   46   44   42   38   36   34   33   33   34   37   39   41
   43   42   42   41   40   41   41   41   40
    52.5-180.0 180.0   5.0 450.0                            LAT/LON1/LON2/DLON/H
   47   47   47   45   43   39   37   34   32   29   27   24   22   20   19   19
   18   17   15   14   14   15   16   16   17   17   18   21   26   31   37   42
   46   50   52   52   53   54   56   58   60   63   66   68   70   71   70   68
   64   59   56   54   51   49   46   44   41   39   37   37   38   39   41   43
   44   46   45   45   44   45   46   47   47
    50.0-180.0 180.0   5.0 450.0                            LAT/LON1/LON2/DLON/H
   53   54   54   54   52   49   47   44   41   38   35   32   30   28   26   26
   26   25   23   22   22   24   25   25   24   25   26   29   34   40   45   50
   54   56   57   57   57   58   60   63   65   68   71   73   75   76   75   72
   69   65   62   60   58   55   53   50   47   45   43   41   41   41   42   44
   46   47   48   48   48   49   50   51   53
    47.5-180.0 180.0   5.0 450.0                            LAT/LON1/LON2/DLON/H
   57   59   60   60   60   58   56   54   51   48   45   42   41   38   36   36
   35   35   34   35   36   39   39   39   38   37   37   39   44   50   54   58
   61   63   63   62   62   64   66   68   72   74   77   79   81   81   80   78
   74   71   68   66   64   62   59   56   53   50   48   46   44   43   44   45
   47   49   50   50   50   51   53   55   57
    45.0-180.0 180.0   5.0 450.0                            LAT/LON1/LON2/DLON/H
   59   62   64   65   66   65   64   63   60   57   54   53   52   50   48   46
   46   47   47   50   53   56   57   56   53   50   49   50   54   59   63   66
   67   67   67   67   68   70   73   75   79   82   83   86   86   86   85   84
   80   78   75   73   72   69   66   63   59   56   54   51   49   47   47   48
   49   51   52   52   52   53   55   57   59
    42.5-180.0 180.0   5.0 450.0                            LAT/LON1/LON2/DLON/H
   59   63   65   67   68   69   69   69   67   65   63   62   61   60   59   57
   58   60   62   67   71   75   76   73   68   63   60   61   64   67   71   72
   73   73   72   72   74   76   78   82   86   89   91   92   92   92   91   89
   87   85   83   81   79   76   72   68   64   61   58   56   54   53   52   52
   53   54   54   54   54   55   56   58   59
    40.0-180.0 180.0   5.0 450.0                            LAT/LON1/LON2/DLON/H
   58   61   63   66   68   70   70   71   71   70   70   70   70   69   68   67
   68   73   77   82   87   91   91   87   80   73   70   70   74   77   79   80
   79   78   77   77   79   81   85   89   93   96   98   98   98   97   97   96
   93   92   90   88   86   83   78   72   69   65   63   60   58   57   57   57
   57   57   57   56   57   56   57   57   58
    37.5-180.0 180.0   5.0 450.0                            LAT/LON1/LON2/DLON/H
   57   57   59   62   64   65   67   69   71   72   75   76   77   77   77   76
   78   82   88   95  100  102  101   95   88   82   78   78   82   86   88   86
   85   83   82   82   84   87   92   96   99  102  103  104  104  102  101  101
   99   97   95   93   91   87   83   77   73   69   66   63   62   62   62   62
   62   61   60   59   58   57   57   56   57
    35.0-180.0 180.0   5.0 450.0                            LAT/LON1/LON2/DLON/H
   54   54   55   56   58   60   61   65   68   72   76   81   83   84   84   85
   87   90   95  102  106  108  106   99   91   85   82   82   87   93   95   94
   92   90   88   89   91   94   98  102  105  108  109  109  109  107  106  105
  103  101   99   97   94   92   87   82   77   73   70   67   66   67   68   68
   67   65   64   62   61   59   57   56   54
    32.5-180.0 180.0   5.0 450.0                            LAT/LON1/LON2/DLON/H
   53   52   51   52   53   55   56   60   64   69   75   82   86   88   89   91
   92   94   99  104  107  109  106   99   92   86   82   84   91   98  102  102
  100   99   97   98  100  102  104  108  111  114  114  115  114  112  111  110
  108  105  104  102  101   98   95   90   85   80   75   73   72   73   74   74
   72   69   67   64   62   59   57   56   53
    30.0-180.0 180.0   5.0 450.0                            LAT/LON1/LON2/DLON/H
   54   52   50   50   50   51   53   55   60   65   71   78   84   88   91   92
   93   94   97  101  104  105  101   95   88   82   80   85   93  102  108  111
  110  110  110  111  111  111  112  115  117  120  121  121  119  116  116  115
  113  112  111  111  111  109  106  101   96   90   84   80   80   81   81   80
   76   72   68   64   61   60   59   56   54
    27.5-180.0 180.0   5.0 450.0                            LAT/LON1/LON2/DLON/H
   56   54   52   51   50   50   51   53   56   61   66   73   79   83   88   90
   90   90   91   94   97   97   93   87   80   77   78   85   95  106  114  119
  123  125  126  128  126  123  122  123  123  126  128  128  126  123  122  122
  121  120  121  122  123  122  120  116  110  103   96   91   89   89   89   86
   80   75   69   64   62   60   59   58   56
    25.0-180.0 180.0   5.0 450.0                            LAT/LON1/LON2/DLON/H
   59   58   56   54   52   52   53   53   55   58   62   69   75   80   83   84
   84   83   83   85   88   87   83   78   72   73   76   84   96  109  120  129
  137  143  146  148  146  138  134  131  130  132  135  135  133  132  132  132
  131  131  133  135  138  139  138  135  128  121  112  105  101   99   96   92
   84   76   69   64   62   61   61   61   59
    22.5-180.0 180.0   5.0 450.0                            LAT/LON1/LON2/DLON/H
   63   62   60   58   56   55   56   56   57   58   61   65   71   75   79   79
   78   77   76   76   78   77   75   71   68   70   75   84   98  112  126  138
  150  162  169  169  164  154  146  141  139  140  143  143  143  143  144  144
  144  145  147  152  157  159  161  158  150  141  130  119  112  107  103   96
   88   79   71   65   62   62   63   63   63
    20.0-180.0 180.0   5.0 450.0                            LAT/LON1/LON2/DLON/H
   66   66   64   62   60   59   59   60   60   60   61   63   67   71   74   74
   72   71   70   70   71   72   70   68   68   71   76   85   99  115  132  147
  164  179  188  187  180  169  159  151  148  150  152  153  153  154  157  157
  159  161  164  171  177  180  184  182  172  162  148  134  124  115  108  100
   91   81   73   67   65   65   66   66   66
    17.5-180.0 180.0   5.0 450.0                            LAT/LON1/LON2/DLON/H
   69   68   67   65   64   63   62   63   63   62   61   61   64   67   69   69
   68   67   66   66   67   69   69   69   70   74   79   88  101  119  137  155
  176  193  202  200  192  180  169  160  158  159  162  163  164  167  170  172
  174  178  182  189  196  200  204  202  194  181  166  149  135  123  113  103
   93   84   77   72   70   70   70   69   69
    15.0-180.0 180.0   5.0 450.0                            LAT/LON1/LON2/DLON/H
   72   71   69   68   66   65   64   64   64   63   61   59   60   64   65   64
   64   64   64   65   67   69   69   69   72   76   82   92  105  123  142  164
  186  201  208  207  199  188  177  171  169  171  173  174  176  180  184  188
  190  194  199  205  211  215  218  216  207  194  179  161  145  131  117  105
   95   88   82   79   77   76   75   73   72
    12.5-180.0 180.0   5.0 450.0                            LAT/LON1/LON2/DLON/H
   74   72   70   68   66   64   63   63   63   62   59   57   58   60   61   60
   60   60   62   64   66   68   69   70   73   78   85   95  109  128  147  168
  187  202  208  207  202  194  186  181  180  182  185  187  189  192  197  201
  204  208  212  217  221  224  224  221  212  199  184  168  152  136  121  109
   99   92   89   87   86   83   80   77   74
    10.0-180.0 180.0   5.0 450.0                            LAT/LON1/LON2/DLON/H
   75   71   68   66   64   62   61   61   61   60   57   55   55   56   56   57
   56   56   59   62   65   67   69   71   75   81   89  100  114  131  150  168
  185  198  204  205  203  198  194  191  191  193  196  198  201  203  206  211
  214  216  219  222  224  224  222  217  209  197  184  171  157  142  127  113
  103   97   95   94   93   89   84   80   75
     7.5-180.0 180.0   5.0 450.0                            LAT/LON1/LON2/DLON/H
   75   69   65   62   60   58   58   57   57   57   55   52   52   52   53   53
   53   54   56   60   63   66   69   72   77   84   92  105  119  135  152  168
  182  192  199  201  202  202  201  201  201  203  205  207  209  210  213  216
  219  220  221  221  221  220  216  211  203  193  183  173  163  150  134  119
  108  103  100   98   96   93   88   82   75
     5.0-180.0 180.0   5.0 450.0                            LAT/LON1/LON2/DLON/H
   75   68   62   58   56   54   53   53   53   54   52   49   49   49   50   51
   51   53   55   58   61   65   68   72   79   86   97  109  122  137  152  166
  177  186  193  198  203  207  209  209  209  210  211  212  213  215  217  219
  220  221  221  220  219  216  211  206  199  192  185  179  172  161  146  130
  117  108  103  101   98   95   90   84   75
     2.5-180.0 180.0   5.0 450.0                            LAT/LON1/LON2/DLON/H
   75   67   61   55   52   49   48   47   49   49   48   47   46   46   48   49
   50   52   54   56   59   63   66   72   79   89   99  111  125  138  151  163
  172  181  189  198  206  213  216  217  215  214  214  214  215  216  218  221
  221  221  221  221  220  216  212  206  200  195  192  190  185  175  161  145
  128  116  107  102   99   96   92   85   75
