DORISInput/IGSGIM/2019/igsg3430.19i
     1.0            IONOSPHERE MAPS     MIX                 IONEX VERSION / TYPE
cmpcmb v1.2          GRL/UWM            27-dec-19 12:19     PGM / RUN BY / DATE 
ionex file containing IGS COMBINED Ionosphere maps          COMMENT             
global ionosphere maps for day 343, 2019                    DESCRIPTION         
IONEX file containing the COMBINED IGS TEC MAPS and DCBs    DESCRIPTION         
      IONEX files of the following IAACs were combined: cod DESCRIPTION         
                                                        esa DESCRIPTION         
                                                        jpl DESCRIPTION         
                                                        upc DESCRIPTION         
Contact address: Andrzej Krankowski                         DESCRIPTION
                 Geodynamics Research Laboratory            DESCRIPTION
                 University of Warmia and Mazury (GRL/UWM)  DESCRIPTION
                 Oczapowski St. 1                           DESCRIPTION
                 10-957-Olsztyn, POLAND                     DESCRIPTION
                 e-mail:  kand@uwm.edu.pl                   DESCRIPTION
                                                            DESCRIPTION         
  2019    12     9     0     0     0                        EPOCH OF FIRST MAP  
  2019    12    10     0     0     0                        EPOCH OF LAST MAP   
  7200                                                      INTERVAL            
    13                                                      # OF MAPS IN FILE   
  COSZ                                                      MAPPING FUNCTION    
     0.0                                                    ELEVATION CUTOFF    
combined TEC calculated as weighted mean of input TEC valuesOBSERVABLES USED    
   397                                                      # OF STATIONS       
    32                                                      # OF SATELLITES     
  6371.0                                                    BASE RADIUS         
     2                                                      MAP DIMENSION       
   450.0 450.0   0.0                                        HGT1 / HGT2 / DHGT  
    87.5 -87.5  -2.5                                        LAT1 / LAT2 / DLAT  
  -180.0 180.0   5.0                                        LON1 / LON2 / DLON  
    -1                                                      EXPONENT            
TEC values in 0.1 tec units;  9999, if no value available   COMMENT             
DCB values in nanoseconds, reference is Sum_of_SatDCBs = 0  COMMENT             
                                                            END OF HEADER       
     1                                                      START OF TEC MAP    
  2019    12     9     0     0     0                        EPOCH OF CURRENT MAP
    87.5-180.0 180.0   5.0 450.0                            LAT/LON1/LON2/DLON/H
   21   22   22   22   22   22   22   22   22   22   21   21   21   20   20   19
   18   18   18   17   17   16   15   15   14   14   13   13   13   12   12   12
   12   12   12   12   12   11   11   11   12   12   12   12   13   13   13   13
   14   14   14   14   15   15   15   16   16   17   17   17   18   18   18   19
   19   19   20   20   20   21   21   21   21
    85.0-180.0 180.0   5.0 450.0                            LAT/LON1/LON2/DLON/H
   25   26   26   27   27   28   28   28   27   27   26   26   25   24   23   23
   21   20   19   17   16   15   14   13   12   12   11   10    9    9    9    9
    9    9    9    9    9    9    9    9    9    9   10   10   11   11   12   12
   13   14   15   15   16   16   16   17   17   18   18   18   19   19   20   20
   21   21   22   23   23   23   24   24   25
    82.5-180.0 180.0   5.0 450.0                            LAT/LON1/LON2/DLON/H
   27   28   29   30   31   32   32   32   32   32   32   31   30   29   27   26
   24   22   20   18   16   15   13   11   10    9    9    7    8    8    8    8
    8    8    8    9    9    9    9    9    9    9    9   10   11   12   12   13
   14   15   15   16   17   17   17   18   18   18   18   18   19   20   20   20
   21   21   22   22   22   23   25   26   27
    80.0-180.0 180.0   5.0 450.0                            LAT/LON1/LON2/DLON/H
   27   28   30   32   33   34   35   35   35   34   34   33   32   31   29   27
   25   23   21   19   16   14   13   10    9    8    8    8    8    8    8    8
    8    8    8    8    8    8    9    9    9   10   11   11   12   13   15   16
   16   17   18   18   19   19   19   18   18   18   17   17   17   17   17   18
   17   18   19   19   20   22   24   25   27
    77.5-180.0 180.0   5.0 450.0                            LAT/LON1/LON2/DLON/H
   25   27   29   31   32   33   34   34   34   34   34   34   33   32   29   28
   26   24   22   19   18   15   14   10    9    8    8    7    7    7    7    8
    8    8    8    9    9    9   10   10   11   11   12   13   14   15   17   18
   19   21   20   20   20   19   18   18   18   17   16   15   14   14   13   13
   13   14   15   17   18   20   21   24   25
    75.0-180.0 180.0   5.0 450.0                            LAT/LON1/LON2/DLON/H
   24   26   28   30   31   32   33   33   33   32   32   31   30   30   29   28
   27   24   23   22   19   18   16   13   11   10    9    9    9    9    9    9
    9    9   10   11   11   12   12   13   13   14   14   15   16   17   18   19
   20   21   21   21   20   19   18   17   16   14   13   12   11   10   10   10
   11   12   13   15   17   19   21   22   24
    72.5-180.0 180.0   5.0 450.0                            LAT/LON1/LON2/DLON/H
   26   28   29   30   31   32   32   31   30   29   28   27   27   27   26   26
   25   25   24   23   23   20   19   17   14   13   12   12   12   12   13   14
   14   15   15   16   16   16   15   15   15   16   16   16   16   17   18   20
   21   21   20   20   19   18   16   15   13   12   11   10    9    9    9    9
   10   11   13   16   18   20   22   24   26
    70.0-180.0 180.0   5.0 450.0                            LAT/LON1/LON2/DLON/H
   31   33   33   34   34   33   32   30   28   27   25   23   22   22   22   23
   24   24   25   25   24   23   22   21   18   16   16   16   17   17   17   18
   19   19   20   20   19   18   17   16   15   15   15   15   16   17   18   19
   20   20   19   18   18   16   14   13   12   11   10   10   10   10   11   12
   14   15   17   19   22   24   27   29   31
    67.5-180.0 180.0   5.0 450.0                            LAT/LON1/LON2/DLON/H
   39   40   40   40   39   38   35   32   29   25   22   20   19   18   19   20
   22   23   25   26   26   24   23   23   20   19   18   18   19   20   20   21
   22   22   22   21   20   18   17   15   14   14   14   14   15   16   17   18
   19   19   18   17   16   15   14   12   12   11   12   12   13   14   15   17
   20   22   24   27   29   32   35   37   39
    65.0-180.0 180.0   5.0 450.0                            LAT/LON1/LON2/DLON/H
   48   49   49   48   46   43   39   35   30   26   22   19   17   17   17   18
   20   21   23   24   24   24   22   22   21   19   19   20   20   20   21   21
   22   22   23   21   20   17   16   14   13   13   13   14   15   16   17   18
   19   18   18   17   16   15   15   14   14   14   15   16   17   19   22   25
   28   31   33   36   39   42   44   46   48
    62.5-180.0 180.0   5.0 450.0                            LAT/LON1/LON2/DLON/H
   57   58   58   56   53   49   44   39   33   29   25   21   19   17   17   17
   18   19   20   21   21   21   20   21   19   18   19   19   19   19   19   20
   20   20   20   20   19   16   15   14   13   14   15   16   18   19   20   19
   20   20   20   19   18   17   17   17   17   17   19   20   22   25   28   32
   36   39   41   45   48   50   53   56   57
    60.0-180.0 180.0   5.0 450.0                            LAT/LON1/LON2/DLON/H
   64   65   64   63   59   55   49   43   38   33   28   25   22   20   19   18
   17   17   18   18   18   18   18   18   17   15   17   17   17   17   18   18
   18   18   18   18   17   17   16   16   16   18   19   21   23   24   24   24
   23   23   22   22   21   20   20   20   21   22   23   25   29   32   35   39
   43   46   49   52   55   58   60   62   64
    57.5-180.0 180.0   5.0 450.0                            LAT/LON1/LON2/DLON/H
   69   70   69   67   64   59   54   48   43   38   33   30   27   24   22   20
   18   17   17   16   15   15   15   15   14   14   15   15   15   16   17   18
   19   19   19   19   19   20   20   21   22   24   26   28   29   30   30   29
   29   28   27   26   25   25   25   25   26   27   28   30   34   37   40   45
   49   52   55   59   61   63   65   67   69
    55.0-180.0 180.0   5.0 450.0                            LAT/LON1/LON2/DLON/H
   73   73   72   70   67   63   58   53   48   44   40   36   33   29   26   23
   21   19   18   16   14   14   13   14   14   14   16   16   17   19   20   20
   22   23   23   24   25   25   26   27   29   31   33   35   36   37   37   35
   34   33   32   31   31   30   30   30   31   32   33   35   38   41   45   49
   53   57   60   63   66   68   70   72   73
    52.5-180.0 180.0   5.0 450.0                            LAT/LON1/LON2/DLON/H
   76   76   76   74   71   66   62   58   54   50   47   43   39   35   32   27
   24   22   20   18   16   15   14   14   14   16   18   19   22   25   26   27
   28   30   31   31   32   33   34   35   37   38   41   42   43   44   44   42
   40   39   38   36   36   35   36   36   36   37   39   40   42   45   48   52
   56   60   63   67   70   72   73   75   76
    50.0-180.0 180.0   5.0 450.0                            LAT/LON1/LON2/DLON/H
   80   80   80   79   76   71   67   62   60   57   53   50   45   41   37   32
   29   26   25   23   21   20   20   20   21   23   24   27   31   35   36   36
   37   39   39   39   40   40   41   42   44   45   47   48   49   50   49   48
   46   44   42   41   40   40   41   40   40   41   43   45   47   49   51   55
   58   62   66   69   73   76   78   78   80
    47.5-180.0 180.0   5.0 450.0                            LAT/LON1/LON2/DLON/H
   84   84   85   84   81   77   73   70   68   64   61   56   52   47   42   38
   35   33   31   30   29   29   29   30   31   33   36   39   42   45   46   46
   46   47   47   47   47   47   48   48   49   51   51   52   53   54   54   53
   51   49   47   45   45   45   44   44   44   45   48   49   52   53   55   57
   60   63   68   72   76   79   81   82   84
    45.0-180.0 180.0   5.0 450.0                            LAT/LON1/LON2/DLON/H
   87   88   89   90   88   85   81   78   76   73   70   65   59   53   49   45
   41   40   39   40   41   42   42   44   45   47   49   53   55   56   56   56
   56   55   54   54   54   53   53   53   53   54   54   54   55   57   57   56
   55   53   51   50   49   49   48   47   48   50   52   55   57   58   59   61
   63   66   70   74   78   80   83   85   87
    42.5-180.0 180.0   5.0 450.0                            LAT/LON1/LON2/DLON/H
   89   91   93   95   94   92   89   87   85   82   78   72   66   60   56   51
   49   48   49   52   54   56   58   60   61   63   64   66   67   66   66   65
   63   62   61   60   59   57   56   55   55   56   56   56   57   59   59   60
   59   56   55   54   53   53   52   51   52   54   58   61   63   64   64   66
   67   70   72   75   78   81   84   86   89
    40.0-180.0 180.0   5.0 450.0                            LAT/LON1/LON2/DLON/H
   90   94   96   98   98   98   95   94   92   90   87   80   74   68   63   59
   56   57   59   63   67   71   73   76   76   78   77   78   78   76   75   71
   69   67   66   64   62   60   58   57   57   57   58   58   59   60   61   62
   61   58   57   56   56   55   55   54   56   59   63   67   69   70   71   72
   72   73   74   76   78   81   85   87   90
    37.5-180.0 180.0   5.0 450.0                            LAT/LON1/LON2/DLON/H
   91   94   97   99   99   99   97   97   98   97   93   87   81   75   70   66
   63   64   68   73   79   84   87   89   89   89   89   88   87   84   80   75
   71   70   68   66   65   62   60   59   59   59   59   60   60   61   62   62
   61   58   57   57   57   56   56   56   58   64   69   72   75   77   78   77
   77   77   78   78   79   81   85   87   91
    35.0-180.0 180.0   5.0 450.0                            LAT/LON1/LON2/DLON/H
   91   94   97   98   98   98   96   98  100  101   98   92   87   82   78   73
   70   70   74   81   88   93   96   98   97   97   97   96   93   87   82   78
   74   72   70   68   67   64   62   61   61   62   62   62   62   63   63   61
   59   57   55   56   56   56   56   58   61   67   73   78   81   83   83   83
   83   84   84   83   84   85   87   89   91
    32.5-180.0 180.0   5.0 450.0                            LAT/LON1/LON2/DLON/H
   95   96   96   97   97   95   94   96   98  101  100   96   91   87   83   79
   76   75   78   85   91   97  100  102  102  102  100   99   94   87   84   80
   76   73   71   70   69   67   65   64   64   64   64   63   63   63   61   59
   56   53   53   54   55   56   57   60   65   71   77   82   85   88   89   90
   91   91   92   91   92   94   95   95   95
    30.0-180.0 180.0   5.0 450.0                            LAT/LON1/LON2/DLON/H
  105  103  101   99   97   94   92   93   96   99  100   97   94   92   89   84
   80   78   80   85   91   95   99  101  101  101   98   96   92   88   86   83
   79   76   73   73   72   70   68   67   67   67   65   64   63   62   60   56
   52   50   50   51   53   55   57   61   68   75   82   86   90   93   95   97
  100  102  104  104  106  108  109  108  105
    27.5-180.0 180.0   5.0 450.0                            LAT/LON1/LON2/DLON/H
  124  118  114  109  104   99   95   94   95   98  100   98   96   94   92   88
   83   79   80   84   88   92   95   96   97   96   94   93   91   90   89   85
   82   77   75   74   74   73   71   69   68   67   65   63   62   60   57   53
   49   46   46   48   50   53   56   62   70   78   84   89   93   97  100  105
  110  114  118  120  126  129  130  129  124
    25.0-180.0 180.0   5.0 450.0                            LAT/LON1/LON2/DLON/H
  152  145  137  130  121  114  105  100   99  101  101   99   97   96   94   90
   85   80   79   82   86   89   91   92   92   90   89   88   90   92   93   89
   83   78   76   76   76   74   72   70   69   66   63   60   58   56   53   50
   45   42   42   44   47   50   54   61   70   79   86   92   96  101  106  113
  121  128  134  139  150  155  158  158  152
    22.5-180.0 180.0   5.0 450.0                            LAT/LON1/LON2/DLON/H
  185  180  170  162  152  140  126  116  110  108  106  104  100   97   95   91
   86   81   79   81   84   86   87   87   87   86   84   85   89   93   96   92
   84   78   76   76   76   74   72   70   67   64   60   56   53   51   49   46
   42   39   39   40   43   46   51   60   70   80   88   93   98  105  112  122
  133  145  153  161  173  180  186  188  185
    20.0-180.0 180.0   5.0 450.0                            LAT/LON1/LON2/DLON/H
  216  215  208  200  190  178  160  144  129  121  116  112  105  100   96   92
   86   81   79   80   82   84   84   84   84   83   81   83   89   94   98   94
   86   79   76   75   75   72   70   67   64   60   55   50   48   46   45   42
   39   36   36   37   40   44   50   61   71   81   89   95  100  109  119  132
  146  161  172  182  192  201  210  216  216
    17.5-180.0 180.0   5.0 450.0                            LAT/LON1/LON2/DLON/H
  238  240  239  236  231  221  202  183  158  142  131  122  113  105  100   94
   88   83   81   81   82   84   84   83   83   82   81   83   90   96   99   97
   88   79   76   72   72   70   67   64   60   55   49   45   42   41   41   40
   38   36   35   36   38   42   51   62   73   83   90   96  104  113  126  142
  158  175  186  197  205  214  226  234  238
    15.0-180.0 180.0   5.0 450.0                            LAT/LON1/LON2/DLON/H
  245  250  253  262  265  258  243  220  192  167  152  138  125  114  104   97
   91   85   83   82   84   86   86   85   85   84   83   85   92   99  102   99
   88   78   73   69   69   67   64   60   55   51   45   42   39   38   39   39
   38   37   35   36   38   42   51   63   75   84   92  100  108  119  133  151
  168  184  196  204  210  219  230  240  245
    12.5-180.0 180.0   5.0 450.0                            LAT/LON1/LON2/DLON/H
  239  245  255  270  283  282  270  249  220  193  175  156  139  125  112  102
   96   90   86   85   86   89   90   91   91   90   89   90   97  104  105  100
   87   76   69   66   66   64   61   57   53   48   44   41   38   37   38   39
   39   38   37   37   38   43   52   65   77   87   95  103  112  125  140  157
  173  189  201  207  210  216  224  234  239
    10.0-180.0 180.0   5.0 450.0                            LAT/LON1/LON2/DLON/H
  227  232  242  262  280  287  282  265  243  216  193  175  155  137  122  109
  102   96   90   88   89   93   96   98   98   99   98   99  103  108  108  100
   87   75   70   66   65   63   60   56   52   48   45   42   39   39   40   40
   40   40   39   38   39   44   54   68   81   90   98  105  115  128  145  160
  176  190  201  206  208  211  216  222  227
     7.5-180.0 180.0   5.0 450.0                            LAT/LON1/LON2/DLON/H
  212  216  223  239  260  273  275  266  251  230  209  191  171  150  133  119
  110  103   96   93   93   97  103  106  107  107  107  107  109  111  108  101
   89   78   71   67   66   64   60   56   53   51   48   45   42   42   42   42
   42   42   41   41   42   47   57   71   85   95  102  110  120  132  147  162
  176  190  198  202  204  205  208  211  212
     5.0-180.0 180.0   5.0 450.0                            LAT/LON1/LON2/DLON/H
  204  203  207  218  236  251  256  254  246  234  218  202  184  163  145  130
  120  111  103   98   98  103  109  114  117  117  116  115  114  113  108  102
   93   83   75   70   68   65   61   58   55   53   51   48   46   45   45   45
   45   45   44   44   46   52   62   76   90   99  106  114  124  134  147  161
  175  187  194  198  200  201  203  204  204
     2.5-180.0 180.0   5.0 450.0                            LAT/LON1/LON2/DLON/H
  204  201  200  205  217  230  237  238  235  230  221  208  192  174  157  143
  131  120  109  104  103  109  115  122  125  125  123  121  117  114  109  103
   96   88   80   75   72   67   63   59   56   55   53   51   50   49   49   49
   48   48   47   48   51   57   67   81   94  103  110  118  128  138  150  162
  174  185  192  196  199  201  204  206  204
