DORISInput/IGSGIM/2019/igsg3500.19i
     1.0            IONOSPHERE MAPS     MIX                 IONEX VERSION / TYPE
cmpcmb v1.2          GRL/UWM             4-jan-20 13:28     PGM / RUN BY / DATE 
ionex file containing IGS COMBINED Ionosphere maps          COMMENT             
global ionosphere maps for day 350, 2019                    DESCRIPTION         
IONEX file containing the COMBINED IGS TEC MAPS and DCBs    DESCRIPTION         
      IONEX files of the following IAACs were combined: cod DESCRIPTION         
                                                        esa DESCRIPTION         
                                                        jpl DESCRIPTION         
                                                        upc DESCRIPTION         
Contact address: Andrzej Krankowski                         DESCRIPTION
                 Geodynamics Research Laboratory            DESCRIPTION
                 University of Warmia and Mazury (GRL/UWM)  DESCRIPTION
                 Oczapowski St. 1                           DESCRIPTION
                 10-957-Olsztyn, POLAND                     DESCRIPTION
                 e-mail:  kand@uwm.edu.pl                   DESCRIPTION
                                                            DESCRIPTION         
  2019    12    16     0     0     0                        EPOCH OF FIRST MAP  
  2019    12    17     0     0     0                        EPOCH OF LAST MAP   
  7200                                                      INTERVAL            
    13                                                      # OF MAPS IN FILE   
  COSZ                                                      MAPPING FUNCTION    
     0.0                                                    ELEVATION CUTOFF    
combined TEC calculated as weighted mean of input TEC valuesOBSERVABLES USED    
   394                                                      # OF STATIONS       
    32                                                      # OF SATELLITES     
  6371.0                                                    BASE RADIUS         
     2                                                      MAP DIMENSION       
   450.0 450.0   0.0                                        HGT1 / HGT2 / DHGT  
    87.5 -87.5  -2.5                                        LAT1 / LAT2 / DLAT  
  -180.0 180.0   5.0                                        LON1 / LON2 / DLON  
    -1                                                      EXPONENT            
TEC values in 0.1 tec units;  9999, if no value available   COMMENT             
DCB values in nanoseconds, reference is Sum_of_SatDCBs = 0  COMMENT             
                                                            END OF HEADER       
[from data line 1287]
     4                                                      START OF TEC MAP    
  2019    12    16     6     0     0                        EPOCH OF CURRENT MAP
    87.5-180.0 180.0   5.0 450.0                            LAT/LON1/LON2/DLON/H
   19   19   20   20   20   20   20   20   20   20   20   19   19   19   19   19
   18   18   18   18   17   17   17   16   16   16   16   16   16   16   16   16
   15   15   15   16   15   15   15   15   15   15   15   15   15   15   15   15
   15   15   15   15   15   15   15   16   16   15   15   16   16   16   16   17
   16   17   17   18   18   18   19   19   19
    85.0-180.0 180.0   5.0 450.0                            LAT/LON1/LON2/DLON/H
   20   21   21   21   21   22   21   21   22   21   21   21   20   19   19   19
   18   17   16   16   15   14   14   13   14   14   13   13   13   13   13   13
   13   13   13   13   14   13   13   13   13   13   13   13   13   12   12   12
   12   12   12   12   12   12   12   12   13   13   13   13   13   13   13   14
   14   15   16   16   17   18   19   20   20
    82.5-180.0 180.0   5.0 450.0                            LAT/LON1/LON2/DLON/H
   18   19   20   21   22   22   23   23   23   23   22   21   20   20   18   17
   16   14   14   12   11   10   10   10   10    9    9   10   10   10   11   11
   11   12   12   13   13   13   12   12   12   11   11   11   10   10    9    9
    8    8    8    9    9    9    9   10   10   11   11   11   11   11   11   11
   12   12   13   14   15   16   17   18   18
    80.0-180.0 180.0   5.0 450.0                            LAT/LON1/LON2/DLON/H
   16   17   18   20   21   22   22   22   22   22   21   20   19   18   16   15
   13   11   10    9    8    8    7    6    6    6    6    6    7    8    9   10
   11   12   13   13   13   13   13   12   11   10    9    8    8    8    7    7
    7    7    7    8    8    8    8    9    9   10   10   10   10   10   10   10
    9    9   10   11   11   12   13   14   16
    77.5-180.0 180.0   5.0 450.0                            LAT/LON1/LON2/DLON/H
   12   14   15   17   18   19   20   21   21   21   20   19   18   16   14   12
   10    9    8    6    5    5    4    5    5    5    5    6    6    7    8    9
   10   11   12   12   12   12   11   11   10    9    8    7    6    6    6    7
    7    7    8    8    9   10   10   10   11   10   11   10   10   10   10    9
    9    9    9    9    9    9   10   11   12
    75.0-180.0 180.0   5.0 450.0                            LAT/LON1/LON2/DLON/H
   10   11   13   14   15   16   17   18   18   18   18   17   16   15   13   11
    9    8    7    6    5    5    5    5    5    5    6    6    7    8    8    9
   10   10   10   11   10   10    9    9    8    7    7    6    6    6    7    7
    8    9   10   12   13   15   15   16   16   16   16   15   14   12   11   10
    9    9    8    8    8    9    9   10   10
    72.5-180.0 180.0   5.0 450.0                            LAT/LON1/LON2/DLON/H
   10   10   11   12   12   13   14   15   15   15   15   15   14   13   11   10
    9    8    8    6    6    5    5    6    6    6    7    7    8    9    9    8
    9    9    9    9    8    8    7    7    6    7    7    6    7    7    8   10
   11   13   16   18   20   23   24   25   25   25   24   22   20   18   16   14
   11   10    9    9    9    9   10    9   10
    70.0-180.0 180.0   5.0 450.0                            LAT/LON1/LON2/DLON/H
   12   11   11   11   11   11   12   12   12   12   13   12   12   12   11   10
   10    9    8    7    7    7    7    7    8    8    8    9    9    9    9    8
    8    8    8    7    6    7    6    6    6    7    7    8    9   10   12   15
   18   20   23   26   29   31   33   35   35   34   33   31   28   26   22   20
   17   15   13   12   11   11   11   12   12
    67.5-180.0 180.0   5.0 450.0                            LAT/LON1/LON2/DLON/H
   15   15   13   12   11   11   11   11   11   11   11   11   11   11   10   10
    9    9    9    9    9    9   10   11   11   10   10   10   10   10    9    9
    7    7    7    6    6    6    6    6    7    8    9   10   12   15   18   21
   25   29   32   35   38   40   42   44   44   44   42   40   36   33   29   26
   23   20   18   17   16   16   16   16   15
    65.0-180.0 180.0   5.0 450.0                            LAT/LON1/LON2/DLON/H
   20   19   17   15   13   12   11   10   11   10   10   10   10   10    9    9
    9    9   10   11   12   12   13   13   13   12   11   11   10   11   10    9
    8    7    6    6    6    6    7    8    8    9   11   14   18   21   26   29
   34   37   40   43   45   48   49   51   51   50   48   45   42   38   34   31
   27   25   22   21   20   20   20   21   20
    62.5-180.0 180.0   5.0 450.0                            LAT/LON1/LON2/DLON/H
   25   23   22   19   17   14   13   12   12   12   11   10   10    9    9    8
    9    9   10   11   12   13   13   13   13   12   12   12   11   11   11   10
    8    7    7    7    8    8    9    9   11   12   15   20   25   29   33   37
   41   44   46   49   50   52   53   54   54   54   52   49   45   42   39   35
   31   28   25   23   23   23   24   25   25
    60.0-180.0 180.0   5.0 450.0                            LAT/LON1/LON2/DLON/H
   28   27   26   23   20   18   16   15   14   14   13   11   10    9    8    8
    9    9   10   11   12   12   12   12   12   12   12   13   13   13   12   11
   10    9    9    9   10   10   11   12   14   17   22   27   31   37   41   44
   48   50   52   54   54   55   56   56   56   55   54   53   50   46   43   39
   36   31   28   25   24   25   26   27   28
    57.5-180.0 180.0   5.0 450.0                            LAT/LON1/LON2/DLON/H
   30   30   29   27   24   21   20   18   18   17   16   14   12   10    9    8
    9   10   10   11   10   10   11   11   12   12   13   14   15   16   15   14
   14   14   14   14   14   14   16   18   21   25   29   34   40   44   48   51
   54   56   57   58   59   59   58   58   58   58   57   56   54   51   49   45
   41   36   31   28   26   26   27   29   30
    55.0-180.0 180.0   5.0 450.0                            LAT/LON1/LON2/DLON/H
   32   32   31   30   28   25   23   22   22   21   20   17   15   13   11   10
   10   10   10   10   10   10   10   12   13   15   16   18   19   20   20   20
   20   20   21   21   21   22   24   26   29   33   38   41   46   50   54   57
   60   62   63   64   64   64   63   62   61   61   60   60   59   57   55   52
   47   42   36   31   28   27   28   30   32
    52.5-180.0 180.0   5.0 450.0                            LAT/LON1/LON2/DLON/H
   33   35   35   33   32   29   27   26   26   25   23   21   18   16   14   14
   13   12   12   11   10   11   12   15   17   20   21   23   25   26   26   26
   26   27   29   30   30   32   34   36   39   41   45   49   52   57   60   64
   67   68   69   70   71   70   69   68   66   66   65   65   65   63   61   59
   54   49   43   36   32   29   29   31   33
    50.0-180.0 180.0   5.0 450.0                            LAT/LON1/LON2/DLON/H
   34   37   37   37   35   33   31   30   29   28   26   25   22   20   18   18
   17   16   15   14   13   14   17   21   24   28   30   31   32   32   32   31
   31   33   35   37   39   41   42   44   47   50   53   56   58   62   65   68
   71   74   76   77   77   77   76   75   73   71   70   69   69   69   67   65
   62   57   50   42   36   33   32   33   34
    47.5-180.0 180.0   5.0 450.0                            LAT/LON1/LON2/DLON/H
   36   38   40   40   39   37   35   34   33   32   30   28   27   25   24   23
   22   22   21   20   20   23   26   30   34   38   40   40   39   38   37   36
   36   38   40   43   45   48   50   53   55   58   60   62   64   67   69   73
   76   79   82   84   84   84   83   81   79   77   75   74   73   72   71   70
   68   63   57   50   43   37   35   35   36
    45.0-180.0 180.0   5.0 450.0                            LAT/LON1/LON2/DLON/H
   38   40   41   42   41   41   40   38   38   36   35   34   33   31   30   30
   29   29   29   29   30   33   38   42   46   49   49   47   44   42   41   39
   39   40   43   47   50   53   56   59   62   64   66   68   70   72   74   78
   82   86   88   90   91   90   89   87   84   81   79   76   75   74   73   73
   72   69   64   57   49   42   38   37   38
    42.5-180.0 180.0   5.0 450.0                            LAT/LON1/LON2/DLON/H
   40   41   43   44   44   44   44   43   42   41   40   39   39   38   37   38
   37   38   38   40   42   46   50   55   57   58   56   52   48   45   43   41
   41   43   46   49   53   57   60   64   68   71   73   74   75   77   81   85
   89   92   94   96   97   96   94   92   89   85   82   79   77   75   74   74
   74   73   69   62   55   48   43   40   40
    40.0-180.0 180.0   5.0 450.0                            LAT/LON1/LON2/DLON/H
   42   43   44   45   46   47   47   47   46   46   46   45   46   45   45   45
   46   47   48   51   55   59   63   65   66   65   60   55   51   48   45   43
   43   44   47   51   54   58   63   67   72   76   79   80   82   84   87   91
   95   97   99  100  100   99   97   95   93   89   86   82   80   76   75   75
   75   75   72   67   60   53   48   44   42
    37.5-180.0 180.0   5.0 450.0                            LAT/LON1/LON2/DLON/H
   45   44   45   46   47   49   49   50   51   51   52   53   53   53   53   53
   54   56   57   61   65   70   74   75   73   69   63   57   53   49   46   45
   45   46   48   51   54   58   63   70   76   82   85   87   89   91   94   98
  100  102  102  102  101  100   99   98   96   94   91   88   84   81   78   76
   76   76   74   70   64   57   52   47   45
    35.0-180.0 180.0   5.0 450.0                            LAT/LON1/LON2/DLON/H
   47   46   46   47   48   50   51   53   54   55   57   59   61   61   61   61
   62   63   66   70   74   79   82   82   78   73   66   59   54   50   48   47
   47   47   48   50   54   58   64   72   80   87   91   93   95   97  101  104
  105  105  104  103  102  102  102  102  102  102  101   99   95   91   86   83
   81   80   78   74   68   61   55   50   47
    32.5-180.0 180.0   5.0 450.0                            LAT/LON1/LON2/DLON/H
   50   48   47   47   49   50   52   54   55   58   61   64   66   67   68   67
   68   69   71   75   79   83   85   84   79   73   66   59   55   51   50   48
   48   48   49   51   54   58   65   74   83   91   96   99  101  104  107  109
  110  108  106  105  105  108  109  111  112  114  116  116  113  109  103   98
   93   89   85   80   74   67   60   55   50
    30.0-180.0 180.0   5.0 450.0                            LAT/LON1/LON2/DLON/H
   55   51   49   49   49   51   52   53   55   58   62   67   70   72   72   72
   72   73   75   77   80   84   84   82   77   71   64   58   55   53   52   50
   49   49   50   52   54   58   65   75   86   94  100  103  106  109  113  115
  114  112  111  111  114  118  122  126  128  132  137  140  139  134  128  120
  111  104   97   89   82   75   67   61   55
    27.5-180.0 180.0   5.0 450.0                            LAT/LON1/LON2/DLON/H
   63   57   54   51   51   51   52   53   55   58   62   68   72   74   74   75
   74   74   76   78   80   81   81   79   73   67   62   59   57   55   53   51
   50   49   50   51   53   58   66   77   88   98  104  108  111  115  119  121
  120  118  118  121  126  134  139  144  148  155  163  170  172  168  159  150
  137  125  114  104   96   86   77   69   63
    25.0-180.0 180.0   5.0 450.0                            LAT/LON1/LON2/DLON/H
   72   65   60   55   53   53   53   53   54   57   61   66   70   73   75   75
   75   75   76   77   78   79   78   75   70   65   61   59   57   55   53   51
   49   48   48   49   52   57   65   77   90  101  108  112  117  122  125  127
  127  127  129  134  143  153  158  166  172  181  192  202  206  204  195  185
  168  152  136  124  113  101   90   80   72
    22.5-180.0 180.0   5.0 450.0                            LAT/LON1/LON2/DLON/H
   82   74   67   60   57   55   55   55   55   56   59   63   67   70   73   73
   74   75   75   76   75   75   74   73   69   64   61   59   56   54   51   48
   46   46   46   47   50   56   66   78   92  103  111  117  122  128  133  136
  137  138  142  150  161  173  181  189  196  207  219  230  237  236  228  217
  201  180  162  148  134  120  105   93   82
    20.0-180.0 180.0   5.0 450.0                            LAT/LON1/LON2/DLON/H
   96   83   74   67   62   59   58   59   57   57   59   61   64   67   69   71
   72   73   73   74   73   73   72   71   69   64   61   58   54   50   47   45
   44   43   43   45   49   56   66   79   92  104  114  121  127  134  142  147
  149  152  157  168  181  193  202  210  217  227  237  248  255  256  251  242
  228  207  187  171  156  141  123  108   96
    17.5-180.0 180.0   5.0 450.0                            LAT/LON1/LON2/DLON/H
  110   93   81   72   66   62   61   61   60   60   59   60   62   64   66   68
   70   71   71   72   72   72   72   71   68   64   60   56   52   48   44   42
   41   41   41   43   48   56   67   80   93  105  116  125  133  142  153  161
  163  167  175  186  199  210  218  223  228  236  245  255  261  262  259  253
  241  223  209  193  177  162  142  126  110
    15.0-180.0 180.0   5.0 450.0                            LAT/LON1/LON2/DLON/H
  122  103   89   77   70   65   64   64   64   62   61   61   61   62   64   66
   68   69   70   71   72   72   72   71   68   65   59   55   50   46   42   41
   40   39   40   42   47   56   67   80   94  107  120  130  140  152  165  173
  177  183  191  200  211  218  224  227  229  235  243  250  256  258  257  252
  244  232  220  206  194  178  159  140  122
    12.5-180.0 180.0   5.0 450.0                            LAT/LON1/LON2/DLON/H
  132  112   96   83   73   68   66   66   66   65   63   61   61   61   63   65
   67   68   70   71   72   73   73   71   68   65   59   54   49   45   41   40
   38   38   38   40   45   55   69   82   96  110  124  136  148  161  174  182
  188  193  202  209  215  219  222  224  224  228  234  239  244  247  247  245
  240  233  225  215  204  189  172  151  132
    10.0-180.0 180.0   5.0 450.0                            LAT/LON1/LON2/DLON/H
  139  120  103   88   78   71   68   68   68   67   65   63   62   62   63   64
   66   68   70   71   72   73   74   72   69   64   57   52   48   44   41   39
   37   37   37   39   46   57   71   85  100  113  128  141  154  167  179  186
  194  200  206  211  214  216  217  216  215  218  223  226  229  232  234  234
  234  231  226  218  209  197  179  160  139
     7.5-180.0 180.0   5.0 450.0                            LAT/LON1/LON2/DLON/H
  146  126  109   95   82   75   70   69   69   68   67   64   63   64   64   64
   66   69   70   72   72   73   73   72   68   62   56   51   46   43   41   39
   37   36   37   40   48   61   75   88  102  116  131  145  158  170  180  188
  195  200  205  207  209  210  210  210  208  210  215  217  220  223  225  226
  229  229  226  220  212  202  186  167  146
     5.0-180.0 180.0   5.0 450.0                            LAT/LON1/LON2/DLON/H
  154  133  115   99   87   77   72   70   70   69   68   66   65   65   65   65
   66   69   70   73   72   72   72   70   66   61   55   51   47   45   43   40
   38   37   38   42   51   64   77   90  103  117  131  145  159  169  179  186
  193  197  201  203  205  206  208  208  207  210  214  217  221  224  225  227
  230  231  228  223  216  207  193  174  154
     2.5-180.0 180.0   5.0 450.0                            LAT/LON1/LON2/DLON/H
  163  141  122  105   91   81   74   70   69   69   67   66   66   66   67   66
   66   69   70   72   72   71   70   68   65   60   55   52   49   47   45   43
   40   39   40   45   54   66   78   91  103  116  130  143  156  166  175  182
  188  192  196  199  202  204  208  211  213  217  221  226  231  234  236  237
  238  239  235  229  222  213  200  183  163
