DORISInput/IGSGIM/2019/igsg3560.19i
     1.0            IONOSPHERE MAPS     MIX                 IONEX VERSION / TYPE
cmpcmb v1.2          GRL/UWM            16-jan-20 11:37     PGM / RUN BY / DATE 
ionex file containing IGS COMBINED Ionosphere maps          COMMENT             
global ionosphere maps for day 356, 2019                    DESCRIPTION         
IONEX file containing the COMBINED IGS TEC MAPS and DCBs    DESCRIPTION         
      IONEX files of the following IAACs were combined: cod DESCRIPTION         
                                                        esa DESCRIPTION         
                                                        jpl DESCRIPTION         
                                                        upc DESCRIPTION         
Contact address: Andrzej Krankowski                         DESCRIPTION
                 Geodynamics Research Laboratory            DESCRIPTION
                 University of Warmia and Mazury (GRL/UWM)  DESCRIPTION
                 Oczapowski St. 1                           DESCRIPTION
                 10-957-Olsztyn, POLAND                     DESCRIPTION
                 e-mail:  kand@uwm.edu.pl                   DESCRIPTION
                                                            DESCRIPTION         
  2019    12    22     0     0     0                        EPOCH OF FIRST MAP  
  2019    12    23     0     0     0                        EPOCH OF LAST MAP   
  7200                                                      INTERVAL            
    13                                                      # OF MAPS IN FILE   
  COSZ                                                      MAPPING FUNCTION    
     0.0                                                    ELEVATION CUTOFF    
combined TEC calculated as weighted mean of input TEC valuesOBSERVABLES USED    
   389                                                      # OF STATIONS       
    32                                                      # OF SATELLITES     
  6371.0                                                    BASE RADIUS         
     2                                                      MAP DIMENSION       
   450.0 450.0   0.0                                        HGT1 / HGT2 / DHGT  
    87.5 -87.5  -2.5                                        LAT1 / LAT2 / DLAT  
  -180.0 180.0   5.0                                        LON1 / LON2 / DLON  
    -1                                                      EXPONENT            
TEC values in 0.1 tec units;  9999, if no value available   COMMENT             
DCB values in nanoseconds, reference is Sum_of_SatDCBs = 0  COMMENT             
                                                            END OF HEADER       
[from data line 3003]
     8                                                      START OF TEC MAP    
  2019    12    22    14     0     0                        EPOCH OF CURRENT MAP
    87.5-180.0 180.0   5.0 450.0                            LAT/LON1/LON2/DLON/H
   18   18   18   18   18   17   17   17   17   17   16   16   16   15   15   15
   15   15   15   15   15   14   14   14   14   15   14   15   15   15   15   15
   15   15   15   15   15   15   16   16   16   16   16   16   16   17   17   17
   17   17   17   18   18   18   18   18   18   18   18   18   18   18   18   19
   19   19   19   19   19   19   18   18   18
    85.0-180.0 180.0   5.0 450.0                            LAT/LON1/LON2/DLON/H
   19   18   18   18   18   18   18   17   17   17   17   16   16   16   16   15
   15   14   14   14   14   13   13   12   13   12   13   13   13   14   14   14
   14   14   14   14   14   14   15   14   15   15   16   16   16   16   16   16
   16   17   17   18   18   19   19   19   19   19   19   19   19   20   20   20
   20   20   20   20   19   19   19   19   19
    82.5-180.0 180.0   5.0 450.0                            LAT/LON1/LON2/DLON/H
   19   19   19   20   20   19   19   19   19   19   18   18   18   17   16   16
   15   14   14   13   13   13   12   12   12   12   13   13   13   13   13   14
   14   14   14   14   15   15   15   15   15   15   15   15   15   16   15   16
   16   16   17   17   18   18   18   19   18   19   19   19   19   19   20   20
   20   20   20   20   19   19   19   19   19
    80.0-180.0 180.0   5.0 450.0                            LAT/LON1/LON2/DLON/H
   19   19   20   20   20   21   21   21   21   21   21   20   20   19   18   17
   16   15   14   13   13   12   12   13   12   12   12   12   12   12   13   13
   14   14   15   15   15   16   16   15   15   15   15   15   15   15   15   15
   15   15   15   16   17   17   17   17   17   17   17   17   18   18   18   18
   18   18   19   18   18   18   18   18   19
    77.5-180.0 180.0   5.0 450.0                            LAT/LON1/LON2/DLON/H
   17   18   20   21   21   22   22   23   23   23   22   21   21   20   19   19
   18   17   16   15   14   14   12   12   12   13   13   14   14   15   16   16
   16   17   17   17   17   16   16   15   15   15   14   14   14   14   14   14
   14   14   14   14   15   15   15   15   15   15   16   16   16   16   16   16
   16   16   16   16   16   16   16   17   17
    75.0-180.0 180.0   5.0 450.0                            LAT/LON1/LON2/DLON/H
   16   17   19   19   20   21   22   22   23   22   22   22   22   22   21   21
   20   19   18   18   17   16   15   16   16   16   17   18   18   19   19   19
   19   20   19   19   19   18   17   16   15   15   14   13   12   12   12   12
   12   13   13   13   14   14   13   13   13   13   14   14   14   14   13   14
   13   13   13   13   13   13   14   15   16
    72.5-180.0 180.0   5.0 450.0                            LAT/LON1/LON2/DLON/H
   13   15   16   18   19   20   21   21   21   22   22   22   23   23   23   22
   22   21   21   21   21   20   20   20   20   20   22   22   23   23   24   23
   23   23   22   21   20   19   18   17   15   14   13   12   12   11   11   11
   11   11   12   12   12   12   12   12   12   12   12   12   12   12   12   12
   11   11   10   10   10   10   11   12   13
    70.0-180.0 180.0   5.0 450.0                            LAT/LON1/LON2/DLON/H
   12   13   15   16   17   19   19   20   20   20   21   21   22   22   22   22
   22   23   23   23   23   24   25   25   25   26   27   27   27   28   28   28
   28   27   26   24   23   21   19   17   15   14   13   12   12   11   11   11
   11   11   12   11   12   12   11   11   11   12   12   12   12   12   11   11
   11   10   10    9    9    9    9   10   12
    67.5-180.0 180.0   5.0 450.0                            LAT/LON1/LON2/DLON/H
   12   13   14   15   17   18   18   18   18   18   18   19   19   20   20   21
   21   23   24   24   25   28   28   29   30   30   31   31   32   33   34   33
   32   31   30   28   25   23   20   18   16   15   14   13   13   13   13   13
   13   12   13   12   12   13   13   13   13   13   13   13   13   14   14   14
   13   12   12   11   11   10   10   11   12
    65.0-180.0 180.0   5.0 450.0                            LAT/LON1/LON2/DLON/H
   14   15   15   16   16   17   17   16   16   15   16   16   16   17   17   18
   19   20   22   24   27   29   31   32   33   34   35   36   36   37   39   39
   38   37   35   33   29   26   23   20   18   17   15   15   15   15   15   15
   15   15   14   14   14   14   15   16   16   16   16   16   16   17   17   17
   17   16   16   15   14   13   13   13   14
    62.5-180.0 180.0   5.0 450.0                            LAT/LON1/LON2/DLON/H
   18   18   19   19   18   18   17   15   15   14   13   13   13   13   14   15
   16   18   20   23   26   29   32   33   35   37   38   39   40   42   43   44
   44   43   41   39   35   31   27   24   22   21   20   20   19   20   20   19
   19   17   17   16   15   16   18   18   19   19   20   20   21   22   22   22
   22   22   21   20   19   19   18   18   18
    60.0-180.0 180.0   5.0 450.0                            LAT/LON1/LON2/DLON/H
   23   23   23   23   22   21   19   17   15   13   12   11   11   11   12   12
   14   16   19   23   27   29   32   34   37   39   40   42   44   45   47   48
   49   48   47   45   41   36   33   30   28   27   27   26   26   26   25   24
   22   20   19   18   18   19   20   21   22   23   24   25   26   27   27   28
   28   28   27   27   25   24   24   23   23
    57.5-180.0 180.0   5.0 450.0                            LAT/LON1/LON2/DLON/H
   29   29   28   28   26   25   22   20   17   14   13   12   11   11   11   12
   14   17   20   24   27   30   33   36   38   41   43   45   47   49   50   52
   53   53   52   50   47   43   40   37   35   34   34   34   33   32   31   29
   26   24   22   22   22   23   24   25   27   28   29   31   32   33   34   34
   34   34   33   32   31   30   29   29   29
    55.0-180.0 180.0   5.0 450.0                            LAT/LON1/LON2/DLON/H
   34   33   33   33   31   29   27   25   21   19   16   15   14   13   13   14
   16   19   23   26   29   31   34   37   40   43   46   49   51   53   55   55
   55   56   56   55   53   50   48   45   44   43   43   42   41   39   37   34
   31   28   27   26   27   28   30   31   32   34   35   37   38   39   40   40
   40   40   39   38   37   35   34   34   34
    52.5-180.0 180.0   5.0 450.0                            LAT/LON1/LON2/DLON/H
   38   38   38   38   36   35   33   30   27   24   22   20   19   18   18   19
   21   25   27   31   33   35   37   41   44   48   51   53   57   58   59   58
   58   59   60   60   58   57   56   54   53   52   52   50   49   47   44   41
   36   34   33   32   32   34   36   38   40   41   42   43   43   44   44   45
   45   44   43   41   40   38   38   37   38
    50.0-180.0 180.0   5.0 450.0                            LAT/LON1/LON2/DLON/H
   41   42   43   42   42   40   38   36   34   31   28   26   25   24   24   25
   28   32   34   37   38   40   42   46   50   54   57   61   64   64   64   63
   63   62   62   62   62   62   62   62   61   60   60   58   57   54   51   47
   43   41   39   38   39   42   43   45   47   48   48   49   48   47   47   47
   47   46   44   43   42   41   41   41   41
    47.5-180.0 180.0   5.0 450.0                            LAT/LON1/LON2/DLON/H
   43   45   46   47   46   45   44   42   40   38   36   33   31   30   31   33
   36   40   43   45   46   48   50   53   58   62   66   69   71   72   71   69
   67   65   64   64   66   67   68   69   69   68   67   65   63   61   58   54
   50   47   46   45   47   48   51   52   53   54   53   53   52   51   49   49
   48   46   43   42   42   42   42   43   43
    45.0-180.0 180.0   5.0 450.0                            LAT/LON1/LON2/DLON/H
   45   46   48   49   49   49   48   47   46   44   42   40   38   37   38   41
   44   48   52   54   56   57   60   63   67   71   75   78   80   79   78   76
   71   69   67   67   70   73   74   75   76   74   73   71   69   66   63   60
   56   54   53   53   55   56   57   58   59   58   57   56   54   53   51   50
   48   45   43   41   41   42   43   44   45
    42.5-180.0 180.0   5.0 450.0                            LAT/LON1/LON2/DLON/H
   45   47   49   50   51   51   51   50   50   49   48   46   44   43   45   48
   53   57   61   65   66   69   71   74   78   81   84   86   88   87   84   81
   77   73   71   73   76   79   81   82   82   80   78   75   72   70   68   65
   62   60   59   60   61   62   63   63   63   62   60   58   56   54   52   51
   49   46   43   42   41   42   43   44   45
    40.0-180.0 180.0   5.0 450.0                            LAT/LON1/LON2/DLON/H
   45   47   49   50   51   51   51   52   53   54   53   52   49   48   51   55
   60   65   70   74   77   80   82   84   87   88   91   94   93   92   90   86
   82   79   77   80   84   88   90   90   88   85   81   78   76   74   71   69
   67   65   64   65   66   66   67   67   66   64   62   60   58   55   54   51
   49   46   44   42   41   42   43   44   45
    37.5-180.0 180.0   5.0 450.0                            LAT/LON1/LON2/DLON/H
   45   46   47   48   49   49   51   52   54   56   56   55   53   53   56   60
   66   72   78   83   87   89   91   93   93   94   96   98   98   97   96   92
   89   87   88   90   95   99  100   99   96   91   86   82   79   76   74   72
   70   69   68   69   68   67   67   68   67   66   64   62   59   57   55   53
   50   47   45   43   42   43   43   44   45
    35.0-180.0 180.0   5.0 450.0                            LAT/LON1/LON2/DLON/H
   45   45   45   46   46   47   48   50   53   56   57   57   56   57   60   65
   72   78   84   90   94   97   98   99   99   99   99  101  101  100  100   99
   99   99  101  104  108  111  110  108  104   98   93   87   83   79   76   74
   73   71   71   70   68   67   67   67   67   65   64   63   61   58   56   54
   52   49   47   44   43   43   43   44   45
    32.5-180.0 180.0   5.0 450.0                            LAT/LON1/LON2/DLON/H
   44   43   43   43   43   44   45   47   50   54   56   57   58   60   64   70
   77   83   89   95  100  102  103  103  102  101  100  102  103  102  103  106
  110  113  115  120  124  124  123  119  114  107  101   95   89   83   80   77
   75   73   72   71   69   67   67   66   66   65   65   64   62   60   58   56
   53   51   48   45   43   43   43   44   44
    30.0-180.0 180.0   5.0 450.0                            LAT/LON1/LON2/DLON/H
   43   43   42   41   41   41   42   43   46   51   53   56   58   62   67   74
   81   86   92   98  103  106  106  105  103  100  100  102  104  105  110  115
  122  128  133  138  139  138  135  131  125  120  113  105   97   92   86   83
   80   77   75   73   71   69   68   67   66   66   66   67   66   64   61   58
   55   52   49   45   44   43   43   44   43
    27.5-180.0 180.0   5.0 450.0                            LAT/LON1/LON2/DLON/H
   43   43   42   40   40   40   40   41   43   47   50   53   56   61   69   76
   83   88   93   98  104  107  106  104  101   97   98  101  106  110  119  127
  136  145  151  156  156  153  149  144  138  133  125  117  109  103   98   93
   90   85   81   78   75   73   71   69   68   68   69   71   70   67   64   61
   57   53   49   45   43   42   43   44   43
    25.0-180.0 180.0   5.0 450.0                            LAT/LON1/LON2/DLON/H
   43   43   42   41   41   41   40   40   42   45   48   51   55   60   68   77
   83   88   92   97  102  105  104  102   98   96   97  102  110  118  129  141
  152  163  170  174  172  169  162  156  150  146  140  133  126  119  114  108
  102   97   90   86   81   77   75   73   71   71   74   75   74   72   68   64
   59   54   49   45   42   40   41   43   43
    22.5-180.0 180.0   5.0 450.0                            LAT/LON1/LON2/DLON/H
   43   43   43   43   43   42   41   41   42   44   47   49   53   60   68   77
   84   88   91   95  100  103  104  102   99   99  102  108  117  129  143  157
  170  179  188  189  185  178  172  166  163  160  156  152  147  141  134  127
  118  110  102   94   89   84   81   79   77   77   78   80   78   74   69   64
   59   54   50   45   41   39   40   42   43
    20.0-180.0 180.0   5.0 450.0                            LAT/LON1/LON2/DLON/H
   42   43   44   44   45   44   43   43   44   45   47   49   54   61   69   78
   84   88   92   96  100  104  106  106  105  107  111  119  130  144  160  175
  188  195  200  199  193  185  178  174  172  173  172  171  170  164  156  147
  135  124  113  103   97   93   90   88   85   84   83   82   80   75   69   64
   59   54   49   44   40   39   40   41   42
    17.5-180.0 180.0   5.0 450.0                            LAT/LON1/LON2/DLON/H
   42   43   43   45   45   45   46   45   46   47   48   50   55   63   71   80
   86   90   93   97  102  107  112  113  114  117  123  132  144  160  176  191
  203  208  208  205  199  191  184  181  181  184  187  188  189  185  177  166
  151  137  124  114  107  103  101   99   94   92   89   85   80   74   68   63
   58   54   50   44   41   40   41   41   42
    15.0-180.0 180.0   5.0 450.0                            LAT/LON1/LON2/DLON/H
   42   43   43   44   46   46   47   47   47   48   50   52   57   65   74   81
   88   92   96  101  106  112  118  122  125  129  136  146  159  174  190  203
  211  214  213  208  202  195  191  188  190  193  198  202  203  200  194  181
  166  150  135  123  116  112  111  108  103   99   94   87   79   72   65   61
   57   54   51   46   42   41   41   41   42
    12.5-180.0 180.0   5.0 450.0                            LAT/LON1/LON2/DLON/H
   42   42   42   43   45   46   47   48   48   49   51   54   59   67   76   84
   91   96  100  106  112  119  125  132  137  143  152  161  171  184  199  208
  213  214  213  209  205  201  198  196  197  202  207  211  212  210  205  193
  178  161  144  129  121  117  115  112  108  102   95   87   77   68   61   58
   55   53   51   48   45   43   42   42   42
    10.0-180.0 180.0   5.0 450.0                            LAT/LON1/LON2/DLON/H
   41   41   41   41   43   44   45   47   48   50   52   56   61   69   78   86
   94  100  105  111  118  125  134  143  151  159  166  173  180  190  201  207
  211  212  212  211  211  209  208  206  205  208  211  214  216  215  210  200
  185  167  148  132  123  117  113  110  107  101   93   85   74   65   58   55
   53   52   51   49   47   45   44   43   41
     7.5-180.0 180.0   5.0 450.0                            LAT/LON1/LON2/DLON/H
   41   39   38   39   40   42   43   45   46   49   52   56   63   72   81   89
   97  104  112  118  124  133  145  156  166  174  179  183  187  192  199  204
  208  210  213  216  219  220  219  216  213  213  213  214  215  214  211  202
  188  169  149  133  122  115  109  106  103   98   91   83   73   65   59   55
   53   52   51   50   48   47   45   43   41
     5.0-180.0 180.0   5.0 450.0                            LAT/LON1/LON2/DLON/H
   40   38   37   36   37   38   39   41   43   46   50   56   64   74   84   93
  101  110  118  125  134  143  156  168  178  186  188  190  191  193  196  200
  206  211  217  224  230  234  232  227  221  216  214  211  211  210  207  201
  188  170  151  136  123  113  106  103  101   96   91   84   76   69   63   59
   56   54   52   51   50   48   46   43   40
     2.5-180.0 180.0   5.0 450.0                            LAT/LON1/LON2/DLON/H
   40   38   35   35   35   35   36   37   39   42   47   55   64   76   87   98
  107  117  125  133  142  152  165  177  188  193  194  195  194  195  197  201
  208  216  225  234  242  247  245  238  229  220  214  209  206  206  204  198
  188  173  155  140  126  116  108  105  103  100   95   89   84   78   72   66
   61   57   54   51   50   48   46   44   40
