DORISInput/IGSGIM/2019/igsg3640.19i
     1.0            IONOSPHERE MAPS     MIX                 IONEX VERSION / TYPE
cmpcmb v1.2          GRL/UWM            16-jan-20 12:50     PGM / RUN BY / DATE 
ionex file containing IGS COMBINED Ionosphere maps          COMMENT             
global ionosphere maps for day 364, 2019                    DESCRIPTION         
IONEX file containing the COMBINED IGS TEC MAPS and DCBs    DESCRIPTION         
      IONEX files of the following IAACs were combined: cod DESCRIPTION         
                                                        esa DESCRIPTION         
                                                        jpl DESCRIPTION         
                                                        upc DESCRIPTION         
Contact address: Andrzej Krankowski                         DESCRIPTION
                 Geodynamics Research Laboratory            DESCRIPTION
                 University of Warmia and Mazury (GRL/UWM)  DESCRIPTION
                 Oczapowski St. 1                           DESCRIPTION
                 10-957-Olsztyn, POLAND                     DESCRIPTION
                 e-mail:  kand@uwm.edu.pl                   DESCRIPTION
                                                            DESCRIPTION         
  2019    12    30     0     0     0                        EPOCH OF FIRST MAP  
  2019    12    31     0     0     0                        EPOCH OF LAST MAP   
  7200                                                      INTERVAL            
    13                                                      # OF MAPS IN FILE   
  COSZ                                                      MAPPING FUNCTION    
     0.0                                                    ELEVATION CUTOFF    
combined TEC calculated as weighted mean of input TEC valuesOBSERVABLES USED    
   392                                                      # OF STATIONS       
    32                                                      # OF SATELLITES     
  6371.0                                                    BASE RADIUS         
     2                                                      MAP DIMENSION       
   450.0 450.0   0.0                                        HGT1 / HGT2 / DHGT  
    87.5 -87.5  -2.5                                        LAT1 / LAT2 / DLAT  
  -180.0 180.0   5.0                                        LON1 / LON2 / DLON  
    -1                                                      EXPONENT            
TEC values in 0.1 tec units;  9999, if no value available   COMMENT             
DCB values in nanoseconds, reference is Sum_of_SatDCBs = 0  COMMENT             
                                                            END OF HEADER       
[from data line 2145]
     6                                                      START OF TEC MAP    
  2019    12    30    10     0     0                        EPOCH OF CURRENT MAP
    87.5-180.0 180.0   5.0 450.0                            LAT/LON1/LON2/DLON/H
   30   30   30   29   29   29   29   28   28   28   28   27   26   26   26   25
   25   25   25   25   24   24   24   24   24   24   25   25   25   25   25   25
   25   26   26   26   26   26   26   26   27   27   27   27   28   28   28   28
   28   28   28   28   28   28   28   28   29   28   29   29   28   29   29   29
   29   29   29   30   30   30   30   30   30
    85.0-180.0 180.0   5.0 450.0                            LAT/LON1/LON2/DLON/H
   31   30   30   30   29   29   29   27   26   25   25   24   23   22   22   21
   21   20   20   20   19   19   19   19   19   19   19   20   20   20   21   21
   21   22   22   23   23   23   24   24   24   24   24   24   25   25   25   25
   25   25   25   25   25   25   26   26   26   26   27   27   27   27   28   28
   29   29   29   30   31   31   31   31   31
    82.5-180.0 180.0   5.0 450.0                            LAT/LON1/LON2/DLON/H
   29   29   28   28   27   27   26   25   24   23   22   20   19   18   17   16
   15   15   15   14   14   14   13   14   14   14   15   16   17   17   18   19
   19   20   21   21   21   22   22   22   22   21   21   21   21   20   21   21
   20   20   20   20   20   20   20   21   22   22   22   23   23   23   24   24
   25   26   27   27   28   28   29   29   29
    80.0-180.0 180.0   5.0 450.0                            LAT/LON1/LON2/DLON/H
   26   27   27   27   27   27   26   25   24   22   20   18   16   14   13   11
   10   10   10    9    9   10   10   11   11   11   12   12   13   15   15   17
   18   19   19   20   20   20   20   20   19   19   18   18   18   18   17   16
   16   15   15   15   15   15   15   16   16   17   17   17   17   17   18   19
   20   21   22   23   23   24   26   26   26
    77.5-180.0 180.0   5.0 450.0                            LAT/LON1/LON2/DLON/H
   23   24   25   26   26   25   25   23   21   19   16   14   12   10    9    9
    8    8    8    8    8    8    9    9   10   10   11   11   12   13   13   14
   15   16   16   17   17   18   18   18   18   18   17   17   16   16   15   14
   14   13   13   13   12   12   12   12   12   12   12   12   12   13   13   14
   15   16   17   18   19   20   21   22   23
    75.0-180.0 180.0   5.0 450.0                            LAT/LON1/LON2/DLON/H
   20   22   23   24   23   23   22   21   19   17   15   13   11   10    9    9
    8    8    9    9   10    9   10   11   11   12   12   13   12   13   14   14
   14   15   15   16   16   17   17   18   18   18   18   18   17   17   17   16
   16   15   14   13   13   12   12   12   11   12   11   11   11   11   11   12
   12   13   13   15   15   16   17   19   20
    72.5-180.0 180.0   5.0 450.0                            LAT/LON1/LON2/DLON/H
   17   19   20   21   21   21   20   19   18   16   15   12   11   10   10   10
   10   11   11   13   14   14   15   15   15   15   15   14   13   13   13   14
   14   14   15   16   17   18   19   20   20   21   21   21   21   21   21   20
   20   19   18   18   17   16   15   15   14   13   12   12   12   12   12   11
   11   12   12   12   12   13   14   16   17
    70.0-180.0 180.0   5.0 450.0                            LAT/LON1/LON2/DLON/H
   14   16   17   18   19   19   19   18   17   16   14   12   11   10   11   12
   13   14   16   18   19   21   21   20   19   18   18   15   14   13   12   13
   13   14   16   17   18   20   21   22   23   24   25   26   26   27   27   27
   26   25   25   24   23   21   20   19   18   17   16   15   15   14   14   13
   13   12   12   12   12   12   13   13   14
    67.5-180.0 180.0   5.0 450.0                            LAT/LON1/LON2/DLON/H
   14   15   16   17   18   18   18   18   17   15   14   13   12   11   12   14
   15   17   20   22   23   24   24   23   21   19   18   16   15   13   12   14
   16   16   19   20   21   23   25   27   28   29   30   31   32   33   34   34
   34   32   31   30   29   27   26   24   23   21   20   19   19   18   17   17
   16   16   15   14   13   13   13   13   14
    65.0-180.0 180.0   5.0 450.0                            LAT/LON1/LON2/DLON/H
   15   16   17   18   18   18   18   18   16   15   14   13   12   13   13   14
   16   18   21   22   24   24   23   22   20   17   15   14   14   14   14   16
   18   20   22   25   26   28   30   31   33   34   35   37   39   40   41   41
   40   39   38   36   33   31   29   28   27   26   24   23   22   21   21   21
   21   20   19   18   16   16   15   16   15
    62.5-180.0 180.0   5.0 450.0                            LAT/LON1/LON2/DLON/H
   19   20   20   21   21   21   21   19   17   16   14   13   13   13   13   14
   15   17   19   20   21   21   20   18   16   14   13   12   14   16   16   18
   22   24   27   30   32   34   36   37   38   39   41   43   46   47   48   48
   46   45   43   40   36   34   32   30   29   28   27   25   24   24   24   25
   25   24   23   22   21   20   19   19   19
    60.0-180.0 180.0   5.0 450.0                            LAT/LON1/LON2/DLON/H
   24   25   25   25   25   24   24   22   19   17   15   15   14   13   14   13
   14   15   15   16   16   15   15   14   12   11   11   12   14   18   20   23
   27   30   33   37   39   40   42   43   44   44   47   49   52   53   54   53
   52   49   46   42   39   36   33   32   30   29   27   26   25   26   26   27
   28   27   27   26   26   26   25   24   24
    57.5-180.0 180.0   5.0 450.0                            LAT/LON1/LON2/DLON/H
   31   31   31   31   30   30   29   26   23   21   18   17   16   15   14   13
   13   13   12   12   12   11   10   10   10   11   12   14   16   21   25   29
   33   36   40   44   46   47   49   49   50   50   53   55   58   60   60   59
   57   53   50   46   41   38   36   33   31   30   29   28   28   28   28   29
   30   31   31   31   31   31   31   31   31
    55.0-180.0 180.0   5.0 450.0                            LAT/LON1/LON2/DLON/H
   38   38   38   38   37   36   34   32   28   25   22   21   19   18   17   15
   13   13   11   10   10    9    8    9   11   12   14   17   21   26   31   35
   39   43   47   51   53   55   56   56   56   57   59   61   63   65   66   65
   62   58   54   50   45   42   39   36   35   33   32   31   30   30   30   31
   32   34   35   36   36   37   37   37   38
    52.5-180.0 180.0   5.0 450.0                            LAT/LON1/LON2/DLON/H
   44   45   46   45   44   42   40   38   35   31   28   25   24   23   20   18
   16   15   14   13   12   11   10   12   14   17   18   23   28   32   37   42
   46   50   54   57   60   62   63   64   64   64   66   67   70   71   71   71
   68   65   61   56   52   48   44   41   39   37   36   35   33   33   33   33
   34   37   38   40   40   41   43   43   44
    50.0-180.0 180.0   5.0 450.0                            LAT/LON1/LON2/DLON/H
   50   51   51   51   50   48   47   44   41   38   35   32   30   28   26   24
   21   20   19   19   19   18   18   19   21   24   27   31   36   40   44   48
   51   55   59   64   67   70   71   72   72   72   73   74   75   76   77   76
   75   73   69   65   60   56   51   47   44   42   40   39   37   37   37   36
   38   40   41   43   44   46   48   49   50
    47.5-180.0 180.0   5.0 450.0                            LAT/LON1/LON2/DLON/H
   54   54   55   55   54   53   52   50   47   45   42   39   37   35   33   31
   29   28   28   28   29   29   29   31   32   34   37   40   43   47   50   54
   56   60   64   69   74   77   79   79   80   80   81   80   81   81   82   82
   82   80   79   75   70   65   59   54   49   47   45   43   41   41   41   41
   42   44   45   46   47   49   51   52   54
    45.0-180.0 180.0   5.0 450.0                            LAT/LON1/LON2/DLON/H
   55   55   56   56   56   56   56   54   52   51   48   46   44   42   40   39
   37   38   38   40   41   42   43   44   44   45   46   48   50   53   56   58
   61   64   68   74   80   85   88   89   89   88   87   86   86   86   86   87
   87   88   87   85   81   76   69   63   56   52   49   47   46   46   46   47
   47   49   50   51   51   53   53   54   55
    42.5-180.0 180.0   5.0 450.0                            LAT/LON1/LON2/DLON/H
   55   55   55   55   56   56   57   57   56   55   53   52   50   48   47   47
   47   48   49   52   54   55   56   56   55   55   54   55   57   58   61   63
   66   69   73   78   86   91   95   97   97   96   94   92   91   90   90   91
   93   94   94   93   90   85   79   71   63   57   54   51   49   50   50   51
   53   54   56   55   55   55   54   55   55
    40.0-180.0 180.0   5.0 450.0                            LAT/LON1/LON2/DLON/H
   54   54   53   53   54   55   56   58   58   58   58   57   55   54   53   54
   55   57   59   62   64   66   67   66   64   60   59   59   61   63   66   68
   71   73   78   84   90   97  101  104  105  104  101   98   95   93   93   95
   97   99  100   99   97   92   86   77   69   62   58   54   52   52   54   56
   58   59   60   60   58   56   55   54   54
    37.5-180.0 180.0   5.0 450.0                            LAT/LON1/LON2/DLON/H
   53   52   51   51   52   52   54   57   58   60   61   61   60   59   59   61
   62   64   66   70   72   74   73   72   68   64   62   63   65   69   71   73
   76   79   83   88   95  102  107  110  112  111  108  104  100   97   96   98
  100  102  104  105  102   98   92   83   75   68   62   57   55   55   56   59
   61   63   64   63   60   57   55   54   53
    35.0-180.0 180.0   5.0 450.0                            LAT/LON1/LON2/DLON/H
   52   51   50   49   49   49   51   54   58   61   64   66   64   63   64   66
   68   70   72   74   75   77   76   73   68   65   63   65   68   72   75   78
   82   85   89   94  100  107  112  116  119  118  115  111  106  103  101  102
  104  107  109  109  108  104   98   91   83   76   68   63   59   58   58   61
   63   65   66   64   62   58   55   53   52
    32.5-180.0 180.0   5.0 450.0                            LAT/LON1/LON2/DLON/H
   52   51   50   48   48   47   49   52   56   61   66   69   68   67   68   70
   72   74   75   76   75   75   73   69   65   63   64   67   70   74   79   84
   88   92   95  100  105  111  117  122  124  125  123  119  115  110  107  107
  110  114  116  117  115  112  107  101   95   88   80   71   65   62   61   62
   65   66   66   65   61   58   54   53   52
    30.0-180.0 180.0   5.0 450.0                            LAT/LON1/LON2/DLON/H
   53   53   52   50   48   47   47   50   55   60   67   70   71   70   71   73
   75   77   77   75   73   71   67   62   60   60   64   68   72   77   83   89
   95  100  103  108  112  117  122  127  131  133  132  131  128  122  119  118
  121  126  129  129  127  124  121  116  111  104   95   83   74   68   65   64
   65   66   66   64   61   57   55   54   53
    27.5-180.0 180.0   5.0 450.0                            LAT/LON1/LON2/DLON/H
   55   55   55   53   50   48   47   48   53   59   66   70   71   71   72   75
   77   77   76   72   68   63   59   56   56   59   63   68   74   80   87   94
  101  107  111  116  119  124  129  134  138  142  145  146  145  140  136  134
  137  143  147  146  143  139  136  133  130  124  113  100   87   77   70   66
   64   64   64   63   60   57   55   54   55
    25.0-180.0 180.0   5.0 450.0                            LAT/LON1/LON2/DLON/H
   56   58   58   56   53   50   49   49   52   58   63   68   70   70   71   74
   77   76   74   69   63   57   54   52   54   58   63   70   75   83   91   98
  106  112  118  124  127  131  137  142  147  152  158  164  165  162  158  155
  157  164  167  166  162  156  154  153  152  147  136  119  103   88   77   69
   65   64   63   62   60   57   55   55   56
    22.5-180.0 180.0   5.0 450.0                            LAT/LON1/LON2/DLON/H
   58   60   60   59   56   54   51   50   52   56   61   65   67   67   70   72
   74   74   71   66   59   54   51   50   53   58   64   71   77   85   93  101
  109  117  124  132  138  142  147  150  157  164  174  181  182  182  180  178
  181  184  188  187  182  175  173  173  173  170  159  141  120  102   86   75
   69   65   63   62   60   58   56   56   58
    20.0-180.0 180.0   5.0 450.0                            LAT/LON1/LON2/DLON/H
   58   60   61   59   58   56   53   52   53   55   59   63   64   64   65   68
   70   70   67   62   57   53   50   50   53   59   65   71   78   86   94  102
  111  122  132  143  151  155  157  159  165  174  186  194  197  199  199  198
  202  206  208  206  199  191  188  189  189  186  178  160  138  117   97   83
   74   68   66   64   62   60   58   57   58
    17.5-180.0 180.0   5.0 450.0                            LAT/LON1/LON2/DLON/H
   59   58   59   58   57   55   53   53   53   54   57   59   60   60   61   63
   65   65   63   59   56   53   52   52   55   60   66   73   79   87   95  104
  115  128  141  153  163  167  167  168  173  182  194  203  208  211  214  215
  219  222  222  218  209  202  199  198  198  196  188  173  152  131  108   92
   80   74   70   69   67   64   62   59   59
    15.0-180.0 180.0   5.0 450.0                            LAT/LON1/LON2/DLON/H
   59   58   56   55   54   54   52   52   52   52   54   56   56   56   57   59
   61   61   59   57   55   55   54   55   58   62   67   74   81   88   97  107
  119  133  148  161  170  174  175  175  179  187  199  209  216  219  222  225
  227  230  229  224  215  207  202  200  198  197  191  180  162  141  119  102
   88   81   77   74   72   69   65   62   59
    12.5-180.0 180.0   5.0 450.0                            LAT/LON1/LON2/DLON/H
   60   57   54   53   51   51   50   50   50   50   51   53   52   52   53   55
   57   57   57   56   55   56   56   58   60   64   69   75   82   91  100  111
  122  136  151  164  173  178  180  180  183  192  202  213  219  222  225  228
  231  233  231  224  214  206  199  195  192  191  187  180  165  146  126  110
   96   88   83   80   77   73   69   64   60
    10.0-180.0 180.0   5.0 450.0                            LAT/LON1/LON2/DLON/H
   61   57   52   49   48   48   48   48   48   48   49   49   49   49   50   51
   54   55   55   55   56   56   57   59   62   65   70   77   85   93  103  113
  124  138  152  165  175  181  183  183  187  195  204  212  218  220  224  228
  232  233  229  221  211  202  194  187  184  182  180  174  163  147  130  113
  102   94   88   84   80   77   71   66   61
     7.5-180.0 180.0   5.0 450.0                            LAT/LON1/LON2/DLON/H
   62   56   51   47   45   45   45   46   46   46   46   47   46   47   47   50
   52   53   54   55   55   56   57   58   61   65   71   78   87   95  105  115
  126  139  152  164  174  180  183  185  190  196  203  210  213  217  222  227
  232  232  228  221  211  201  192  184  179  177  175  171  162  147  130  115
  104   97   91   86   81   77   72   67   62
     5.0-180.0 180.0   5.0 450.0                            LAT/LON1/LON2/DLON/H
   62   56   50   45   43   42   43   43   43   43   44   45   45   45   46   49
   51   53   54   55   55   54   55   57   61   66   73   80   89   98  107  117
  128  140  151  162  171  178  182  186  191  196  201  207  211  216  222  229
  234  235  232  225  216  207  197  189  182  178  177  174  165  149  132  117
  106   97   91   85   79   74   70   66   62
     2.5-180.0 180.0   5.0 450.0                            LAT/LON1/LON2/DLON/H
   61   57   51   45   42   41   41   41   41   41   42   43   44   44   46   48
   50   52   53   54   54   53   53   56   62   68   76   83   91  101  110  120
  130  139  148  158  167  175  182  188  194  199  203  207  212  219  226  233
  238  240  238  234  227  218  211  201  194  189  186  182  172  154  136  121
  108   99   91   83   76   71   68   65   61
