DORISInput/IGSGIM/2019/igsg3580.19i
     1.0            IONOSPHERE MAPS     MIX                 IONEX VERSION / TYPE
cmpcmb v1.2          GRL/UWM            16-jan-20 11:50     PGM / RUN BY / DATE 
ionex file containing IGS COMBINED Ionosphere maps          COMMENT             
global ionosphere maps for day 358, 2019                    DESCRIPTION         
IONEX file containing the COMBINED IGS TEC MAPS and DCBs    DESCRIPTION         
      IONEX files of the following IAACs were combined: cod DESCRIPTION         
                                                        esa DESCRIPTION         
                                                        jpl DESCRIPTION         
                                                        upc DESCRIPTION         
Contact address: Andrzej Krankowski                         DESCRIPTION
                 Geodynamics Research Laboratory            DESCRIPTION
                 University of Warmia and Mazury (GRL/UWM)  DESCRIPTION
                 Oczapowski St. 1                           DESCRIPTION
                 10-957-Olsztyn, POLAND                     DESCRIPTION
                 e-mail:  kand@uwm.edu.pl                   DESCRIPTION
                                                            DESCRIPTION         
  2019    12    24     0     0     0                        EPOCH OF FIRST MAP  
  2019    12    25     0     0     0                        EPOCH OF LAST MAP   
  7200                                                      INTERVAL            
    13                                                      # OF MAPS IN FILE   
  COSZ                                                      MAPPING FUNCTION    
     0.0                                                    ELEVATION CUTOFF    
combined TEC calculated as weighted mean of input TEC valuesOBSERVABLES USED    
   392                                                      # OF STATIONS       
    32                                                      # OF SATELLITES     
  6371.0                                                    BASE RADIUS         
     2                                                      MAP DIMENSION       
   450.0 450.0   0.0                                        HGT1 / HGT2 / DHGT  
    87.5 -87.5  -2.5                                        LAT1 / LAT2 / DLAT  
  -180.0 180.0   5.0                                        LON1 / LON2 / DLON  
    -1                                                      EXPONENT            
TEC values in 0.1 tec units;  9999, if no value available   COMMENT             
DCB values in nanoseconds, reference is Sum_of_SatDCBs = 0  COMMENT             
                                                            END OF HEADER       
[from data line 4719]
    12                                                      START OF TEC MAP    
  2019    12    24    22     0     0                        EPOCH OF CURRENT MAP
    87.5-180.0 180.0   5.0 450.0                            LAT/LON1/LON2/DLON/H
   19   19   19   19   19   18   18   18   18   18   18   18   17   17   17   17
   17   16   16   15   15   15   13   13   12   12   12   11   11   11   11   11
   11   11   11   11   11   11   11   11   12   12   12   12   12   12   13   13
   13   13   13   14   14   14   14   15   15   15   16   16   16   16   17   17
   17   18   18   18   18   18   18   19   19
    85.0-180.0 180.0   5.0 450.0                            LAT/LON1/LON2/DLON/H
   18   18   18   18   18   18   19   18   18   18   18   18   18   17   16   16
   15   14   14   13   13   12   11   10    9    8    8    8    7    7    7    7
    7    7    7    7    7    8    8    8    8    9    9    9   10   10   10   11
   11   12   12   13   13   13   13   14   14   14   14   14   15   15   16   16
   16   16   17   17   17   17   17   18   18
    82.5-180.0 180.0   5.0 450.0                            LAT/LON1/LON2/DLON/H
   16   16   17   18   18   19   20   20   21   20   21   20   19   19   17   16
   16   14   13   11   10    9    8    8    7    6    6    6    6    6    6    6
    6    6    6    6    6    6    6    7    7    7    7    7    8    8    9    9
   10   10   11   11   11   12   12   12   12   12   13   13   13   13   13   13
   14   14   14   14   14   14   15   15   16
    80.0-180.0 180.0   5.0 450.0                            LAT/LON1/LON2/DLON/H
   14   15   16   17   18   20   21   21   21   21   21   20   20   19   17   16
   14   13   11    9    9    9    7    6    6    6    5    5    6    6    6    6
    6    7    7    7    6    6    6    6    6    6    6    7    7    7    8    9
    9   10   10   10   10   10   10   10   10   10   10   10   10   11   10   10
   10   10   10   10   10   11   11   12   14
    77.5-180.0 180.0   5.0 450.0                            LAT/LON1/LON2/DLON/H
   12   13   15   16   18   19   20   21   22   22   22   22   22   21   19   17
   15   13   11    9    9    7    7    6    5    6    6    5    5    6    6    6
    6    7    7    7    7    6    7    7    7    6    6    6    7    7    8    8
    8    9    9    9   10    9    9    9    8    8    8    8    8    8    8    8
    8    8    8    9    9    9    9   10   12
    75.0-180.0 180.0   5.0 450.0                            LAT/LON1/LON2/DLON/H
   11   13   14   17   19   20   21   23   24   24   25   26   25   23   21   19
   17   14   12   10    9    7    7    6    6    6    6    6    6    7    7    8
    8    7    7    7    7    6    6    6    7    7    7    7    7    7    8    8
    8    8    8    9    9    9    8    8    7    7    7    7    7    7    7    7
    7    7    8    8    8    9    9   10   11
    72.5-180.0 180.0   5.0 450.0                            LAT/LON1/LON2/DLON/H
   14   16   18   21   22   24   25   26   27   28   27   27   25   23   21   20
   18   16   14   11    9    8    7    6    6    6    7    7    7    7    7    8
    9    9    8    7    6    6    6    7    7    7    7    7    7    7    7    8
    8    8    8    9    9    9    8    8    7    7    7    7    7    7    7    7
    7    7    7    8    8    9   10   12   14
    70.0-180.0 180.0   5.0 450.0                            LAT/LON1/LON2/DLON/H
   18   20   22   25   27   29   30   30   31   30   29   28   27   24   23   21
   20   18   15   13   11    9    8    7    7    7    8    7    8    8    8    7
    8    8    8    7    7    7    6    7    7    7    7    7    8    8    8    8
    8    8    9    9    9   10   10    9    9    8    8    7    7    7    7    7
    7    7    8   10   11   12   13   16   18
    67.5-180.0 180.0   5.0 450.0                            LAT/LON1/LON2/DLON/H
   25   27   30   32   34   35   35   35   36   35   33   32   29   27   25   23
   21   18   16   15   13   12   10    9    8    8    8    8    8    9    9    9
    9    8    8    8    7    7    7    7    7    8    8    8    9    9    9    9
   10   11   12   12   12   12   12   13   12   11   10   10   10   10   10   10
   10   10   11   13   15   18   20   23   25
    65.0-180.0 180.0   5.0 450.0                            LAT/LON1/LON2/DLON/H
   33   36   38   40   41   43   42   42   41   40   38   36   33   31   28   25
   22   20   19   17   16   14   14   11   10    9    8    8    8   10   11   10
   10    9    9    8    8    8    8    8    8    9   10   11   11   11   12   14
   15   16   16   17   17   17   16   16   15   15   14   14   14   15   14   13
   14   15   17   19   22   26   29   31   33
    62.5-180.0 180.0   5.0 450.0                            LAT/LON1/LON2/DLON/H
   42   44   46   49   50   49   49   48   48   46   45   42   38   34   31   28
   25   23   22   20   19   17   15   13   11   11   10    9    9   10   12   12
   11   10    9    8    8    8    9   10   11   12   13   15   16   17   18   20
   21   22   22   22   21   21   20   20   19   19   18   18   19   19   19   18
   18   19   22   24   28   32   36   39   42
    60.0-180.0 180.0   5.0 450.0                            LAT/LON1/LON2/DLON/H
   50   51   54   56   56   56   55   54   53   53   51   48   44   40   37   33
   30   28   26   23   21   19   16   14   12   12   10   10   11   11   12   13
   13   12   11   10   10   10   11   12   14   16   19   21   24   25   26   27
   28   28   28   27   26   26   24   24   24   24   24   24   24   25   24   24
   24   25   26   29   32   38   43   47   50
    57.5-180.0 180.0   5.0 450.0                            LAT/LON1/LON2/DLON/H
   56   58   59   61   61   61   60   60   60   59   56   54   50   46   44   39
   36   33   31   28   25   21   18   15   13   12   12   12   13   13   14   15
   16   15   14   14   13   14   15   18   21   24   27   30   32   33   34   34
   34   33   32   32   31   30   29   29   29   30   30   31   31   31   30   29
   28   29   30   33   38   43   49   53   56
    55.0-180.0 180.0   5.0 450.0                            LAT/LON1/LON2/DLON/H
   61   62   63   65   65   65   65   64   64   64   62   60   57   53   50   46
   43   40   36   32   28   24   20   16   14   14   14   15   16   16   18   19
   20   20   19   20   19   21   24   26   30   33   36   39   40   41   41   41
   40   39   38   36   35   35   35   35   35   36   36   37   36   35   34   33
   32   33   35   38   43   48   52   57   61
    52.5-180.0 180.0   5.0 450.0                            LAT/LON1/LON2/DLON/H
   65   66   68   69   69   69   69   68   68   68   67   66   63   60   57   54
   50   47   43   38   32   27   22   19   18   18   17   18   19   22   23   25
   25   26   26   28   29   31   33   37   40   43   46   47   49   49   48   47
   45   45   44   42   41   40   39   39   39   40   40   40   40   39   38   36
   35   35   38   42   47   52   57   60   65
    50.0-180.0 180.0   5.0 450.0                            LAT/LON1/LON2/DLON/H
   67   69   71   72   73   74   73   73   73   73   73   71   69   66   64   61
   59   55   50   45   38   32   27   24   23   23   24   26   27   28   30   32
   33   33   34   36   38   40   44   46   50   52   54   54   55   54   53   51
   50   49   48   47   45   43   43   42   42   41   41   42   42   41   40   38
   37   37   40   45   51   56   60   64   67
    47.5-180.0 180.0   5.0 450.0                            LAT/LON1/LON2/DLON/H
   70   73   75   77   78   79   79   79   78   78   78   77   75   72   71   69
   67   64   59   54   46   40   34   32   31   32   33   34   35   36   37   38
   39   40   42   44   47   50   53   55   58   59   60   60   59   57   55   54
   53   53   51   50   49   47   45   44   43   42   41   42   42   41   40   40
   40   41   43   48   53   58   64   67   70
    45.0-180.0 180.0   5.0 450.0                            LAT/LON1/LON2/DLON/H
   73   76   79   82   84   86   86   85   84   84   84   82   80   79   77   76
   75   72   68   63   56   50   45   42   41   42   43   43   43   43   43   44
   45   47   49   51   55   58   60   62   63   64   63   62   61   59   57   56
   55   55   53   52   51   49   47   46   45   44   43   43   42   42   42   42
   43   45   48   52   56   62   67   70   73
    42.5-180.0 180.0   5.0 450.0                            LAT/LON1/LON2/DLON/H
   76   79   83   86   89   92   94   93   92   91   89   88   86   85   84   83
   82   80   76   72   67   62   57   54   53   53   52   51   49   48   47   48
   50   52   54   57   61   64   66   66   66   65   64   63   62   60   58   58
   57   57   57   55   53   51   49   48   47   46   45   45   44   43   43   44
   46   49   53   57   61   65   69   73   76
    40.0-180.0 180.0   5.0 450.0                            LAT/LON1/LON2/DLON/H
   78   81   85   89   94   98  102  102  101   99   96   93   92   90   90   89
   88   86   84   81   77   73   68   64   62   60   58   56   54   52   52   52
   53   55   58   61   65   67   68   69   67   66   65   63   62   61   60   60
   61   61   60   58   56   53   51   50   49   49   48   47   46   45   45   47
   50   54   59   62   66   68   71   74   78
    37.5-180.0 180.0   5.0 450.0                            LAT/LON1/LON2/DLON/H
   79   84   88   92   96  102  108  110  110  108  104  100   98   97   96   95
   93   92   91   89   87   84   79   74   69   66   63   60   58   55   56   55
   56   58   60   64   67   69   70   69   68   66   66   64   64   63   62   62
   63   63   61   60   57   55   53   52   51   50   49   48   47   47   48   51
   55   59   64   67   70   71   73   76   79
    35.0-180.0 180.0   5.0 450.0                            LAT/LON1/LON2/DLON/H
   81   85   88   92   97  104  111  116  117  114  111  107  105  104  102  100
   98   97   96   96   95   93   87   80   73   69   65   63   61   59   58   59
   60   61   64   66   68   69   69   68   67   67   67   66   66   65   64   64
   64   62   60   59   57   55   54   53   53   52   50   49   49   49   51   55
   61   66   70   72   74   74   76   78   81
    32.5-180.0 180.0   5.0 450.0                            LAT/LON1/LON2/DLON/H
   84   87   89   92   96  103  111  118  120  119  116  114  112  112  110  107
  104  103  101  100  100   98   91   83   74   68   65   63   62   63   63   64
   65   65   67   69   69   69   69   68   68   69   69   69   68   67   65   64
   63   61   59   58   56   55   55   55   54   52   51   50   49   50   53   59
   66   72   77   78   79   79   79   81   84
    30.0-180.0 180.0   5.0 450.0                            LAT/LON1/LON2/DLON/H
   88   90   91   93   95  101  110  118  121  121  119  119  119  120  118  115
  110  107  105  103  103  100   94   84   74   68   65   64   65   68   69   70
   71   70   70   72   71   69   68   68   69   70   70   70   70   68   65   64
   62   60   57   56   55   54   54   54   54   52   51   50   50   51   56   62
   70   78   83   85   85   83   84   86   88
    27.5-180.0 180.0   5.0 450.0                            LAT/LON1/LON2/DLON/H
   95   97   96   96   97  102  109  117  122  123  121  121  123  125  125  122
  116  111  107  105  104  101   95   85   75   68   65   67   70   74   78   79
   78   76   74   75   73   70   69   68   69   69   70   70   69   66   64   62
   59   56   54   53   52   51   52   52   52   51   50   50   50   52   57   65
   74   83   88   90   91   89   90   93   95
    25.0-180.0 180.0   5.0 450.0                            LAT/LON1/LON2/DLON/H
  104  106  106  104  102  105  110  117  123  125  124  125  127  130  131  128
  121  116  111  107  105  102   97   87   77   70   68   71   76   83   89   89
   86   82   79   79   75   72   70   67   67   68   68   68   66   64   61   58
   54   51   49   48   48   48   49   49   50   50   50   49   49   53   59   67
   77   86   92   96   97   97   98  101  104
    22.5-180.0 180.0   5.0 450.0                            LAT/LON1/LON2/DLON/H
  114  117  118  115  113  113  117  122  126  128  129  130  133  136  137  134
  128  121  115  110  107  105  101   93   84   78   75   79   85   93   98   97
   93   89   85   81   76   72   68   65   63   64   64   62   61   59   56   52
   48   45   43   43   44   45   45   46   46   47   47   47   48   53   60   70
   80   89   96  101  104  106  107  111  114
    20.0-180.0 180.0   5.0 450.0                            LAT/LON1/LON2/DLON/H
  126  130  131  130  127  126  129  132  134  136  136  137  139  142  144  142
  137  129  121  116  113  113  110  105   97   90   86   89   96  104  106  103
   99   93   88   82   75   69   65   61   59   58   58   56   54   52   49   46
   43   40   39   40   41   42   42   42   43   43   44   45   47   52   61   72
   82   92  100  106  111  114  118  121  126
    17.5-180.0 180.0   5.0 450.0                            LAT/LON1/LON2/DLON/H
  138  143  144  145  144  141  142  145  147  147  147  147  148  150  152  151
  147  139  129  124  121  124  125  123  116  106  100  101  107  111  110  106
  101   94   89   82   73   66   60   56   53   52   51   49   46   45   43   41
   38   37   37   39   40   40   40   40   40   41   41   43   45   52   62   74
   85   95  105  112  118  123  128  133  138
    15.0-180.0 180.0   5.0 450.0                            LAT/LON1/LON2/DLON/H
  151  157  159  160  160  157  157  159  161  161  160  158  157  157  159  160
  157  150  141  135  134  139  143  143  135  125  115  112  115  115  110  105
   99   93   87   80   70   63   57   52   48   46   44   42   40   39   39   38
   37   37   38   39   40   39   39   38   38   38   39   41   44   52   63   75
   87   98  110  119  126  132  138  144  151
    12.5-180.0 180.0   5.0 450.0                            LAT/LON1/LON2/DLON/H
  162  171  172  172  172  172  171  172  175  175  173  170  166  164  164  165
  165  159  153  147  147  153  159  160  154  142  128  121  119  115  109  101
   94   88   83   77   68   62   56   50   45   43   40   38   37   36   37   36
   37   38   39   40   39   39   38   37   36   36   38   40   45   53   65   77
   89  101  114  125  135  140  147  155  162
    10.0-180.0 180.0   5.0 450.0                            LAT/LON1/LON2/DLON/H
  171  180  183  182  183  183  183  185  187  188  186  181  175  170  167  167
  169  167  163  160  161  166  172  175  169  156  140  128  119  112  104   97
   89   83   79   74   68   62   57   51   46   41   38   36   35   35   36   36
   37   39   40   39   38   37   36   35   35   36   37   40   45   54   66   78
   91  104  118  130  141  149  155  163  171
     7.5-180.0 180.0   5.0 450.0                            LAT/LON1/LON2/DLON/H
  178  186  188  190  191  190  191  193  195  197  197  192  184  177  172  171
  172  173  172  172  172  177  183  185  180  166  148  132  120  110  102   94
   89   84   79   75   71   66   61   54   48   43   39   36   35   35   36   37
   39   40   39   38   36   36   35   36   36   37   38   40   47   56   68   79
   93  106  120  134  145  154  163  170  178
     5.0-180.0 180.0   5.0 450.0                            LAT/LON1/LON2/DLON/H
  182  188  192  195  196  195  195  196  199  203  205  202  193  186  179  178
  178  180  181  183  186  189  192  193  187  173  154  136  123  113  105   99
   95   90   84   80   77   73   68   60   52   46   41   37   36   37   40   41
   41   40   39   36   34   34   36   38   39   39   39   43   50   60   70   81
   93  106  121  134  147  158  167  175  182
     2.5-180.0 180.0   5.0 450.0                            LAT/LON1/LON2/DLON/H
  184  192  197  201  202  199  197  197  200  205  209  207  201  195  189  187
  188  190  192  196  200  201  202  200  192  178  161  144  132  123  116  110
  106  100   94   90   86   82   75   66   57   50   45   42   41   43   47   46
   44   42   39   36   34   34   37   41   42   42   42   46   54   64   74   83
   93  106  120  133  146  158  168  176  184
