DORISInput/IGSGIM/2019/igsg3530.19i
     1.0            IONOSPHERE MAPS     MIX                 IONEX VERSION / TYPE
cmpcmb v1.2          GRL/UWM             4-jan-20 13:44     PGM / RUN BY / DATE 
ionex file containing IGS COMBINED Ionosphere maps          COMMENT             
global ionosphere maps for day 353, 2019                    DESCRIPTION         
IONEX file containing the COMBINED IGS TEC MAPS and DCBs    DESCRIPTION         
      IONEX files of the following IAACs were combined: cod DESCRIPTION         
                                                        esa DESCRIPTION         
                                                        jpl DESCRIPTION         
                                                        upc DESCRIPTION         
Contact address: Andrzej Krankowski                         DESCRIPTION
                 Geodynamics Research Laboratory            DESCRIPTION
                 University of Warmia and Mazury (GRL/UWM)  DESCRIPTION
                 Oczapowski St. 1                           DESCRIPTION
                 10-957-Olsztyn, POLAND                     DESCRIPTION
                 e-mail:  kand@uwm.edu.pl                   DESCRIPTION
                                                            DESCRIPTION         
  2019    12    19     0     0     0                        EPOCH OF FIRST MAP  
  2019    12    20     0     0     0                        EPOCH OF LAST MAP   
  7200                                                      INTERVAL            
    13                                                      # OF MAPS IN FILE   
  COSZ                                                      MAPPING FUNCTION    
     0.0                                                    ELEVATION CUTOFF    
combined TEC calculated as weighted mean of input TEC valuesOBSERVABLES USED    
   397                                                      # OF STATIONS       
    32                                                      # OF SATELLITES     
  6371.0                                                    BASE RADIUS         
     2                                                      MAP DIMENSION       
   450.0 450.0   0.0                                        HGT1 / HGT2 / DHGT  
    87.5 -87.5  -2.5                                        LAT1 / LAT2 / DLAT  
  -180.0 180.0   5.0                                        LON1 / LON2 / DLON  
    -1                                                      EXPONENT            
TEC values in 0.1 tec units;  9999, if no value available   COMMENT             
DCB values in nanoseconds, reference is Sum_of_SatDCBs = 0  COMMENT             
                                                            END OF HEADER       
[from data line 4719]
    12                                                      START OF TEC MAP    
  2019    12    19    22     0     0                        EPOCH OF CURRENT MAP
    87.5-180.0 180.0   5.0 450.0                            LAT/LON1/LON2/DLON/H
   24   24   24   24   24   24   24   24   24   24   23   23   23   22   22   22
   22   21   21   21   21   20   20   20   19   19   19   18   18   18   18   18
   18   18   18   18   18   18   18   18   18   18   18   18   19   18   19   19
   19   19   19   19   19   20   20   20   20   20   21   21   21   21   21   22
   22   22   22   23   23   24   23   24   24
    85.0-180.0 180.0   5.0 450.0                            LAT/LON1/LON2/DLON/H
   26   27   27   27   27   28   28   27   27   27   27   26   26   25   24   23
   22   22   21   20   20   19   19   18   17   17   17   16   16   16   16   16
   16   16   16   16   16   17   17   17   17   17   18   18   18   18   18   18
   18   19   19   19   19   19   19   20   20   20   21   21   21   21   22   22
   23   23   24   24   25   25   25   26   26
    82.5-180.0 180.0   5.0 450.0                            LAT/LON1/LON2/DLON/H
   26   26   27   28   29   29   29   29   29   29   29   28   28   27   26   25
   24   23   21   20   19   18   17   16   16   16   15   15   15   15   14   14
   15   15   15   16   16   16   16   16   16   17   17   18   18   19   19   19
   19   19   19   19   19   19   19   20   20   20   20   20   21   21   21   21
   21   21   22   23   23   23   24   25   26
    80.0-180.0 180.0   5.0 450.0                            LAT/LON1/LON2/DLON/H
   23   24   25   26   26   27   28   28   29   29   29   29   28   28   26   26
   24   22   21   19   18   17   16   16   15   15   14   14   13   14   14   14
   14   15   15   15   16   16   17   17   17   17   18   18   19   19   20   20
   20   20   20   20   19   19   19   19   18   18   18   18   18   18   18   18
   18   18   19   19   19   20   22   22   23
    77.5-180.0 180.0   5.0 450.0                            LAT/LON1/LON2/DLON/H
   20   21   22   23   24   25   26   27   28   30   30   30   30   30   29   28
   26   25   23   22   21   18   18   16   15   13   13   13   12   12   12   13
   14   14   15   16   17   17   18   17   18   18   18   18   19   19   19   20
   20   20   20   20   19   19   18   17   17   16   15   15   14   14   14   15
   15   14   15   15   16   17   18   19   20
    75.0-180.0 180.0   5.0 450.0                            LAT/LON1/LON2/DLON/H
   18   19   20   21   22   24   24   26   27   28   29   30   30   30   29   28
   27   25   24   22   20   18   18   15   14   13   13   12   12   12   13   13
   14   14   15   16   16   16   16   16   17   16   17   17   17   18   18   19
   19   19   19   19   18   18   17   15   14   14   13   13   12   12   11   11
   11   12   12   13   14   15   16   17   18
    72.5-180.0 180.0   5.0 450.0                            LAT/LON1/LON2/DLON/H
   18   19   20   21   21   23   24   25   26   27   28   29   29   29   29   28
   27   25   24   23   21   18   18   16   15   13   13   12   12   13   13   13
   13   14   14   14   15   14   14   14   14   14   15   15   16   16   16   17
   17   17   17   17   16   15   14   14   13   12   12   11   11   10   10   10
   11   11   12   12   13   14   16   17   18
    70.0-180.0 180.0   5.0 450.0                            LAT/LON1/LON2/DLON/H
   21   22   23   23   24   25   25   26   27   27   28   29   29   29   29   28
   27   25   24   23   21   19   17   16   15   14   14   13   13   13   13   13
   12   13   13   13   12   13   12   12   12   12   13   13   14   14   14   14
   14   14   14   14   14   14   13   13   12   12   12   12   11   11   11   11
   11   12   13   14   15   16   18   20   21
    67.5-180.0 180.0   5.0 450.0                            LAT/LON1/LON2/DLON/H
   26   28   28   28   29   29   29   29   29   29   29   29   29   29   29   29
   27   25   24   23   20   19   18   17   16   15   14   14   13   13   13   12
   11   11   11   10   10   10   10   10   10   11   11   12   12   12   12   12
   12   12   13   13   14   13   14   14   14   14   14   14   13   13   13   14
   15   15   16   17   18   20   23   25   26
    65.0-180.0 180.0   5.0 450.0                            LAT/LON1/LON2/DLON/H
   33   35   36   36   36   36   35   34   34   33   33   32   31   30   30   30
   28   26   24   23   21   20   19   17   16   15   13   13   12   12   11   11
   10    9    9    9    9    9    9   10   10   11   11   11   11   12   12   12
   12   13   13   14   14   15   15   16   16   16   16   16   16   17   17   17
   18   19   21   22   24   27   29   31   33
    62.5-180.0 180.0   5.0 450.0                            LAT/LON1/LON2/DLON/H
   42   44   45   45   45   44   43   42   40   39   38   37   35   33   33   31
   30   28   27   25   23   21   19   17   16   14   13   11   11   10   10    9
    9    9    9    9    9   10   10   11   11   12   13   14   15   15   15   15
   15   15   16   17   17   17   18   18   18   19   19   21   21   22   22   23
   23   25   26   28   31   33   37   40   42
    60.0-180.0 180.0   5.0 450.0                            LAT/LON1/LON2/DLON/H
   52   54   56   56   55   53   52   50   48   47   45   43   41   39   38   35
   34   32   30   28   25   23   20   18   16   15   13   11   10   10    9    9
    9   10   10   11   12   13   14   15   17   17   18   20   20   21   22   20
   20   20   20   21   21   21   21   21   22   23   24   25   26   26   27   28
   30   31   33   36   39   41   45   49   52
    57.5-180.0 180.0   5.0 450.0                            LAT/LON1/LON2/DLON/H
   61   63   66   65   65   63   61   59   57   55   53   51   49   47   45   42
   40   37   35   32   28   25   22   19   17   15   14   12   12   11   10   10
   11   12   14   16   18   19   22   24   25   27   28   29   29   29   29   27
   26   26   26   26   25   25   25   25   25   27   28   29   30   30   31   34
   35   37   40   43   46   51   53   57   61
    55.0-180.0 180.0   5.0 450.0                            LAT/LON1/LON2/DLON/H
   69   72   74   74   73   72   69   67   65   63   61   59   56   55   52   50
   47   44   40   36   32   28   25   21   19   17   15   15   15   14   14   14
   16   18   21   24   26   29   32   35   36   38   39   39   38   38   37   35
   34   33   32   32   32   30   29   28   28   29   31   31   33   34   36   38
   39   42   46   50   53   58   61   65   69
    52.5-180.0 180.0   5.0 450.0                            LAT/LON1/LON2/DLON/H
   76   79   82   82   81   79   77   75   74   72   69   67   64   62   59   57
   53   50   46   42   36   31   27   23   21   19   19   19   19   20   19   20
   22   25   29   32   35   40   43   46   48   49   50   49   48   48   45   44
   42   41   41   40   39   36   33   31   31   32   32   33   34   35   38   40
   42   44   49   55   60   64   68   72   76
    50.0-180.0 180.0   5.0 450.0                            LAT/LON1/LON2/DLON/H
   82   86   88   89   88   86   84   83   81   80   77   73   71   68   65   63
   60   56   52   47   42   36   30   27   25   24   25   26   27   29   29   30
   31   33   36   40   44   49   53   55   57   59   59   59   57   56   53   51
   49   49   48   47   45   41   38   35   33   33   33   34   35   36   39   41
   44   47   53   59   65   69   74   78   82
    47.5-180.0 180.0   5.0 450.0                            LAT/LON1/LON2/DLON/H
   87   92   95   95   95   93   92   90   89   87   84   80   77   73   70   68
   66   63   59   55   49   42   37   33   32   31   33   36   37   40   39   38
   39   41   43   48   52   57   61   64   66   66   66   66   65   63   60   57
   56   55   53   52   50   46   42   38   35   34   34   34   35   37   39   43
   47   51   57   63   69   74   78   83   87
    45.0-180.0 180.0   5.0 450.0                            LAT/LON1/LON2/DLON/H
   92   97  101  102  102  101   99   98   96   95   91   87   83   78   75   73
   72   70   67   63   58   52   47   43   42   41   44   47   48   48   47   47
   47   48   50   53   57   62   66   69   71   71   71   70   69   68   65   62
   60   59   57   56   53   49   45   41   39   37   36   36   37   39   41   45
   49   55   62   67   73   77   81   87   92
    42.5-180.0 180.0   5.0 450.0                            LAT/LON1/LON2/DLON/H
   97  102  106  109  108  108  107  105  104  102   98   94   89   83   79   78
   77   76   75   73   69   64   60   56   54   54   56   58   57   56   55   54
   54   54   55   57   61   66   70   72   73   73   73   73   72   71   68   66
   64   63   61   59   56   52   48   44   42   41   40   39   40   42   44   47
   53   59   66   72   77   81   84   90   97
    40.0-180.0 180.0   5.0 450.0                            LAT/LON1/LON2/DLON/H
   99  106  111  113  114  114  113  113  112  110  106  100   95   88   84   82
   83   83   83   83   82   79   75   71   68   67   67   67   66   64   61   59
   58   58   59   60   64   68   72   74   75   76   76   75   75   74   72   69
   66   64   63   60   58   54   51   48   46   45   44   43   44   46   48   52
   57   63   70   76   81   84   87   92   99
    37.5-180.0 180.0   5.0 450.0                            LAT/LON1/LON2/DLON/H
  101  107  113  116  118  118  119  118  118  116  113  108  101   95   90   87
   88   90   92   94   94   93   90   85   81   78   76   75   73   70   65   63
   62   61   61   63   66   70   73   76   77   78   78   78   77   75   72   69
   66   64   61   58   57   55   52   51   50   48   47   46   47   49   52   57
   62   68   74   79   84   87   90   94  101
    35.0-180.0 180.0   5.0 450.0                            LAT/LON1/LON2/DLON/H
  102  107  113  117  119  120  121  122  122  121  120  115  109  102   96   93
   93   96  100  104  105  107  103   96   90   87   83   80   77   73   67   64
   63   63   64   65   68   71   75   77   79   79   80   80   79   75   71   67
   63   60   57   55   54   53   53   52   52   50   49   48   50   53   56   61
   67   74   79   82   86   89   93   96  102
    32.5-180.0 180.0   5.0 450.0                            LAT/LON1/LON2/DLON/H
  103  107  112  116  119  120  121  122  123  124  124  121  115  109  103  100
  100  102  106  111  115  117  113  104   96   92   87   82   77   72   67   65
   64   65   66   68   70   72   75   78   80   81   81   81   78   74   69   64
   60   57   54   52   51   52   52   53   53   51   49   49   51   55   59   65
   72   78   82   86   89   92   95   99  103
    30.0-180.0 180.0   5.0 450.0                            LAT/LON1/LON2/DLON/H
  105  108  112  115  118  119  120  120  121  124  125  124  121  116  110  108
  106  109  111  116  120  121  117  107   98   95   88   82   76   71   67   66
   66   68   69   71   72   73   76   79   81   82   81   79   76   71   65   60
   56   54   51   50   50   50   51   52   51   50   48   49   51   56   62   68
   75   81   86   90   92   95   99  102  105
    27.5-180.0 180.0   5.0 450.0                            LAT/LON1/LON2/DLON/H
  109  111  113  116  118  119  118  118  120  122  125  126  125  122  117  115
  114  115  116  118  120  119  114  106   99   93   87   81   76   72   70   69
   70   72   73   74   74   75   76   78   79   80   80   75   71   65   59   55
   52   50   48   48   48   48   49   49   49   48   47   47   51   56   63   71
   77   84   89   93   96   99  104  108  109
    25.0-180.0 180.0   5.0 450.0                            LAT/LON1/LON2/DLON/H
  118  118  119  120  122  122  121  119  120  122  124  127  128  127  123  120
  120  120  120  119  117  114  110  104   97   91   86   82   78   76   75   75
   75   76   76   77   76   75   75   75   76   77   75   70   64   59   53   50
   47   46   45   44   44   44   45   46   46   46   45   45   48   55   64   73
   80   86   92   96  100  105  112  116  118
    22.5-180.0 180.0   5.0 450.0                            LAT/LON1/LON2/DLON/H
  130  129  130  129  130  130  128  125  124  125  126  129  131  131  128  125
  125  124  122  119  114  110  107  103   95   90   87   85   83   83   82   82
   82   81   80   79   76   74   73   72   71   70   68   63   57   51   47   45
   43   42   42   42   41   41   41   42   42   41   42   42   46   53   64   75
   82   89   94  100  105  112  120  126  130
    20.0-180.0 180.0   5.0 450.0                            LAT/LON1/LON2/DLON/H
  143  144  142  142  143  143  142  139  136  134  133  134  136  135  133  130
  130  127  123  118  113  108  105  103   97   93   91   91   91   92   92   92
   90   88   85   82   77   74   71   67   65   63   60   55   50   45   42   40
   40   40   41   40   40   39   38   38   38   37   38   39   44   52   64   75
   85   92   98  104  111  120  129  138  143
    17.5-180.0 180.0   5.0 450.0                            LAT/LON1/LON2/DLON/H
  155  158  158  159  159  160  161  159  157  153  148  146  144  141  138  135
  134  129  124  119  113  109  108  108  104  100   98  100  102  104  105  103
  100   95   90   85   79   75   70   65   60   57   54   49   45   41   39   39
   38   40   40   40   39   38   37   37   36   36   36   37   43   53   65   78
   88   96  103  109  117  128  139  148  155
    15.0-180.0 180.0   5.0 450.0                            LAT/LON1/LON2/DLON/H
  167  172  174  175  176  180  183  185  182  177  170  164  158  152  146  140
  138  133  127  121  116  115  116  118  114  110  109  111  113  116  117  113
  108  101   94   88   81   76   70   64   59   54   51   46   43   40   40   40
   39   40   41   41   40   39   38   37   36   35   35   37   44   54   67   81
   92  102  109  117  125  136  148  159  167
    12.5-180.0 180.0   5.0 450.0                            LAT/LON1/LON2/DLON/H
  180  186  189  190  191  197  204  209  209  205  197  188  176  166  155  148
  143  138  132  128  126  126  128  130  127  124  121  123  125  127  126  121
  114  107   98   90   83   78   72   66   61   56   52   48   46   43   43   43
   41   42   42   41   41   40   39   37   36   35   35   38   45   56   70   84
   96  107  116  125  133  144  156  170  180
    10.0-180.0 180.0   5.0 450.0                            LAT/LON1/LON2/DLON/H
  190  198  201  201  204  211  221  229  232  231  223  211  196  182  168  158
  150  144  140  138  138  140  143  143  141  137  135  133  133  134  133  126
  118  111  102   94   88   82   77   71   65   61   57   53   49   47   47   46
   44   43   42   42   40   40   39   38   36   35   36   39   46   58   72   86
   99  112  122  132  139  150  163  178  190
     7.5-180.0 180.0   5.0 450.0                            LAT/LON1/LON2/DLON/H
  198  206  209  209  211  220  231  242  248  249  246  233  215  198  182  170
  160  154  149  150  153  156  159  159  155  151  146  142  140  139  136  129
  122  114  107   99   94   89   84   78   72   67   63   57   53   52   50   48
   46   43   42   41   40   40   40   40   38   37   37   40   48   61   74   87
  101  114  126  136  144  155  168  184  198
     5.0-180.0 180.0   5.0 450.0                            LAT/LON1/LON2/DLON/H
  201  211  214  214  217  225  237  248  256  261  259  249  232  214  198  183
  172  165  161  164  170  173  175  174  170  163  157  151  146  143  138  132
  125  119  112  106  102   98   92   85   80   74   68   61   58   56   53   51
   47   44   42   41   40   41   42   43   41   39   39   43   51   64   77   89
  101  114  127  137  146  157  170  187  201
     2.5-180.0 180.0   5.0 450.0                            LAT/LON1/LON2/DLON/H
  202  213  218  218  221  229  240  249  258  264  265  259  245  229  213  198
  187  180  176  182  188  192  193  189  184  175  168  160  153  148  143  138
  132  125  119  114  110  106  100   93   86   80   74   67   62   60   57   54
   50   45   43   41   40   41   44   45   44   41   41   45   54   66   80   91
  102  113  125  136  146  156  170  187  202
