DORISInput/IGSGIM/2019/igsg3420.19i
     1.0            IONOSPHERE MAPS     MIX                 IONEX VERSION / TYPE
cmpcmb v1.2          GRL/UWM            27-dec-19 12:14     PGM / RUN BY / DATE 
ionex file containing IGS COMBINED Ionosphere maps          COMMENT             
global ionosphere maps for day 342, 2019                    DESCRIPTION         
IONEX file containing the COMBINED IGS TEC MAPS and DCBs    DESCRIPTION         
      IONEX files of the following IAACs were combined: cod DESCRIPTION         
                                                        esa DESCRIPTION         
                                                        jpl DESCRIPTION         
                                                        upc DESCRIPTION         
Contact address: Andrzej Krankowski                         DESCRIPTION
                 Geodynamics Research Laboratory            DESCRIPTION
                 University of Warmia and Mazury (GRL/UWM)  DESCRIPTION
                 Oczapowski St. 1                           DESCRIPTION
                 10-957-Olsztyn, POLAND                     DESCRIPTION
                 e-mail:  kand@uwm.edu.pl                   DESCRIPTION
                                                            DESCRIPTION         
  2019    12     8     0     0     0                        EPOCH OF FIRST MAP  
  2019    12     9     0     0     0                        EPOCH OF LAST MAP   
  7200                                                      INTERVAL            
    13                                                      # OF MAPS IN FILE   
  COSZ                                                      MAPPING FUNCTION    
     0.0                                                    ELEVATION CUTOFF    
combined TEC calculated as weighted mean of input TEC valuesOBSERVABLES USED    
   393                                                      # OF STATIONS       
    32                                                      # OF SATELLITES     
  6371.0                                                    BASE RADIUS         
     2                                                      MAP DIMENSION       
   450.0 450.0   0.0                                        HGT1 / HGT2 / DHGT  
    87.5 -87.5  -2.5                                        LAT1 / LAT2 / DLAT  
  -180.0 180.0   5.0                                        LON1 / LON2 / DLON  
    -1                                                      EXPONENT            
TEC values in 0.1 tec units;  9999, if no value available   COMMENT             
DCB values in nanoseconds, reference is Sum_of_SatDCBs = 0  COMMENT             
                                                            END OF HEADER       
[from data line 5148]
    13                                                      START OF TEC MAP    
  2019    12     9     0     0     0                        EPOCH OF CURRENT MAP
    87.5-180.0 180.0   5.0 450.0                            LAT/LON1/LON2/DLON/H
   32   32   32   32   32   32   32   32   32   32   31   31   30   30   30   29
   29   28   27   26   26   25   24   24   23   23   23   22   22   22   22   22
   21   22   22   21   22   22   22   22   22   22   22   22   23   23   23   23
   24   24   24   24   25   26   26   26   27   27   27   28   28   29   29   29
   29   29   30   30   30   31   31   31   32
    85.0-180.0 180.0   5.0 450.0                            LAT/LON1/LON2/DLON/H
   34   35   35   35   36   36   36   35   35   35   34   34   33   32   31   30
   29   28   27   26   24   23   21   20   20   19   19   18   18   17   16   17
   17   17   17   18   18   18   19   19   19   20   20   20   21   21   22   22
   23   23   24   24   25   25   26   26   26   26   26   27   27   27   28   28
   29   29   30   31   32   32   33   34   34
    82.5-180.0 180.0   5.0 450.0                            LAT/LON1/LON2/DLON/H
   33   34   34   35   37   37   38   38   39   38   38   37   36   35   33   32
   31   29   27   26   23   21   19   17   16   15   14   13   13   13   13   14
   15   15   15   15   16   16   17   18   18   19   19   20   20   21   21   22
   22   23   24   24   25   25   25   25   25   24   24   24   24   24   25   25
   26   26   27   28   29   30   31   32   33
    80.0-180.0 180.0   5.0 450.0                            LAT/LON1/LON2/DLON/H
   32   33   35   36   38   39   40   40   40   39   39   38   37   35   33   32
   29   27   24   22   22   21   18   14   13   11   10   10   11   11   11   11
   12   12   13   13   14   14   15   15   16   17   18   19   20   21   22   23
   23   24   24   24   24   24   23   23   23   22   21   21   20   20   20   21
   22   23   24   25   26   28   29   31   32
    77.5-180.0 180.0   5.0 450.0                            LAT/LON1/LON2/DLON/H
   31   33   35   37   38   39   40   39   40   40   39   39   38   35   33   32
   31   28   24   21   19   16   13   11    9    9    9    9   10   10   10   10
    9   10   10   11   11   12   13   13   14   15   16   18   19   21   23   24
   24   23   23   23   23   23   22   21   20   19   18   17   16   16   16   17
   19   20   22   23   25   26   28   30   31
    75.0-180.0 180.0   5.0 450.0                            LAT/LON1/LON2/DLON/H
   33   34   36   37   39   39   39   39   39   38   37   36   35   34   33   31
   29   27   26   23   21   17   14   11   10   10    9    9    9   10   10   10
   10   10   10   11   12   12   12   13   14   15   16   18   19   21   22   23
   23   22   22   22   22   21   19   17   16   15   13   13   13   13   15   17
   19   21   23   24   26   28   29   31   33
    72.5-180.0 180.0   5.0 450.0                            LAT/LON1/LON2/DLON/H
   36   38   38   39   40   40   39   37   36   35   34   33   32   31   31   32
   32   31   27   25   22   19   17   14   12   12   11   11   11   11   12   12
   12   13   13   13   14   13   14   14   15   16   18   19   20   20   21   22
   21   21   21   20   20   19   17   15   14   12   12   12   13   14   17   21
   23   25   27   30   31   32   34   35   36
    70.0-180.0 180.0   5.0 450.0                            LAT/LON1/LON2/DLON/H
   42   43   43   44   43   42   40   38   36   34   32   29   28   28   29   31
   32   29   28   27   25   22   21   18   15   14   14   13   14   14   15   16
   16   16   16   15   15   14   14   14   15   16   18   19   19   19   20   20
   20   20   19   19   19   18   16   15   13   13   13   14   15   18   22   25
   28   31   34   37   39   40   42   43   42
    67.5-180.0 180.0   5.0 450.0                            LAT/LON1/LON2/DLON/H
   51   51   50   49   48   46   44   41   37   34   30   28   26   26   27   27
   28   28   27   29   27   24   23   21   18   17   17   16   17   17   17   18
   18   18   18   16   15   15   14   14   14   15   16   17   17   18   18   19
   20   19   20   20   19   18   17   15   14   14   15   17   19   22   26   29
   33   37   42   46   48   50   51   52   51
    65.0-180.0 180.0   5.0 450.0                            LAT/LON1/LON2/DLON/H
   60   60   59   56   54   52   48   43   39   35   32   28   26   25   23   24
   25   26   26   28   26   24   24   21   19   19   18   18   18   18   19   19
   19   19   19   17   15   14   14   14   14   14   15   16   17   17   19   20
   21   21   21   21   20   19   17   16   15   16   18   20   23   27   31   35
   38   44   49   53   57   59   61   61   60
    62.5-180.0 180.0   5.0 450.0                            LAT/LON1/LON2/DLON/H
   70   68   67   64   61   57   53   48   44   40   35   30   27   25   23   23
   23   24   24   25   23   21   21   19   17   17   18   17   18   20   20   21
   20   18   18   17   15   14   14   14   15   16   16   17   19   20   21   22
   23   23   23   23   22   21   19   19   18   20   22   24   27   32   36   41
   45   50   55   60   64   67   69   70   70
    60.0-180.0 180.0   5.0 450.0                            LAT/LON1/LON2/DLON/H
   77   76   74   71   67   63   59   54   49   45   40   35   31   27   25   24
   23   22   22   22   20   18   17   15   14   15   16   16   18   19   19   20
   20   18   17   16   15   15   15   15   18   19   20   22   24   25   26   26
   26   26   25   25   25   24   23   23   23   24   26   29   33   38   43   47
   52   56   61   65   70   73   76   77   77
    57.5-180.0 180.0   5.0 450.0                            LAT/LON1/LON2/DLON/H
   84   83   80   77   73   69   64   59   54   50   45   40   36   32   29   27
   25   23   21   20   17   15   14   13   12   13   14   16   18   18   18   19
   19   17   16   16   16   17   18   20   21   23   25   28   29   31   31   30
   30   29   29   28   28   27   27   27   27   28   30   33   38   43   48   52
   56   60   65   70   75   78   81   83   84
    55.0-180.0 180.0   5.0 450.0                            LAT/LON1/LON2/DLON/H
   89   89   86   83   79   74   69   64   59   56   51   47   42   37   34   30
   26   24   21   19   17   15   14   12   12   13   15   16   18   19   19   19
   18   18   18   20   21   22   24   26   28   30   32   35   36   37   37   36
   34   33   33   32   32   31   31   31   30   32   34   37   42   47   51   56
   60   64   69   74   79   82   86   88   89
    52.5-180.0 180.0   5.0 450.0                            LAT/LON1/LON2/DLON/H
   94   94   92   89   85   79   74   68   65   62   58   54   49   44   40   35
   31   27   24   21   18   16   15   14   15   16   19   20   22   22   23   22
   22   22   24   26   27   30   31   33   35   38   40   42   43   44   43   41
   39   38   37   37   36   36   34   34   34   35   38   41   46   50   54   58
   63   67   72   76   81   86   89   92   94
    50.0-180.0 180.0   5.0 450.0                            LAT/LON1/LON2/DLON/H
   99   99   99   96   91   85   80   75   71   68   64   60   56   52   48   42
   37   33   29   26   23   21   21   20   22   23   25   27   29   30   30   30
   29   30   32   34   35   38   39   41   43   45   47   49   50   50   49   48
   45   43   41   41   41   40   37   36   36   38   42   46   50   53   56   59
   64   69   74   79   84   88   92   96   99
    47.5-180.0 180.0   5.0 450.0                            LAT/LON1/LON2/DLON/H
  102  104  104  103   98   93   87   81   77   74   70   66   62   59   55   50
   45   41   37   34   32   32   31   31   33   34   34   36   38   38   38   38
   38   39   40   42   44   45   47   48   49   51   53   55   56   56   54   52
   50   48   46   45   44   42   40   39   39   41   45   49   53   56   58   61
   65   70   75   80   85   90   94   98  102
    45.0-180.0 180.0   5.0 450.0                            LAT/LON1/LON2/DLON/H
  104  107  109  109  106  101   95   89   84   80   76   73   70   66   63   59
   54   50   48   47   46   45   46   46   47   45   46   47   47   48   47   47
   47   48   49   50   50   52   53   54   54   54   55   57   59   59   58   55
   54   52   50   48   47   45   43   43   43   46   50   53   57   59   61   64
   67   71   76   82   86   90   95   99  104
    42.5-180.0 180.0   5.0 450.0                            LAT/LON1/LON2/DLON/H
  102  108  112  113  112  108  103   97   93   87   82   80   76   73   72   68
   63   61   60   61   61   60   61   61   60   58   58   58   58   57   56   55
   55   56   56   57   57   57   57   57   56   56   56   57   59   60   60   58
   56   54   53   51   50   48   47   47   48   52   56   59   62   64   66   68
   71   75   79   83   86   90   93   98  102
    40.0-180.0 180.0   5.0 450.0                            LAT/LON1/LON2/DLON/H
   99  106  111  115  115  114  110  105  100   95   89   85   82   81   79   77
   73   70   71   73   76   75   74   75   73   71   70   69   68   65   63   62
   61   62   62   62   61   60   59   58   58   57   58   58   60   61   62   61
   59   56   55   54   52   52   51   52   54   58   63   66   69   70   72   73
   75   79   82   85   87   89   91   95   99
    37.5-180.0 180.0   5.0 450.0                            LAT/LON1/LON2/DLON/H
   96  102  109  114  116  116  114  110  107  103   97   91   89   89   86   83
   80   78   80   83   87   88   86   87   85   83   81   79   76   73   70   67
   66   65   65   64   63   61   60   59   59   59   61   61   63   64   64   62
   60   57   56   55   55   54   54   55   59   64   70   73   76   77   78   80
   82   85   88   89   90   90   90   92   96
    35.0-180.0 180.0   5.0 450.0                            LAT/LON1/LON2/DLON/H
   95  100  106  111  113  113  113  112  111  109  103   99   96   95   91   90
   87   86   87   91   94   97   96   96   94   92   88   85   82   79   75   72
   70   68   68   67   65   63   62   61   62   63   64   65   64   64   64   62
   58   57   56   56   56   56   57   60   64   70   76   80   83   84   85   87
   90   93   97   97   97   95   93   93   95
    32.5-180.0 180.0   5.0 450.0                            LAT/LON1/LON2/DLON/H
   99  100  105  108  109  110  111  112  112  111  108  103  101   99   97   97
   94   91   93   97   99  100  100   99   97   94   91   88   86   83   79   75
   72   70   69   68   67   65   65   64   65   66   66   65   65   63   62   60
   57   55   55   56   57   58   59   63   69   75   81   85   88   90   93   96
  101  105  109  111  109  107  104   99   99
    30.0-180.0 180.0   5.0 450.0                            LAT/LON1/LON2/DLON/H
  111  109  110  110  108  109  111  112  113  113  110  106  103  102  102  102
   97   92   95  101  101  101   99   97   95   93   91   88   86   85   82   78
   74   71   70   69   68   68   68   68   69   68   67   65   64   63   62   59
   56   54   54   54   56   58   61   65   72   79   85   89   93   96  100  106
  113  119  126  129  129  127  122  117  111
    27.5-180.0 180.0   5.0 450.0                            LAT/LON1/LON2/DLON/H
  137  128  123  120  115  113  113  114  114  115  113  109  105  104  104  101
   95   90   94  100  102   99   96   93   91   89   88   86   86   86   85   80
   76   74   71   71   71   71   71   71   72   70   66   64   63   63   62   58
   55   53   52   52   54   57   61   67   74   81   87   92   96  101  108  117
  126  135  145  150  154  154  151  147  137
    25.0-180.0 180.0   5.0 450.0                            LAT/LON1/LON2/DLON/H
  174  161  148  139  132  125  121  119  118  119  117  113  109  106  104  100
   94   89   91   95   98   96   92   89   87   86   85   85   86   87   88   83
   79   75   73   73   72   72   72   72   72   69   65   63   62   62   60   57
   52   50   49   50   53   56   61   68   75   82   88   93   99  107  116  128
  139  152  164  172  182  185  187  185  174
    22.5-180.0 180.0   5.0 450.0                            LAT/LON1/LON2/DLON/H
  217  201  183  170  157  145  135  129  126  125  123  119  113  109  106  101
   95   91   90   92   94   93   89   86   85   84   83   83   86   89   90   87
   81   76   73   73   72   71   71   71   69   66   62   59   59   59   58   54
   49   46   45   47   50   54   60   67   75   82   88   94  102  113  124  138
  152  167  181  193  208  218  226  227  217
    20.0-180.0 180.0   5.0 450.0                            LAT/LON1/LON2/DLON/H
  257  242  221  205  189  173  157  145  138  136  133  127  120  115  109  104
   98   94   92   93   93   92   88   85   84   83   82   83   87   92   93   90
   83   76   73   72   72   70   68   67   65   61   57   54   54   55   54   50
   45   42   42   44   46   51   57   65   74   81   88   95  104  118  132  147
  163  179  193  208  226  245  260  266  257
    17.5-180.0 180.0   5.0 450.0                            LAT/LON1/LON2/DLON/H
  285  272  253  236  220  202  183  167  154  148  144  137  129  122  115  108
  102   98   95   96   96   95   90   88   85   84   82   84   90   95   96   93
   84   76   72   70   69   67   65   63   59   55   51   49   49   50   49   46
   42   39   39   40   43   47   55   65   74   81   88   97  109  122  138  155
  172  187  201  213  232  256  275  286  285
    15.0-180.0 180.0   5.0 450.0                            LAT/LON1/LON2/DLON/H
  290  281  270  257  243  228  209  189  173  161  154  145  136  127  120  113
  105  100   96   97   99   98   96   94   92   89   87   88   93   99   99   94
   84   75   70   68   66   64   61   58   54   50   47   45   45   46   46   44
   40   38   38   39   41   46   55   66   75   82   89  101  113  128  144  162
  178  192  204  213  227  247  269  286  290
    12.5-180.0 180.0   5.0 450.0                            LAT/LON1/LON2/DLON/H
  273  272  266  262  255  244  227  209  190  175  164  152  142  134  127  118
  110  104   98   97   99  101  103  102  100   97   96   96  100  104  103   94
   83   73   67   64   63   60   56   53   50   47   45   44   43   44   44   43
   41   39   38   39   41   47   56   67   77   85   93  105  118  134  150  166
  181  194  204  211  218  232  249  267  273
    10.0-180.0 180.0   5.0 450.0                            LAT/LON1/LON2/DLON/H
  247  250  250  252  253  249  238  222  206  189  175  162  150  142  134  124
  116  109  103  101  102  104  109  110  109  106  106  106  107  107  103   94
   83   73   66   61   60   57   54   51   49   46   46   45   44   45   45   44
   42   41   40   39   41   48   58   70   80   87   96  109  123  138  154  170
  183  194  203  208  210  217  229  241  247
     7.5-180.0 180.0   5.0 450.0                            LAT/LON1/LON2/DLON/H
  223  225  228  233  240  242  238  227  216  202  188  174  160  149  139  131
  124  117  111  108  107  109  114  116  117  114  113  112  112  109  103   95
   84   74   66   61   59   56   53   50   48   48   48   47   46   45   45   44
   43   42   42   41   43   51   62   74   84   91  100  112  126  142  157  171
  184  194  201  205  205  206  211  219  223
     5.0-180.0 180.0   5.0 450.0                            LAT/LON1/LON2/DLON/H
  207  207  208  214  224  230  231  226  219  211  201  186  169  156  144  137
  132  126  120  116  114  116  120  123  123  121  119  117  115  112  106   97
   87   77   68   62   60   56   54   51   50   50   50   49   47   46   45   44
   44   44   44   44   47   55   67   79   89   96  104  114  129  144  159  172
  183  193  201  203  203  203  205  208  207
     2.5-180.0 180.0   5.0 450.0                            LAT/LON1/LON2/DLON/H
  208  204  202  205  213  221  224  223  219  214  207  195  179  164  151  143
  139  134  128  124  121  124  127  128  128  126  123  122  120  115  109  101
   92   81   71   65   62   58   56   54   53   52   52   51   48   46   45   44
   45   46   46   47   51   59   72   84   93  100  107  117  130  145  159  170
  181  193  201  205  208  208  210  210  208
