DORISInput/IGSGIM/2019/igsg3570.19i
     1.0            IONOSPHERE MAPS     MIX                 IONEX VERSION / TYPE
cmpcmb v1.2          GRL/UWM            16-jan-20 11:44     PGM / RUN BY / DATE 
ionex file containing IGS COMBINED Ionosphere maps          COMMENT             
global ionosphere maps for day 357, 2019                    DESCRIPTION         
IONEX file containing the COMBINED IGS TEC MAPS and DCBs    DESCRIPTION         
      IONEX files of the following IAACs were combined: cod DESCRIPTION         
                                                        esa DESCRIPTION         
                                                        jpl DESCRIPTION         
                                                        upc DESCRIPTION         
Contact address: Andrzej Krankowski                         DESCRIPTION
                 Geodynamics Research Laboratory            DESCRIPTION
                 University of Warmia and Mazury (GRL/UWM)  DESCRIPTION
                 Oczapowski St. 1                           DESCRIPTION
                 10-957-Olsztyn, POLAND                     DESCRIPTION
                 e-mail:  kand@uwm.edu.pl                   DESCRIPTION
                                                            DESCRIPTION         
  2019    12    23     0     0     0                        EPOCH OF FIRST MAP  
  2019    12    24     0     0     0                        EPOCH OF LAST MAP   
  7200                                                      INTERVAL            
    13                                                      # OF MAPS IN FILE   
  COSZ                                                      MAPPING FUNCTION    
     0.0                                                    ELEVATION CUTOFF    
combined TEC calculated as weighted mean of input TEC valuesOBSERVABLES USED    
   390                                                      # OF STATIONS       
    32                                                      # OF SATELLITES     
  6371.0                                                    BASE RADIUS         
     2                                                      MAP DIMENSION       
   450.0 450.0   0.0                                        HGT1 / HGT2 / DHGT  
    87.5 -87.5  -2.5                                        LAT1 / LAT2 / DLAT  
  -180.0 180.0   5.0                                        LON1 / LON2 / DLON  
    -1                                                      EXPONENT            
TEC values in 0.1 tec units;  9999, if no value available   COMMENT             
DCB values in nanoseconds, reference is Sum_of_SatDCBs = 0  COMMENT             
                                                            END OF HEADER       
[from data line 4290]
    11                                                      START OF TEC MAP    
  2019    12    23    20     0     0                        EPOCH OF CURRENT MAP
    87.5-180.0 180.0   5.0 450.0                            LAT/LON1/LON2/DLON/H
   17   18   18   18   18   18   18   18   18   18   17   17   17   16   16   16
   15   14   14   14   13   12   12   11   11   11   10   10   10    9    9    9
    8    8    8    8    8    8    8    8    8    8    8    8    8    8    8    8
    8    9    9    9   10   10   10   11   11   11   12   12   12   13   14   14
   14   15   15   15   16   16   17   17   17
    85.0-180.0 180.0   5.0 450.0                            LAT/LON1/LON2/DLON/H
   21   21   22   22   22   22   22   22   22   22   21   21   21   20   20   19
   18   18   17   16   15   13   12   12   11   10    9    9    9    8    8    8
    8    8    8    8    8    8    8    8    8    8    8    8    8    8    8    8
    8    8    8    8    9   10   10   10   11   12   12   13   14   14   15   16
   16   17   18   19   19   20   20   21   21
    82.5-180.0 180.0   5.0 450.0                            LAT/LON1/LON2/DLON/H
   22   23   23   24   24   24   24   24   24   24   24   24   24   24   23   22
   21   20   19   18   16   15   13   12   11   10    9    9    9    8    8    8
    8    8    8    8    8    8    8    8    8    8    8    8    8    8    9    9
    9    9    9    9    9   10   10   11   12   12   13   13   14   15   16   17
   17   18   19   19   20   21   21   22   22
    80.0-180.0 180.0   5.0 450.0                            LAT/LON1/LON2/DLON/H
   21   22   22   22   23   24   24   25   26   26   26   27   27   27   27   26
   25   24   22   20   18   16   14   12   11   10    9    9    9    8    8    8
    7    7    7    7    7    7    7    7    8    8    8    8    9    9    9   10
   10   10   10   10   10   11   11   11   12   12   13   14   14   15   16   17
   17   17   18   18   19   20   20   21   21
    77.5-180.0 180.0   5.0 450.0                            LAT/LON1/LON2/DLON/H
   18   19   19   19   20   21   22   24   25   26   27   28   29   29   29   28
   27   25   23   22   20   18   16   14   12   11    9    9    8    8    8    8
    8    8    8    7    7    7    8    8    8    8    9    9    9    9   10   10
   10   10   11   11   11   11   11   11   11   11   12   13   13   14   14   15
   15   15   15   16   16   17   17   18   18
    75.0-180.0 180.0   5.0 450.0                            LAT/LON1/LON2/DLON/H
   14   15   15   16   17   18   19   21   23   25   26   29   30   31   32   31
   30   29   27   25   22   19   17   15   13   11   10    9    9    9    9    8
    8    8    8    8    8    8    8    8    8    8    9    9    9    9    9   10
   10   11   11   12   11   11   10   10   10   10   10   10   11   11   12   12
   12   12   12   12   12   13   13   14   14
    72.5-180.0 180.0   5.0 450.0                            LAT/LON1/LON2/DLON/H
   11   12   13   13   15   16   18   19   21   24   27   29   31   33   34   34
   33   31   29   26   24   22   18   16   13   12   11   10    9    9    9    9
    8    9    9    9    9    9    8    9    8    8    8    8    8    8    9    9
   10   11   11   11   11   10   10    9    9    9    9    8    9    9    9    9
   10   10    9    9   10   10   10   10   11
    70.0-180.0 180.0   5.0 450.0                            LAT/LON1/LON2/DLON/H
   10   11   13   14   15   16   18   19   22   24   27   30   33   34   36   37
   35   34   32   30   27   24   20   17   15   13   12   11   11   10   10   10
   10   10   10   10   10    9    8    8    8    7    7    7    7    8    9   10
   10   11   11   11   11   10    9    9    9    9    9    9    9    9    9   10
    9    8    8    8    8    8    9    9   10
    67.5-180.0 180.0   5.0 450.0                            LAT/LON1/LON2/DLON/H
   11   13   16   17   18   20   21   22   25   27   30   33   35   37   38   39
   39   38   35   33   30   27   23   21   18   16   14   12   12   11   10   10
   10   10   10   11   10    9    8    7    7    7    7    7    7    8    9   10
   11   11   12   12   12   12   12   12   12   12   12   12   12   13   13   12
   11   10    9    9    8    8    9   10   11
    65.0-180.0 180.0   5.0 450.0                            LAT/LON1/LON2/DLON/H
   15   17   21   23   25   26   27   29   30   32   35   37   39   41   42   42
   42   41   40   37   34   31   27   24   21   18   17   15   14   13   11   10
   10   10   10   10    9    8    8    7    7    7    7    7    8    9   10   12
   13   15   15   15   15   15   14   15   16   17   17   17   17   18   18   18
   17   15   13   12   11   11   11   13   15
    62.5-180.0 180.0   5.0 450.0                            LAT/LON1/LON2/DLON/H
   20   24   28   32   33   35   35   36   37   39   41   43   45   46   47   47
   46   45   44   42   38   35   32   28   25   23   19   17   15   15   13   11
   10   10    9   10   10    9    9    9    9    9    8    9   11   13   15   17
   18   19   19   19   19   19   19   19   21   22   23   24   24   24   24   24
   23   20   18   16   15   14   14   17   20
    60.0-180.0 180.0   5.0 450.0                            LAT/LON1/LON2/DLON/H
   24   30   36   40   43   44   45   45   45   47   48   50   51   51   52   52
   51   50   49   47   44   40   37   33   30   27   23   20   17   16   14   13
   12   11   11   11   11   11   11   11   12   14   15   16   19   20   22   23
   24   24   25   25   25   25   25   25   26   27   29   30   31   32   31   31
   29   27   23   21   19   18   18   20   24
    57.5-180.0 180.0   5.0 450.0                            LAT/LON1/LON2/DLON/H
   29   35   42   48   51   52   53   54   54   55   56   56   57   57   57   56
   56   55   54   52   49   45   42   39   35   32   28   24   20   18   16   15
   14   14   14   15   16   15   16   18   19   21   24   27   28   30   31   33
   33   32   32   32   32   32   32   32   32   33   35   37   38   39   39   39
   37   34   30   26   24   22   22   24   29
    55.0-180.0 180.0   5.0 450.0                            LAT/LON1/LON2/DLON/H
   32   39   46   53   58   60   62   63   63   63   63   63   63   61   61   61
   60   60   59   57   54   51   47   43   40   37   33   28   25   22   20   19
   18   19   20   21   22   22   24   26   29   31   35   38   40   42   43   43
   43   42   41   41   40   39   39   39   39   40   42   43   44   45   45   45
   42   40   36   32   29   26   26   27   32
    52.5-180.0 180.0   5.0 450.0                            LAT/LON1/LON2/DLON/H
   36   42   49   57   63   67   69   70   70   71   70   69   67   66   64   64
   64   64   63   61   58   55   53   49   46   43   38   34   30   28   25   24
   24   25   27   28   30   31   33   36   39   43   47   50   52   54   55   55
   54   52   50   49   48   47   46   45   45   45   46   47   47   48   48   47
   46   44   40   37   33   30   30   31   36
    50.0-180.0 180.0   5.0 450.0                            LAT/LON1/LON2/DLON/H
   38   45   52   59   66   71   75   76   77   77   76   74   72   70   68   67
   68   68   67   65   63   60   58   56   53   50   45   40   37   34   31   30
   30   32   34   36   38   40   42   46   49   53   57   60   63   64   64   64
   63   60   58   56   54   53   50   49   47   48   48   49   49   48   48   47
   46   45   43   40   38   35   33   35   38
    47.5-180.0 180.0   5.0 450.0                            LAT/LON1/LON2/DLON/H
   42   47   54   61   69   75   79   82   84   83   82   80   77   74   72   72
   72   72   71   69   67   66   65   63   61   58   53   49   44   40   36   35
   36   38   40   43   45   48   51   53   57   62   66   69   71   71   71   70
   69   66   64   62   59   55   52   50   49   49   49   49   49   48   47   46
   45   44   43   42   40   38   37   38   42
    45.0-180.0 180.0   5.0 450.0                            LAT/LON1/LON2/DLON/H
   46   51   57   63   70   77   82   86   89   90   89   86   84   80   78   77
   77   76   75   74   73   72   72   72   71   68   62   56   51   45   42   40
   41   43   46   49   52   55   57   60   64   67   71   73   76   76   75   74
   73   70   68   66   62   58   54   52   51   50   50   48   48   47   46   45
   44   44   43   42   42   42   42   42   46
    42.5-180.0 180.0   5.0 450.0                            LAT/LON1/LON2/DLON/H
   50   55   59   65   72   79   85   91   94   96   95   92   90   87   85   83
   82   81   80   80   80   79   80   81   80   76   70   63   56   50   46   45
   45   47   50   55   57   60   62   64   67   70   72   75   77   78   77   76
   76   74   71   68   64   60   56   54   53   53   51   50   48   46   45   44
   44   44   44   44   44   45   46   48   50
    40.0-180.0 180.0   5.0 450.0                            LAT/LON1/LON2/DLON/H
   56   59   63   67   74   81   88   94   99  101  101   99   97   94   92   90
   89   88   86   86   86   87   88   90   89   85   78   68   60   54   51   49
   49   51   55   58   61   63   65   67   69   70   72   75   77   78   78   78
   77   75   73   69   64   61   58   55   54   54   53   51   49   47   45   44
   44   45   45   46   46   47   50   53   56
    37.5-180.0 180.0   5.0 450.0                            LAT/LON1/LON2/DLON/H
   61   64   67   70   76   82   89   96  102  105  107  106  104  101   99   97
   96   95   93   93   92   94   96   98   98   93   85   75   64   58   55   53
   53   55   59   61   64   66   68   69   70   71   72   74   76   78   78   78
   78   75   73   69   64   60   57   55   54   54   53   52   50   48   46   44
   44   45   46   47   47   50   53   57   61
    35.0-180.0 180.0   5.0 450.0                            LAT/LON1/LON2/DLON/H
   66   70   72   74   78   83   90   96  102  107  110  110  109  108  106  105
  104  103  101  101   99  100  102  105  104  100   91   80   69   62   59   58
   58   60   62   65   67   69   69   69   71   72   73   75   76   78   78   77
   76   73   71   67   62   59   56   55   53   53   53   52   51   49   47   46
   46   46   47   47   49   51   56   62   66
    32.5-180.0 180.0   5.0 450.0                            LAT/LON1/LON2/DLON/H
   71   75   77   79   81   84   89   95  101  106  110  113  113  113  112  112
  112  111  110  108  106  106  107  109  108  104   96   85   75   68   64   64
   64   65   67   69   70   71   71   71   72   74   75   76   76   76   76   74
   72   70   67   63   60   58   56   55   54   52   51   51   51   50   48   47
   47   47   47   47   49   53   59   66   71
    30.0-180.0 180.0   5.0 450.0                            LAT/LON1/LON2/DLON/H
   76   81   83   83   83   85   88   93   98  104  108  112  114  115  116  116
  117  118  118  115  113  111  110  111  109  106   99   92   83   76   74   73
   72   73   73   74   74   74   73   73   75   78   77   76   74   72   72   70
   68   65   63   60   57   56   55   54   53   51   50   50   50   50   49   48
   47   47   46   47   49   54   62   70   76
    27.5-180.0 180.0   5.0 450.0                            LAT/LON1/LON2/DLON/H
   82   87   89   89   88   87   89   92   96  101  106  110  113  115  116  118
  120  122  123  121  118  115  113  110  108  106  103   99   94   89   86   84
   82   81   80   79   79   78   76   76   79   79   76   75   72   69   67   65
   63   61   58   56   54   53   53   52   50   49   48   48   48   49   48   47
   46   46   45   45   48   55   64   74   82
    25.0-180.0 180.0   5.0 450.0                            LAT/LON1/LON2/DLON/H
   86   93   96   96   94   92   92   93   97  101  106  109  112  114  115  117
  120  124  127  126  123  119  115  111  108  108  109  109  107  104  100   96
   92   88   87   85   83   81   79   78   79   78   74   72   69   66   63   61
   59   56   53   52   51   50   50   48   46   45   44   45   45   46   46   45
   45   44   44   45   49   56   67   77   86
    22.5-180.0 180.0   5.0 450.0                            LAT/LON1/LON2/DLON/H
   91   99  103  105  104  101   99   99  101  105  108  111  112  113  114  116
  119  125  129  131  128  124  119  114  112  114  118  122  124  120  116  109
  102   97   93   90   87   83   80   77   76   74   71   68   64   61   58   56
   54   51   49   48   47   47   47   45   43   41   40   40   41   42   43   43
   42   42   43   46   51   59   70   81   91
    20.0-180.0 180.0   5.0 450.0                            LAT/LON1/LON2/DLON/H
   97  106  112  116  116  113  111  110  110  113  115  117  116  115  114  116
  119  125  131  134  134  131  125  122  121  125  131  137  142  137  131  121
  112  105   99   94   89   84   79   74   72   69   66   63   59   56   53   51
   50   48   46   45   45   44   44   43   40   38   38   37   38   39   39   40
   40   40   42   47   54   64   74   86   97
    17.5-180.0 180.0   5.0 450.0                            LAT/LON1/LON2/DLON/H
  103  113  122  128  130  129  127  125  125  126  128  128  126  123  119  118
  120  126  133  139  140  139  135  132  132  138  145  152  157  154  143  132
  121  111  103   96   89   83   76   70   67   65   61   57   53   51   50   49
   48   47   45   45   44   43   43   41   39   37   36   36   35   36   37   38
   39   39   42   49   58   69   80   92  103
    15.0-180.0 180.0   5.0 450.0                            LAT/LON1/LON2/DLON/H
  109  121  132  141  144  145  144  144  143  144  145  144  140  135  128  124
  124  129  135  143  147  149  147  144  144  150  157  164  168  164  155  142
  128  115  105   97   88   80   72   67   64   62   58   53   50   48   48   48
   48   47   46   46   45   43   43   42   40   38   36   35   35   35   36   37
   37   39   44   53   64   76   87   98  109
    12.5-180.0 180.0   5.0 450.0                            LAT/LON1/LON2/DLON/H
  117  130  142  153  158  161  162  163  163  164  165  163  157  150  142  135
  131  132  138  146  152  157  157  157  157  162  167  172  173  171  162  149
  135  119  108   97   88   80   72   66   64   62   57   52   48   47   48   48
   49   48   48   47   46   44   43   42   40   38   36   35   34   34   34   35
   37   39   46   56   69   82   94  105  117
    10.0-180.0 180.0   5.0 450.0                            LAT/LON1/LON2/DLON/H
  125  138  151  163  170  174  176  179  181  183  184  183  177  169  158  148
  141  138  140  147  155  162  166  168  169  172  175  176  175  173  167  156
  143  127  114  102   93   85   78   72   67   65   60   53   49   49   50   49
   50   50   49   48   46   44   43   42   41   38   36   35   34   34   34   35
   36   40   48   60   75   88  100  112  125
     7.5-180.0 180.0   5.0 450.0                            LAT/LON1/LON2/DLON/H
  132  145  159  171  178  183  187  191  194  199  201  201  196  187  175  163
  153  145  143  148  157  166  172  175  178  179  178  176  174  173  169  163
  151  138  124  113  102   95   88   81   77   71   65   58   54   54   54   53
   53   52   51   48   46   44   43   42   42   39   36   35   35   36   36   36
   37   41   49   62   78   93  106  118  132
     5.0-180.0 180.0   5.0 450.0                            LAT/LON1/LON2/DLON/H
  137  151  165  176  183  188  193  198  203  208  212  214  211  203  192  180
  167  157  150  152  159  169  177  182  184  183  180  175  173  173  173  170
  163  151  138  127  117  109  102   95   87   80   72   65   62   62   62   60
   59   55   53   50   47   45   44   44   42   40   37   36   37   38   38   37
   38   42   50   64   80   96  109  122  137
     2.5-180.0 180.0   5.0 450.0                            LAT/LON1/LON2/DLON/H
  140  155  169  179  185  190  196  202  208  213  218  221  220  215  206  195
  183  171  162  160  165  173  181  186  188  186  181  177  175  177  179  180
  176  165  153  142  132  124  116  108   99   88   79   73   71   72   72   69
   65   60   56   52   49   46   45   45   44   40   37   37   38   40   41   40
   40   43   52   65   82   97  111  125  140
