DORISInput/IGSGIM/2019/igsg3620.19i
     1.0            IONOSPHERE MAPS     MIX                 IONEX VERSION / TYPE
cmpcmb v1.2          GRL/UWM            16-jan-20 12:17     PGM / RUN BY / DATE 
ionex file containing IGS COMBINED Ionosphere maps          COMMENT             
global ionosphere maps for day 362, 2019                    DESCRIPTION         
IONEX file containing the COMBINED IGS TEC MAPS and DCBs    DESCRIPTION         
      IONEX files of the following IAACs were combined: cod DESCRIPTION         
                                                        esa DESCRIPTION         
                                                        jpl DESCRIPTION         
                                                        upc DESCRIPTION         
Contact address: Andrzej Krankowski                         DESCRIPTION
                 Geodynamics Research Laboratory            DESCRIPTION
                 University of Warmia and Mazury (GRL/UWM)  DESCRIPTION
                 Oczapowski St. 1                           DESCRIPTION
                 10-957-Olsztyn, POLAND                     DESCRIPTION
                 e-mail:  kand@uwm.edu.pl                   DESCRIPTION
                                                            DESCRIPTION         
  2019    12    28     0     0     0                        EPOCH OF FIRST MAP  
  2019    12    29     0     0     0                        EPOCH OF LAST MAP   
  7200                                                      INTERVAL            
    13                                                      # OF MAPS IN FILE   
  COSZ                                                      MAPPING FUNCTION    
     0.0                                                    ELEVATION CUTOFF    
combined TEC calculated as weighted mean of input TEC valuesOBSERVABLES USED    
   392                                                      # OF STATIONS       
    32                                                      # OF SATELLITES     
  6371.0                                                    BASE RADIUS         
     2                                                      MAP DIMENSION       
   450.0 450.0   0.0                                        HGT1 / HGT2 / DHGT  
    87.5 -87.5  -2.5                                        LAT1 / LAT2 / DLAT  
  -180.0 180.0   5.0                                        LON1 / LON2 / DLON  
    -1                                                      EXPONENT            
TEC values in 0.1 tec units;  9999, if no value available   COMMENT             
DCB values in nanoseconds, reference is Sum_of_SatDCBs = 0  COMMENT             
                                                            END OF HEADER       
[from data line 2574]
     7                                                      START OF TEC MAP    
  2019    12    28    12     0     0                        EPOCH OF CURRENT MAP
    87.5-180.0 180.0   5.0 450.0                            LAT/LON1/LON2/DLON/H
   23   23   23   23   22   22   22   22   21   21   21   21   20   20   20   19
   19   19   19   19   19   18   18   18   18   17   17   17   17   17   17   17
   18   18   18   18   18   18   18   18   18   19   20   20   20   20   20   20
   21   21   21   22   22   22   22   22   23   23   23   23   24   24   24   24
   24   24   24   23   24   24   23   23   23
    85.0-180.0 180.0   5.0 450.0                            LAT/LON1/LON2/DLON/H
   25   24   24   24   23   23   22   22   21   20   20   19   19   18   18   17
   16   16   16   15   15   15   15   14   14   14   14   14   14   14   14   14
   14   15   15   16   16   16   16   17   17   17   18   18   19   19   19   20
   20   20   21   21   22   22   22   23   23   23   23   23   24   24   24   24
   24   24   25   25   25   25   25   25   25
    82.5-180.0 180.0   5.0 450.0                            LAT/LON1/LON2/DLON/H
   25   24   23   23   23   22   22   22   21   20   19   19   17   16   15   15
   14   14   13   13   13   13   12   12   12   12   12   12   12   12   12   13
   13   13   13   14   14   15   15   16   16   16   17   17   17   17   17   17
   17   18   18   18   19   20   20   20   21   21   21   21   22   22   22   23
   23   24   24   25   25   25   25   25   25
    80.0-180.0 180.0   5.0 450.0                            LAT/LON1/LON2/DLON/H
   22   22   23   23   22   22   21   20   19   18   17   16   15   14   14   13
   13   13   12   12   12   11   11   11   10   10   10   10   11   11   11   11
   12   12   12   13   13   14   14   14   14   14   15   15   14   15   14   14
   15   15   15   15   16   16   17   18   18   18   18   19   19   19   20   20
   20   21   22   22   23   22   22   21   22
    77.5-180.0 180.0   5.0 450.0                            LAT/LON1/LON2/DLON/H
   19   19   20   20   20   20   19   19   18   17   16   15   15   14   14   14
   13   13   13   12   11   11   10   10   10   10    9    9    9   10   11   11
   11   12   13   13   14   14   14   14   14   14   14   13   13   13   13   13
   13   13   13   13   13   14   15   15   15   15   15   16   16   16   16   17
   17   17   18   18   18   18   19   18   19
    75.0-180.0 180.0   5.0 450.0                            LAT/LON1/LON2/DLON/H
   16   17   17   17   17   17   17   17   17   16   16   15   15   15   14   14
   14   14   14   13   12   11   11   10   10    9   10   10   10   10   10   11
   12   13   13   14   16   16   16   16   16   15   15   14   14   14   13   13
   13   13   12   12   12   12   13   13   13   13   13   13   13   13   14   14
   13   14   14   14   15   14   15   15   16
    72.5-180.0 180.0   5.0 450.0                            LAT/LON1/LON2/DLON/H
   14   15   15   16   16   16   15   16   16   15   15   15   15   15   15   16
   16   16   16   16   15   14   13   12   11   11   11   11   10   11   12   13
   14   16   17   18   19   20   20   20   19   19   18   17   16   16   15   15
   14   14   13   13   12   12   12   13   13   12   12   12   12   12   12   12
   11   11   12   12   13   13   13   13   14
    70.0-180.0 180.0   5.0 450.0                            LAT/LON1/LON2/DLON/H
   13   13   14   14   14   14   15   15   15   14   15   15   15   16   16   17
   18   19   19   19   17   16   16   15   14   12   13   13   13   13   13   15
   17   19   21   23   24   24   25   24   24   23   22   21   21   20   19   18
   17   16   16   15   14   14   14   14   13   13   13   13   13   13   13   13
   12   12   12   12   12   12   12   12   13
    67.5-180.0 180.0   5.0 450.0                            LAT/LON1/LON2/DLON/H
   14   14   15   14   14   14   14   14   14   13   13   13   14   15   16   17
   19   20   20   19   18   17   17   16   15   14   14   15   16   17   18   19
   21   23   26   28   28   29   29   29   28   28   27   26   26   25   24   23
   22   20   20   19   17   17   16   16   16   16   16   16   16   16   15   15
   15   14   14   14   14   13   13   14   14
    65.0-180.0 180.0   5.0 450.0                            LAT/LON1/LON2/DLON/H
   17   17   17   16   16   16   15   14   13   13   12   12   13   14   15   16
   18   19   19   19   17   16   15   15   15   15   16   18   19   21   22   23
   26   28   30   32   33   34   34   33   33   33   32   31   32   31   30   29
   27   26   25   24   21   20   18   18   18   18   19   20   19   19   19   19
   19   18   18   17   17   17   17   17   17
    62.5-180.0 180.0   5.0 450.0                            LAT/LON1/LON2/DLON/H
   21   21   21   20   20   18   17   16   15   13   12   12   12   13   14   15
   16   17   17   16   14   13   12   13   14   16   18   21   23   26   27   28
   31   33   35   36   37   37   37   38   38   37   37   37   38   37   36   35
   33   31   29   27   25   22   20   20   20   20   21   22   23   23   22   22
   22   22   22   22   22   22   22   22   21
    60.0-180.0 180.0   5.0 450.0                            LAT/LON1/LON2/DLON/H
   27   26   27   26   25   24   22   20   17   15   14   13   12   13   13   15
   15   16   14   13   11   10   10   11   13   17   21   24   28   31   33   34
   36   38   39   40   40   41   41   42   43   43   44   44   44   44   43   41
   39   36   34   31   27   25   23   22   22   22   24   24   25   26   26   27
   27   27   27   27   27   27   28   27   27
    57.5-180.0 180.0   5.0 450.0                            LAT/LON1/LON2/DLON/H
   33   33   33   33   32   30   28   26   22   19   17   15   14   14   14   15
   15   15   13   11   11   10   10   12   15   19   24   29   33   36   39   41
   43   44   45   45   45   45   46   47   49   50   51   52   52   52   50   48
   45   42   38   34   30   28   26   25   24   25   26   28   29   30   30   30
   30   31   31   32   32   33   33   33   33
    55.0-180.0 180.0   5.0 450.0                            LAT/LON1/LON2/DLON/H
   39   40   40   41   40   38   36   32   29   25   23   20   18   17   17   16
   16   16   14   13   12   11   11   14   18   23   29   34   38   42   45   48
   49   51   51   50   50   50   52   54   56   59   60   60   60   59   57   55
   52   48   43   40   36   32   30   29   28   29   30   32   33   33   33   33
   33   34   35   36   37   38   39   39   39
    52.5-180.0 180.0   5.0 450.0                            LAT/LON1/LON2/DLON/H
   45   46   47   48   48   46   44   41   37   33   30   27   25   23   22   21
   20   18   18   16   15   15   16   19   24   29   35   40   44   48   51   54
   56   56   56   55   55   55   58   61   65   68   70   70   69   68   65   62
   58   54   50   46   42   39   36   35   34   34   35   36   36   36   36   35
   35   36   38   39   41   42   43   44   45
    50.0-180.0 180.0   5.0 450.0                            LAT/LON1/LON2/DLON/H
   49   52   54   56   56   55   53   49   45   42   39   36   34   31   28   27
   26   25   25   24   23   24   25   28   32   38   43   48   51   55   57   60
   61   62   62   61   60   62   65   69   74   78   79   80   79   77   73   69
   64   61   57   53   49   45   43   41   40   40   41   40   40   39   39   38
   38   39   40   41   43   45   46   48   49
    47.5-180.0 180.0   5.0 450.0                            LAT/LON1/LON2/DLON/H
   52   55   59   61   63   62   60   57   54   52   50   47   44   40   37   35
   34   34   34   35   34   35   36   38   42   47   52   56   59   61   63   65
   66   67   67   67   67   69   73   79   84   88   90   90   89   86   82   77
   71   66   62   58   55   52   50   48   48   47   46   45   44   43   42   41
   41   41   42   43   44   46   48   50   52
    45.0-180.0 180.0   5.0 450.0                            LAT/LON1/LON2/DLON/H
   52   57   61   64   67   67   66   64   62   61   60   58   55   51   46   44
   43   45   46   47   47   47   49   50   53   57   61   64   65   66   67   69
   70   72   73   73   74   76   81   87   93   98  100   99   98   94   89   83
   77   70   66   63   60   58   56   55   54   53   52   51   50   48   46   45
   44   45   45   45   46   47   48   50   52
    42.5-180.0 180.0   5.0 450.0                            LAT/LON1/LON2/DLON/H
   51   56   60   64   68   70   69   68   68   68   69   68   66   61   56   53
   53   56   57   59   59   60   60   62   63   66   68   70   71   71   71   73
   74   77   79   80   81   84   89   95  101  106  107  108  106  103   96   89
   81   75   70   67   64   62   61   59   58   58   57   56   55   53   51   49
   48   48   47   47   48   48   48   49   51
    40.0-180.0 180.0   5.0 450.0                            LAT/LON1/LON2/DLON/H
   49   54   58   63   67   69   70   70   70   72   75   76   75   71   66   63
   63   65   68   68   69   69   69   70   71   73   74   76   76   76   76   76
   78   81   84   87   89   92   97  103  108  112  114  115  114  110  104   96
   87   79   73   70   67   65   63   62   61   61   61   59   58   57   55   53
   52   51   50   50   49   48   48   48   49
    37.5-180.0 180.0   5.0 450.0                            LAT/LON1/LON2/DLON/H
   48   51   55   59   63   67   68   68   70   74   79   82   82   78   74   71
   71   72   74   76   75   75   74   76   76   78   79   80   80   80   80   80
   82   85   89   93   97  101  104  109  113  117  119  120  120  117  113  105
   95   85   77   72   69   67   65   63   63   63   63   62   60   59   58   57
   55   54   53   51   50   48   47   47   48
    35.0-180.0 180.0   5.0 450.0                            LAT/LON1/LON2/DLON/H
   46   48   51   55   59   62   64   65   68   73   80   84   86   84   81   78
   76   77   78   79   79   78   79   79   79   80   81   82   83   84   84   84
   86   90   95  101  106  109  112  115  118  121  123  124  125  124  122  115
  104   93   83   77   73   69   66   64   62   63   63   63   62   61   60   59
   58   57   55   53   52   49   46   46   46
    32.5-180.0 180.0   5.0 450.0                            LAT/LON1/LON2/DLON/H
   45   46   47   51   54   57   59   61   65   71   78   84   87   88   86   82
   79   78   78   78   79   80   80   80   79   79   81   83   85   87   88   88
   90   95  102  109  115  118  120  122  124  125  127  129  131  132  132  126
  116  105   93   86   80   75   70   66   64   63   63   64   63   62   61   60
   59   58   57   55   53   49   46   45   45
    30.0-180.0 180.0   5.0 450.0                            LAT/LON1/LON2/DLON/H
   44   44   45   47   50   53   55   57   60   66   74   81   87   88   87   83
   80   77   75   74   76   78   79   79   77   77   80   84   88   90   92   94
   97  102  111  119  125  129  130  130  131  130  131  135  138  142  143  141
  133  124  111  102   94   87   79   72   68   65   65   65   65   64   62   61
   59   58   57   56   53   50   46   45   44
    27.5-180.0 180.0   5.0 450.0                            LAT/LON1/LON2/DLON/H
   44   44   45   46   47   50   52   54   56   62   69   76   82   85   85   82
   77   73   70   70   72   74   76   76   76   77   80   86   92   96   99  101
  105  112  121  131  137  140  140  140  138  136  138  142  147  152  157  158
  153  146  135  125  114  103   91   81   73   69   68   68   67   66   63   61
   59   58   57   56   53   50   47   45   44
    25.0-180.0 180.0   5.0 450.0                            LAT/LON1/LON2/DLON/H
   45   46   46   47   48   50   51   52   53   58   64   70   76   79   80   77
   73   69   66   66   68   72   75   75   75   77   82   89   97  103  108  110
  115  124  133  144  151  153  153  151  148  144  146  151  158  165  173  176
  175  170  162  151  137  122  104   91   81   74   72   72   70   68   64   61
   59   58   57   56   54   50   48   46   45
    22.5-180.0 180.0   5.0 450.0                            LAT/LON1/LON2/DLON/H
   46   47   47   48   49   51   53   53   53   55   59   64   68   72   73   71
   68   64   61   62   66   71   74   76   77   80   86   95  104  112  117  120
  126  135  147  159  166  167  167  164  159  155  156  161  170  180  189  195
  198  195  188  178  160  141  119  103   89   80   76   75   73   70   67   63
   61   59   58   56   54   51   49   48   46
    20.0-180.0 180.0   5.0 450.0                            LAT/LON1/LON2/DLON/H
   47   48   48   48   50   53   54   54   53   53   55   58   61   64   65   64
   62   58   57   60   65   71   76   79   81   85   92  103  113  121  127  132
  138  148  160  174  182  181  182  179  171  168  170  176  183  194  205  213
  217  215  208  199  181  159  135  115   98   86   81   79   77   74   71   67
   64   62   60   58   55   52   50   48   47
    17.5-180.0 180.0   5.0 450.0                            LAT/LON1/LON2/DLON/H
   49   48   48   48   50   53   55   55   54   52   53   54   56   57   58   59
   57   55   55   60   67   74   80   84   88   94  102  113  123  131  138  144
  150  158  173  187  194  195  195  192  185  183  185  191  199  208  217  224
  227  226  220  212  195  172  148  127  107   93   86   83   81   79   76   72
   68   65   63   60   57   54   52   50   49
    15.0-180.0 180.0   5.0 450.0                            LAT/LON1/LON2/DLON/H
   51   49   48   48   49   52   53   54   53   52   52   52   52   52   53   53
   53   52   55   62   70   78   85   91   97  105  114  125  135  144  150  155
  161  170  182  194  202  204  205  204  201  200  202  205  211  216  223  228
  229  227  223  216  201  180  157  135  115  100   92   88   86   84   81   78
   73   69   66   63   60   57   54   52   51
    12.5-180.0 180.0   5.0 450.0                            LAT/LON1/LON2/DLON/H
   53   50   48   47   48   50   51   52   52   51   50   50   49   49   50   50
   49   51   56   64   74   83   91   99  107  118  128  138  147  155  161  166
  172  179  189  199  206  211  214  215  216  216  216  216  218  220  223  226
  225  223  219  213  202  182  161  138  120  105   96   91   89   88   86   82
   77   72   68   65   63   60   57   54   53
    10.0-180.0 180.0   5.0 450.0                            LAT/LON1/LON2/DLON/H
   55   52   48   46   46   47   48   48   49   49   49   48   48   47   47   47
   48   51   57   66   78   89   98  108  119  130  142  150  157  163  169  174
  179  184  192  201  208  215  222  227  229  229  227  224  221  219  218  217
  215  214  210  205  195  180  161  141  123  108   99   93   91   91   89   85
   80   75   70   67   65   62   60   57   55
     7.5-180.0 180.0   5.0 450.0                            LAT/LON1/LON2/DLON/H
   56   52   47   44   43   43   44   45   45   46   47   47   47   46   46   46
   47   51   58   69   83   95  105  116  129  143  154  160  165  170  174  178
  182  187  193  202  210  219  228  235  240  240  236  230  223  217  212  208
  205  203  200  197  189  177  161  144  127  113  103   96   94   92   90   86
   81   76   72   68   66   65   62   59   56
     5.0-180.0 180.0   5.0 450.0                            LAT/LON1/LON2/DLON/H
   58   53   47   42   39   39   39   40   41   43   44   45   45   45   45   46
   47   51   59   72   87  101  112  124  138  152  162  167  170  174  176  180
  183  187  193  201  210  221  232  241  248  248  243  236  226  218  211  204
  200  198  195  193  188  179  166  151  136  121  111  102   98   96   92   87
   82   76   72   69   68   66   64   61   58
     2.5-180.0 180.0   5.0 450.0                            LAT/LON1/LON2/DLON/H
   59   53   46   41   37   36   35   36   37   38   40   41   43   43   44   45
   46   51   61   75   91  106  118  131  145  158  166  170  172  174  176  179
  181  185  191  198  208  219  232  244  251  253  250  242  232  223  217  208
  204  201  198  197  194  187  176  162  147  134  121  112  106  102   96   90
   83   77   73   70   69   68   66   63   59
