DORISInput/IGSGIM/2019/igsg3470.19i
     1.0            IONOSPHERE MAPS     MIX                 IONEX VERSION / TYPE
cmpcmb v1.2          GRL/UWM            27-dec-19 12:42     PGM / RUN BY / DATE 
ionex file containing IGS COMBINED Ionosphere maps          COMMENT             
global ionosphere maps for day 347, 2019                    DESCRIPTION         
IONEX file containing the COMBINED IGS TEC MAPS and DCBs    DESCRIPTION         
      IONEX files of the following IAACs were combined: cod DESCRIPTION         
                                                        esa DESCRIPTION         
                                                        jpl DESCRIPTION         
                                                        upc DESCRIPTION         
Contact address: Andrzej Krankowski                         DESCRIPTION
                 Geodynamics Research Laboratory            DESCRIPTION
                 University of Warmia and Mazury (GRL/UWM)  DESCRIPTION
                 Oczapowski St. 1                           DESCRIPTION
                 10-957-Olsztyn, POLAND                     DESCRIPTION
                 e-mail:  kand@uwm.edu.pl                   DESCRIPTION
                                                            DESCRIPTION         
  2019    12    13     0     0     0                        EPOCH OF FIRST MAP  
  2019    12    14     0     0     0                        EPOCH OF LAST MAP   
  7200                                                      INTERVAL            
    13                                                      # OF MAPS IN FILE   
  COSZ                                                      MAPPING FUNCTION    
     0.0                                                    ELEVATION CUTOFF    
combined TEC calculated as weighted mean of input TEC valuesOBSERVABLES USED    
   397                                                      # OF STATIONS       
    32                                                      # OF SATELLITES     
  6371.0                                                    BASE RADIUS         
     2                                                      MAP DIMENSION       
   450.0 450.0   0.0                                        HGT1 / HGT2 / DHGT  
    87.5 -87.5  -2.5                                        LAT1 / LAT2 / DLAT  
  -180.0 180.0   5.0                                        LON1 / LON2 / DLON  
    -1                                                      EXPONENT            
TEC values in 0.1 tec units;  9999, if no value available   COMMENT             
DCB values in nanoseconds, reference is Sum_of_SatDCBs = 0  COMMENT             
                                                            END OF HEADER       
[from data line 4719]
    12                                                      START OF TEC MAP    
  2019    12    13    22     0     0                        EPOCH OF CURRENT MAP
    87.5-180.0 180.0   5.0 450.0                            LAT/LON1/LON2/DLON/H
   18   18   18   18   18   18   18   18   18   18   18   17   17   17   17   17
   17   16   16   15   15   15   14   14   14   13   13   13   13   12   12   12
   12   12   12   12   12   12   12   12   12   12   12   12   13   13   13   14
   14   14   14   15   15   15   16   16   16   16   16   16   16   17   17   17
   17   17   17   17   17   18   18   18   18
    85.0-180.0 180.0   5.0 450.0                            LAT/LON1/LON2/DLON/H
   20   20   21   21   21   21   21   21   21   21   21   21   20   20   19   19
   18   17   17   16   16   15   14   13   12   12   11   11   11   10   10   10
   10   10   10   10   10   10   10   10   10   10   11   11   11   11   11   12
   12   13   14   14   15   15   16   16   16   17   17   17   17   17   18   18
   18   18   18   19   19   19   20   20   20
    82.5-180.0 180.0   5.0 450.0                            LAT/LON1/LON2/DLON/H
   19   20   20   21   21   22   22   23   23   24   24   24   23   23   22   21
   20   19   18   17   16   15   14   12   12   11   10   10   10   10    9    9
    9    9    9    9    9   10   10   10   10   10   10   11   11   11   12   13
   13   13   14   14   15   15   16   17   17   17   17   17   17   17   17   17
   17   18   17   18   18   18   18   19   19
    80.0-180.0 180.0   5.0 450.0                            LAT/LON1/LON2/DLON/H
   17   18   19   20   21   22   23   24   25   25   25   25   25   24   23   22
   20   19   18   17   16   15   14   12   11   10    9    9    9    9    9    9
    9    9    9    9   10   10   10   11   11   11   11   11   12   12   13   13
   13   14   14   15   15   16   17   17   17   17   17   17   16   16   15   15
   15   15   15   15   16   16   16   16   17
    77.5-180.0 180.0   5.0 450.0                            LAT/LON1/LON2/DLON/H
   15   16   18   19   21   22   23   25   26   27   27   26   26   25   25   24
   23   21   20   18   17   15   13   11    9    9    8    8    8    8    8    8
    8    9    9   10   10   10   10   10   10   11   11   12   12   12   13   13
   13   14   14   15   15   16   16   17   17   17   16   15   15   14   14   13
   13   13   13   12   13   13   13   14   15
    75.0-180.0 180.0   5.0 450.0                            LAT/LON1/LON2/DLON/H
   15   16   18   20   21   23   24   26   26   27   28   28   28   28   27   26
   25   24   21   20   18   17   14   12   10    8    8    8    8    8    8    8
    8    9   10   10   11   11   10   10   10   10   10   11   11   12   12   13
   13   14   14   14   15   15   16   16   16   16   15   15   14   13   12   12
   11   11   11   11   11   11   12   13   15
    72.5-180.0 180.0   5.0 450.0                            LAT/LON1/LON2/DLON/H
   16   18   20   22   23   25   26   27   28   29   29   29   29   28   28   26
   25   24   22   21   19   17   15   12   10    8    8    8    9    9    8    8
    9    9   10   10   10   10   10    9    9    9    8   10   10   11   11   12
   12   13   13   13   14   14   15   16   15   16   15   15   14   13   12   12
   11   10   10   10   11   12   13   14   16
    70.0-180.0 180.0   5.0 450.0                            LAT/LON1/LON2/DLON/H
   20   23   24   26   28   29   30   30   31   31   31   30   30   28   27   26
   24   23   22   21   19   17   16   13   11   10    9    9    9    9    9    9
    8    9    9    9    9    8    8    7    7    8    8    9   10   11   11   11
   12   12   13   13   14   15   15   15   16   16   16   16   15   15   13   13
   12   12   12   12   13   14   16   19   20
    67.5-180.0 180.0   5.0 450.0                            LAT/LON1/LON2/DLON/H
   28   29   31   32   33   34   34   35   35   34   33   32   31   29   27   25
   23   22   21   20   18   17   15   14   11   10    9   10    9    9   10    9
    8    8    8    8    7    7    6    7    7    8    9   10   11   11   12   12
   13   13   14   14   15   16   17   17   17   17   18   17   17   16   15   14
   14   15   16   17   18   21   23   25   28
    65.0-180.0 180.0   5.0 450.0                            LAT/LON1/LON2/DLON/H
   36   38   40   40   41   41   41   40   40   39   37   36   34   31   29   26
   24   22   21   20   18   17   16   14   12   10   10    9    9    9    9    8
    8    8    7    6    7    6    7    7    8    9   10   12   13   15   16   16
   16   17   17   18   18   19   19   19   19   19   18   18   18   17   16   16
   17   19   21   23   26   29   31   34   36
    62.5-180.0 180.0   5.0 450.0                            LAT/LON1/LON2/DLON/H
   46   48   49   49   49   49   48   46   45   44   43   41   38   35   32   29
   26   23   22   21   19   17   16   14   12   10   11   10   10   10   10    9
    8    8    7    7    7    8    8    9   10   12   14   17   20   21   22   22
   22   22   22   22   22   22   21   21   21   20   19   19   19   19   19   20
   22   23   26   29   32   37   40   43   46
    60.0-180.0 180.0   5.0 450.0                            LAT/LON1/LON2/DLON/H
   56   58   59   59   58   56   55   53   51   50   48   46   44   40   37   33
   30   27   24   23   21   19   17   15   13   12   12   11   11   12   12   11
   11   11   10   10   10    9   10   12   15   19   22   26   28   29   30   29
   29   28   28   28   27   25   24   23   22   22   21   22   22   22   22   23
   26   28   31   34   39   45   49   53   56
    57.5-180.0 180.0   5.0 450.0                            LAT/LON1/LON2/DLON/H
   64   66   68   68   66   64   62   60   58   55   54   52   50   47   44   40
   37   32   28   26   23   20   19   17   15   14   14   13   14   15   15   16
   17   16   15   14   14   14   17   20   25   30   34   37   39   39   38   38
   36   35   34   33   32   30   28   26   26   24   24   24   25   25   26   27
   29   32   36   39   45   51   56   61   64
    55.0-180.0 180.0   5.0 450.0                            LAT/LON1/LON2/DLON/H
   71   74   76   76   75   72   69   66   63   61   59   58   55   53   51   47
   43   38   34   30   26   23   21   19   18   17   17   17   18   19   21   23
   24   25   24   22   23   24   27   32   37   43   46   49   50   50   48   46
   44   42   40   39   37   35   33   31   29   28   27   27   27   27   28   30
   32   35   39   44   50   56   62   66   71
    52.5-180.0 180.0   5.0 450.0                            LAT/LON1/LON2/DLON/H
   76   80   83   84   83   80   76   72   69   66   64   62   60   58   56   53
   50   45   40   35   30   26   23   22   21   21   21   22   24   27   29   32
   35   35   35   34   33   36   40   45   49   54   57   59   59   59   57   54
   51   48   47   46   43   40   37   35   32   30   29   29   30   30   30   32
   34   38   42   48   54   60   66   71   76
    50.0-180.0 180.0   5.0 450.0                            LAT/LON1/LON2/DLON/H
   79   85   89   91   91   89   84   80   75   72   69   66   64   62   60   59
   56   52   47   41   35   31   27   26   25   26   27   29   31   35   38   42
   45   46   46   45   45   47   51   56   60   64   66   68   67   65   62   59
   56   54   52   51   48   45   41   38   35   33   32   31   31   30   30   33
   36   41   45   50   55   62   68   74   79
    47.5-180.0 180.0   5.0 450.0                            LAT/LON1/LON2/DLON/H
   82   89   94   98   98   97   93   88   83   78   74   70   68   65   64   64
   62   59   54   48   42   37   33   31   31   32   34   36   39   44   47   51
   54   56   55   54   55   57   60   64   68   71   72   72   71   68   66   63
   61   58   57   55   52   48   44   40   37   35   34   33   32   31   32   35
   38   43   47   52   57   63   70   76   82
    45.0-180.0 180.0   5.0 450.0                            LAT/LON1/LON2/DLON/H
   84   91   98  103  106  105  102   98   92   86   80   76   72   69   67   67
   66   65   62   57   51   45   41   39   38   39   41   43   46   51   54   57
   61   62   62   62   63   65   67   70   72   74   74   74   72   70   68   66
   64   62   60   58   55   52   47   43   40   38   37   35   34   34   35   38
   42   46   51   56   60   65   71   77   84
    42.5-180.0 180.0   5.0 450.0                            LAT/LON1/LON2/DLON/H
   84   93  100  106  111  112  110  107  102   95   89   82   76   72   70   70
   71   71   69   65   60   55   51   48   47   47   49   51   53   56   60   63
   65   67   67   67   68   69   71   72   74   74   74   74   73   72   71   68
   67   66   63   61   58   54   50   46   43   41   40   39   38   39   40   43
   47   52   57   60   64   68   73   78   84
    40.0-180.0 180.0   5.0 450.0                            LAT/LON1/LON2/DLON/H
   85   93  100  107  112  115  117  116  112  105   98   90   83   77   74   74
   75   77   76   74   70   65   60   56   55   55   57   59   61   62   64   67
   69   70   70   70   70   71   72   73   74   74   75   74   74   74   73   71
   69   68   65   63   59   55   52   48   46   45   44   42   42   43   45   48
   53   58   63   66   69   72   76   79   85
    37.5-180.0 180.0   5.0 450.0                            LAT/LON1/LON2/DLON/H
   87   92   98  104  110  115  119  121  120  114  107   99   91   84   80   79
   81   82   83   82   79   74   69   65   63   63   64   67   68   68   68   69
   71   71   71   71   71   71   72   74   74   75   75   75   76   75   74   72
   69   67   65   62   58   54   52   50   50   49   48   46   46   47   50   54
   60   65   69   72   75   77   80   82   87
    35.0-180.0 180.0   5.0 450.0                            LAT/LON1/LON2/DLON/H
   89   92   95  100  105  111  117  121  123  120  114  107  100   93   88   86
   87   88   89   88   86   82   77   72   69   69   70   72   73   72   71   71
   71   72   72   71   71   72   72   74   75   76   76   76   77   75   73   71
   69   66   63   59   56   53   52   51   53   52   51   50   49   51   55   60
   65   71   76   79   81   83   85   87   89
    32.5-180.0 180.0   5.0 450.0                            LAT/LON1/LON2/DLON/H
   92   93   92   94   98  105  112  118  121  121  118  114  108  102   97   95
   93   93   93   93   91   88   83   78   74   73   74   75   75   74   73   72
   72   73   73   72   72   72   73   74   76   77   78   77   77   75   73   70
   67   64   60   57   54   52   51   52   54   54   53   52   52   55   59   65
   71   77   82   85   87   89   91   92   92
    30.0-180.0 180.0   5.0 450.0                            LAT/LON1/LON2/DLON/H
   99   96   93   91   92   97  105  112  117  119  120  118  116  110  106  103
  100   98   96   95   93   90   86   81   78   76   76   76   76   75   75   75
   75   74   74   74   73   73   73   74   77   78   79   78   76   75   72   68
   64   61   57   55   52   50   50   51   53   54   53   52   53   57   62   68
   75   81   86   90   92   94   98  100   99
    27.5-180.0 180.0   5.0 450.0                            LAT/LON1/LON2/DLON/H
  109  105   99   94   91   94   99  107  111  116  119  120  119  117  113  110
  107  103   99   97   93   89   86   81   79   78   77   76   76   77   78   78
   78   77   76   75   74   74   73   75   77   78   78   77   75   72   69   65
   61   58   55   53   50   48   48   49   51   52   52   52   53   57   64   71
   77   83   88   94   97  101  105  108  109
    25.0-180.0 180.0   5.0 450.0                            LAT/LON1/LON2/DLON/H
  122  119  113  105  100   99  100  104  108  113  117  120  122  121  119  115
  111  107  101   97   93   89   85   81   78   78   77   76   78   80   82   82
   81   80   78   76   74   74   73   75   77   77   77   74   71   68   65   61
   58   55   53   51   49   46   45   45   47   49   49   50   52   57   64   72
   79   85   90   96  101  106  113  120  122
    22.5-180.0 180.0   5.0 450.0                            LAT/LON1/LON2/DLON/H
  136  136  131  126  120  115  112  111  112  116  120  123  125  125  123  119
  114  109  102   97   93   89   84   81   79   77   77   77   80   83   85   86
   85   83   79   78   75   73   73   74   75   73   72   69   66   63   60   57
   55   53   51   50   47   44   42   42   44   45   46   47   50   56   65   73
   80   86   92   98  104  111  121  131  136
    20.0-180.0 180.0   5.0 450.0                            LAT/LON1/LON2/DLON/H
  151  155  155  153  149  143  135  130  126  126  129  131  131  130  127  122
  117  110  104   98   93   90   86   83   80   79   79   79   83   87   89   90
   89   85   81   80   77   74   73   72   72   69   67   63   60   58   56   54
   51   50   50   48   46   42   40   39   40   42   42   44   48   56   65   74
   81   87   94  100  108  118  129  141  151
    17.5-180.0 180.0   5.0 450.0                            LAT/LON1/LON2/DLON/H
  163  173  179  183  181  176  167  160  152  148  148  146  143  138  132  127
  121  112  106  100   95   92   89   86   85   83   82   83   87   92   95   95
   94   88   84   81   78   74   71   69   67   64   62   57   55   53   52   51
   49   48   48   47   45   41   39   39   39   39   40   42   47   56   66   75
   82   89   97  105  113  125  137  152  163
    15.0-180.0 180.0   5.0 450.0                            LAT/LON1/LON2/DLON/H
  175  186  201  211  214  210  202  195  187  180  176  170  161  151  141  134
  126  118  110  104   99   96   94   92   91   90   89   90   94   99  100   99
   96   90   84   79   76   72   69   65   62   59   56   52   51   49   49   49
   48   47   47   46   44   41   39   38   38   38   38   41   47   57   67   76
   84   92  100  110  120  132  145  161  175
    12.5-180.0 180.0   5.0 450.0                            LAT/LON1/LON2/DLON/H
  183  196  213  228  238  240  236  228  223  217  212  199  183  168  154  144
  136  127  118  111  106  103  101  100   99   99   99   99  101  104  103  101
   99   91   82   76   74   71   68   65   61   56   53   50   48   48   48   48
   47   46   46   45   43   40   38   38   37   37   37   41   47   57   69   78
   86   95  105  115  126  139  152  169  183
    10.0-180.0 180.0   5.0 450.0                            LAT/LON1/LON2/DLON/H
  187  199  214  232  244  253  253  250  248  247  239  226  208  188  171  157
  147  138  128  120  115  112  110  109  109  109  108  106  106  105  103  102
   98   91   82   77   76   74   71   66   61   57   52   49   48   47   48   47
   46   45   44   43   41   39   38   37   38   37   38   41   48   58   70   78
   87   98  109  121  133  145  159  174  187
     7.5-180.0 180.0   5.0 450.0                            LAT/LON1/LON2/DLON/H
  189  199  210  224  236  246  253  256  260  263  259  248  230  209  189  173
  161  150  140  132  126  122  120  119  119  119  117  113  109  105  103  102
   98   91   85   81   80   80   76   72   65   60   55   50   48   48   48   47
   45   44   43   42   40   39   38   38   39   39   39   43   51   60   71   80
   88  100  112  124  137  150  163  177  189
     5.0-180.0 180.0   5.0 450.0                            LAT/LON1/LON2/DLON/H
  190  199  206  215  224  232  239  247  254  263  265  259  244  225  206  189
  175  163  153  145  138  133  129  128  128  127  124  118  113  108  105  102
   99   94   90   89   89   88   85   79   72   65   58   53   51   51   50   48
   47   45   44   42   40   39   39   40   41   41   42   46   54   64   73   81
   90  101  113  126  138  152  166  179  190
     2.5-180.0 180.0   5.0 450.0                            LAT/LON1/LON2/DLON/H
  192  200  206  210  215  219  223  231  240  250  257  256  247  234  219  204
  191  178  167  159  152  145  140  137  136  134  130  123  117  112  109  105
  102   99   98   98   99   98   94   87   78   70   63   57   56   55   53   51
   49   47   45   43   41   40   41   43   44   43   44   49   59   68   76   83
   91  100  112  125  138  153  167  181  192
