DORISInput/IGSGIM/2019/igsg3630.19i
     1.0            IONOSPHERE MAPS     MIX                 IONEX VERSION / TYPE
cmpcmb v1.2          GRL/UWM            16-jan-20 12:43     PGM / RUN BY / DATE 
ionex file containing IGS COMBINED Ionosphere maps          COMMENT             
global ionosphere maps for day 363, 2019                    DESCRIPTION         
IONEX file containing the COMBINED IGS TEC MAPS and DCBs    DESCRIPTION         
      IONEX files of the following IAACs were combined: cod DESCRIPTION         
                                                        esa DESCRIPTION         
                                                        jpl DESCRIPTION         
                                                        upc DESCRIPTION         
Contact address: Andrzej Krankowski                         DESCRIPTION
                 Geodynamics Research Laboratory            DESCRIPTION
                 University of Warmia and Mazury (GRL/UWM)  DESCRIPTION
                 Oczapowski St. 1                           DESCRIPTION
                 10-957-Olsztyn, POLAND                     DESCRIPTION
                 e-mail:  kand@uwm.edu.pl                   DESCRIPTION
                                                            DESCRIPTION         
  2019    12    29     0     0     0                        EPOCH OF FIRST MAP  
  2019    12    30     0     0     0                        EPOCH OF LAST MAP   
  7200                                                      INTERVAL            
    13                                                      # OF MAPS IN FILE   
  COSZ                                                      MAPPING FUNCTION    
     0.0                                                    ELEVATION CUTOFF    
combined TEC calculated as weighted mean of input TEC valuesOBSERVABLES USED    
   394                                                      # OF STATIONS       
    32                                                      # OF SATELLITES     
  6371.0                                                    BASE RADIUS         
     2                                                      MAP DIMENSION       
   450.0 450.0   0.0                                        HGT1 / HGT2 / DHGT  
    87.5 -87.5  -2.5                                        LAT1 / LAT2 / DLAT  
  -180.0 180.0   5.0                                        LON1 / LON2 / DLON  
    -1                                                      EXPONENT            
TEC values in 0.1 tec units;  9999, if no value available   COMMENT             
DCB values in nanoseconds, reference is Sum_of_SatDCBs = 0  COMMENT             
                                                            END OF HEADER       
[from data line 4719]
    12                                                      START OF TEC MAP    
  2019    12    29    22     0     0                        EPOCH OF CURRENT MAP
    87.5-180.0 180.0   5.0 450.0                            LAT/LON1/LON2/DLON/H
   14   14   14   15   15   15   15   15   16   16   16   16   16   16   16   16
   15   15   15   14   14   14   14   13   13   13   13   12   12   12   12   12
   11   11   11   11   11   11   11   11   11   11   11   11   11   11   11   11
   11   11   11   11   12   12   12   12   12   12   12   12   12   12   13   12
   13   13   13   13   13   13   14   14   14
    85.0-180.0 180.0   5.0 450.0                            LAT/LON1/LON2/DLON/H
   16   16   17   18   18   18   19   19   20   20   20   20   20   20   20   20
   19   19   19   18   17   17   16   15   14   14   13   13   13   12   12   11
   11   11   11   11   11   11   11   11   11   11   11   11   11   11   12   12
   12   12   12   12   12   13   13   13   13   13   13   12   12   12   12   12
   12   12   13   13   14   14   15   15   16
    82.5-180.0 180.0   5.0 450.0                            LAT/LON1/LON2/DLON/H
   15   16   17   18   19   19   20   21   22   22   23   23   23   23   23   23
   22   22   21   21   20   19   18   17   15   15   14   13   12   12   11   11
   11   11   10   11   10   10   11   11   11   11   11   12   12   12   12   12
   13   12   13   13   13   13   13   13   13   13   13   12   12   11   11   11
   11   11   11   12   12   13   13   15   15
    80.0-180.0 180.0   5.0 450.0                            LAT/LON1/LON2/DLON/H
   13   15   16   18   19   20   21   22   23   24   25   26   26   27   27   26
   26   25   25   23   22   21   20   18   17   15   14   13   13   12   12   11
   11   11   11   11   10   10   10   10   10   10   11   12   12   13   13   14
   14   14   14   14   14   13   13   13   13   12   12   12   11   11   11   11
   10    9    9   10   10   11   12   12   13
    77.5-180.0 180.0   5.0 450.0                            LAT/LON1/LON2/DLON/H
   12   14   16   17   19   20   22   23   24   25   26   27   28   29   29   29
   28   28   27   26   25   23   21   19   18   16   15   14   12   12   12   11
   11   11   11   12   12   12   11   11   11   12   12   13   13   14   15   15
   15   16   16   16   15   14   13   13   12   11   11   11   10   10    9    9
    9    8    8    9    9    9   10   11   12
    75.0-180.0 180.0   5.0 450.0                            LAT/LON1/LON2/DLON/H
   13   15   17   18   20   21   23   24   25   26   27   29   29   29   29   29
   30   29   29   28   26   26   22   21   18   17   16   14   14   14   13   13
   13   13   14   13   13   13   13   12   13   13   13   14   14   14   15   16
   16   17   17   16   16   15   13   12   12   11   10   10    9    9    8    8
    8    8    8    9    9    9   10   11   13
    72.5-180.0 180.0   5.0 450.0                            LAT/LON1/LON2/DLON/H
   16   18   19   21   23   25   26   26   27   28   29   29   29   29   29   29
   30   29   29   28   27   25   23   21   19   18   17   15   14   13   15   16
   16   15   15   15   15   14   14   13   13   13   12   13   14   14   14   15
   15   16   16   16   16   15   14   14   13   11   10    9    9    9    8    9
    9    9    9   10   10   11   12   14   16
    70.0-180.0 180.0   5.0 450.0                            LAT/LON1/LON2/DLON/H
   20   23   25   27   28   29   30   30   30   30   30   29   29   29   29   29
   29   28   27   27   25   24   22   20   20   19   17   16   15   13   14   15
   16   16   15   16   15   15   14   13   12   11   11   12   12   13   13   14
   14   15   15   16   15   15   14   15   14   13   11   10   11   11   11   11
   11   11   11   12   13   14   16   18   20
    67.5-180.0 180.0   5.0 450.0                            LAT/LON1/LON2/DLON/H
   27   30   32   34   35   36   35   35   34   33   32   30   30   29   28   27
   27   26   25   24   24   23   21   19   19   18   16   15   15   14   13   14
   15   15   15   15   15   14   12   11   10   10   10   11   11   12   13   14
   15   16   17   17   17   16   16   15   15   14   13   13   14   14   14   15
   15   15   16   17   17   19   21   24   27
    65.0-180.0 180.0   5.0 450.0                            LAT/LON1/LON2/DLON/H
   35   38   40   42   43   43   42   41   40   38   36   34   32   30   29   28
   26   26   24   23   22   21   19   17   17   16   14   13   14   15   14   13
   14   14   15   14   14   13   12   11   10   10   10   11   12   13   15   16
   18   20   20   21   20   19   17   16   16   15   15   16   17   16   17   18
   19   20   20   21   23   26   28   32   35
    62.5-180.0 180.0   5.0 450.0                            LAT/LON1/LON2/DLON/H
   43   46   49   50   50   50   49   47   46   44   42   39   36   34   32   30
   28   26   24   23   21   19   17   15   15   14   13   12   13   14   14   13
   13   14   14   14   14   13   13   13   12   12   13   15   17   19   21   23
   24   25   26   25   23   21   19   18   18   18   18   19   20   20   20   21
   22   23   25   26   29   32   35   39   43
    60.0-180.0 180.0   5.0 450.0                            LAT/LON1/LON2/DLON/H
   49   52   55   56   57   56   55   53   52   50   48   45   43   40   37   34
   32   29   27   25   22   19   16   14   14   14   13   13   13   13   14   13
   13   14   14   15   15   16   16   17   18   19   21   23   25   27   29   31
   32   33   32   30   27   25   23   22   22   22   22   22   23   24   24   24
   25   27   28   30   33   37   41   45   49
    57.5-180.0 180.0   5.0 450.0                            LAT/LON1/LON2/DLON/H
   54   58   60   61   61   61   60   59   57   56   54   52   50   47   43   39
   36   34   30   27   24   20   17   15   14   14   14   14   14   14   14   14
   14   15   16   17   19   21   23   25   27   29   31   35   36   38   40   41
   41   40   39   36   32   30   28   27   26   27   26   26   27   27   26   27
   28   30   32   34   38   41   46   50   54
    55.0-180.0 180.0   5.0 450.0                            LAT/LON1/LON2/DLON/H
   58   61   63   65   64   64   63   63   62   61   60   59   56   53   50   45
   41   38   35   31   27   23   20   17   17   16   16   16   16   16   16   16
   17   19   20   23   25   28   31   34   38   41   43   46   48   50   51   51
   50   47   45   42   38   35   33   31   31   31   31   30   30   29   28   29
   30   32   35   38   42   45   50   54   58
    52.5-180.0 180.0   5.0 450.0                            LAT/LON1/LON2/DLON/H
   62   65   67   68   67   67   66   66   67   66   66   65   63   60   55   51
   47   43   40   35   32   27   24   21   20   20   20   19   20   20   20   21
   22   24   26   29   33   37   42   45   49   53   56   58   60   61   61   60
   58   55   51   48   43   39   37   35   34   34   35   34   33   31   30   30
   31   33   38   41   45   50   54   58   62
    50.0-180.0 180.0   5.0 450.0                            LAT/LON1/LON2/DLON/H
   65   68   70   71   71   71   71   71   71   71   70   70   68   65   61   56
   52   49   45   41   37   33   30   28   27   27   27   27   27   27   27   28
   28   30   33   37   41   46   51   56   59   63   66   67   68   68   68   66
   64   61   57   53   48   44   40   38   36   36   36   36   36   35   33   32
   33   35   39   44   48   53   57   61   65
    47.5-180.0 180.0   5.0 450.0                            LAT/LON1/LON2/DLON/H
   69   72   74   75   76   77   77   77   76   76   75   74   73   70   66   62
   58   54   51   47   43   40   38   37   36   36   37   37   36   36   35   36
   35   37   39   43   48   54   59   63   67   70   72   73   73   72   71   69
   68   65   61   57   52   47   43   40   38   37   38   38   39   38   36   35
   36   38   42   46   51   56   61   64   69
    45.0-180.0 180.0   5.0 450.0                            LAT/LON1/LON2/DLON/H
   72   76   78   80   83   84   85   84   83   82   81   79   77   75   72   68
   64   61   57   54   51   49   47   47   47   48   47   46   46   45   43   43
   42   43   46   50   55   60   64   68   72   74   75   74   74   73   72   72
   69   67   63   59   55   50   46   43   41   40   40   41   41   40   39   39
   40   43   46   49   53   58   63   67   72
    42.5-180.0 180.0   5.0 450.0                            LAT/LON1/LON2/DLON/H
   74   79   83   87   90   93   94   93   92   90   86   83   81   79   77   74
   71   68   65   62   60   58   57   58   57   58   57   56   54   52   50   50
   49   49   51   55   59   63   67   70   73   74   75   74   74   73   73   73
   71   69   66   62   57   52   48   45   44   44   44   45   44   44   43   44
   46   48   51   54   57   60   64   69   74
    40.0-180.0 180.0   5.0 450.0                            LAT/LON1/LON2/DLON/H
   76   82   87   92   97  101  103  102  101   98   92   88   86   84   83   81
   78   75   72   70   68   67   66   67   67   66   65   63   61   58   57   55
   53   54   55   58   62   66   68   71   73   74   75   74   73   73   73   74
   73   70   68   63   58   53   49   47   47   47   47   48   48   47   47   49
   51   54   57   59   60   62   66   71   76
    37.5-180.0 180.0   5.0 450.0                            LAT/LON1/LON2/DLON/H
   78   84   90   96  102  107  110  111  109  105   99   93   91   90   89   88
   85   82   80   77   75   74   74   74   73   72   70   68   66   63   60   58
   56   57   58   61   64   67   69   71   73   75   76   75   74   73   74   74
   72   70   67   63   59   54   51   49   48   48   49   49   50   50   51   53
   56   60   63   64   64   64   67   72   78
    35.0-180.0 180.0   5.0 450.0                            LAT/LON1/LON2/DLON/H
   78   84   91   98  105  110  115  116  115  110  103   98   95   95   94   94
   92   89   86   84   82   80   79   78   76   75   73   71   68   65   62   59
   58   59   60   63   67   69   70   72   74   76   78   78   76   74   74   73
   71   68   64   61   57   53   51   49   48   49   50   50   51   52   54   58
   62   66   69   68   67   67   69   73   78
    32.5-180.0 180.0   5.0 450.0                            LAT/LON1/LON2/DLON/H
   80   85   91   98  104  110  116  119  118  113  108  103  100  100   99   98
   96   94   91   88   86   84   81   78   75   73   71   69   67   64   62   60
   60   61   64   67   69   70   71   73   75   78   80   79   77   74   72   70
   68   65   60   57   54   52   50   49   48   48   49   50   51   53   56   60
   66   71   74   74   71   70   72   75   80
    30.0-180.0 180.0   5.0 450.0                            LAT/LON1/LON2/DLON/H
   82   87   92   97  102  109  115  119  120  116  112  107  104  103  103  101
   99   96   94   91   88   85   79   75   72   69   67   66   65   64   63   64
   64   65   68   70   71   72   72   73   76   79   81   80   76   73   70   68
   65   61   57   53   50   49   49   48   47   47   48   49   51   53   56   63
   69   75   78   78   77   76   77   79   82
    27.5-180.0 180.0   5.0 450.0                            LAT/LON1/LON2/DLON/H
   88   92   96  100  103  108  115  121  123  122  117  113  109  107  106  104
  101   97   95   92   88   83   77   73   69   65   63   63   64   66   67   69
   69   70   72   72   73   72   72   73   75   77   79   77   73   70   67   64
   61   57   53   50   47   46   46   46   46   46   46   47   49   52   56   63
   72   78   82   83   83   83   83   85   88
    25.0-180.0 180.0   5.0 450.0                            LAT/LON1/LON2/DLON/H
   96  100  103  107  109  113  120  127  132  131  127  122  117  113  109  106
  102   99   96   92   87   81   76   71   66   63   62   63   67   71   74   74
   74   74   75   75   73   72   71   71   72   72   72   70   67   64   61   59
   56   52   49   45   43   42   43   43   43   44   44   44   47   51   57   65
   73   81   86   89   90   90   92   94   96
    22.5-180.0 180.0   5.0 450.0                            LAT/LON1/LON2/DLON/H
  106  111  115  119  121  125  132  141  147  148  143  137  129  122  115  109
  104  101   98   94   88   81   76   71   66   65   64   67   72   78   81   82
   80   78   77   76   73   71   69   68   66   66   65   61   58   56   54   53
   51   48   44   41   39   38   39   39   40   42   42   42   44   49   57   66
   76   84   89   94   97   99  101  104  106
    20.0-180.0 180.0   5.0 450.0                            LAT/LON1/LON2/DLON/H
  118  124  130  136  140  146  154  164  170  171  166  158  147  136  124  116
  110  105  102   97   91   85   79   75   71   70   71   75   81   86   89   88
   86   82   78   75   70   67   63   61   58   57   55   51   49   48   48   48
   47   45   42   39   36   35   36   36   37   38   39   39   43   48   57   69
   79   88   94   99  104  107  111  114  118
    17.5-180.0 180.0   5.0 450.0                            LAT/LON1/LON2/DLON/H
  130  138  147  156  162  171  182  196  201  202  197  185  171  155  138  127
  119  113  109  104   97   91   86   83   80   80   81   86   91   95   96   94
   90   84   77   71   65   60   56   53   50   48   46   43   41   41   43   45
   46   44   42   38   36   34   34   35   35   37   37   37   41   49   60   72
   83   92   99  106  112  117  122  126  130
    15.0-180.0 180.0   5.0 450.0                            LAT/LON1/LON2/DLON/H
  144  152  163  176  187  198  214  230  238  237  231  215  197  179  159  144
  134  127  120  114  107  101   97   95   93   93   94   97  102  104  103   99
   91   83   74   67   59   53   49   46   43   41   39   37   36   37   40   43
   45   46   43   40   37   34   34   35   35   36   36   37   41   51   63   77
   89   98  107  115  121  128  133  137  144
    12.5-180.0 180.0   5.0 450.0                            LAT/LON1/LON2/DLON/H
  156  164  177  192  207  222  240  258  270  271  260  246  227  206  184  164
  153  145  136  129  121  114  112  110  109  110  109  109  110  110  106   99
   89   80   70   62   54   49   45   42   40   38   36   34   34   36   40   43
   46   46   44   41   38   35   34   34   35   36   36   38   42   53   67   81
   93  105  115  123  131  137  144  148  156
    10.0-180.0 180.0   5.0 450.0                            LAT/LON1/LON2/DLON/H
  165  173  185  201  218  235  255  276  291  291  281  268  252  231  209  186
  174  165  156  148  138  132  128  127  126  124  122  118  115  111  104   94
   84   76   68   61   55   50   47   44   42   40   38   36   36   38   41   44
   46   46   45   42   39   36   34   35   36   37   36   38   44   55   69   84
   97  110  122  130  138  146  152  158  165
     7.5-180.0 180.0   5.0 450.0                            LAT/LON1/LON2/DLON/H
  170  178  188  203  219  236  255  275  290  294  288  278  265  249  227  206
  192  183  175  168  157  150  146  143  140  136  130  123  116  108   99   89
   81   75   69   65   61   57   54   51   48   46   43   41   40   41   43   45
   46   46   45   42   39   37   36   37   38   38   37   39   45   57   72   86
  100  112  124  134  143  152  159  165  170
     5.0-180.0 180.0   5.0 450.0                            LAT/LON1/LON2/DLON/H
  174  181  189  201  215  229  243  258  271  278  278  274  267  255  238  220
  206  199  193  184  175  167  162  158  152  145  136  126  115  104   94   87
   82   78   75   73   71   68   65   62   58   54   50   47   45   45   46   46
   46   46   45   43   40   39   38   39   40   40   39   41   48   60   74   88
  100  112  124  134  144  153  161  168  174
     2.5-180.0 180.0   5.0 450.0                            LAT/LON1/LON2/DLON/H
  175  182  188  197  209  219  229  237  247  253  255  256  256  250  239  225
  214  208  204  196  188  179  173  170  162  152  140  126  113  102   94   90
   88   87   87   86   84   82   78   74   68   62   57   55   52   51   50   48
   46   45   45   44   42   42   42   43   42   42   41   44   51   63   77   88
   99  109  120  131  141  151  160  168  175
