DORISInput/IGSGIM/2019/igsg3480.19i
     1.0            IONOSPHERE MAPS     MIX                 IONEX VERSION / TYPE
cmpcmb v1.2          GRL/UWM            27-dec-19 12:48     PGM / RUN BY / DATE 
ionex file containing IGS COMBINED Ionosphere maps          COMMENT             
global ionosphere maps for day 348, 2019                    DESCRIPTION         
IONEX file containing the COMBINED IGS TEC MAPS and DCBs    DESCRIPTION         
      IONEX files of the following IAACs were combined: cod DESCRIPTION         
                                                        esa DESCRIPTION         
                                                        jpl DESCRIPTION         
                                                        upc DESCRIPTION         
Contact address: Andrzej Krankowski                         DESCRIPTION
                 Geodynamics Research Laboratory            DESCRIPTION
                 University of Warmia and Mazury (GRL/UWM)  DESCRIPTION
                 Oczapowski St. 1                           DESCRIPTION
                 10-957-Olsztyn, POLAND                     DESCRIPTION
                 e-mail:  kand@uwm.edu.pl                   DESCRIPTION
                                                            DESCRIPTION         
  2019    12    14     0     0     0                        EPOCH OF FIRST MAP  
  2019    12    15     0     0     0                        EPOCH OF LAST MAP   
  7200                                                      INTERVAL            
    13                                                      # OF MAPS IN FILE   
  COSZ                                                      MAPPING FUNCTION    
     0.0                                                    ELEVATION CUTOFF    
combined TEC calculated as weighted mean of input TEC valuesOBSERVABLES USED    
   394                                                      # OF STATIONS       
    32                                                      # OF SATELLITES     
  6371.0                                                    BASE RADIUS         
     2                                                      MAP DIMENSION       
   450.0 450.0   0.0                                        HGT1 / HGT2 / DHGT  
    87.5 -87.5  -2.5                                        LAT1 / LAT2 / DLAT  
  -180.0 180.0   5.0                                        LON1 / LON2 / DLON  
    -1                                                      EXPONENT            
TEC values in 0.1 tec units;  9999, if no value available   COMMENT             
DCB values in nanoseconds, reference is Sum_of_SatDCBs = 0  COMMENT             
                                                            END OF HEADER       
[from data line 4719]
    12                                                      START OF TEC MAP    
  2019    12    14    22     0     0                        EPOCH OF CURRENT MAP
    87.5-180.0 180.0   5.0 450.0                            LAT/LON1/LON2/DLON/H
   22   22   23   23   23   23   23   23   23   23   23   23   23   23   23   23
   23   22   22   22   22   22   21   21   20   20   20   19   19   19   19   18
   18   18   18   17   17   17   17   17   17   16   16   17   16   17   17   17
   17   17   17   17   18   18   18   18   18   18   18   19   19   19   19   19
   20   20   20   21   21   21   21   22   22
    85.0-180.0 180.0   5.0 450.0                            LAT/LON1/LON2/DLON/H
   24   24   24   25   25   25   25   25   25   25   25   25   25   25   25   25
   25   25   25   25   24   24   23   22   21   21   20   20   19   19   18   17
   17   16   16   16   15   15   15   15   15   15   15   15   15   15   15   15
   16   16   16   17   17   17   18   18   18   18   18   19   19   19   19   20
   20   21   21   22   22   23   23   24   24
    82.5-180.0 180.0   5.0 450.0                            LAT/LON1/LON2/DLON/H
   23   23   24   24   24   25   25   26   26   27   27   27   28   28   28   28
   28   28   27   27   26   26   25   24   23   23   22   20   20   20   19   19
   18   17   17   16   16   15   14   14   14   14   14   14   15   15   15   15
   15   16   16   17   17   18   19   19   19   19   19   19   19   19   19   19
   20   20   20   21   21   22   22   23   23
    80.0-180.0 180.0   5.0 450.0                            LAT/LON1/LON2/DLON/H
   20   21   21   22   22   23   24   25   26   28   29   29   29   29   29   29
   29   30   30   30   30   29   28   26   26   25   24   23   22   20   19   18
   17   16   16   15   14   15   15   15   14   14   14   14   14   15   16   17
   17   17   17   17   18   19   20   20   20   19   19   19   18   18   17   17
   18   18   18   18   18   19   20   20   20
    77.5-180.0 180.0   5.0 450.0                            LAT/LON1/LON2/DLON/H
   18   18   20   21   22   24   25   27   28   29   29   30   31   32   32   33
   33   32   32   32   31   30   31   31   29   28   27   25   23   22   20   19
   18   17   16   16   15   14   13   14   14   15   15   15   15   15   16   17
   18   19   19   18   19   19   19   19   19   18   17   17   16   15   15   15
   15   15   14   15   15   16   16   17   18
    75.0-180.0 180.0   5.0 450.0                            LAT/LON1/LON2/DLON/H
   17   19   20   21   23   24   25   27   28   29   31   32   33   34   34   35
   35   34   34   34   33   33   33   31   31   29   27   26   25   23   21   20
   19   18   16   15   14   13   13   13   12   13   13   15   15   16   17   17
   18   19   19   18   18   18   18   18   17   16   15   14   13   13   12   12
   12   12   12   12   13   14   15   15   17
    72.5-180.0 180.0   5.0 450.0                            LAT/LON1/LON2/DLON/H
   19   21   22   24   25   27   28   29   30   32   33   34   34   35   35   35
   34   35   36   34   34   35   34   32   31   29   27   26   24   22   20   18
   17   16   15   14   13   12   12   11   11   12   12   14   14   15   16   16
   17   17   17   17   17   17   16   16   15   14   13   13   12   12   11   11
   11   11   11   12   13   14   15   17   19
    70.0-180.0 180.0   5.0 450.0                            LAT/LON1/LON2/DLON/H
   23   26   27   29   30   31   32   33   34   35   36   36   36   36   35   34
   33   34   33   33   33   33   33   31   30   28   26   25   23   20   18   16
   15   14   13   12   11   10    9    9    9   10   10   11   12   13   14   14
   15   15   15   16   16   16   16   16   15   14   14   13   13   13   12   11
   11   12   12   13   15   16   18   21   23
    67.5-180.0 180.0   5.0 450.0                            LAT/LON1/LON2/DLON/H
   30   32   34   36   37   38   37   38   39   39   39   39   38   37   36   34
   33   32   30   30   29   29   29   29   26   26   23   22   20   17   14   14
   12   11   11   10    9    8    7    7    7    9    9   11   12   12   13   13
   14   15   16   16   17   17   17   17   16   16   16   15   15   15   14   13
   14   14   15   17   19   21   24   28   30
    65.0-180.0 180.0   5.0 450.0                            LAT/LON1/LON2/DLON/H
   39   41   44   45   46   46   45   45   45   44   44   42   41   39   38   35
   32   30   28   27   26   25   25   24   23   22   19   17   15   12   10    9
    9    9    8    8    7    7    7    7    8    9   10   11   12   13   14   14
   16   17   19   20   19   20   19   19   18   18   17   17   17   17   17   17
   17   18   20   22   24   28   31   36   39
    62.5-180.0 180.0   5.0 450.0                            LAT/LON1/LON2/DLON/H
   48   51   54   55   55   55   54   53   52   50   49   48   45   43   40   36
   34   31   28   26   24   23   22   21   20   18   15   12   11    9    8    8
    8    8    8    8    8    9    9    9   10   11   13   15   17   18   18   18
   18   21   23   24   23   23   22   21   21   19   19   20   20   21   21   21
   22   23   24   27   31   35   39   44   48
    60.0-180.0 180.0   5.0 450.0                            LAT/LON1/LON2/DLON/H
   57   60   62   64   65   64   63   61   59   57   55   53   50   47   44   41
   37   34   31   28   25   22   20   19   17   15   12   11    9    9    8    9
    9   10    9   10   11   11   12   14   16   18   20   23   24   25   24   24
   25   26   27   28   28   26   25   24   23   22   23   24   25   25   25   25
   27   27   29   31   36   41   47   51   57
    57.5-180.0 180.0   5.0 450.0                            LAT/LON1/LON2/DLON/H
   64   67   71   73   73   72   71   69   66   64   61   58   54   52   50   46
   43   38   34   30   26   22   20   19   16   15   13   11   11   10   10   11
   12   13   14   15   17   18   20   23   25   28   30   32   33   33   33   32
   33   33   33   34   33   31   30   28   27   26   26   27   28   29   29   29
   30   31   33   35   41   47   53   58   64
    55.0-180.0 180.0   5.0 450.0                            LAT/LON1/LON2/DLON/H
   69   73   77   79   80   80   78   76   73   69   65   62   59   56   55   52
   48   43   38   33   28   24   21   20   18   17   16   15   14   14   15   16
   18   21   22   23   25   27   30   33   36   38   40   42   43   43   42   42
   41   41   41   41   39   38   36   33   32   30   30   30   31   32   32   32
   33   34   36   40   45   51   58   63   69
    52.5-180.0 180.0   5.0 450.0                            LAT/LON1/LON2/DLON/H
   72   77   81   83   85   85   84   82   79   75   70   65   62   60   58   57
   54   49   43   38   32   27   24   22   22   21   21   20   19   20   22   24
   27   30   32   33   35   38   41   44   47   49   51   52   52   52   51   51
   50   50   50   49   47   45   42   39   36   34   33   33   33   33   33   33
   34   36   39   43   49   54   61   67   72
    50.0-180.0 180.0   5.0 450.0                            LAT/LON1/LON2/DLON/H
   74   79   83   86   89   90   89   87   84   79   74   69   65   63   62   61
   59   54   48   42   36   31   28   27   26   27   27   28   28   30   31   34
   36   39   41   43   45   48   51   54   56   58   59   60   60   60   58   58
   58   58   58   56   54   51   47   44   40   37   36   35   33   33   33   34
   35   38   42   46   51   58   64   69   74
    47.5-180.0 180.0   5.0 450.0                            LAT/LON1/LON2/DLON/H
   76   80   85   89   92   94   94   92   89   85   79   73   69   66   65   65
   63   60   54   48   41   37   34   33   34   35   36   37   38   40   41   43
   45   48   49   50   53   56   59   62   64   65   65   65   65   65   64   63
   63   63   62   61   59   55   51   47   43   40   38   35   34   33   33   35
   37   40   44   49   54   60   67   71   76
    45.0-180.0 180.0   5.0 450.0                            LAT/LON1/LON2/DLON/H
   77   82   88   92   94   97   98   98   95   91   84   78   73   70   69   68
   67   65   60   54   48   44   41   41   42   43   44   45   46   47   48   49
   51   53   55   57   59   63   66   68   68   68   68   68   67   67   67   67
   67   68   66   65   62   59   54   49   45   42   40   37   36   35   35   37
   40   44   48   52   57   62   68   72   77
    42.5-180.0 180.0   5.0 450.0                            LAT/LON1/LON2/DLON/H
   78   84   90   94   98  101  104  104  102   97   91   84   79   75   72   72
   71   70   67   62   57   52   50   49   50   51   52   52   53   53   53   54
   55   57   58   60   63   66   69   70   71   70   69   69   69   69   70   70
   71   72   71   69   66   62   57   51   47   45   43   40   39   38   39   41
   45   50   53   58   62   67   71   74   78
    40.0-180.0 180.0   5.0 450.0                            LAT/LON1/LON2/DLON/H
   81   85   91   96  100  104  108  109  109  104   99   92   86   81   78   76
   75   75   73   70   65   61   58   57   58   57   59   59   58   57   58   58
   58   59   61   63   65   68   70   72   72   72   71   70   71   71   73   73
   74   74   73   71   67   63   58   53   50   48   46   44   42   43   44   47
   51   56   60   64   67   71   74   77   81
    37.5-180.0 180.0   5.0 450.0                            LAT/LON1/LON2/DLON/H
   84   87   92   97  101  107  111  114  114  112  108  101   95   89   84   81
   80   79   79   77   74   70   66   64   64   64   64   65   64   62   61   60
   60   60   62   64   66   69   72   73   73   74   73   73   73   73   74   74
   74   74   73   69   65   61   57   53   52   50   49   48   47   47   49   53
   58   63   67   70   74   76   79   81   84
    35.0-180.0 180.0   5.0 450.0                            LAT/LON1/LON2/DLON/H
   87   90   93   97  102  107  112  116  119  119  116  111  104   98   92   88
   85   84   85   84   82   78   74   70   69   68   68   68   68   65   64   62
   61   62   64   66   68   70   72   73   75   75   75   76   75   75   75   73
   73   72   70   66   62   58   55   53   53   52   52   51   50   52   55   60
   66   71   74   77   80   82   84   85   87
    32.5-180.0 180.0   5.0 450.0                            LAT/LON1/LON2/DLON/H
   91   93   95   98  102  106  111  117  120  122  122  119  114  107  101   95
   91   89   89   90   88   85   81   76   72   72   72   71   70   68   66   65
   64   65   67   68   71   71   73   74   76   77   78   79   77   76   74   73
   71   69   66   63   59   56   53   53   53   54   53   52   53   55   59   65
   71   77   81   84   86   87   89   91   91
    30.0-180.0 180.0   5.0 450.0                            LAT/LON1/LON2/DLON/H
   98   98   98   99  101  104  109  115  120  123  126  124  121  115  108  102
   97   94   93   94   92   89   84   79   75   75   75   74   73   72   71   70
   69   70   71   73   74   73   73   75   77   79   79   79   77   76   74   71
   68   66   63   60   57   54   52   52   53   53   52   52   53   56   62   69
   76   82   86   89   91   93   95   97   98
    27.5-180.0 180.0   5.0 450.0                            LAT/LON1/LON2/DLON/H
  105  105  104  102  102  103  107  112  117  122  126  127  126  122  115  109
  104  100   97   96   93   89   84   79   77   78   78   78   78   78   78   77
   76   76   77   78   77   75   75   76   77   78   79   78   75   74   71   69
   65   62   59   57   54   51   49   49   50   51   51   51   53   57   63   71
   78   84   89   94   96   99  101  104  105
    25.0-180.0 180.0   5.0 450.0                            LAT/LON1/LON2/DLON/H
  114  114  112  108  106  105  107  109  114  120  125  128  128  126  121  115
  109  105  101   98   94   88   83   80   78   80   82   83   84   85   86   85
   84   83   83   82   80   78   76   76   76   76   76   74   72   70   67   64
   60   57   55   53   50   47   45   46   47   48   48   49   51   56   63   72
   79   85   91   96  100  104  108  112  114
    22.5-180.0 180.0   5.0 450.0                            LAT/LON1/LON2/DLON/H
  123  124  121  117  113  111  111  112  115  120  125  129  130  129  126  121
  116  110  104   99   93   87   83   81   81   83   86   89   91   94   94   93
   93   90   88   86   83   79   76   75   73   72   71   69   67   65   62   59
   54   52   50   49   46   43   41   42   44   45   45   45   48   54   63   72
   80   86   93   98  104  109  115  120  123
    20.0-180.0 180.0   5.0 450.0                            LAT/LON1/LON2/DLON/H
  132  134  132  128  125  123  121  121  122  125  130  133  134  133  130  126
  121  114  106  100   94   89   85   86   86   88   92   95   99  103  103  102
  101   97   93   90   86   79   75   72   69   67   65   62   60   58   56   53
   49   47   46   45   44   41   40   40   41   42   42   43   46   53   63   72
   80   88   95  102  108  114  122  128  132
    17.5-180.0 180.0   5.0 450.0                            LAT/LON1/LON2/DLON/H
  142  144  142  139  137  136  136  136  136  138  139  141  140  139  136  132
  127  119  111  104   97   93   91   93   95   96   99  103  107  112  112  112
  108  102   97   93   87   79   74   70   65   60   56   54   52   51   50   48
   45   43   43   43   42   40   40   40   41   41   41   41   45   54   63   73
   82   90   99  107  115  122  130  137  142
    15.0-180.0 180.0   5.0 450.0                            LAT/LON1/LON2/DLON/H
  153  155  155  154  152  152  154  156  156  156  156  155  152  149  145  142
  136  127  117  110  104  101  100  103  105  108  109  112  116  120  121  118
  113  105   99   93   86   79   73   67   61   54   49   46   45   45   46   45
   43   42   42   42   42   41   41   41   41   41   40   41   46   55   65   75
   84   94  103  114  123  130  138  147  153
    12.5-180.0 180.0   5.0 450.0                            LAT/LON1/LON2/DLON/H
  164  168  171  170  170  171  176  178  178  178  177  175  169  164  158  154
  147  138  128  120  115  114  114  116  118  120  120  121  123  125  125  121
  115  106   99   92   85   79   73   67   59   50   45   40   40   42   44   44
   42   41   41   42   42   41   41   41   41   40   40   42   47   57   67   77
   87   98  109  120  130  139  148  157  164
    10.0-180.0 180.0   5.0 450.0                            LAT/LON1/LON2/DLON/H
  175  180  183  186  188  192  195  198  199  200  200  196  189  182  174  167
  160  151  141  134  131  129  129  131  132  132  131  129  127  127  124  120
  112  104   97   91   85   80   74   68   60   51   44   38   38   41   43   44
   42   41   41   42   41   40   41   41   41   40   40   42   49   59   70   80
   90  102  114  125  136  146  156  166  175
     7.5-180.0 180.0   5.0 450.0                            LAT/LON1/LON2/DLON/H
  184  190  195  200  205  209  213  214  217  219  218  216  209  201  193  184
  175  166  156  151  148  145  144  145  145  143  139  134  129  127  123  118
  110  102   96   91   88   84   79   73   64   53   45   39   38   41   43   44
   43   42   42   41   40   40   40   41   41   41   41   44   52   62   73   83
   93  105  118  130  141  152  163  174  184
     5.0-180.0 180.0   5.0 450.0                            LAT/LON1/LON2/DLON/H
  191  198  204  210  216  222  225  227  229  231  233  232  227  220  213  203
  193  184  174  170  166  162  159  158  157  153  147  140  132  129  125  120
  112  104   99   96   93   90   86   79   69   58   50   43   41   44   46   46
   45   44   44   42   41   41   41   42   43   42   43   47   57   66   77   86
   96  107  119  131  144  155  167  179  191
     2.5-180.0 180.0   5.0 450.0                            LAT/LON1/LON2/DLON/H
  193  202  209  216  224  231  234  235  236  238  240  241  239  234  228  219
  211  202  194  189  184  179  173  170  168  163  156  147  139  135  131  127
  121  112  107  105  102   98   93   85   76   65   56   50   48   50   52   51
   48   47   46   44   42   41   42   44   44   43   44   50   59   69   80   89
   98  108  118  131  142  155  166  180  193
