DORISInput/IGSGIM/2019/igsg3550.19i
     1.0            IONOSPHERE MAPS     MIX                 IONEX VERSION / TYPE
cmpcmb v1.2          GRL/UWM             4-jan-20 13:55     PGM / RUN BY / DATE 
ionex file containing IGS COMBINED Ionosphere maps          COMMENT             
global ionosphere maps for day 355, 2019                    DESCRIPTION         
IONEX file containing the COMBINED IGS TEC MAPS and DCBs    DESCRIPTION         
      IONEX files of the following IAACs were combined: cod DESCRIPTION         
                                                        esa DESCRIPTION         
                                                        jpl DESCRIPTION         
                                                        upc DESCRIPTION         
Contact address: Andrzej Krankowski                         DESCRIPTION
                 Geodynamics Research Laboratory            DESCRIPTION
                 University of Warmia and Mazury (GRL/UWM)  DESCRIPTION
                 Oczapowski St. 1                           DESCRIPTION
                 10-957-Olsztyn, POLAND                     DESCRIPTION
                 e-mail:  kand@uwm.edu.pl                   DESCRIPTION
                                                            DESCRIPTION         
  2019    12    21     0     0     0                        EPOCH OF FIRST MAP  
  2019    12    22     0     0     0                        EPOCH OF LAST MAP   
  7200                                                      INTERVAL            
    13                                                      # OF MAPS IN FILE   
  COSZ                                                      MAPPING FUNCTION    
     0.0                                                    ELEVATION CUTOFF    
combined TEC calculated as weighted mean of input TEC valuesOBSERVABLES USED    
   393                                                      # OF STATIONS       
    32                                                      # OF SATELLITES     
  6371.0                                                    BASE RADIUS         
     2                                                      MAP DIMENSION       
   450.0 450.0   0.0                                        HGT1 / HGT2 / DHGT  
    87.5 -87.5  -2.5                                        LAT1 / LAT2 / DLAT  
  -180.0 180.0   5.0                                        LON1 / LON2 / DLON  
    -1                                                      EXPONENT            
TEC values in 0.1 tec units;  9999, if no value available   COMMENT             
DCB values in nanoseconds, reference is Sum_of_SatDCBs = 0  COMMENT             
                                                            END OF HEADER       
[from data line 4290]
    11                                                      START OF TEC MAP    
  2019    12    21    20     0     0                        EPOCH OF CURRENT MAP
    87.5-180.0 180.0   5.0 450.0                            LAT/LON1/LON2/DLON/H
   25   26   26   26   26   26   26   26   26   26   26   26   26   26   26   25
   25   25   24   24   23   23   23   22   21   21   20   20   19   19   19   18
   18   17   17   17   17   17   16   16   16   16   16   16   16   16   17   17
   17   18   18   18   19   19   19   20   20   21   21   21   21   22   22   23
   23   23   23   24   24   25   25   25   25
    85.0-180.0 180.0   5.0 450.0                            LAT/LON1/LON2/DLON/H
   28   28   29   29   29   29   29   29   29   29   29   29   29   29   29   28
   28   27   27   26   25   25   24   23   21   20   20   19   18   17   16   16
   15   14   14   14   13   13   13   13   13   13   13   14   14   14   14   15
   15   16   16   17   17   18   19   20   20   21   22   22   22   23   23   24
   24   25   25   26   26   27   28   28   28
    82.5-180.0 180.0   5.0 450.0                            LAT/LON1/LON2/DLON/H
   28   28   28   28   29   29   30   31   31   32   33   33   33   33   33   32
   31   31   30   29   27   26   24   23   22   20   19   18   17   15   14   13
   12   12   11   11   11   11   11   12   12   12   12   12   13   13   13   14
   14   15   16   17   18   19   20   21   22   22   23   23   23   24   24   25
   25   26   26   26   27   27   27   28   28
    80.0-180.0 180.0   5.0 450.0                            LAT/LON1/LON2/DLON/H
   25   26   26   26   27   28   29   30   31   32   33   34   34   34   34   34
   33   33   32   30   29   27   24   22   20   19   17   16   14   13   13   12
   11   11   11   11   11   11   11   11   12   12   12   12   12   13   14   14
   15   16   17   18   19   19   21   22   22   23   23   24   24   24   25   25
   25   25   25   25   25   25   25   25   25
    77.5-180.0 180.0   5.0 450.0                            LAT/LON1/LON2/DLON/H
   21   21   21   22   23   24   25   27   28   30   32   33   35   36   36   36
   36   34   33   31   29   28   25   22   20   18   17   16   14   13   13   12
   12   12   11   11   11   11   11   11   11   11   12   12   12   13   14   15
   16   17   18   18   19   19   20   21   22   22   23   22   23   23   23   23
   23   22   22   22   22   21   21   21   21
    75.0-180.0 180.0   5.0 450.0                            LAT/LON1/LON2/DLON/H
   16   16   17   18   19   20   22   24   26   28   30   33   35   36   38   38
   37   36   34   31   29   27   24   22   20   17   16   15   14   14   13   12
   12   12   12   13   12   12   11   11   11   11   11   12   12   13   15   16
   16   17   18   19   19   20   20   20   20   20   20   20   20   20   20   20
   19   19   19   18   17   17   17   16   16
    72.5-180.0 180.0   5.0 450.0                            LAT/LON1/LON2/DLON/H
   13   13   14   15   16   18   20   22   25   27   30   33   36   38   39   39
   39   36   33   31   29   26   25   21   19   17   16   15   14   14   14   14
   14   14   14   14   14   13   12   12   11   11   11   12   13   13   15   16
   16   17   18   18   19   18   18   18   18   18   18   18   18   17   17   17
   17   16   16   15   14   13   13   13   13
    70.0-180.0 180.0   5.0 450.0                            LAT/LON1/LON2/DLON/H
   11   12   13   15   16   18   20   23   25   28   32   35   38   39   41   40
   39   37   35   32   30   27   25   21   19   17   15   15   15   15   16   16
   14   14   14   14   14   13   12   11   11   11   11   11   12   13   14   15
   16   17   18   18   18   17   17   16   16   16   16   16   16   16   16   16
   15   15   14   13   12   11   11   11   11
    67.5-180.0 180.0   5.0 450.0                            LAT/LON1/LON2/DLON/H
   13   15   16   18   20   22   23   26   29   31   35   38   41   42   42   42
   41   39   37   34   31   28   25   22   19   17   15   14   14   14   15   15
   15   13   13   13   13   12   11   10   10   10   10   10   11   12   13   15
   16   17   17   17   16   16   16   15   15   15   16   16   16   16   17   17
   17   15   15   14   13   13   12   13   13
    65.0-180.0 180.0   5.0 450.0                            LAT/LON1/LON2/DLON/H
   18   20   22   24   26   28   29   32   34   37   40   43   45   46   45   45
   43   42   40   37   34   31   28   24   21   19   17   15   14   15   14   14
   12   12   12   12   11   11   10    9    9    9    9   10   10   12   13   15
   15   17   17   16   16   15   15   15   16   16   17   18   18   18   19   20
   20   19   18   17   16   15   15   16   18
    62.5-180.0 180.0   5.0 450.0                            LAT/LON1/LON2/DLON/H
   23   26   30   32   34   36   37   38   40   43   46   48   49   50   49   49
   47   45   44   42   39   35   32   28   24   22   19   16   15   15   14   12
   12   11   11   11   11   11   10   10   10   10   10   11   12   14   15   17
   17   18   17   17   16   16   15   16   17   19   20   21   22   23   24   24
   25   24   23   22   21   20   20   21   23
    60.0-180.0 180.0   5.0 450.0                            LAT/LON1/LON2/DLON/H
   30   33   38   41   43   44   46   46   47   49   51   53   54   54   54   53
   51   50   49   46   44   41   38   33   29   26   23   20   18   16   15   13
   13   12   12   12   12   11   12   12   12   13   14   15   16   17   18   19
   20   20   20   19   18   18   18   19   20   22   23   25   26   28   29   31
   31   31   30   29   27   26   25   27   30
    57.5-180.0 180.0   5.0 450.0                            LAT/LON1/LON2/DLON/H
   36   40   45   49   51   53   53   53   54   55   57   59   60   60   60   58
   57   55   54   52   49   46   43   39   35   32   28   24   22   19   17   16
   15   14   14   15   16   16   16   17   18   19   19   20   21   23   23   24
   24   24   24   23   23   23   23   25   26   27   29   30   32   34   36   38
   39   39   39   36   34   32   31   32   36
    55.0-180.0 180.0   5.0 450.0                            LAT/LON1/LON2/DLON/H
   40   45   50   55   58   59   60   60   60   61   63   65   66   65   65   64
   62   61   60   57   55   52   48   44   41   37   34   30   27   24   22   20
   19   19   19   20   22   23   24   24   26   27   27   28   29   30   29   30
   30   30   30   29   29   30   30   31   33   34   36   37   38   40   41   43
   45   46   45   43   41   38   36   37   40
    52.5-180.0 180.0   5.0 450.0                            LAT/LON1/LON2/DLON/H
   44   49   55   60   64   65   66   66   67   68   69   70   71   71   70   69
   67   66   64   62   59   56   53   49   46   43   40   36   33   30   27   25
   24   25   27   28   30   32   33   35   35   36   36   37   37   38   38   38
   38   37   36   36   36   36   37   38   40   41   43   43   44   45   45   46
   48   49   49   47   45   42   40   41   44
    50.0-180.0 180.0   5.0 450.0                            LAT/LON1/LON2/DLON/H
   48   53   59   64   68   70   72   72   73   74   75   76   77   76   75   74
   73   71   69   66   64   61   58   55   52   49   46   43   40   36   32   31
   30   32   34   37   40   42   43   44   45   45   45   45   45   45   45   45
   45   44   43   43   43   43   43   44   45   46   47   48   48   48   47   48
   49   50   50   50   48   45   44   45   48
    47.5-180.0 180.0   5.0 450.0                            LAT/LON1/LON2/DLON/H
   51   56   61   67   71   75   77   79   80   81   81   81   82   81   81   79
   77   75   74   71   69   66   64   61   59   57   54   51   47   42   38   36
   36   39   42   46   49   52   53   53   53   54   53   53   52   52   52   51
   51   51   51   50   49   49   48   48   49   50   51   51   51   50   49   49
   49   50   51   50   48   47   46   47   51
    45.0-180.0 180.0   5.0 450.0                            LAT/LON1/LON2/DLON/H
   55   59   64   68   73   78   82   85   87   87   88   88   88   87   86   85
   83   81   79   77   75   73   71   70   67   65   62   58   54   47   43   42
   42   45   49   54   57   60   61   61   60   60   59   58   58   57   57   57
   57   57   56   56   55   53   52   52   52   53   54   53   53   52   51   50
   49   51   51   51   49   49   49   50   55
    42.5-180.0 180.0   5.0 450.0                            LAT/LON1/LON2/DLON/H
   57   62   67   70   75   81   86   90   92   93   93   93   93   92   92   91
   89   88   86   84   83   82   80   79   77   74   70   64   58   51   48   47
   48   51   56   60   64   66   66   66   65   64   63   63   62   62   61   61
   61   61   60   59   57   56   55   55   55   56   56   56   54   53   52   51
   51   52   52   51   50   50   51   53   57
    40.0-180.0 180.0   5.0 450.0                            LAT/LON1/LON2/DLON/H
   61   66   69   72   76   83   89   93   96   97   98   97   97   97   97   97
   96   95   93   91   91   90   90   89   86   83   77   69   63   56   54   52
   53   56   61   65   68   70   70   69   68   67   66   66   66   65   64   64
   64   63   62   60   58   56   56   56   56   57   58   58   57   56   54   53
   53   53   53   52   51   52   54   57   61
    37.5-180.0 180.0   5.0 450.0                            LAT/LON1/LON2/DLON/H
   66   71   72   74   78   84   90   95   98  100  101  101  101  101  102  103
  104  103  100   99   99   99   99   98   95   89   84   76   68   62   59   57
   58   62   66   69   71   72   72   72   71   70   69   69   68   67   66   66
   65   63   61   58   56   54   54   55   55   57   58   59   59   58   57   56
   55   55   54   53   52   53   57   62   66
    35.0-180.0 180.0   5.0 450.0                            LAT/LON1/LON2/DLON/H
   71   75   76   77   80   84   89   94   98  101  102  102  103  104  107  109
  111  110  108  107  106  107  107  105  102   96   89   82   73   67   64   63
   65   68   70   73   75   75   76   74   74   74   72   71   70   69   67   65
   64   61   59   55   53   52   53   53   54   56   57   59   60   60   60   58
   58   57   56   54   53   56   61   66   71
    32.5-180.0 180.0   5.0 450.0                            LAT/LON1/LON2/DLON/H
   76   80   81   82   83   85   89   93   97  100  102  104  105  107  111  114
  118  119  117  115  113  112  112  110  107  102   95   87   80   74   72   72
   74   75   76   78   79   79   79   78   78   77   76   73   71   68   66   63
   61   58   55   52   50   50   52   53   54   55   57   59   60   61   61   61
   60   59   58   55   55   58   64   71   76
    30.0-180.0 180.0   5.0 450.0                            LAT/LON1/LON2/DLON/H
   82   86   88   88   87   88   90   92   96  100  102  105  107  110  115  119
  124  126  124  121  118  116  115  113  109  106  100   94   89   84   83   84
   84   85   85   85   85   84   83   82   81   81   78   75   71   67   63   61
   58   55   52   49   48   50   52   53   54   55   56   58   60   61   62   61
   61   60   58   56   56   60   67   75   82
    27.5-180.0 180.0   5.0 450.0                            LAT/LON1/LON2/DLON/H
   88   94   95   95   94   92   93   93   96  100  102  106  109  112  117  123
  129  132  130  126  122  118  115  112  110  108  106  103  101   98   97   97
   97   96   95   93   91   89   87   86   85   83   79   75   70   65   61   58
   55   52   49   47   47   49   51   52   53   54   55   57   59   60   61   61
   60   59   57   57   58   62   70   80   88
    25.0-180.0 180.0   5.0 450.0                            LAT/LON1/LON2/DLON/H
   94  101  104  104  102   99   98   97   99  103  105  107  111  115  119  125
  132  136  135  131  126  121  117  114  112  112  113  114  115  114  114  112
  110  107  105  102   99   96   92   90   87   84   80   74   68   62   59   55
   53   50   47   46   47   49   51   52   52   53   54   55   57   58   58   59
   57   57   56   57   59   64   73   84   94
    22.5-180.0 180.0   5.0 450.0                            LAT/LON1/LON2/DLON/H
   99  108  113  114  112  110  107  106  107  109  111  112  115  118  121  127
  133  138  139  135  129  124  120  118  118  121  125  132  134  133  131  126
  122  117  114  111  105  100   96   91   88   83   78   72   65   59   56   53
   52   49   48   47   48   50   51   52   52   52   53   53   54   55   55   54
   54   53   54   57   60   67   76   88   99
    20.0-180.0 180.0   5.0 450.0                            LAT/LON1/LON2/DLON/H
  103  114  121  125  125  124  122  121  120  121  121  121  122  122  124  129
  135  141  142  140  134  129  127  126  130  135  142  151  155  153  147  140
  134  128  122  117  110  103   98   91   86   80   75   69   62   56   54   52
   51   50   50   50   51   51   52   52   51   51   51   51   51   51   51   51
   50   50   52   56   62   71   81   92  103
    17.5-180.0 180.0   5.0 450.0                            LAT/LON1/LON2/DLON/H
  108  118  129  135  137  139  140  141  140  139  137  133  131  129  129  131
  137  143  146  146  142  138  137  139  144  153  161  169  175  171  162  151
  141  134  127  120  111  103   96   88   82   77   72   66   59   54   52   51
   52   53   54   54   54   54   53   51   50   50   49   49   49   49   48   48
   47   48   50   57   65   76   86   96  108
    15.0-180.0 180.0   5.0 450.0                            LAT/LON1/LON2/DLON/H
  113  123  135  144  149  153  158  163  163  159  155  148  142  139  136  137
  141  147  151  152  151  150  151  155  162  172  180  186  188  183  172  159
  147  138  128  119  110  101   92   84   79   74   69   64   58   54   53   53
   55   56   58   58   58   56   54   51   49   49   48   48   47   47   47   46
   44   45   50   58   69   80   92  101  113
    12.5-180.0 180.0   5.0 450.0                            LAT/LON1/LON2/DLON/H
  118  128  140  151  160  168  177  184  185  180  172  164  156  151  147  145
  148  153  157  160  162  164  167  172  182  191  197  199  198  191  179  165
  151  138  128  118  108   98   89   82   78   74   70   64   59   55   54   56
   58   60   62   62   61   58   54   51   49   48   48   47   47   46   45   43
   43   44   50   60   73   86   97  107  118
    10.0-180.0 180.0   5.0 450.0                            LAT/LON1/LON2/DLON/H
  123  133  145  157  168  179  191  201  206  199  189  180  170  163  159  157
  159  163  166  171  174  178  183  190  200  209  211  208  203  195  184  169
  154  139  128  117  108   99   90   84   80   76   72   67   61   59   58   58
   61   63   65   65   63   59   54   51   49   48   47   46   46   46   45   43
   42   44   51   63   77   91  102  113  123
     7.5-180.0 180.0   5.0 450.0                            LAT/LON1/LON2/DLON/H
  129  139  150  163  175  187  201  213  219  212  202  191  182  176  173  171
  172  175  178  182  187  192  198  206  216  222  219  212  205  198  190  175
  159  144  133  122  113  104   96   90   86   82   78   71   66   64   63   63
   65   66   67   67   65   61   56   53   51   49   47   47   47   47   46   44
   43   46   53   65   81   95  107  118  129
     5.0-180.0 180.0   5.0 450.0                            LAT/LON1/LON2/DLON/H
  134  144  156  167  179  192  204  216  221  217  209  199  192  188  186  185
  187  190  191  196  200  206  212  220  228  230  224  216  209  203  197  184
  168  154  142  132  123  114  106  100   95   90   84   78   74   71   70   70
   71   71   71   70   68   64   59   56   53   51   49   49   50   50   48   46
   45   47   55   67   83   98  111  123  134
     2.5-180.0 180.0   5.0 450.0                            LAT/LON1/LON2/DLON/H
  138  149  161  172  183  195  205  213  217  216  210  203  199  197  197  199
  201  204  206  209  212  217  225  231  237  237  227  220  216  213  209  199
  184  169  156  145  134  126  117  110  103   96   91   86   82   79   78   79
   78   76   75   73   71   67   63   59   57   53   51   50   52   52   51   49
   48   51   58   70   84   98  112  126  138
