DORISInput/IGSGIM/2019/igsg3540.19i
     1.0            IONOSPHERE MAPS     MIX                 IONEX VERSION / TYPE
cmpcmb v1.2          GRL/UWM             4-jan-20 13:50     PGM / RUN BY / DATE 
ionex file containing IGS COMBINED Ionosphere maps          COMMENT             
global ionosphere maps for day 354, 2019                    DESCRIPTION         
IONEX file containing the COMBINED IGS TEC MAPS and DCBs    DESCRIPTION         
      IONEX files of the following IAACs were combined: cod DESCRIPTION         
                                                        esa DESCRIPTION         
                                                        jpl DESCRIPTION         
                                                        upc DESCRIPTION         
Contact address: Andrzej Krankowski                         DESCRIPTION
                 Geodynamics Research Laboratory            DESCRIPTION
                 University of Warmia and Mazury (GRL/UWM)  DESCRIPTION
                 Oczapowski St. 1                           DESCRIPTION
                 10-957-Olsztyn, POLAND                     DESCRIPTION
                 e-mail:  kand@uwm.edu.pl                   DESCRIPTION
                                                            DESCRIPTION         
  2019    12    20     0     0     0                        EPOCH OF FIRST MAP  
  2019    12    21     0     0     0                        EPOCH OF LAST MAP   
  7200                                                      INTERVAL            
    13                                                      # OF MAPS IN FILE   
  COSZ                                                      MAPPING FUNCTION    
     0.0                                                    ELEVATION CUTOFF    
combined TEC calculated as weighted mean of input TEC valuesOBSERVABLES USED    
   392                                                      # OF STATIONS       
    32                                                      # OF SATELLITES     
  6371.0                                                    BASE RADIUS         
     2                                                      MAP DIMENSION       
   450.0 450.0   0.0                                        HGT1 / HGT2 / DHGT  
    87.5 -87.5  -2.5                                        LAT1 / LAT2 / DLAT  
  -180.0 180.0   5.0                                        LON1 / LON2 / DLON  
    -1                                                      EXPONENT            
TEC values in 0.1 tec units;  9999, if no value available   COMMENT             
DCB values in nanoseconds, reference is Sum_of_SatDCBs = 0  COMMENT             
                                                            END OF HEADER       
[from data line 1716]
     5                                                      START OF TEC MAP    
  2019    12    20     8     0     0                        EPOCH OF CURRENT MAP
    87.5-180.0 180.0   5.0 450.0                            LAT/LON1/LON2/DLON/H
   23   23   23   23   24   24   24   24   24   25   25   25   25   25   25   25
   25   25   25   25   25   26   26   26   26   26   26   26   26   26   26   27
   26   26   27   27   27   27   26   26   27   27   27   27   27   27   26   26
   25   25   25   25   25   25   24   24   24   24   24   23   23   23   23   23
   23   22   22   23   22   23   22   23   23
    85.0-180.0 180.0   5.0 450.0                            LAT/LON1/LON2/DLON/H
   20   21   21   22   22   23   23   23   24   24   24   24   24   24   24   24
   24   24   24   24   24   24   24   23   23   24   23   23   23   24   24   24
   24   24   25   25   25   25   25   25   25   25   25   25   25   25   25   24
   24   24   23   23   22   21   21   20   20   20   20   19   19   18   18   18
   18   18   18   18   18   19   19   19   20
    82.5-180.0 180.0   5.0 450.0                            LAT/LON1/LON2/DLON/H
   16   17   18   19   20   22   22   23   24   24   24   24   24   24   23   23
   22   22   21   21   21   20   20   20   20   20   21   21   21   22   22   22
   23   23   23   23   24   24   23   23   23   23   23   22   22   22   21   21
   21   21   20   20   19   18   17   17   16   15   14   14   14   14   13   13
   13   13   13   13   13   14   14   16   16
    80.0-180.0 180.0   5.0 450.0                            LAT/LON1/LON2/DLON/H
   13   15   16   18   19   21   22   23   24   24   23   23   22   22   21   20
   19   19   18   17   17   17   16   17   17   17   17   18   18   18   19   19
   19   20   20   20   21   21   21   21   21   20   20   20   20   20   19   19
   18   18   17   17   16   16   15   14   13   12   11   11   11   11   11   10
   10   10   10   10   11   11   12   12   13
    77.5-180.0 180.0   5.0 450.0                            LAT/LON1/LON2/DLON/H
   12   13   14   16   18   20   21   22   23   23   23   22   21   20   19   18
   17   16   15   14   14   14   13   14   13   13   14   15   16   16   17   17
   17   18   18   19   19   19   19   19   19   19   18   18   18   18   19   18
   17   17   17   16   15   15   15   14   13   11   10   10   10   10    9    9
    9   10   10   10   11   11   11   11   12
    75.0-180.0 180.0   5.0 450.0                            LAT/LON1/LON2/DLON/H
   11   12   13   15   17   19   21   22   22   22   21   21   19   18   17   15
   14   13   13   13   13   12   12   12   13   12   12   13   14   14   15   16
   16   16   16   16   17   17   17   17   17   17   17   17   17   18   18   19
   18   19   18   18   17   17   17   15   15   14   12   11   11   10   10   10
   10   10   10   10   10   10   10   11   11
    72.5-180.0 180.0   5.0 450.0                            LAT/LON1/LON2/DLON/H
   11   11   13   15   17   18   19   20   21   20   20   19   18   16   14   13
   12   12   12   12   12   13   13   13   14   14   13   13   14   14   14   14
   15   15   15   15   15   16   16   16   16   16   17   18   18   19   21   21
   22   22   23   23   22   22   21   20   19   18   17   16   15   14   12   12
   11   10   10   10   10   10   10   10   11
    70.0-180.0 180.0   5.0 450.0                            LAT/LON1/LON2/DLON/H
   10   11   13   14   16   17   18   18   19   18   17   17   15   13   12   11
   10   12   13   13   14   15   16   16   16   16   15   15   15   14   13   13
   13   14   14   14   14   15   15   16   16   17   18   20   21   23   25   26
   28   29   29   30   29   28   27   26   25   24   22   22   20   19   18   17
   16   14   14   13   12   11   10   10   10
    67.5-180.0 180.0   5.0 450.0                            LAT/LON1/LON2/DLON/H
   13   13   14   15   16   17   17   17   17   16   15   14   12   11   10   10
   11   12   13   15   17   18   19   18   17   17   17   17   17   15   13   13
   12   13   13   13   14   15   16   16   17   19   21   24   26   29   32   34
   36   37   38   37   36   36   34   33   31   29   28   27   25   25   23   23
   21   21   19   18   16   15   14   13   13
    65.0-180.0 180.0   5.0 450.0                            LAT/LON1/LON2/DLON/H
   16   16   16   16   16   17   17   16   15   15   14   12   11   10   10    9
   11   12   15   17   18   20   20   20   18   18   17   18   18   17   14   13
   12   12   13   13   15   15   17   18   20   22   26   29   32   36   39   42
   44   45   46   45   44   43   40   38   36   34   32   31   29   28   27   27
   26   25   24   22   21   20   18   17   16
    62.5-180.0 180.0   5.0 450.0                            LAT/LON1/LON2/DLON/H
   20   20   19   19   18   18   17   16   15   15   13   12   10   10   10   10
   11   13   15   18   20   20   20   20   18   17   17   16   18   17   15   14
   13   13   13   14   16   18   19   22   24   28   31   35   39   43   47   50
   52   54   54   53   51   49   46   43   40   37   35   33   31   30   29   28
   28   28   27   26   24   23   22   21   20
    60.0-180.0 180.0   5.0 450.0                            LAT/LON1/LON2/DLON/H
   24   23   23   22   21   20   19   17   16   15   14   12   11   10   10   11
   12   14   16   18   19   20   19   18   17   17   15   15   16   17   16   15
   14   14   15   17   19   22   24   27   29   33   37   41   46   49   53   56
   58   59   60   59   57   54   50   47   44   41   38   36   34   33   31   30
   30   29   28   28   27   25   25   24   24
    57.5-180.0 180.0   5.0 450.0                            LAT/LON1/LON2/DLON/H
   28   28   28   27   26   24   22   20   19   17   16   15   13   13   12   13
   14   15   16   17   18   17   16   16   15   15   15   14   15   16   16   17
   16   17   19   21   24   26   29   33   36   39   44   48   51   55   58   60
   62   63   64   63   61   58   55   51   48   45   43   40   37   35   34   32
   31   31   30   29   28   28   28   28   28
    55.0-180.0 180.0   5.0 450.0                            LAT/LON1/LON2/DLON/H
   32   33   33   32   31   29   28   26   24   22   20   18   17   15   15   15
   15   16   16   16   15   14   13   14   14   15   15   16   17   18   19   19
   21   21   24   26   30   33   37   40   44   47   51   54   57   60   62   64
   66   66   66   65   64   62   60   57   54   51   49   46   44   41   38   36
   34   33   32   31   31   30   30   31   32
    52.5-180.0 180.0   5.0 450.0                            LAT/LON1/LON2/DLON/H
   36   38   38   39   38   36   34   33   31   28   26   23   21   20   19   18
   19   18   17   15   13   12   13   15   16   17   18   20   20   22   23   24
   24   27   30   33   37   41   45   49   52   55   59   61   63   65   66   68
   68   69   69   68   68   67   65   63   61   59   56   55   51   48   44   41
   39   37   35   34   33   32   33   34   36
    50.0-180.0 180.0   5.0 450.0                            LAT/LON1/LON2/DLON/H
   40   42   44   45   46   45   43   41   40   37   33   30   28   25   24   24
   23   22   19   16   13   13   14   17   21   23   24   26   27   28   28   28
   30   32   36   40   44   49   54   58   61   64   67   69   71   71   72   72
   72   73   73   73   72   71   70   69   68   66   65   63   60   55   51   47
   44   41   39   38   36   36   37   38   40
    47.5-180.0 180.0   5.0 450.0                            LAT/LON1/LON2/DLON/H
   44   47   49   51   52   52   51   49   48   46   42   38   35   32   31   30
   29   27   24   20   18   18   21   25   30   32   33   34   34   34   33   33
   34   38   42   47   53   58   63   67   71   74   76   77   79   79   78   78
   77   77   77   76   76   76   75   74   73   72   71   69   66   61   56   52
   49   46   44   42   40   40   40   42   44
    45.0-180.0 180.0   5.0 450.0                            LAT/LON1/LON2/DLON/H
   48   50   52   55   57   58   57   57   56   55   51   46   42   40   38   38
   37   35   31   28   25   27   30   36   41   43   43   42   41   39   38   38
   39   43   49   55   61   66   72   75   79   82   85   87   87   87   86   85
   83   83   82   81   81   81   80   79   77   76   74   73   69   65   60   57
   53   51   48   46   45   44   45   45   48
    42.5-180.0 180.0   5.0 450.0                            LAT/LON1/LON2/DLON/H
   50   52   55   57   59   61   62   63   62   61   58   54   50   47   46   46
   46   44   41   38   37   38   43   49   53   54   52   49   47   44   42   42
   45   49   55   62   69   74   78   82   86   90   93   95   97   97   95   94
   91   89   87   87   86   86   84   82   79   77   75   73   70   66   62   59
   56   54   52   51   49   48   48   49   50
    40.0-180.0 180.0   5.0 450.0                            LAT/LON1/LON2/DLON/H
   52   53   55   57   59   61   63   66   66   66   64   60   57   54   54   54
   55   54   52   51   51   53   58   62   65   63   59   55   51   48   47   47
   49   54   61   69   75   80   83   87   91   96  100  103  105  105  105  103
  100   96   93   91   90   89   86   84   81   78   76   73   70   66   63   60
   58   57   55   54   52   51   51   51   52
    37.5-180.0 180.0   5.0 450.0                            LAT/LON1/LON2/DLON/H
   52   53   54   55   56   59   63   66   69   70   69   66   63   61   61   62
   64   65   65   65   65   67   72   75   75   70   65   59   55   52   49   50
   53   59   67   74   80   84   87   90   95  101  106  109  113  114  114  112
  108  103   99   96   93   91   89   87   84   80   77   74   71   67   64   62
   60   58   57   55   54   53   52   52   52
    35.0-180.0 180.0   5.0 450.0                            LAT/LON1/LON2/DLON/H
   52   52   52   52   53   56   60   64   68   71   72   70   67   66   67   69
   72   75   76   79   79   82   85   85   82   76   69   63   57   53   51   52
   56   63   71   79   84   87   90   94   99  104  109  113  117  120  121  119
  115  110  105  101   97   95   93   92   89   86   82   79   76   72   69   66
   64   62   60   57   55   53   52   52   52
    32.5-180.0 180.0   5.0 450.0                            LAT/LON1/LON2/DLON/H
   52   51   50   49   50   52   56   61   66   71   72   72   70   70   72   76
   79   83   86   89   91   93   92   91   86   78   71   64   58   53   53   54
   58   65   74   82   87   90   93   97  102  106  111  116  120  124  126  126
  122  116  110  106  102  101  101  102  101   99   95   91   87   83   79   76
   72   68   64   59   56   54   53   53   52
    30.0-180.0 180.0   5.0 450.0                            LAT/LON1/LON2/DLON/H
   53   52   50   49   48   49   52   57   63   68   71   72   72   72   75   79
   83   88   93   95   98   96   93   91   85   77   70   63   57   54   54   56
   60   67   76   84   89   92   96  100  104  109  113  118  121  125  129  131
  128  122  116  112  111  112  115  118  121  119  115  112  107  102   97   93
   87   79   71   63   59   56   55   55   53
    27.5-180.0 180.0   5.0 450.0                            LAT/LON1/LON2/DLON/H
   58   55   53   51   49   48   51   54   59   64   68   71   72   73   75   79
   84   90   95   97   98   96   92   88   81   72   66   60   57   55   55   57
   61   68   77   85   90   95   99  104  109  114  116  119  122  126  132  136
  134  129  124  122  123  126  133  140  144  145  142  139  134  128  121  116
  106   95   83   72   65   61   60   59   58
    25.0-180.0 180.0   5.0 450.0                            LAT/LON1/LON2/DLON/H
   64   62   59   56   53   52   52   53   56   60   64   67   69   72   73   76
   81   89   94   96   96   93   90   84   76   68   62   58   57   56   56   57
   62   69   76   84   92   98  103  110  116  120  121  123  125  128  135  141
  141  138  135  135  138  143  154  164  171  175  173  171  167  159  151  145
  132  115   97   83   74   70   67   67   64
    22.5-180.0 180.0   5.0 450.0                            LAT/LON1/LON2/DLON/H
   73   70   67   63   60   58   56   56   56   58   60   65   67   70   70   73
   78   84   89   92   92   89   85   79   71   64   58   56   55   55   55   56
   61   68   76   84   93  101  110  118  124  127  128  128  130  133  140  148
  151  150  150  151  156  163  175  188  199  205  205  204  200  193  183  175
  160  139  115   97   85   79   77   76   73
    20.0-180.0 180.0   5.0 450.0                            LAT/LON1/LON2/DLON/H
   82   78   75   71   68   65   62   59   58   59   60   63   66   68   68   69
   72   77   84   88   88   85   80   74   67   60   56   54   53   52   53   54
   60   68   76   86   96  106  116  126  133  136  137  137  137  140  148  157
  163  166  168  169  177  186  198  210  222  230  232  230  228  222  211  200
  184  160  132  112   97   91   88   86   82
    17.5-180.0 180.0   5.0 450.0                            LAT/LON1/LON2/DLON/H
   92   86   82   78   74   71   67   64   61   61   62   64   66   67   66   67
   67   71   78   82   82   80   76   70   64   57   54   52   49   49   51   55
   62   70   79   90  100  111  123  134  142  146  148  147  148  150  159  170
  179  182  187  192  200  208  219  228  237  245  247  244  242  237  228  217
  200  174  146  125  110  102   99   96   92
    15.0-180.0 180.0   5.0 450.0                            LAT/LON1/LON2/DLON/H
   99   92   88   84   80   76   73   69   66   64   65   66   67   67   65   65
   65   67   72   76   77   76   72   67   61   55   51   49   46   46   50   56
   64   73   83   94  105  117  130  141  150  156  159  159  160  163  173  183
  194  200  205  212  219  226  233  237  243  249  250  248  247  243  235  224
  206  180  155  136  121  113  109  104   99
    12.5-180.0 180.0   5.0 450.0                            LAT/LON1/LON2/DLON/H
  103   96   90   87   83   80   76   73   70   68   68   68   68   68   65   64
   64   66   69   71   74   73   70   65   59   52   48   45   43   44   50   58
   66   76   86   98  110  123  136  148  157  164  170  172  172  176  184  195
  204  212  218  224  231  237  240  241  242  244  245  245  245  240  233  221
  204  183  161  143  130  122  115  109  103
    10.0-180.0 180.0   5.0 450.0                            LAT/LON1/LON2/DLON/H
  103   96   90   87   83   80   77   74   73   72   72   70   69   68   66   65
   64   64   67   69   71   71   68   63   56   49   45   41   40   43   50   60
   69   80   91  102  115  129  141  153  162  171  178  181  183  186  193  202
  210  216  223  229  235  240  240  239  238  238  240  241  241  235  228  217
  201  183  163  147  135  127  118  111  103
     7.5-180.0 180.0   5.0 450.0                            LAT/LON1/LON2/DLON/H
  101   93   88   83   79   76   74   73   74   74   73   72   70   67   67   66
   65   65   66   68   69   68   66   60   54   47   42   39   38   42   51   62
   74   84   95  106  118  131  143  154  165  174  182  188  191  194  199  205
  211  216  222  227  233  238  238  237  236  236  239  241  241  235  226  215
  200  183  164  149  137  128  120  110  101
     5.0-180.0 180.0   5.0 450.0                            LAT/LON1/LON2/DLON/H
   99   90   84   78   74   71   69   69   70   72   72   70   68   66   64   65
   65   66   66   68   67   66   63   59   53   47   41   38   39   43   53   65
   78   89   98  107  119  130  141  152  163  173  182  189  194  198  202  206
  209  214  218  223  229  234  237  239  240  242  245  248  247  241  231  219
  204  187  168  152  139  129  119  109   99
     2.5-180.0 180.0   5.0 450.0                            LAT/LON1/LON2/DLON/H
   99   90   82   75   70   66   64   63   65   67   67   66   64   62   61   63
   64   66   66   67   66   63   60   56   52   47   42   40   41   46   56   69
   82   91   98  107  117  128  138  148  159  170  180  188  194  199  202  206
  208  211  215  218  223  230  237  243  248  252  256  260  258  251  241  227
  212  195  175  157  142  130  120  109   99
