DORISInput/IGSGIM/2019/igsg3430.19i
     1.0            IONOSPHERE MAPS     MIX                 IONEX VERSION / TYPE
cmpcmb v1.2          GRL/UWM            27-dec-19 12:19     PGM / RUN BY / DATE 
ionex file containing IGS COMBINED Ionosphere maps          COMMENT             
global ionosphere maps for day 343, 2019                    DESCRIPTION         
IONEX file containing the COMBINED IGS TEC MAPS and DCBs    DESCRIPTION         
      IONEX files of the following IAACs were combined: cod DESCRIPTION         
                                                        esa DESCRIPTION         
                                                        jpl DESCRIPTION         
                                                        upc DESCRIPTION         
Contact address: Andrzej Krankowski                         DESCRIPTION
                 Geodynamics Research Laboratory            DESCRIPTION
                 University of Warmia and Mazury (GRL/UWM)  DESCRIPTION
                 Oczapowski St. 1                           DESCRIPTION
                 10-957-Olsztyn, POLAND                     DESCRIPTION
                 e-mail:  kand@uwm.edu.pl                   DESCRIPTION
                                                            DESCRIPTION         
  2019    12     9     0     0     0                        EPOCH OF FIRST MAP  
  2019    12    10     0     0     0                        EPOCH OF LAST MAP   
  7200                                                      INTERVAL            
    13                                                      # OF MAPS IN FILE   
  COSZ                                                      MAPPING FUNCTION    
     0.0                                                    ELEVATION CUTOFF    
combined TEC calculated as weighted mean of input TEC valuesOBSERVABLES USED    
   397                                                      # OF STATIONS       
    32                                                      # OF SATELLITES     
  6371.0                                                    BASE RADIUS         
     2                                                      MAP DIMENSION       
   450.0 450.0   0.0                                        HGT1 / HGT2 / DHGT  
    87.5 -87.5  -2.5                                        LAT1 / LAT2 / DLAT  
  -180.0 180.0   5.0                                        LON1 / LON2 / DLON  
    -1                                                      EXPONENT            
TEC values in 0.1 tec units;  9999, if no value available   COMMENT             
DCB values in nanoseconds, reference is Sum_of_SatDCBs = 0  COMMENT             
                                                            END OF HEADER       
[from data line 2145]
     6                                                      START OF TEC MAP    
  2019    12     9    10     0     0                        EPOCH OF CURRENT MAP
    87.5-180.0 180.0   5.0 450.0                            LAT/LON1/LON2/DLON/H
   20   20   20   20   20   20   20   20   20   20   20   19   19   19   19   19
   19   19   19   19   19   19   19   19   19   19   19   19   19   19   19   19
   19   19   19   19   19   19   19   19   19   19   19   19   19   19   19   19
   19   19   20   20   20   20   20   20   19   20   20   20   20   20   20   20
   19   20   20   20   20   20   20   20   20
    85.0-180.0 180.0   5.0 450.0                            LAT/LON1/LON2/DLON/H
   18   19   19   19   18   19   19   18   19   18   18   18   18   17   17   17
   17   17   17   17   17   17   17   16   16   17   17   17   17   17   17   17
   17   17   17   17   17   17   17   17   17   17   17   17   17   17   17   17
   17   17   16   17   17   17   16   17   17   17   17   17   17   17   17   17
   18   18   18   18   18   18   18   19   18
    82.5-180.0 180.0   5.0 450.0                            LAT/LON1/LON2/DLON/H
   16   17   17   17   17   17   17   16   16   16   16   16   15   15   15   14
   15   15   14   14   14   14   14   14   14   15   14   14   14   14   14   14
   14   15   15   15   15   15   15   15   15   15   15   15   15   15   14   14
   14   14   14   14   14   13   13   13   13   13   13   13   13   13   14   14
   14   14   14   14   15   15   16   16   16
    80.0-180.0 180.0   5.0 450.0                            LAT/LON1/LON2/DLON/H
   14   14   15   15   15   15   15   15   15   14   14   13   13   12   12   12
   12   12   12   12   12   11   12   12   12   12   12   12   11   12   12   13
   12   13   13   13   14   14   14   14   13   14   13   13   12   12   12   11
   11   10   10   11   11   11   10   10    9    9    9    9    9    9    9    9
    9   10   10   11   11   12   12   13   14
    77.5-180.0 180.0   5.0 450.0                            LAT/LON1/LON2/DLON/H
   11   12   13   13   14   13   13   13   13   13   12   11   11   10   10   10
   10   11   11   11   10   10   11   10   10   11   11   10   10   10   10   10
   10   11   12   12   13   13   13   13   13   12   12   12   12   11   11   11
   10   10   10   10   10   10   10    9    9    9    8    8    8    8    8    8
    8    8    8    8    9    9   10   10   11
    75.0-180.0 180.0   5.0 450.0                            LAT/LON1/LON2/DLON/H
   10   10   11   12   12   12   12   12   12   11   10   10    9    9    9   10
   10   10   11   11   12   12   12   11   10   10    9    9    9    9    8    9
    9   10   11   12   12   13   14   14   14   14   14   14   13   13   13   13
   12   12   11   11   11   11   10   10    9    9    9    8    8    8    8    7
    7    7    8    8    8    9    9   10   10
    72.5-180.0 180.0   5.0 450.0                            LAT/LON1/LON2/DLON/H
   10   10   10   10   11   11   11   11   11   10   10    9    9    9    9    9
   10   11   12   13   14   14   13   12   12   10    9    9    9    8    8    8
    9   11   12   13   14   15   16   17   17   18   18   18   18   18   18   18
   17   16   16   15   14   14   13   13   12   11   10    9    9    8    8    7
    7    7    7    8    8    8    9    9   10
    70.0-180.0 180.0   5.0 450.0                            LAT/LON1/LON2/DLON/H
   10   10   10   11   11   11   11   11   10   10    9    9    8    8    8   10
   11   12   14   15   16   16   15   14   13   11   10    8    7    8    8    9
   11   12   14   17   18   19   20   21   22   23   24   24   24   25   25   25
   23   22   22   21   19   19   19   18   17   16   14   13   12   11    9    9
    8    8    8    8    8    9    9   10   10
    67.5-180.0 180.0   5.0 450.0                            LAT/LON1/LON2/DLON/H
   12   12   13   13   12   12   11   11   10    9    9    8    8    8    8    9
   10   12   14   15   16   16   15   15   13   11    9    8    6    7    9   11
   13   15   18   20   22   23   24   26   27   28   30   31   32   33   33   33
   32   30   29   27   26   25   24   23   22   20   19   18   17   16   15   14
   12   12   11   11   10   11   11   12   12
    65.0-180.0 180.0   5.0 450.0                            LAT/LON1/LON2/DLON/H
   16   16   16   15   14   13   13   11   11   10    9    9    8    8    8    8
    9   11   12   13   14   14   13   13   12   10    9    8    7    7   10   13
   16   19   23   25   27   27   29   30   32   34   36   39   41   42   43   42
   40   38   36   34   31   30   28   26   25   24   23   22   22   22   21   19
   18   17   16   16   16   17   17   17   16
    62.5-180.0 180.0   5.0 450.0                            LAT/LON1/LON2/DLON/H
   22   21   20   19   17   16   15   13   12   11   10    9    9    8    8    8
    8    9    9   10   10   11   11   10   10    9    9    8    8    9   12   16
   20   24   27   30   32   32   33   34   37   40   43   46   49   51   51   50
   48   45   42   39   36   33   30   29   28   26   25   25   25   25   25   25
   24   23   23   23   23   23   23   22   22
    60.0-180.0 180.0   5.0 450.0                            LAT/LON1/LON2/DLON/H
   28   27   26   24   22   20   18   17   15   13   12   11   10    9    8    8
    8    8    8    8    9    9   10   10    9    9    9    9   10   11   15   20
   25   30   33   35   37   37   38   40   42   45   49   52   55   58   58   56
   54   50   46   42   38   35   33   30   29   28   27   27   27   28   29   30
   30   30   29   29   30   30   29   29   28
    57.5-180.0 180.0   5.0 450.0                            LAT/LON1/LON2/DLON/H
   35   34   32   31   28   25   23   21   19   18   17   15   13   12   11    9
    9    9    8    8    9    9    9    9    9    9    9   11   12   15   19   25
   30   35   39   42   43   43   44   45   48   51   54   58   61   64   64   62
   59   54   49   45   41   38   35   33   31   30   30   30   30   32   33   34
   36   36   36   35   36   36   35   36   35
    55.0-180.0 180.0   5.0 450.0                            LAT/LON1/LON2/DLON/H
   41   41   40   38   36   33   30   27   25   23   22   21   19   17   15   13
   13   12   10   10   10   10   10   11   10   10   11   13   15   19   25   30
   36   41   45   47   48   49   49   51   53   57   60   63   67   69   69   67
   63   59   54   50   47   43   40   38   36   34   34   34   34   35   37   38
   39   40   40   40   41   41   41   42   41
    52.5-180.0 180.0   5.0 450.0                            LAT/LON1/LON2/DLON/H
   47   47   47   46   44   41   38   35   32   30   29   27   26   23   21   20
   18   17   15   14   14   14   14   13   12   12   13   16   20   26   31   37
   42   47   50   53   53   54   56   57   60   63   66   69   72   73   74   73
   70   66   61   58   54   51   47   44   42   40   39   39   40   40   40   41
   42   43   44   44   45   45   46   47   47
    50.0-180.0 180.0   5.0 450.0                            LAT/LON1/LON2/DLON/H
   51   52   52   53   52   49   47   42   40   38   37   35   34   32   30   29
   28   26   24   23   21   21   20   18   16   16   18   21   26   32   38   43
   48   52   55   57   58   61   63   65   68   70   72   75   77   79   79   78
   76   73   70   67   64   60   56   53   50   48   46   44   44   44   43   43
   44   45   46   47   48   48   49   50   51
    47.5-180.0 180.0   5.0 450.0                            LAT/LON1/LON2/DLON/H
   54   56   56   58   58   56   54   50   48   46   45   45   44   42   41   40
   39   38   36   35   34   33   31   27   24   23   24   27   33   39   45   50
   53   56   59   61   64   67   70   73   76   79   80   81   83   84   84   84
   82   81   78   76   73   69   65   61   57   54   52   49   48   47   46   46
   47   47   48   49   50   51   50   52   54
    45.0-180.0 180.0   5.0 450.0                            LAT/LON1/LON2/DLON/H
   55   57   59   60   61   61   59   56   55   53   53   53   54   53   52   52
   52   52   50   49   48   46   43   39   34   31   31   34   40   46   51   55
   58   60   63   65   69   73   78   83   86   88   89   89   89   89   90   89
   88   87   86   84   82   78   73   68   64   60   57   55   53   52   51   51
   51   50   50   51   51   52   52   53   55
    42.5-180.0 180.0   5.0 450.0                            LAT/LON1/LON2/DLON/H
   54   56   58   61   63   63   62   61   59   59   59   61   62   62   62   62
   64   65   64   63   61   58   54   48   43   39   38   41   46   52   57   61
   62   65   67   69   74   79   85   91   95   97   97   97   96   95   95   94
   94   94   93   92   89   85   80   74   69   64   61   59   58   57   56   55
   55   54   53   53   53   53   53   53   54
    40.0-180.0 180.0   5.0 450.0                            LAT/LON1/LON2/DLON/H
   53   54   56   59   62   63   63   63   62   62   65   67   69   69   70   72
   74   76   75   75   71   68   63   57   50   46   45   48   53   58   63   66
   68   69   71   74   79   85   92   98  103  105  105  105  103  101  100   99
   99   99   98   97   94   90   85   79   73   68   64   62   61   61   61   60
   59   58   56   56   55   55   54   53   53
    37.5-180.0 180.0   5.0 450.0                            LAT/LON1/LON2/DLON/H
   52   51   53   56   59   61   61   62   63   64   68   71   74   76   77   78
   81   83   83   82   79   74   69   62   56   52   51   54   59   64   68   71
   73   75   77   80   85   92  100  106  111  112  112  111  109  106  105  103
  102  101  101   99   97   94   89   83   77   72   68   65   65   65   65   65
   64   62   59   58   57   56   55   53   52
    35.0-180.0 180.0   5.0 450.0                            LAT/LON1/LON2/DLON/H
   50   49   50   52   55   57   58   60   62   65   69   74   78   80   81   83
   84   86   87   85   82   77   72   65   60   56   56   60   65   70   73   76
   78   80   83   87   93  100  107  113  117  119  118  117  114  111  109  107
  105  103  102  101   99   98   94   88   83   77   73   70   69   70   70   70
   68   66   62   60   58   56   55   53   50
    32.5-180.0 180.0   5.0 450.0                            LAT/LON1/LON2/DLON/H
   50   49   48   49   51   52   53   56   59   63   69   75   79   82   84   84
   85   86   85   84   81   77   71   66   62   59   60   65   70   75   78   82
   84   88   92   97  103  109  115  120  124  125  123  123  120  117  114  112
  109  107  106  106  106  104  103   98   93   86   81   78   77   76   75   74
   71   68   64   61   58   57   55   52   50
    30.0-180.0 180.0   5.0 450.0                            LAT/LON1/LON2/DLON/H
   51   49   47   46   48   49   50   52   56   61   67   74   79   82   84   84
   84   83   81   78   75   72   68   65   63   61   63   68   74   79   83   88
   93   98  104  110  115  120  124  128  130  131  130  130  126  123  121  119
  117  116  115  116  117  118  117  114  108  101   95   91   87   84   81   77
   74   70   65   61   58   56   55   53   51
    27.5-180.0 180.0   5.0 450.0                            LAT/LON1/LON2/DLON/H
   52   50   47   46   46   47   48   50   53   58   64   71   77   80   82   82
   80   78   75   72   68   66   64   62   62   61   65   71   78   84   89   95
  102  111  118  124  129  131  133  135  136  137  137  138  135  132  131  129
  128  128  129  131  134  136  137  134  128  120  113  108  102   95   88   81
   76   71   64   60   57   55   54   54   52
    25.0-180.0 180.0   5.0 450.0                            LAT/LON1/LON2/DLON/H
   54   52   50   48   47   48   49   49   52   55   61   67   72   76   77   77
   74   71   68   65   62   61   60   59   60   62   67   74   82   88   95  104
  114  125  134  141  144  144  144  143  142  143  145  146  146  146  146  145
  143  144  147  151  155  157  160  158  151  143  135  128  119  108   96   86
   78   71   64   59   56   54   55   55   54
    22.5-180.0 180.0   5.0 450.0                            LAT/LON1/LON2/DLON/H
   56   54   52   50   49   50   51   52   53   55   59   63   67   70   72   70
   67   65   62   59   57   57   57   57   60   63   68   76   85   93  102  112
  126  141  152  159  161  158  155  153  150  150  154  157  159  161  163  163
  162  164  167  173  179  182  185  183  175  168  160  150  138  123  106   92
   82   74   66   60   57   55   56   56   56
    20.0-180.0 180.0   5.0 450.0                            LAT/LON1/LON2/DLON/H
   58   57   54   52   52   54   54   56   57   57   58   61   63   64   66   64
   62   60   57   56   54   54   55   57   59   63   69   77   87   98  108  122
  139  156  169  176  176  171  166  162  159  160  164  169  173  178  182  181
  182  185  189  196  203  207  210  205  197  191  183  172  157  137  116   99
   86   77   70   65   61   59   59   59   58
    17.5-180.0 180.0   5.0 450.0                            LAT/LON1/LON2/DLON/H
   60   59   56   55   55   56   57   60   61   60   59   60   60   61   61   60
   58   56   54   53   53   53   55   57   59   63   69   79   90  102  117  133
  152  170  184  190  187  179  175  171  169  171  176  182  187  193  199  201
  203  206  210  217  224  228  229  223  215  209  201  189  172  150  125  106
   93   84   77   72   68   65   63   61   60
    15.0-180.0 180.0   5.0 450.0                            LAT/LON1/LON2/DLON/H
   63   61   58   57   57   58   59   61   63   62   61   60   59   58   57   56
   56   55   54   53   53   53   55   57   60   64   71   82   95  110  125  143
  164  180  193  198  194  187  183  180  179  182  187  193  199  207  213  217
  219  222  226  231  237  242  241  234  225  218  209  198  181  158  132  112
   99   91   85   80   76   72   68   65   63
    12.5-180.0 180.0   5.0 450.0                            LAT/LON1/LON2/DLON/H
   66   63   60   58   58   58   60   62   63   63   63   61   59   57   56   55
   55   55   54   54   54   55   55   58   61   66   74   86  101  117  134  152
  170  188  197  201  198  193  190  189  190  193  198  204  210  216  223  229
  232  233  235  238  242  244  242  233  223  215  208  199  183  160  137  118
  105   98   93   89   85   81   76   70   66
    10.0-180.0 180.0   5.0 450.0                            LAT/LON1/LON2/DLON/H
   70   64   60   58   58   58   60   62   63   64   63   61   59   57   56   55
   55   56   55   55   55   55   57   59   64   70   78   91  107  124  141  158
  175  190  199  201  201  197  196  197  199  202  207  211  217  223  229  235
  238  238  238  238  239  239  235  226  216  209  202  194  181  160  140  123
  111  105  101   98   95   90   83   76   70
     7.5-180.0 180.0   5.0 450.0                            LAT/LON1/LON2/DLON/H
   75   67   62   59   57   57   59   61   62   64   63   61   60   58   57   56
   56   56   56   56   55   56   57   60   66   73   83   97  113  130  146  161
  176  189  198  201  202  201  202  204  207  209  213  217  221  226  233  238
  239  238  236  235  234  232  229  220  211  205  199  192  180  163  144  129
  118  111  107  105  102   99   91   83   75
     5.0-180.0 180.0   5.0 450.0                            LAT/LON1/LON2/DLON/H
   80   71   64   60   58   57   57   58   59   60   61   60   59   58   57   57
   56   56   56   56   56   56   58   61   68   78   89  104  119  134  149  163
  176  187  196  201  204  205  206  209  212  214  217  221  224  229  236  240
  240  239  235  232  232  230  227  221  212  207  202  196  185  170  155  139
  126  118  112  110  108  105   98   89   80
     2.5-180.0 180.0   5.0 450.0                            LAT/LON1/LON2/DLON/H
   85   75   68   63   60   58   57   55   56   57   57   58   57   56   56   56
   56   55   55   54   55   56   57   62   71   82   95  109  124  138  150  162
  174  185  195  202  207  208  211  213  216  219  221  224  227  232  239  244
  245  241  238  236  235  233  232  227  221  216  212  207  197  183  169  155
  140  127  118  114  112  109  104   95   85
