DORISInput/IGSGIM/2019/igsg3450.19i
     1.0            IONOSPHERE MAPS     MIX                 IONEX VERSION / TYPE
cmpcmb v1.2          GRL/UWM            27-dec-19 12:30     PGM / RUN BY / DATE 
ionex file containing IGS COMBINED Ionosphere maps          COMMENT             
global ionosphere maps for day 345, 2019                    DESCRIPTION         
IONEX file containing the COMBINED IGS TEC MAPS and DCBs    DESCRIPTION         
      IONEX files of the following IAACs were combined: cod DESCRIPTION         
                                                        esa DESCRIPTION         
                                                        jpl DESCRIPTION         
                                                        upc DESCRIPTION         
Contact address: Andrzej Krankowski                         DESCRIPTION
                 Geodynamics Research Laboratory            DESCRIPTION
                 University of Warmia and Mazury (GRL/UWM)  DESCRIPTION
                 Oczapowski St. 1                           DESCRIPTION
                 10-957-Olsztyn, POLAND                     DESCRIPTION
                 e-mail:  kand@uwm.edu.pl                   DESCRIPTION
                                                            DESCRIPTION         
  2019    12    11     0     0     0                        EPOCH OF FIRST MAP  
  2019    12    12     0     0     0                        EPOCH OF LAST MAP   
  7200                                                      INTERVAL            
    13                                                      # OF MAPS IN FILE   
  COSZ                                                      MAPPING FUNCTION    
     0.0                                                    ELEVATION CUTOFF    
combined TEC calculated as weighted mean of input TEC valuesOBSERVABLES USED    
   401                                                      # OF STATIONS       
    32                                                      # OF SATELLITES     
  6371.0                                                    BASE RADIUS         
     2                                                      MAP DIMENSION       
   450.0 450.0   0.0                                        HGT1 / HGT2 / DHGT  
    87.5 -87.5  -2.5                                        LAT1 / LAT2 / DLAT  
  -180.0 180.0   5.0                                        LON1 / LON2 / DLON  
    -1                                                      EXPONENT            
TEC values in 0.1 tec units;  9999, if no value available   COMMENT             
DCB values in nanoseconds, reference is Sum_of_SatDCBs = 0  COMMENT             
                                                            END OF HEADER       
[from data line 1716]
     5                                                      START OF TEC MAP    
  2019    12    11     8     0     0                        EPOCH OF CURRENT MAP
    87.5-180.0 180.0   5.0 450.0                            LAT/LON1/LON2/DLON/H
   29   29   29   28   28   28   27   27   27   26   26   26   25   25   24   24
   24   23   23   23   22   22   22   22   22   22   22   22   22   22   22   22
   22   22   22   23   23   23   23   24   24   25   25   25   25   26   26   26
   27   27   28   28   28   28   28   28   29   29   29   29   29   29   29   30
   30   30   30   30   30   30   30   30   29
    85.0-180.0 180.0   5.0 450.0                            LAT/LON1/LON2/DLON/H
   28   28   28   28   28   27   27   26   26   25   24   24   23   22   21   21
   20   19   18   17   17   16   16   16   16   16   16   16   16   17   17   17
   18   19   19   20   20   21   21   22   22   22   23   23   23   24   24   24
   25   25   26   26   26   26   27   27   27   27   27   27   27   27   28   28
   28   28   28   28   28   28   28   28   28
    82.5-180.0 180.0   5.0 450.0                            LAT/LON1/LON2/DLON/H
   26   27   27   27   27   27   27   26   25   24   23   22   20   19   17   16
   15   14   14   13   12   11   11   11   11   11   12   12   12   13   14   15
   15   16   17   18   18   19   20   20   20   20   21   21   21   21   21   22
   22   22   22   22   22   22   22   22   22   22   22   22   22   22   22   23
   23   23   23   24   24   24   25   25   26
    80.0-180.0 180.0   5.0 450.0                            LAT/LON1/LON2/DLON/H
   22   23   24   25   25   26   25   24   23   22   21   19   17   16   14   12
   11    9    9    8    8    8    8    8    9    9   10   10   11   12   12   13
   14   15   16   17   17   18   18   19   18   19   19   19   19   19   19   19
   20   20   20   19   19   18   18   18   17   17   16   16   15   15   16   16
   16   16   17   18   18   19   21   22   22
    77.5-180.0 180.0   5.0 450.0                            LAT/LON1/LON2/DLON/H
   18   19   21   22   23   23   23   23   22   21   20   17   16   14   12   10
    9    8    7    6    6    6    7    7    8    8    9   10   11   12   13   14
   14   15   15   16   16   16   16   16   17   17   18   17   18   18   19   19
   19   19   19   19   18   17   16   15   14   13   12   11   11   11   11   11
   12   11   12   12   13   14   15   16   18
    75.0-180.0 180.0   5.0 450.0                            LAT/LON1/LON2/DLON/H
   14   16   18   20   21   22   22   22   20   19   17   16   14   12   11   10
    8    8    7    7    8    8    9   10   10   10   11   11   13   13   14   14
   15   15   15   15   15   15   15   15   16   16   16   17   17   18   19   20
   20   21   21   20   20   18   17   16   14   12   11   11   11   11   10   10
   10   10   10   10   10   11   11   12   14
    72.5-180.0 180.0   5.0 450.0                            LAT/LON1/LON2/DLON/H
   11   13   15   18   19   21   20   20   19   18   16   14   13   12   10    9
    9    9    9   10   11   12   13   14   13   14   14   15   15   16   15   15
   15   15   15   14   14   14   14   15   16   16   17   18   19   21   22   23
   25   25   26   25   24   23   21   19   17   15   13   12   11   11   11   10
   10   10   10    9   10    9   10   10   11
    70.0-180.0 180.0   5.0 450.0                            LAT/LON1/LON2/DLON/H
   10   12   14   16   18   19   19   19   18   16   14   13   12   11   10   10
   10   11   12   14   15   16   17   18   17   17   18   17   17   17   17   15
   14   14   14   14   14   14   15   16   17   18   19   21   23   25   27   28
   31   32   33   32   31   29   26   24   22   19   18   16   15   14   13   12
   12   11   10   10    9   10   10   10   10
    67.5-180.0 180.0   5.0 450.0                            LAT/LON1/LON2/DLON/H
   11   13   14   17   18   19   19   18   17   15   14   12   11   11   10   11
   11   12   14   16   17   19   20   19   19   19   19   19   18   18   18   15
   14   13   13   14   15   15   17   18   20   22   23   25   27   30   33   36
   38   40   41   40   39   37   34   31   28   25   23   23   22   20   19   18
   17   16   14   12   11   11   10   11   11
    65.0-180.0 180.0   5.0 450.0                            LAT/LON1/LON2/DLON/H
   14   15   16   17   19   19   19   18   16   14   13   11   11   11   11   11
   11   12   14   16   18   19   19   18   17   17   17   16   17   16   17   15
   14   13   14   14   16   17   20   23   25   28   30   32   34   36   39   42
   45   47   48   48   46   44   40   36   34   31   30   29   28   27   25   24
   25   24   22   19   17   15   13   13   14
    62.5-180.0 180.0   5.0 450.0                            LAT/LON1/LON2/DLON/H
   17   18   19   20   20   21   20   18   16   15   13   11   10   11   10   10
   11   11   13   14   15   16   15   14   14   13   14   15   15   15   16   15
   14   14   15   16   18   21   25   29   33   36   38   40   42   44   46   48
   50   52   53   53   51   48   45   41   39   36   34   33   33   32   31   31
   31   30   28   25   22   20   19   17   17
    60.0-180.0 180.0   5.0 450.0                            LAT/LON1/LON2/DLON/H
   22   22   22   23   24   23   22   20   18   16   14   12   11   11   10   11
   11   10   12   12   13   13   13   12   11   11   12   14   14   14   15   16
   16   16   17   19   22   26   31   37   41   45   48   50   51   52   53   53
   55   56   56   56   54   52   49   46   43   40   38   36   37   37   37   37
   36   34   33   30   28   25   24   22   22
    57.5-180.0 180.0   5.0 450.0                            LAT/LON1/LON2/DLON/H
   26   26   26   27   27   26   25   24   21   19   16   15   14   13   13   12
   12   11   11   12   12   11   11   10   10   10   12   15   15   16   17   19
   19   20   21   23   27   32   38   45   50   54   58   59   59   59   59   59
   58   58   59   58   58   56   54   51   47   45   42   41   41   41   41   40
   40   38   36   34   32   30   28   27   26
    55.0-180.0 180.0   5.0 450.0                            LAT/LON1/LON2/DLON/H
   31   30   30   31   31   30   29   27   25   22   20   18   17   17   16   15
   14   13   13   12   12   12   11   10   10   11   14   17   18   21   22   24
   25   25   27   30   33   39   46   52   58   63   66   67   67   67   65   64
   63   62   61   61   61   60   58   56   53   50   48   46   46   45   44   43
   41   40   39   37   36   34   33   32   31
    52.5-180.0 180.0   5.0 450.0                            LAT/LON1/LON2/DLON/H
   35   35   35   35   35   34   33   31   29   27   24   23   22   21   21   20
   19   18   18   17   16   15   13   12   13   16   19   22   25   29   30   30
   31   32   34   37   41   47   53   60   65   69   73   75   74   73   72   70
   68   67   66   65   65   64   63   62   60   57   55   53   51   50   48   46
   43   41   40   40   39   39   38   36   35
    50.0-180.0 180.0   5.0 450.0                            LAT/LON1/LON2/DLON/H
   40   39   39   39   40   39   38   37   35   33   31   29   28   27   27   26
   26   26   26   26   24   23   21   19   20   24   28   32   35   38   38   38
   38   40   43   46   50   56   61   66   71   75   78   80   81   80   78   77
   74   73   72   71   70   70   69   68   66   63   62   60   58   55   51   47
   44   42   41   42   42   42   42   41   40
    47.5-180.0 180.0   5.0 450.0                            LAT/LON1/LON2/DLON/H
   44   44   44   44   44   44   44   43   42   40   38   36   35   35   35   35
   36   37   37   37   37   35   33   32   33   37   41   44   47   48   47   46
   46   48   52   56   61   65   69   73   77   80   83   85   86   86   85   83
   82   80   78   77   76   76   76   75   72   71   69   67   64   59   55   50
   46   43   42   43   44   45   45   45   44
    45.0-180.0 180.0   5.0 450.0                            LAT/LON1/LON2/DLON/H
   47   47   48   48   48   48   49   49   49   48   47   45   44   43   43   44
   45   48   49   51   50   49   47   46   46   50   53   56   58   56   55   53
   54   57   62   67   72   76   79   82   83   85   87   89   90   90   90   90
   89   87   85   83   82   82   82   82   80   79   77   74   70   66   60   54
   50   46   45   45   45   46   47   47   47
    42.5-180.0 180.0   5.0 450.0                            LAT/LON1/LON2/DLON/H
   49   50   51   51   51   53   54   55   55   55   55   54   53   52   52   53
   56   59   61   63   62   62   60   58   59   62   64   66   65   64   62   60
   61   66   73   79   84   87   89   90   90   90   91   92   93   94   95   96
   95   94   91   89   87   87   87   88   87   86   84   81   77   72   66   61
   55   51   48   47   48   48   48   49   49
    40.0-180.0 180.0   5.0 450.0                            LAT/LON1/LON2/DLON/H
   50   51   52   52   53   55   57   59   61   63   63   62   61   60   60   62
   64   68   71   73   73   71   69   67   68   70   72   72   70   68   65   65
   68   74   83   90   96   99  100   99   98   97   95   95   96   97   99  100
  101   99   96   93   91   90   91   91   91   91   90   87   84   79   73   67
   61   57   53   51   50   50   49   50   50
    37.5-180.0 180.0   5.0 450.0                            LAT/LON1/LON2/DLON/H
   49   50   51   52   53   55   58   62   66   70   71   71   70   68   67   69
   71   75   78   80   79   77   74   72   73   76   77   75   72   70   67   67
   72   80   90  100  107  111  111  110  108  106  103  101  100  101  103  104
  104  102  100   96   93   93   93   94   95   95   94   92   90   86   80   74
   67   61   58   55   53   51   49   49   49
    35.0-180.0 180.0   5.0 450.0                            LAT/LON1/LON2/DLON/H
   48   48   49   51   52   54   57   62   67   73   76   77   77   76   74   75
   77   81   83   85   83   79   75   74   75   77   78   76   72   69   67   68
   74   84   96  108  116  120  121  121  119  116  112  108  106  105  106  107
  107  105  102   99   96   95   95   97   98   98   98   97   95   92   87   81
   75   68   64   60   56   52   49   48   48
    32.5-180.0 180.0   5.0 450.0                            LAT/LON1/LON2/DLON/H
   47   47   47   48   49   51   54   59   66   74   79   82   82   81   79   80
   81   84   86   86   84   78   75   72   73   76   77   75   71   68   66   69
   77   87  100  113  123  129  131  132  130  127  122  117  113  111  110  110
  110  108  105  102  100   99  100  102  102  102  103  102  101   99   94   88
   81   75   70   65   61   55   51   48   47
    30.0-180.0 180.0   5.0 450.0                            LAT/LON1/LON2/DLON/H
   49   48   47   46   47   48   51   56   64   73   80   84   85   85   83   84
   84   86   87   86   82   76   72   68   70   73   74   72   68   66   66   70
   79   90  103  117  128  135  139  142  141  139  133  127  122  118  117  115
  115  113  110  108  107  107  109  109  109  109  109  109  108  107  102   97
   90   82   76   70   65   59   54   51   49
    27.5-180.0 180.0   5.0 450.0                            LAT/LON1/LON2/DLON/H
   53   51   49   47   46   46   48   53   59   68   76   81   84   85   85   85
   86   87   87   85   80   74   69   66   67   69   69   68   65   64   66   71
   81   91  104  117  129  137  145  152  153  150  147  142  134  128  126  125
  125  122  120  120  120  121  122  121  120  119  119  119  118  116  113  106
   98   90   83   76   69   64   59   56   53
    25.0-180.0 180.0   5.0 450.0                            LAT/LON1/LON2/DLON/H
   58   55   53   49   47   46   48   50   55   63   70   77   80   83   84   84
   85   86   86   83   77   71   66   65   65   65   65   63   61   61   65   72
   81   92  103  116  129  139  150  159  163  163  162  156  148  143  141  139
  138  136  135  136  138  139  139  138  135  133  132  132  131  130  125  118
  109  100   91   84   77   71   67   63   58
    22.5-180.0 180.0   5.0 450.0                            LAT/LON1/LON2/DLON/H
   66   62   59   55   52   50   49   50   53   58   65   71   75   79   81   82
   84   84   83   81   75   69   65   63   63   62   61   59   57   58   64   72
   82   91  104  117  130  143  156  165  171  174  173  169  165  161  159  157
  154  153  153  156  158  161  161  158  153  150  148  148  147  145  140  132
  123  112  102   94   86   81   76   71   66
    20.0-180.0 180.0   5.0 450.0                            LAT/LON1/LON2/DLON/H
   74   69   65   61   58   55   54   53   53   57   62   67   71   75   77   79
   81   81   80   78   73   67   63   62   61   59   57   54   53   55   62   71
   82   93  106  120  133  148  163  170  177  181  183  183  181  179  178  176
  173  173  173  177  180  183  182  180  173  168  166  165  165  163  157  148
  138  126  116  106   98   92   87   81   74
    17.5-180.0 180.0   5.0 450.0                            LAT/LON1/LON2/DLON/H
   82   75   70   67   64   62   60   58   56   57   60   64   67   70   74   76
   78   77   77   75   70   66   62   60   58   57   54   51   50   53   61   71
   83   95  110  124  139  154  169  176  182  186  191  195  196  196  196  195
  192  193  193  197  201  204  202  199  191  185  182  182  182  181  175  166
  154  141  131  119  110  104   98   91   82
    15.0-180.0 180.0   5.0 450.0                            LAT/LON1/LON2/DLON/H
   89   80   74   71   69   67   65   63   60   59   60   63   65   68   71   73
   75   74   73   72   69   65   61   59   56   54   51   48   48   52   62   73
   85   98  113  127  144  160  174  181  186  192  199  205  209  210  211  210
  210  210  212  216  219  221  219  215  206  200  196  196  197  196  191  183
  170  157  144  131  122  114  107   98   89
    12.5-180.0 180.0   5.0 450.0                            LAT/LON1/LON2/DLON/H
   93   84   77   73   71   70   69   66   64   63   62   63   64   66   68   71
   72   71   70   69   66   63   61   57   54   52   49   46   47   53   63   76
   88  100  115  132  151  167  178  186  191  198  206  214  219  220  221  222
  222  223  225  227  229  230  229  223  215  208  205  204  206  205  202  195
  183  170  155  142  130  121  112  103   93
    10.0-180.0 180.0   5.0 450.0                            LAT/LON1/LON2/DLON/H
   94   84   78   73   71   70   70   68   66   65   65   65   65   66   67   70
   69   68   67   66   64   62   59   56   52   49   46   44   46   54   65   77
   89  103  119  138  158  173  183  191  196  203  212  219  224  225  226  227
  228  230  231  232  233  234  231  225  217  210  208  208  210  211  208  203
  192  180  165  151  138  127  115  105   94
     7.5-180.0 180.0   5.0 450.0                            LAT/LON1/LON2/DLON/H
   95   84   76   71   69   68   68   68   67   66   66   66   66   65   66   67
   67   66   65   63   62   59   57   53   50   47   44   43   46   54   66   77
   91  106  124  144  163  177  188  195  201  208  217  223  225  227  228  230
  230  231  231  230  231  232  231  224  216  210  208  209  211  213  211  207
  200  188  173  158  144  131  118  106   95
     5.0-180.0 180.0   5.0 450.0                            LAT/LON1/LON2/DLON/H
   96   85   76   69   65   64   63   64   65   65   65   65   65   64   64   65
   64   63   63   62   61   58   54   50   48   45   44   44   48   56   67   79
   93  108  128  147  165  179  190  198  204  212  220  225  227  228  230  232
  232  231  229  227  229  230  230  224  217  212  211  212  214  215  214  211
  205  196  181  166  150  135  121  108   96
     2.5-180.0 180.0   5.0 450.0                            LAT/LON1/LON2/DLON/H
  101   90   78   69   63   59   58   59   60   61   62   62   62   61   61   61
   62   61   61   60   59   56   53   48   46   44   44   46   50   59   69   82
   95  111  129  147  164  178  188  198  206  215  223  228  230  232  234  237
  236  232  228  225  228  231  232  227  221  218  217  218  218  219  219  216
  212  203  190  174  157  141  126  113  101
