DORISInput/IGSGIM/2019/igsg3590.19i
     1.0            IONOSPHERE MAPS     MIX                 IONEX VERSION / TYPE
cmpcmb v1.2          GRL/UWM            16-jan-20 11:57     PGM / RUN BY / DATE 
ionex file containing IGS COMBINED Ionosphere maps          COMMENT             
global ionosphere maps for day 359, 2019                    DESCRIPTION         
IONEX file containing the COMBINED IGS TEC MAPS and DCBs    DESCRIPTION         
      IONEX files of the following IAACs were combined: cod DESCRIPTION         
                                                        esa DESCRIPTION         
                                                        jpl DESCRIPTION         
                                                        upc DESCRIPTION         
Contact address: Andrzej Krankowski                         DESCRIPTION
                 Geodynamics Research Laboratory            DESCRIPTION
                 University of Warmia and Mazury (GRL/UWM)  DESCRIPTION
                 Oczapowski St. 1                           DESCRIPTION
                 10-957-Olsztyn, POLAND                     DESCRIPTION
                 e-mail:  kand@uwm.edu.pl                   DESCRIPTION
                                                            DESCRIPTION         
  2019    12    25     0     0     0                        EPOCH OF FIRST MAP  
  2019    12    26     0     0     0                        EPOCH OF LAST MAP   
  7200                                                      INTERVAL            
    13                                                      # OF MAPS IN FILE   
  COSZ                                                      MAPPING FUNCTION    
     0.0                                                    ELEVATION CUTOFF    
combined TEC calculated as weighted mean of input TEC valuesOBSERVABLES USED    
   400                                                      # OF STATIONS       
    32                                                      # OF SATELLITES     
  6371.0                                                    BASE RADIUS         
     2                                                      MAP DIMENSION       
   450.0 450.0   0.0                                        HGT1 / HGT2 / DHGT  
    87.5 -87.5  -2.5                                        LAT1 / LAT2 / DLAT  
  -180.0 180.0   5.0                                        LON1 / LON2 / DLON  
    -1                                                      EXPONENT            
TEC values in 0.1 tec units;  9999, if no value available   COMMENT             
DCB values in nanoseconds, reference is Sum_of_SatDCBs = 0  COMMENT             
                                                            END OF HEADER       
[from data line 429]
     2                                                      START OF TEC MAP    
  2019    12    25     2     0     0                        EPOCH OF CURRENT MAP
    87.5-180.0 180.0   5.0 450.0                            LAT/LON1/LON2/DLON/H
   14   14   15   15   15   15   15   15   15   14   14   14   14   14   13   13
   13   12   12   12   12   11   11   11   11   11   11   11   11   11   11   11
   11   11   11   11   11   11   11   12   12   12   12   12   12   12   12   12
   12   12   12   12   12   12   12   12   12   12   12   12   12   12   12   13
   13   13   13   14   14   14   14   14   14
    85.0-180.0 180.0   5.0 450.0                            LAT/LON1/LON2/DLON/H
   15   15   15   15   16   16   16   16   16   16   16   15   15   14   13   13
   12   11   11   10   10    9    9    8    8    8    8    8    8    8    8    8
    8    8    9    9    9    9    9   10   10   10   11   11   11   11   11   11
   11   11   11   11   10   10   10   10   10   10   10   10   10   10   10   10
   11   11   12   12   13   13   14   14   15
    82.5-180.0 180.0   5.0 450.0                            LAT/LON1/LON2/DLON/H
   13   14   15   15   16   16   17   17   17   17   16   15   15   14   13   12
   11   10    9    8    8    7    6    5    6    6    6    6    6    7    7    7
    7    7    7    8    8    9    9    9    9    9   10   10   10   10   10    9
   10    9    9   10    9    9    9    9    8    8    8    8    8    8    8    8
    8    8    9   10   11   11   12   13   13
    80.0-180.0 180.0   5.0 450.0                            LAT/LON1/LON2/DLON/H
   12   13   13   14   15   16   16   16   16   16   16   15   14   13   12   11
   10    8    7    7    6    5    5    5    5    5    5    5    5    6    6    7
    7    7    7    7    8    8    8    9    9    9    9    9    9    8    8    8
    8    8    8    8    8    8    7    7    7    7    7    7    7    7    7    7
    8    8    8    9    9    9   10   11   12
    77.5-180.0 180.0   5.0 450.0                            LAT/LON1/LON2/DLON/H
   11   11   12   13   13   14   14   15   15   15   14   14   13   12   11   10
    9    8    7    6    5    5    5    5    5    5    5    5    5    6    6    7
    7    7    7    7    7    7    7    8    8    8    8    8    8    8    7    7
    7    7    7    7    7    7    7    7    7    7    7    7    8    7    8    8
    8    9    9    9    9   10   10   10   11
    75.0-180.0 180.0   5.0 450.0                            LAT/LON1/LON2/DLON/H
   12   12   11   12   12   12   12   12   12   12   12   12   11   11   10    9
    9    8    7    6    5    5    5    5    5    5    6    6    6    6    6    7
    7    7    7    7    8    8    8    8    8    8    8    8    8    7    7    7
    7    6    6    6    6    6    6    7    7    7    7    8    8    9    9    9
   10   10   10   10   11   11   11   11   12
    72.5-180.0 180.0   5.0 450.0                            LAT/LON1/LON2/DLON/H
   14   13   12   12   11   11   11   10   10   10   10   10    9    9    8    8
    8    8    8    8    7    7    7    6    6    6    6    7    7    7    7    7
    7    7    8    8    8    8    8    8    7    7    7    7    7    7    7    7
    7    7    7    6    6    6    6    7    7    8    9    9   11   12   13   14
   15   16   16   16   16   16   15   15   14
    70.0-180.0 180.0   5.0 450.0                            LAT/LON1/LON2/DLON/H
   18   16   15   13   12   11   11    9    9    8    8    8    8    8    8    8
    8    9   10   10   10   10   10    9    8    8    8    8    8    8    8    8
    8    8    8    8    7    7    7    7    7    7    7    7    7    8    8    8
    9    8    8    7    7    7    8    9   10   12   14   15   17   19   20   23
   24   24   24   24   24   23   22   20   18
    67.5-180.0 180.0   5.0 450.0                            LAT/LON1/LON2/DLON/H
   25   22   19   17   15   13   11   10    9    8    8    7    7    8    8    8
    9    9   11   12   13   13   13   12   11   11   11   10    9   10   10    9
    9    8    8    8    8    7    7    7    7    7    7    8    8    9   10   11
   11   11   11   10   10   11   12   14   16   18   19   22   24   27   29   30
   32   33   33   34   33   31   30   28   25
    65.0-180.0 180.0   5.0 450.0                            LAT/LON1/LON2/DLON/H
   31   28   25   21   18   15   13   11   10    9    8    8    7    7    7    8
    8    9   11   12   14   15   15   14   13   13   13   12   11   11   10   10
    9    9    9    8    8    7    7    7    7    7    8    8   10   10   13   14
   14   14   14   14   14   15   17   19   21   24   26   28   31   33   36   37
   39   41   42   42   41   40   38   36   31
    62.5-180.0 180.0   5.0 450.0                            LAT/LON1/LON2/DLON/H
   39   35   31   28   24   20   17   14   12   10    9    8    8    7    7    8
    8    9   10   11   13   13   14   14   14   14   13   12   11   11   11   11
   10   10   10   10    9    9    8    8    9    9    9   11   12   14   16   18
   18   17   17   17   18   19   21   24   26   29   31   34   36   39   40   42
   44   46   48   48   48   47   45   42   39
    60.0-180.0 180.0   5.0 450.0                            LAT/LON1/LON2/DLON/H
   45   41   38   34   30   26   22   19   16   13   12   10    9    8    8    8
    8    9   10   11   11   12   12   13   12   12   12   11   11   11   11   12
   12   12   13   13   13   13   13   12   13   13   14   15   17   19   20   22
   22   21   20   20   21   22   25   27   31   34   36   39   41   42   43   46
   48   49   51   52   53   53   51   48   45
    57.5-180.0 180.0   5.0 450.0                            LAT/LON1/LON2/DLON/H
   50   47   44   40   36   32   28   24   20   18   15   13   12   10    9    9
   10   10   11   10   10   11   10   11   11   12   12   12   12   12   13   14
   15   16   18   18   18   18   19   20   19   20   21   22   22   24   25   26
   26   24   23   23   24   26   29   32   35   39   41   43   44   45   46   48
   50   52   54   55   56   56   55   53   50
    55.0-180.0 180.0   5.0 450.0                            LAT/LON1/LON2/DLON/H
   55   53   50   46   42   38   33   28   25   21   19   18   16   14   13   12
   12   12   12   11   11   11   10   11   12   13   13   14   14   15   16   19
   21   22   24   24   25   26   27   28   29   29   28   28   28   29   29   29
   29   28   27   28   29   31   34   38   41   45   47   48   48   49   50   51
   53   54   56   57   59   59   58   57   55
    52.5-180.0 180.0   5.0 450.0                            LAT/LON1/LON2/DLON/H
   60   58   56   52   48   44   39   34   30   26   24   22   21   19   18   16
   15   15   14   13   12   11   12   13   14   15   16   17   18   20   22   25
   27   29   31   31   33   34   36   38   38   37   37   35   34   33   32   33
   33   32   32   32   34   36   39   42   47   51   53   54   54   54   55   55
   56   57   59   60   61   62   62   61   60
    50.0-180.0 180.0   5.0 450.0                            LAT/LON1/LON2/DLON/H
   64   63   61   59   55   50   45   39   35   31   28   27   25   24   23   21
   20   19   18   17   16   16   17   18   20   22   23   24   26   28   29   33
   34   36   37   37   39   41   44   46   46   45   44   41   39   38   37   37
   36   36   36   36   38   41   44   48   52   56   58   60   60   60   60   60
   60   61   63   64   65   65   65   64   64
    47.5-180.0 180.0   5.0 450.0                            LAT/LON1/LON2/DLON/H
   68   68   67   65   62   57   51   45   40   35   33   31   30   29   28   26
   26   25   24   24   24   25   26   28   30   32   33   34   35   35   36   38
   40   41   41   42   44   47   50   52   53   52   49   46   43   42   41   40
   40   40   40   42   43   47   50   53   57   61   63   65   67   67   66   66
   65   66   67   68   69   69   69   69   68
    45.0-180.0 180.0   5.0 450.0                            LAT/LON1/LON2/DLON/H
   73   73   72   71   69   64   58   51   45   41   38   36   35   34   34   33
   33   33   33   34   34   36   38   40   42   44   44   44   43   42   42   44
   44   45   45   46   47   50   54   56   57   56   54   51   48   46   45   45
   45   46   46   48   50   54   56   59   62   64   67   69   71   72   73   73
   72   72   72   73   73   73   72   72   73
    42.5-180.0 180.0   5.0 450.0                            LAT/LON1/LON2/DLON/H
   76   76   76   76   74   70   65   58   51   46   44   42   41   41   40   39
   39   40   43   45   47   49   50   52   54   55   54   53   50   49   48   48
   47   47   47   48   49   52   56   58   59   58   56   53   51   50   49   50
   51   51   52   54   58   61   63   64   66   67   69   72   74   76   78   80
   80   78   78   78   77   76   76   76   76
    40.0-180.0 180.0   5.0 450.0                            LAT/LON1/LON2/DLON/H
   79   79   78   78   77   75   71   65   59   54   51   49   47   47   46   46
   46   48   52   56   59   60   62   63   64   63   62   59   56   54   52   51
   50   49   49   49   51   53   56   59   60   60   58   56   54   54   53   54
   55   55   56   59   63   66   68   68   69   70   71   74   77   79   82   85
   86   85   84   83   82   80   80   80   79
    37.5-180.0 180.0   5.0 450.0                            LAT/LON1/LON2/DLON/H
   83   81   80   79   79   77   75   71   65   62   59   56   55   53   53   53
   54   56   60   65   69   70   70   70   69   69   66   63   59   56   54   52
   51   51   51   51   52   54   56   59   60   60   60   59   57   57   57   57
   57   58   59   63   67   71   72   72   71   72   73   75   79   82   86   89
   91   91   90   88   87   86   85   84   83
    35.0-180.0 180.0   5.0 450.0                            LAT/LON1/LON2/DLON/H
   87   84   81   79   79   78   77   75   71   69   68   65   63   61   59   59
   60   62   66   72   75   75   74   73   72   71   68   64   60   57   55   53
   53   53   54   54   55   56   57   59   60   61   61   61   60   59   59   58
   58   58   60   65   69   73   75   75   74   73   74   77   80   84   88   93
   97   98   96   94   94   92   91   90   87
    32.5-180.0 180.0   5.0 450.0                            LAT/LON1/LON2/DLON/H
   94   88   84   81   79   79   79   78   76   75   75   73   70   68   66   65
   65   67   70   75   77   76   73   71   69   68   67   64   61   58   57   56
   56   57   57   58   58   58   58   59   61   61   62   61   60   59   58   57
   56   56   59   64   71   76   78   79   77   77   78   80   83   87   92   99
  104  106  105  103  102  101  100   98   94
    30.0-180.0 180.0   5.0 450.0                            LAT/LON1/LON2/DLON/H
  105   97   91   84   81   79   80   80   79   79   80   79   77   74   72   71
   69   69   72   76   76   74   70   66   64   64   65   64   62   61   60   60
   61   62   62   62   61   60   59   59   60   61   61   60   59   58   55   53
   52   53   57   64   72   78   82   83   83   83   84   86   88   92   98  106
  113  116  116  115  114  113  112  110  105
    27.5-180.0 180.0   5.0 450.0                            LAT/LON1/LON2/DLON/H
  121  111  103   94   87   83   82   83   83   83   83   83   81   78   76   74
   71   70   73   75   73   69   65   62   60   61   62   64   65   65   65   65
   67   67   67   66   64   61   59   58   59   59   58   57   56   54   51   48
   47   49   54   63   73   81   86   89   90   91   93   95   97  100  107  116
  125  130  130  130  129  130  131  128  121
    25.0-180.0 180.0   5.0 450.0                            LAT/LON1/LON2/DLON/H
  141  131  120  109   99   92   89   88   87   87   86   86   84   81   79   76
   73   71   72   73   70   66   63   60   59   61   63   66   69   71   71   72
   73   72   71   69   65   61   58   57   56   55   54   52   50   48   45   43
   42   45   53   64   75   85   92   96   99  102  106  108  110  113  120  130
  140  147  147  148  149  151  152  150  141
    22.5-180.0 180.0   5.0 450.0                            LAT/LON1/LON2/DLON/H
  165  153  143  129  116  105   98   94   93   92   89   88   87   84   81   78
   75   73   73   72   69   65   63   62   63   66   68   72   75   77   78   78
   78   76   72   69   64   59   56   54   51   49   48   45   43   41   39   37
   37   41   51   65   78   90   98  105  111  116  121  124  126  129  137  146
  158  164  167  167  169  173  175  174  165
    20.0-180.0 180.0   5.0 450.0                            LAT/LON1/LON2/DLON/H
  187  177  165  153  138  123  111  104  100   97   94   91   89   87   84   80
   77   75   75   73   70   68   68   69   71   74   77   80   82   82   83   82
   81   77   72   67   61   56   52   49   45   43   41   37   36   34   33   32
   33   40   52   68   82   95  105  115  123  132  139  142  144  148  155  164
  172  179  185  186  188  193  196  196  187
    17.5-180.0 180.0   5.0 450.0                            LAT/LON1/LON2/DLON/H
  204  196  186  176  162  143  127  117  111  106  101   97   93   89   85   82
   79   78   77   75   74   73   75   77   80   84   86   87   88   87   86   84
   81   77   71   64   57   51   46   43   40   37   34   31   29   28   28   29
   33   42   55   72   88  101  114  126  136  147  155  159  163  166  172  179
  185  191  198  200  204  208  212  211  204
    15.0-180.0 180.0   5.0 450.0                            LAT/LON1/LON2/DLON/H
  213  207  201  194  181  162  145  133  124  117  110  104   97   92   88   85
   83   82   80   79   78   79   82   85   89   91   91   90   90   87   86   83
   79   74   67   60   54   47   42   39   35   32   29   26   25   25   27   29
   34   45   60   78   94  108  121  136  149  160  168  173  178  181  185  190
  195  201  205  209  213  217  219  219  213
    12.5-180.0 180.0   5.0 450.0                            LAT/LON1/LON2/DLON/H
  216  212  209  205  195  178  161  149  139  131  122  112  103   96   91   89
   87   85   84   83   82   84   87   91   95   95   93   91   89   86   84   78
   74   69   62   55   49   44   40   37   34   31   28   25   25   25   27   30
   37   49   65   82   99  113  128  143  157  168  177  182  186  189  192  195
  199  204  208  212  217  220  221  220  216
    10.0-180.0 180.0   5.0 450.0                            LAT/LON1/LON2/DLON/H
  214  211  210  209  202  189  175  163  153  144  134  122  110  101   95   92
   91   89   87   85   84   85   89   94   98   95   92   87   84   81   79   73
   68   63   57   51   46   42   40   38   35   32   29   27   27   27   29   32
   40   52   69   85  101  116  131  146  160  171  179  185  188  192  194  194
  196  201  207  213  218  221  221  219  214
     7.5-180.0 180.0   5.0 450.0                            LAT/LON1/LON2/DLON/H
  214  209  209  208  204  194  183  175  166  156  145  131  118  108  100   96
   94   92   90   87   85   85   89   94   96   92   86   80   77   75   73   68
   64   59   55   50   46   44   42   41   38   35   32   31   30   30   30   34
   41   54   70   87  102  117  131  146  159  169  176  182  187  191  191  190
  191  195  203  211  218  221  220  217  214
     5.0-180.0 180.0   5.0 450.0                            LAT/LON1/LON2/DLON/H
  216  211  210  208  205  199  191  184  176  166  154  140  126  116  108  102
   99   97   94   90   87   86   88   92   92   87   79   73   71   71   70   67
   63   59   55   52   50   48   47   45   42   39   36   34   33   32   33   35
   42   55   71   87  101  115  129  143  155  164  170  177  183  187  188  186
  186  190  198  207  216  221  221  219  216
     2.5-180.0 180.0   5.0 450.0                            LAT/LON1/LON2/DLON/H
  224  220  216  213  209  203  199  194  186  175  161  148  135  125  118  111
  107  104  100   95   91   89   90   91   88   84   76   70   69   73   73   70
   66   61   59   57   54   53   51   48   45   42   39   37   36   35   35   37
   44   57   72   87  100  113  126  139  149  156  163  171  178  183  184  182
  181  186  196  206  216  223  225  226  224
