DORISInput/IGSGIM/2019/igsg3400.19i
     1.0            IONOSPHERE MAPS     MIX                 IONEX VERSION / TYPE
cmpcmb v1.2          GRL/UWM            23-dec-19 15:05     PGM / RUN BY / DATE 
ionex file containing IGS COMBINED Ionosphere maps          COMMENT             
global ionosphere maps for day 340, 2019                    DESCRIPTION         
IONEX file containing the COMBINED IGS TEC MAPS and DCBs    DESCRIPTION         
      IONEX files of the following IAACs were combined: cod DESCRIPTION         
                                                        esa DESCRIPTION         
                                                        jpl DESCRIPTION         
                                                        upc DESCRIPTION         
Contact address: Andrzej Krankowski                         DESCRIPTION
                 Geodynamics Research Laboratory            DESCRIPTION
                 University of Warmia and Mazury (GRL/UWM)  DESCRIPTION
                 Oczapowski St. 1                           DESCRIPTION
                 10-957-Olsztyn, POLAND                     DESCRIPTION
                 e-mail:  kand@uwm.edu.pl                   DESCRIPTION
                                                            DESCRIPTION         
  2019    12     6     0     0     0                        EPOCH OF FIRST MAP  
  2019    12     7     0     0     0                        EPOCH OF LAST MAP   
  7200                                                      INTERVAL            
    13                                                      # OF MAPS IN FILE   
  COSZ                                                      MAPPING FUNCTION    
     0.0                                                    ELEVATION CUTOFF    
combined TEC calculated as weighted mean of input TEC valuesOBSERVABLES USED    
   393                                                      # OF STATIONS       
    32                                                      # OF SATELLITES     
  6371.0                                                    BASE RADIUS         
     2                                                      MAP DIMENSION       
   450.0 450.0   0.0                                        HGT1 / HGT2 / DHGT  
    87.5 -87.5  -2.5                                        LAT1 / LAT2 / DLAT  
  -180.0 180.0   5.0                                        LON1 / LON2 / DLON  
    -1                                                      EXPONENT            
TEC values in 0.1 tec units;  9999, if no value available   COMMENT             
DCB values in nanoseconds, reference is Sum_of_SatDCBs = 0  COMMENT             
                                                            END OF HEADER       
[from data line 3432]
     9                                                      START OF TEC MAP    
  2019    12     6    16     0     0                        EPOCH OF CURRENT MAP
    87.5-180.0 180.0   5.0 450.0                            LAT/LON1/LON2/DLON/H
   24   24   24   24   24   24   24   24   23   23   23   23   23   24   23   23
   23   23   23   22   22   22   22   22   22   22   22   22   21   21   21   22
   22   22   22   22   22   22   22   22   22   22   22   23   23   23   23   24
   24   24   24   24   25   25   25   25   25   25   25   25   25   25   25   25
   25   25   25   25   24   25   24   24   24
    85.0-180.0 180.0   5.0 450.0                            LAT/LON1/LON2/DLON/H
   23   24   24   24   24   24   24   24   24   24   24   23   24   23   23   23
   23   23   23   22   21   21   21   20   20   20   20   19   19   20   20   20
   20   20   20   20   21   21   21   21   21   22   22   23   23   23   23   23
   23   23   24   24   25   25   25   25   25   25   25   25   25   24   25   25
   24   24   23   23   23   23   23   23   23
    82.5-180.0 180.0   5.0 450.0                            LAT/LON1/LON2/DLON/H
   23   24   24   25   25   25   25   26   25   25   25   25   24   24   23   23
   22   22   22   21   20   20   19   19   19   19   19   19   19   19   19   19
   19   19   19   20   20   20   20   20   20   20   20   21   21   22   22   23
   23   23   23   23   24   24   25   25   24   24   23   23   23   23   22   22
   22   21   21   21   21   22   23   23   23
    80.0-180.0 180.0   5.0 450.0                            LAT/LON1/LON2/DLON/H
   23   24   25   25   25   25   25   25   24   24   24   24   24   23   23   22
   22   21   21   20   19   18   19   20   20   19   18   18   18   18   18   18
   18   18   18   18   17   17   18   18   18   18   18   18   19   19   20   21
   21   21   21   21   22   23   23   23   23   22   22   21   21   20   20   19
   19   18   18   19   20   21   21   22   23
    77.5-180.0 180.0   5.0 450.0                            LAT/LON1/LON2/DLON/H
   20   21   22   23   23   24   24   23   24   24   24   24   24   23   23   22
   21   21   21   20   20   20   21   20   21   21   21   21   20   19   19   19
   18   17   16   17   16   16   16   16   16   15   15   15   16   16   17   17
   18   18   18   19   19   20   21   22   21   21   20   20   19   18   18   17
   16   16   16   16   17   18   19   19   20
    75.0-180.0 180.0   5.0 450.0                            LAT/LON1/LON2/DLON/H
   17   18   20   21   22   22   23   23   23   23   23   23   23   22   22   22
   22   23   23   24   24   24   24   23   23   24   23   22   22   21   20   20
   19   18   17   16   14   14   14   14   13   13   13   13   13   13   13   14
   15   15   15   16   17   19   19   20   20   20   20   19   19   18   17   16
   15   14   14   14   14   15   15   16   17
    72.5-180.0 180.0   5.0 450.0                            LAT/LON1/LON2/DLON/H
   16   17   19   20   20   21   21   21   21   21   21   20   21   21   22   23
   24   24   26   28   29   30   30   30   29   28   29   27   25   23   22   21
   20   19   18   17   15   14   13   12   11   11   11   11   11   11   12   12
   12   13   13   14   16   17   18   18   19   19   19   19   19   18   18   16
   15   15   14   14   13   13   14   15   16
    70.0-180.0 180.0   5.0 450.0                            LAT/LON1/LON2/DLON/H
   16   18   19   20   20   20   20   19   18   18   17   17   18   19   21   22
   24   28   30   33   34   37   37   37   36   35   34   32   29   27   25   23
   21   20   19   17   16   14   12   11   10   10    9   10   10   10   10   10
   11   12   13   13   15   16   17   18   19   19   20   20   20   21   20   19
   18   17   16   16   15   16   15   15   16
    67.5-180.0 180.0   5.0 450.0                            LAT/LON1/LON2/DLON/H
   20   21   21   21   20   19   19   18   16   15   14   14   15   17   19   23
   27   31   35   38   41   43   43   43   42   40   39   37   34   31   29   26
   24   22   20   18   16   14   12   11   10   11   10   11   11   11   11   11
   11   12   13   14   15   16   17   18   19   20   20   22   22   23   24   23
   23   22   21   20   20   20   20   20   20
    65.0-180.0 180.0   5.0 450.0                            LAT/LON1/LON2/DLON/H
   26   26   24   23   22   20   18   17   15   13   12   12   13   15   19   25
   30   35   39   43   45   47   47   46   46   44   43   42   39   36   33   30
   27   24   22   19   16   15   13   12   11   11   12   12   13   13   13   13
   14   14   15   16   17   18   18   19   20   21   23   24   25   27   28   29
   29   28   27   26   27   26   26   26   26
    62.5-180.0 180.0   5.0 450.0                            LAT/LON1/LON2/DLON/H
   32   31   30   28   25   23   20   18   16   14   12   12   13   17   21   27
   34   39   44   46   48   50   49   49   48   47   47   46   43   40   37   33
   31   28   25   21   18   16   14   13   13   14   15   16   16   17   17   16
   16   16   17   18   19   19   20   21   22   23   25   27   29   32   34   35
   35   35   35   34   35   35   34   34   32
    60.0-180.0 180.0   5.0 450.0                            LAT/LON1/LON2/DLON/H
   40   39   37   35   31   28   25   21   19   17   15   15   16   20   26   32
   39   43   47   50   51   51   51   50   49   49   50   50   48   46   42   39
   36   33   29   25   21   18   16   16   17   18   19   20   21   21   21   20
   20   20   20   21   22   23   23   24   25   26   28   30   33   37   40   42
   42   43   42   43   43   43   43   42   40
    57.5-180.0 180.0   5.0 450.0                            LAT/LON1/LON2/DLON/H
   48   46   45   42   38   35   31   27   25   23   21   21   22   26   32   38
   44   48   52   53   52   52   52   50   50   51   53   54   54   54   51   46
   43   38   34   29   25   22   21   21   22   23   25   26   26   26   25   24
   24   24   24   25   25   26   26   27   29   30   32   34   37   42   45   47
   48   48   49   50   50   51   51   50   48
    55.0-180.0 180.0   5.0 450.0                            LAT/LON1/LON2/DLON/H
   57   54   53   50   47   44   40   36   33   30   29   29   30   33   39   44
   49   53   55   55   54   53   53   52   52   54   57   59   60   61   58   54
   50   46   41   35   30   28   26   26   27   29   31   32   32   31   30   29
   29   29   30   31   31   31   31   32   33   35   37   39   42   46   48   50
   50   51   52   53   55   56   57   58   57
    52.5-180.0 180.0   5.0 450.0                            LAT/LON1/LON2/DLON/H
   62   61   59   58   56   53   50   45   42   39   38   37   39   41   45   51
   55   58   59   59   57   56   56   56   57   59   62   65   67   68   65   62
   58   53   48   43   38   35   33   33   34   35   36   37   37   36   35   34
   34   35   36   37   37   37   37   37   38   39   41   43   45   48   50   51
   51   52   52   54   56   58   61   63   62
    50.0-180.0 180.0   5.0 450.0                            LAT/LON1/LON2/DLON/H
   65   65   64   63   62   61   59   54   51   48   47   47   48   49   52   56
   60   63   64   64   62   61   61   62   64   66   69   72   74   73   72   69
   66   60   55   51   47   44   42   41   41   42   43   43   42   41   40   40
   40   40   42   43   43   43   43   43   43   44   44   46   47   49   50   51
   50   50   50   52   55   58   61   65   65
    47.5-180.0 180.0   5.0 450.0                            LAT/LON1/LON2/DLON/H
   65   66   66   66   67   66   65   61   58   56   56   56   57   58   59   61
   65   68   69   69   68   69   70   71   73   76   78   79   79   79   77   74
   71   67   63   59   56   53   51   50   50   49   49   49   48   48   47   47
   47   47   48   49   49   49   49   48   48   48   48   49   50   51   51   51
   50   49   48   49   52   55   59   63   65
    45.0-180.0 180.0   5.0 450.0                            LAT/LON1/LON2/DLON/H
   62   63   64   66   67   68   68   66   64   64   64   65   66   66   65   67
   70   72   75   76   77   78   80   82   85   87   87   86   85   84   81   77
   75   72   69   67   65   63   61   59   57   56   55   55   54   54   54   54
   54   55   55   56   56   55   55   53   52   52   51   52   52   52   52   51
   50   48   47   47   49   53   56   59   62
    42.5-180.0 180.0   5.0 450.0                            LAT/LON1/LON2/DLON/H
   57   59   60   63   65   65   67   67   67   69   72   73   73   73   72   72
   74   77   81   84   87   89   92   94   96   97   96   93   90   87   83   80
   77   76   75   74   74   72   69   66   63   62   60   60   60   61   61   62
   62   63   63   63   62   61   59   57   56   55   55   55   55   54   54   53
   51   49   48   47   48   50   53   55   57
    40.0-180.0 180.0   5.0 450.0                            LAT/LON1/LON2/DLON/H
   53   53   55   57   60   61   63   65   68   73   77   80   81   80   77   76
   77   82   87   91   95   98  102  104  106  106  104  100   95   90   85   82
   80   80   81   81   81   80   77   73   69   66   65   65   66   67   68   69
   70   69   69   68   66   64   61   60   58   57   57   57   57   57   56   54
   53   51   49   48   47   49   51   52   53
    37.5-180.0 180.0   5.0 450.0                            LAT/LON1/LON2/DLON/H
   48   49   50   51   53   55   58   62   67   75   82   86   88   87   84   81
   82   86   92   98  102  106  109  111  112  113  110  106   99   93   88   85
   85   86   87   89   89   87   84   79   74   70   69   69   71   73   75   75
   75   74   72   69   67   65   62   61   60   59   59   59   59   58   58   56
   55   53   50   49   48   49   49   49   48
    35.0-180.0 180.0   5.0 450.0                            LAT/LON1/LON2/DLON/H
   46   46   45   46   47   49   53   58   65   76   85   91   94   94   90   87
   87   91   96  102  106  110  114  116  116  117  115  110  103   97   93   91
   93   94   96   97   98   95   90   84   78   73   72   72   75   78   81   80
   78   76   73   69   67   64   62   61   61   60   60   60   60   59   59   57
   56   54   52   51   50   49   49   47   46
    32.5-180.0 180.0   5.0 450.0                            LAT/LON1/LON2/DLON/H
   45   43   42   43   43   44   47   54   64   76   87   95  100  100   97   94
   93   95  100  104  108  112  116  118  119  120  118  113  107  103  102  101
  104  106  108  109  108  104   98   90   83   77   75   77   79   83   84   82
   79   76   72   69   66   64   62   61   61   61   61   62   61   60   59   57
   55   53   52   51   51   50   48   47   45
    30.0-180.0 180.0   5.0 450.0                            LAT/LON1/LON2/DLON/H
   44   43   42   41   41   42   44   51   62   75   87   96  102  103  101   99
   98   99  103  106  109  112  115  116  118  120  119  116  113  112  112  116
  119  123  123  124  121  115  107   98   89   83   80   81   83   85   85   83
   79   74   71   68   65   63   62   62   62   62   63   63   62   60   58   56
   53   52   51   51   51   50   49   47   44
    27.5-180.0 180.0   5.0 450.0                            LAT/LON1/LON2/DLON/H
   44   43   42   41   41   41   44   51   62   75   86   96  101  103  103  101
  100  100  103  105  107  109  110  109  112  116  119  119  120  122  127  134
  139  143  145  143  138  131  119  107   97   90   86   87   88   88   87   83
   78   73   69   66   64   62   61   62   62   63   63   63   62   60   57   54
   51   50   48   48   48   49   47   46   44
    25.0-180.0 180.0   5.0 450.0                            LAT/LON1/LON2/DLON/H
   44   44   44   43   43   44   47   54   64   76   85   93   99  102  102  100
  100  101  103  104  105  104  105  105  107  113  119  123  128  136  144  154
  162  167  168  165  158  148  132  119  108   99   95   93   93   92   89   84
   78   71   67   64   62   61   60   61   62   62   63   63   62   59   56   52
   49   47   46   45   46   46   46   45   44
    22.5-180.0 180.0   5.0 450.0                            LAT/LON1/LON2/DLON/H
   43   43   44   44   45   47   51   58   67   77   86   92   97  100  100  100
  100  100  101  102  103  102  102  103  106  113  122  130  140  151  163  175
  185  189  193  188  179  164  148  132  119  110  105  102   99   96   92   86
   78   71   66   63   60   59   59   59   60   60   61   61   60   57   53   50
   47   45   44   43   43   44   44   43   43
    20.0-180.0 180.0   5.0 450.0                            LAT/LON1/LON2/DLON/H
   41   42   43   44   46   49   55   64   73   81   88   93   97   99  100  101
  101  101  101  102  104  103  103  105  109  117  128  140  154  169  184  196
  205  209  210  205  196  179  161  146  132  122  116  111  106  101   95   87
   79   72   67   63   61   59   58   58   57   57   57   57   57   55   51   49
   46   44   42   41   41   41   42   41   41
    17.5-180.0 180.0   5.0 450.0                            LAT/LON1/LON2/DLON/H
   39   40   41   42   45   50   58   69   79   86   91   95   98  101  102  104
  104  105  105  106  107  107  107  109  115  124  137  152  170  187  203  213
  219  222  221  215  206  190  172  156  145  136  128  121  113  105   98   90
   82   75   69   66   63   60   59   58   56   55   54   54   54   53   50   48
   46   44   42   41   40   40   40   39   39
    15.0-180.0 180.0   5.0 450.0                            LAT/LON1/LON2/DLON/H
   37   38   38   40   43   49   59   72   83   90   95   98  101  104  106  108
  109  110  110  111  112  112  112  115  123  133  147  164  183  202  216  223
  226  227  225  218  208  194  179  167  157  149  141  131  120  111  101   93
   85   80   75   70   66   63   61   59   56   54   52   51   52   51   50   48
   46   44   43   42   40   39   38   38   37
    12.5-180.0 180.0   5.0 450.0                            LAT/LON1/LON2/DLON/H
   36   36   36   37   40   47   58   73   85   94   99  102  105  109  111  113
  114  116  116  117  118  119  120  124  132  143  157  174  192  209  220  225
  227  226  223  217  207  196  185  176  169  162  153  141  127  116  105   95
   89   84   79   74   69   66   63   61   57   54   51   49   49   50   49   48
   47   46   44   42   41   40   38   37   36
    10.0-180.0 180.0   5.0 450.0                            LAT/LON1/LON2/DLON/H
   36   35   34   35   37   44   56   71   85   96  102  107  111  115  118  120
  121  121  122  123  125  127  130  134  143  154  167  182  197  211  219  222
  223  222  220  215  209  200  192  186  179  172  163  150  134  120  108   98
   91   86   81   76   71   68   65   63   60   56   52   50   49   50   50   49
   48   47   45   44   42   40   38   37   36
     7.5-180.0 180.0   5.0 450.0                            LAT/LON1/LON2/DLON/H
   35   34   33   32   34   42   54   70   85   96  104  111  117  122  125  127
  128  129  129  130  133  136  140  147  155  165  176  189  201  210  215  218
  219  219  219  218  214  208  202  196  188  181  170  156  140  124  110  100
   92   86   82   77   74   71   69   67   65   61   57   54   53   52   52   51
   49   48   47   45   42   40   38   37   35
     5.0-180.0 180.0   5.0 450.0                            LAT/LON1/LON2/DLON/H
   35   33   32   30   32   40   53   69   84   96  106  115  122  128  133  136
  137  139  139  139  141  145  152  160  167  177  186  195  203  209  213  215
  218  222  226  228  225  220  213  207  198  188  176  161  145  129  115  103
   93   87   83   80   77   75   74   73   72   69   64   62   59   58   56   53
   51   49   47   45   43   40   38   36   35
     2.5-180.0 180.0   5.0 450.0                            LAT/LON1/LON2/DLON/H
   35   33   31   29   31   40   53   69   84   96  107  117  126  135  140  144
  146  147  147  148  150  155  164  173  181  189  196  202  206  210  214  218
  226  233  241  244  241  236  227  218  207  195  182  167  151  136  121  108
   97   89   85   83   81   80   80   80   79   76   73   70   67   65   62   58
   52   49   47   45   43   40   38   36   35
