DORISInput/IGSGIM/2019/igsg3610.19i
     1.0            IONOSPHERE MAPS     MIX                 IONEX VERSION / TYPE
cmpcmb v1.2          GRL/UWM            16-jan-20 12:11     PGM / RUN BY / DATE 
ionex file containing IGS COMBINED Ionosphere maps          COMMENT             
global ionosphere maps for day 361, 2019                    DESCRIPTION         
IONEX file containing the COMBINED IGS TEC MAPS and DCBs    DESCRIPTION         
      IONEX files of the following IAACs were combined: cod DESCRIPTION         
                                                        esa DESCRIPTION         
                                                        jpl DESCRIPTION         
                                                        upc DESCRIPTION         
Contact address: Andrzej Krankowski                         DESCRIPTION
                 Geodynamics Research Laboratory            DESCRIPTION
                 University of Warmia and Mazury (GRL/UWM)  DESCRIPTION
                 Oczapowski St. 1                           DESCRIPTION
                 10-957-Olsztyn, POLAND                     DESCRIPTION
                 e-mail:  kand@uwm.edu.pl                   DESCRIPTION
                                                            DESCRIPTION         
  2019    12    27     0     0     0                        EPOCH OF FIRST MAP  
  2019    12    28     0     0     0                        EPOCH OF LAST MAP   
  7200                                                      INTERVAL            
    13                                                      # OF MAPS IN FILE   
  COSZ                                                      MAPPING FUNCTION    
     0.0                                                    ELEVATION CUTOFF    
combined TEC calculated as weighted mean of input TEC valuesOBSERVABLES USED    
   389                                                      # OF STATIONS       
    32                                                      # OF SATELLITES     
  6371.0                                                    BASE RADIUS         
     2                                                      MAP DIMENSION       
   450.0 450.0   0.0                                        HGT1 / HGT2 / DHGT  
    87.5 -87.5  -2.5                                        LAT1 / LAT2 / DLAT  
  -180.0 180.0   5.0                                        LON1 / LON2 / DLON  
    -1                                                      EXPONENT            
TEC values in 0.1 tec units;  9999, if no value available   COMMENT             
DCB values in nanoseconds, reference is Sum_of_SatDCBs = 0  COMMENT             
                                                            END OF HEADER       
[from data line 3861]
    10                                                      START OF TEC MAP    
  2019    12    27    18     0     0                        EPOCH OF CURRENT MAP
    87.5-180.0 180.0   5.0 450.0                            LAT/LON1/LON2/DLON/H
   16   16   16   16   16   16   16   16   16   16   16   16   16   16   16   16
   16   16   16   16   16   16   16   16   16   16   16   17   17   17   17   17
   17   17   17   17   17   17   18   18   18   18   18   18   18   18   18   18
   18   18   18   18   18   18   18   18   18   17   17   17   17   17   17   17
   17   17   17   17   17   17   17   16   16
    85.0-180.0 180.0   5.0 450.0                            LAT/LON1/LON2/DLON/H
   15   15   15   15   15   15   15   15   15   16   16   16   16   16   16   17
   17   17   17   17   17   17   17   17   17   17   17   17   18   17   17   17
   17   17   17   17   17   18   18   18   18   18   18   18   18   18   19   19
   19   19   19   19   19   19   19   18   19   18   18   18   18   18   18   18
   18   17   17   17   16   16   16   16   15
    82.5-180.0 180.0   5.0 450.0                            LAT/LON1/LON2/DLON/H
   15   14   14   14   14   15   15   15   16   16   16   17   17   17   17   17
   17   18   17   18   18   18   18   18   18   18   18   17   17   17   16   16
   16   17   17   16   17   17   17   18   18   18   18   18   18   18   18   18
   19   19   19   20   20   20   20   20   20   19   19   19   19   19   19   19
   18   18   17   17   16   16   15   15   15
    80.0-180.0 180.0   5.0 450.0                            LAT/LON1/LON2/DLON/H
   13   13   13   14   14   15   15   15   15   16   17   17   18   18   19   19
   19   19   20   19   19   18   18   19   18   18   18   18   17   17   17   17
   17   17   16   16   16   16   16   16   17   17   17   17   17   17   17   17
   17   17   19   19   20   21   21   20   20   20   20   20   19   19   19   18
   18   17   17   16   16   15   14   14   13
    77.5-180.0 180.0   5.0 450.0                            LAT/LON1/LON2/DLON/H
   12   12   12   12   12   12   13   14   14   15   16   17   18   19   20   21
   22   22   23   23   22   22   22   22   21   19   19   18   17   17   17   17
   16   16   15   15   15   15   15   14   15   15   15   15   15   15   16   16
   15   16   17   18   19   20   20   20   20   20   20   19   19   18   18   17
   17   16   15   14   13   13   13   12   12
    75.0-180.0 180.0   5.0 450.0                            LAT/LON1/LON2/DLON/H
   10   10    9    9    9    9   10   10   11   13   15   16   18   19   21   23
   24   25   26   26   26   25   25   25   23   21   19   18   17   16   15   14
   14   14   14   14   13   13   13   13   12   12   12   12   13   13   14   14
   14   14   15   16   16   17   18   19   19   19   19   18   18   17   17   16
   16   15   14   12   12   12   11   11   10
    72.5-180.0 180.0   5.0 450.0                            LAT/LON1/LON2/DLON/H
    9    9    8    8    8    8    7    8    9   11   13   15   17   20   23   25
   28   29   29   31   30   29   29   27   26   24   21   19   17   16   14   13
   13   12   12   12   12   12   11   10   10   10   10   10   10   10   11   11
   12   12   13   13   14   16   16   17   17   18   17   16   16   15   15   15
   14   13   13   12   11   11   10   10    9
    70.0-180.0 180.0   5.0 450.0                            LAT/LON1/LON2/DLON/H
   10    9    8    7    7    7    6    7    8    9   11   14   18   20   24   27
   30   32   34   34   34   34   34   32   30   27   23   21   18   15   13   12
   11   10   10    9    9    9    9    9    9    8    8    8    8    8    9    9
   10   10   12   12   13   14   14   15   16   16   16   16   16   15   15   14
   14   13   13   13   12   12   12   11   10
    67.5-180.0 180.0   5.0 450.0                            LAT/LON1/LON2/DLON/H
   12   11    9    8    7    7    6    7    8    9   12   15   19   22   25   29
   32   35   38   38   40   39   39   37   34   31   28   24   21   17   13   12
   10    9    8    8    8    8    8    8    7    8    8    8    8    8    9    9
   10   11   12   13   14   15   15   16   16   17   17   17   17   17   16   16
   15   15   15   15   15   15   14   14   12
    65.0-180.0 180.0   5.0 450.0                            LAT/LON1/LON2/DLON/H
   16   15   13   10    9    8    8    8   10   13   16   18   22   25   28   32
   35   38   40   42   43   44   43   42   39   36   32   28   24   20   15   12
   10    9    8    8    8    7    7    7    8    8    8    9   10   11   11   12
   13   13   14   16   16   17   17   18   18   18   19   19   19   19   19   19
   18   18   17   18   18   19   18   18   16
    62.5-180.0 180.0   5.0 450.0                            LAT/LON1/LON2/DLON/H
   21   19   17   15   13   12   13   14   16   19   21   24   27   30   32   35
   38   41   44   45   46   47   47   46   44   41   37   33   29   25   19   15
   12   10    9    8    8    8    8    8    9    9   11   13   14   15   16   17
   17   18   19   20   20   20   20   21   20   20   21   22   22   22   23   22
   22   21   21   21   22   23   23   22   21
    60.0-180.0 180.0   5.0 450.0                            LAT/LON1/LON2/DLON/H
   25   24   22   20   19   19   20   21   24   26   30   32   34   36   38   40
   42   45   47   48   49   51   50   50   48   46   43   39   35   30   25   20
   16   14   12   11   10   10   10   11   12   14   16   19   21   22   24   23
   24   25   26   25   24   24   23   24   24   24   25   26   27   27   27   27
   26   25   25   25   26   26   27   26   25
    57.5-180.0 180.0   5.0 450.0                            LAT/LON1/LON2/DLON/H
   29   28   26   25   25   25   26   30   33   36   39   41   42   44   44   46
   47   49   51   51   52   53   53   53   52   50   48   45   42   37   32   26
   22   19   18   16   15   13   13   15   17   20   24   27   30   31   32   32
   32   33   32   31   30   29   28   29   30   30   31   33   34   33   33   32
   30   29   28   29   29   30   30   30   29
    55.0-180.0 180.0   5.0 450.0                            LAT/LON1/LON2/DLON/H
   33   31   31   30   30   31   34   37   42   46   49   50   51   51   51   52
   53   54   55   56   55   55   55   55   55   55   54   52   49   44   39   34
   30   27   24   22   20   19   19   21   24   28   32   35   38   40   41   41
   41   42   41   39   38   37   36   37   36   38   39   40   40   40   38   37
   35   33   32   32   32   33   33   33   33
    52.5-180.0 180.0   5.0 450.0                            LAT/LON1/LON2/DLON/H
   35   34   34   34   35   38   41   46   51   55   58   59   59   58   58   58
   58   60   60   60   59   58   58   58   59   60   60   59   55   52   47   42
   38   35   31   28   26   25   25   27   31   36   40   44   46   48   50   50
   51   51   51   50   48   46   45   45   44   45   46   47   47   45   43   41
   39   37   35   34   34   35   35   35   35
    50.0-180.0 180.0   5.0 450.0                            LAT/LON1/LON2/DLON/H
   36   37   37   38   40   43   48   53   59   63   65   66   66   66   64   65
   65   66   66   66   64   63   62   62   64   66   67   67   64   61   55   50
   46   42   39   35   33   32   32   34   38   44   48   52   54   56   57   58
   59   60   61   60   58   56   54   53   52   52   52   52   51   49   46   44
   41   39   37   36   36   36   36   36   36
    47.5-180.0 180.0   5.0 450.0                            LAT/LON1/LON2/DLON/H
   37   37   38   40   44   48   53   58   64   69   71   72   73   73   72   72
   72   73   73   73   71   70   69   69   71   73   74   74   73   68   62   56
   53   48   45   42   40   39   40   42   45   51   55   58   60   62   63   65
   68   70   70   70   68   66   63   61   59   57   55   54   53   50   47   45
   43   40   38   37   36   36   36   36   37
    45.0-180.0 180.0   5.0 450.0                            LAT/LON1/LON2/DLON/H
   36   37   39   43   46   51   57   63   69   74   77   78   79   79   78   79
   80   81   81   81   81   80   79   79   81   82   81   81   79   74   68   61
   57   53   51   48   47   46   46   49   52   57   61   64   65   67   69   72
   76   79   79   79   77   74   70   67   63   60   58   56   55   52   49   46
   43   40   39   37   36   36   36   36   36
    42.5-180.0 180.0   5.0 450.0                            LAT/LON1/LON2/DLON/H
   36   37   39   43   48   54   60   67   73   78   81   83   84   85   86   88
   89   90   91   92   92   92   92   92   91   92   89   87   84   78   72   66
   60   57   55   54   53   52   53   55   58   62   67   69   71   72   75   78
   82   86   87   86   83   79   75   69   65   62   60   58   55   53   49   47
   44   42   40   38   38   36   36   36   36
    40.0-180.0 180.0   5.0 450.0                            LAT/LON1/LON2/DLON/H
   36   37   39   44   49   56   63   70   76   82   85   87   89   91   93   96
   97   99  100  102  103  105  104  103  101  100   96   92   89   83   76   69
   64   61   59   59   59   58   60   61   64   68   71   74   76   77   80   83
   87   90   91   89   84   80   76   70   66   63   61   58   55   53   50   47
   45   43   41   40   39   38   37   36   36
    37.5-180.0 180.0   5.0 450.0                            LAT/LON1/LON2/DLON/H
   37   37   40   45   51   58   65   73   80   85   89   92   95   98  101  104
  106  107  108  111  114  115  114  111  109  106  102   98   94   87   79   72
   68   64   62   63   64   65   66   67   69   72   75   78   80   82   83   86
   89   91   90   87   82   77   73   69   66   63   60   58   55   53   50   48
   45   44   42   42   41   39   39   37   37
    35.0-180.0 180.0   5.0 450.0                            LAT/LON1/LON2/DLON/H
   38   38   41   46   52   59   66   74   82   88   93   97  101  105  109  112
  113  114  115  118  121  123  122  118  114  110  106  103   99   93   86   79
   73   69   67   68   69   71   72   73   75   77   80   82   84   85   86   87
   87   87   85   83   78   73   70   66   64   62   60   58   56   53   51   48
   46   45   44   44   43   42   41   39   38
    32.5-180.0 180.0   5.0 450.0                            LAT/LON1/LON2/DLON/H
   40   40   43   48   54   61   68   75   85   92   97  101  106  111  116  118
  119  119  119  121  124  128  126  121  116  112  110  108  106  101   96   88
   83   78   75   75   76   77   78   79   79   80   83   85   86   87   87   85
   84   82   80   78   74   70   68   64   63   62   59   58   56   54   52   49
   47   46   46   45   45   44   43   41   40
    30.0-180.0 180.0   5.0 450.0                            LAT/LON1/LON2/DLON/H
   42   43   46   51   58   64   70   77   87   95  101  105  110  115  120  122
  122  121  120  121  124  126  125  121  116  114  114  115  115  113  109  102
   95   90   86   85   84   84   84   83   82   83   85   86   88   88   86   83
   81   78   77   74   71   68   66   63   62   61   59   58   56   54   52   49
   47   46   46   46   45   45   44   43   42
    27.5-180.0 180.0   5.0 450.0                            LAT/LON1/LON2/DLON/H
   43   46   50   56   63   68   73   80   90   98  103  108  112  118  122  124
  122  121  119  119  121  122  120  118  116  117  120  126  129  128  125  119
  114  108  101   96   93   90   88   87   85   84   86   87   88   88   85   81
   78   75   73   71   69   66   64   61   60   60   59   57   56   53   51   48
   47   45   45   45   44   44   44   43   43
    25.0-180.0 180.0   5.0 450.0                            LAT/LON1/LON2/DLON/H
   44   48   54   61   68   73   78   84   93  101  106  110  114  119  123  123
  121  119  117  116  116  116  116  117  119  124  132  140  145  147  144  139
  135  129  119  110  103   97   93   89   86   85   86   87   88   88   84   80
   76   73   70   69   67   63   61   58   58   58   58   57   55   52   49   46
   45   44   43   42   42   41   42   42   44
    22.5-180.0 180.0   5.0 450.0                            LAT/LON1/LON2/DLON/H
   44   49   57   66   74   80   86   90   98  105  110  113  116  120  123  122
  119  115  113  112  112  112  114  118  126  137  148  158  164  166  166  163
  158  150  137  125  113  103   97   92   87   85   86   87   89   88   85   79
   74   71   68   66   64   60   59   56   55   55   55   54   53   49   46   44
   42   41   40   39   39   38   39   40   44
    20.0-180.0 180.0   5.0 450.0                            LAT/LON1/LON2/DLON/H
   42   50   59   70   80   86   93   99  106  112  116  117  120  122  123  121
  117  113  110  109  110  111  116  126  138  154  167  177  182  184  183  182
  178  168  154  140  124  111  100   93   87   85   86   88   90   90   85   79
   74   70   67   64   61   58   57   54   53   53   52   51   49   46   43   41
   39   38   37   36   36   35   35   37   42
    17.5-180.0 180.0   5.0 450.0                            LAT/LON1/LON2/DLON/H
   40   50   61   74   84   93  100  107  113  120  123  125  127  127  127  123
  118  114  110  109  110  114  122  136  153  173  187  193  197  198  197  196
  192  182  169  153  135  118  105   96   89   85   86   90   91   90   87   81
   74   69   66   64   61   57   55   53   52   51   50   48   46   43   40   38
   37   36   35   34   33   33   33   35   40
    15.0-180.0 180.0   5.0 450.0                            LAT/LON1/LON2/DLON/H
   39   50   63   77   89   98  106  114  122  129  133  135  137  136  135  130
  124  119  115  113  115  120  132  149  170  192  203  206  208  208  207  204
  200  191  178  163  144  126  111  101   92   87   88   90   91   90   88   83
   75   70   67   64   61   57   55   52   51   50   49   47   44   41   38   36
   35   34   33   33   32   31   32   34   39
    12.5-180.0 180.0   5.0 450.0                            LAT/LON1/LON2/DLON/H
   40   51   66   80   93  102  112  121  130  137  144  148  150  151  147  142
  134  129  125  123  125  131  144  163  186  207  215  215  214  212  209  206
  203  195  184  169  153  136  121  108   97   91   89   90   90   90   88   83
   76   71   68   65   61   57   54   51   50   49   47   45   42   40   36   35
   34   33   33   32   32   31   32   34   40
    10.0-180.0 180.0   5.0 450.0                            LAT/LON1/LON2/DLON/H
   42   54   68   84   96  107  117  127  137  147  155  161  164  167  163  157
  150  144  140  138  139  145  158  177  199  217  221  218  213  208  204  204
  202  198  188  176  163  147  132  117  104   95   91   91   91   90   87   83
   77   74   70   66   61   56   54   51   50   49   47   44   41   38   36   34
   34   34   34   33   33   33   33   36   42
     7.5-180.0 180.0   5.0 450.0                            LAT/LON1/LON2/DLON/H
   45   57   72   88  101  112  123  134  145  155  165  175  180  183  180  175
  168  164  160  156  156  160  171  189  209  223  224  217  209  201  199  201
  202  201  194  185  174  159  142  126  112  102   95   93   92   91   88   84
   80   76   72   67   61   57   54   52   52   51   49   46   42   39   36   35
   34   35   35   35   35   35   35   38   45
     5.0-180.0 180.0   5.0 450.0                            LAT/LON1/LON2/DLON/H
   48   61   77   92  106  117  128  139  152  164  175  186  194  197  196  193
  189  185  181  177  175  177  184  200  216  223  220  212  203  197  198  202
  206  206  203  195  185  171  154  136  122  111  103   99   95   94   93   90
   86   81   75   70   65   60   58   57   56   55   52   49   44   41   38   37
   36   37   37   37   37   37   38   40   48
     2.5-180.0 180.0   5.0 450.0                            LAT/LON1/LON2/DLON/H
   51   64   81   97  110  122  133  145  158  171  182  194  203  208  211  209
  207  204  201  197  192  192  197  209  219  219  215  208  203  200  202  209
  214  216  213  206  196  182  166  149  133  122  112  106  102  100  100   99
   95   89   83   78   72   67   65   64   62   60   57   52   48   44   41   39
   38   39   39   38   38   38   39   42   51
