DORISInput/IGSGIM/2019/igsg3550.19i
     1.0            IONOSPHERE MAPS     MIX                 IONEX VERSION / TYPE
cmpcmb v1.2          GRL/UWM             4-jan-20 13:55     PGM / RUN BY / DATE 
ionex file containing IGS COMBINED Ionosphere maps          COMMENT             
global ionosphere maps for day 355, 2019                    DESCRIPTION         
IONEX file containing the COMBINED IGS TEC MAPS and DCBs    DESCRIPTION         
      IONEX files of the following IAACs were combined: cod DESCRIPTION         
                                                        esa DESCRIPTION         
                                                        jpl DESCRIPTION         
                                                        upc DESCRIPTION         
Contact address: Andrzej Krankowski                         DESCRIPTION
                 Geodynamics Research Laboratory            DESCRIPTION
                 University of Warmia and Mazury (GRL/UWM)  DESCRIPTION
                 Oczapowski St. 1                           DESCRIPTION
                 10-957-Olsztyn, POLAND                     DESCRIPTION
                 e-mail:  kand@uwm.edu.pl                   DESCRIPTION
                                                            DESCRIPTION         
  2019    12    21     0     0     0                        EPOCH OF FIRST MAP  
  2019    12    22     0     0     0                        EPOCH OF LAST MAP   
  7200                                                      INTERVAL            
    13                                                      # OF MAPS IN FILE   
  COSZ                                                      MAPPING FUNCTION    
     0.0                                                    ELEVATION CUTOFF    
combined TEC calculated as weighted mean of input TEC valuesOBSERVABLES USED    
   393                                                      # OF STATIONS       
    32                                                      # OF SATELLITES     
  6371.0                                                    BASE RADIUS         
     2                                                      MAP DIMENSION       
   450.0 450.0   0.0                                        HGT1 / HGT2 / DHGT  
    87.5 -87.5  -2.5                                        LAT1 / LAT2 / DLAT  
  -180.0 180.0   5.0                                        LON1 / LON2 / DLON  
    -1                                                      EXPONENT            
TEC values in 0.1 tec units;  9999, if no value available   COMMENT             
DCB values in nanoseconds, reference is Sum_of_SatDCBs = 0  COMMENT             
                                                            END OF HEADER       
     1                                                      START OF TEC MAP    
  2019    12    21     0     0     0                        EPOCH OF CURRENT MAP
    87.5-180.0 180.0   5.0 450.0                            LAT/LON1/LON2/DLON/H
   21   21   21   20   21   20   20   20   20   19   19   18   18   17   16   16
   16   15   14   14   14   14   13   13   13   12   12   12   12   12   13   12
   13   12   12   13   13   13   13   13   14   14   14   15   15   15   16   16
   17   17   17   18   18   19   19   19   19   19   19   20   20   20   20   20
   21   21   21   21   21   21   21   21   21
    85.0-180.0 180.0   5.0 450.0                            LAT/LON1/LON2/DLON/H
   24   23   23   23   23   23   22   21   21   20   20   19   19   18   17   16
   15   15   14   13   13   12   11   10   10   10   10    9    9    9    9    9
    9    9    9   10   10   10   10   11   11   12   12   13   14   15   16   16
   17   17   18   19   19   19   20   20   21   21   21   21   21   21   22   22
   22   23   23   23   23   23   23   23   24
    82.5-180.0 180.0   5.0 450.0                            LAT/LON1/LON2/DLON/H
   24   24   24   25   25   26   25   26   25   25   24   23   21   20   19   18
   16   15   14   13   12   11    9    8    8    7    7    7    7    7    7    7
    7    8    8    8    8    9    9   10   11   12   13   13   15   15   16   16
   17   18   18   19   19   20   20   21   21   21   21   21   21   21   21   21
   21   22   22   22   23   23   23   23   24
    80.0-180.0 180.0   5.0 450.0                            LAT/LON1/LON2/DLON/H
   22   23   24   25   26   26   27   27   28   28   27   26   25   24   22   20
   18   15   13   13   11   10    9    8    7    7    7    7    7    7    7    7
    7    7    8    8    9    9   10   11   12   13   14   15   15   16   17   17
   17   18   18   19   19   19   19   19   19   19   18   18   18   18   18   18
   18   18   18   19   19   19   20   21   22
    77.5-180.0 180.0   5.0 450.0                            LAT/LON1/LON2/DLON/H
   19   20   21   23   24   25   26   27   27   28   27   27   25   24   23   22
   19   17   15   13   12   11    9    9    8    8    8    8    8    8    8    8
    8    8    8    8    9   10   11   12   13   14   15   15   15   16   16   16
   17   17   17   17   17   17   17   17   16   15   15   14   14   14   14   14
   13   13   14   14   15   16   16   17   19
    75.0-180.0 180.0   5.0 450.0                            LAT/LON1/LON2/DLON/H
   17   18   19   21   22   23   24   25   26   26   27   27   27   27   26   24
   22   19   17   15   13   12   10    9    9    9    8    8    8    8    9    9
    9    9   10   11   11   12   12   13   13   14   14   15   15   15   15   15
   15   15   14   15   15   15   14   14   13   13   12   11   11   11   10   10
   10   10   11   11   13   13   14   15   17
    72.5-180.0 180.0   5.0 450.0                            LAT/LON1/LON2/DLON/H
   18   19   20   21   21   22   23   23   24   25   26   27   27   26   26   24
   22   20   18   16   15   14   13   13   12   11   10   10   10   10   10   11
   11   12   12   12   13   13   13   13   13   13   13   13   13   13   13   13
   13   12   12   13   13   12   12   12   12   11   11   10    9    9    9    9
   10   10   11   11   12   14   15   16   18
    70.0-180.0 180.0   5.0 450.0                            LAT/LON1/LON2/DLON/H
   23   23   23   23   23   23   22   23   23   24   25   25   25   24   24   23
   21   20   17   16   16   17   16   16   16   14   13   12   12   12   12   13
   13   13   13   13   13   12   11   11   12   11   11   11   11   11   11   11
   11   11   11   12   11   11   11   11   11   11   10   10    9   10    9   10
   11   11   12   14   15   17   19   22   23
    67.5-180.0 180.0   5.0 450.0                            LAT/LON1/LON2/DLON/H
   30   31   30   29   28   26   24   23   23   23   23   24   23   22   21   20
   19   18   17   17   16   18   18   18   19   17   15   14   13   12   12   12
   13   13   12   12   11   10   10    9    9   10   10   10   11   11   10   10
   10   10   10   10   11   11   11   11   12   11   11   11   11   11   12   13
   14   15   17   19   21   24   27   29   30
    65.0-180.0 180.0   5.0 450.0                            LAT/LON1/LON2/DLON/H
   40   40   39   37   34   31   29   26   24   24   23   23   22   20   19   17
   16   15   15   16   16   17   18   19   18   17   15   14   12   11   11   11
   11   11   11   10   10    9    8    8    8    9   10   11   11   11   11   10
   10    9   10   10   11   11   12   13   14   13   13   13   14   15   17   19
   20   22   24   26   29   33   35   38   40
    62.5-180.0 180.0   5.0 450.0                            LAT/LON1/LON2/DLON/H
   49   50   49   46   43   39   34   31   28   26   26   24   22   20   18   16
   15   14   14   14   14   15   17   17   16   15   13   12   11    9   10   10
   10    9    9    9    9    9    8    9   10   11   13   14   15   15   14   12
   12   11   11   12   13   13   15   16   16   16   16   16   18   20   23   25
   28   31   33   35   37   41   44   46   49
    60.0-180.0 180.0   5.0 450.0                            LAT/LON1/LON2/DLON/H
   56   58   58   56   52   47   42   37   33   30   29   27   25   22   20   17
   15   14   13   13   13   14   15   15   13   12   11   10   10    9    9    9
   10   10   11   11   11   11   12   13   14   16   18   20   20   20   19   17
   16   15   15   15   16   17   18   19   19   19   19   20   23   26   30   34
   37   40   41   43   45   47   50   53   56
    57.5-180.0 180.0   5.0 450.0                            LAT/LON1/LON2/DLON/H
   61   63   64   63   60   55   49   44   40   36   33   31   29   26   23   20
   17   15   14   13   13   14   13   13   12   11   10    9    9   10   11   12
   13   14   15   16   16   17   19   21   23   25   27   29   29   28   26   23
   21   20   19   20   20   21   21   22   21   22   22   24   27   32   36   42
   45   48   49   50   51   52   55   58   61
    55.0-180.0 180.0   5.0 450.0                            LAT/LON1/LON2/DLON/H
   63   66   68   69   67   63   57   53   48   43   39   37   34   31   28   24
   21   18   15   14   14   14   13   13   12   11   11   11   12   14   15   18
   19   21   23   24   25   25   28   31   33   36   38   38   37   36   33   30
   28   26   25   25   25   25   24   24   24   24   25   27   31   37   42   48
   52   55   56   55   55   56   58   60   63
    52.5-180.0 180.0   5.0 450.0                            LAT/LON1/LON2/DLON/H
   64   68   70   72   72   70   66   61   57   52   47   44   40   37   33   29
   25   22   19   17   15   15   14   14   13   14   13   15   18   21   24   26
   28   30   32   33   34   36   39   42   44   47   48   48   46   44   40   37
   35   33   31   30   29   29   28   27   27   28   28   31   35   41   47   53
   58   60   61   61   60   59   60   62   64
    50.0-180.0 180.0   5.0 450.0                            LAT/LON1/LON2/DLON/H
   67   69   72   75   76   76   74   71   66   61   55   50   46   43   39   34
   30   26   23   20   19   18   18   18   18   19   20   23   27   32   35   38
   39   39   40   41   42   46   49   52   55   56   57   55   53   51   47   44
   41   39   37   36   34   33   31   30   30   31   33   36   40   46   52   58
   62   64   66   65   63   63   63   64   67
    47.5-180.0 180.0   5.0 450.0                            LAT/LON1/LON2/DLON/H
   70   72   74   77   80   82   82   79   76   69   64   58   54   49   44   39
   35   30   26   24   23   24   24   25   26   28   30   35   39   42   45   46
   47   46   47   49   51   54   58   62   64   64   63   61   58   55   51   48
   46   44   43   41   39   36   34   34   33   35   37   41   45   50   56   61
   65   68   69   69   68   68   67   68   70
    45.0-180.0 180.0   5.0 450.0                            LAT/LON1/LON2/DLON/H
   75   76   78   81   84   87   88   86   83   77   71   66   60   54   49   44
   39   34   31   29   29   30   32   34   36   39   42   46   51   53   52   52
   51   51   51   54   56   60   64   67   69   68   66   64   61   57   54   52
   51   49   48   46   43   40   38   38   38   40   43   47   51   55   60   64
   67   71   73   74   74   74   73   73   75
    42.5-180.0 180.0   5.0 450.0                            LAT/LON1/LON2/DLON/H
   81   82   82   84   87   90   91   91   88   83   78   72   67   61   55   49
   44   39   35   34   36   39   43   46   48   51   54   57   59   60   58   55
   54   53   54   57   60   63   67   69   70   70   68   66   63   60   58   57
   55   54   52   50   48   45   43   42   43   46   50   54   58   62   65   68
   71   74   78   79   80   81   81   80   81
    40.0-180.0 180.0   5.0 450.0                            LAT/LON1/LON2/DLON/H
   89   87   87   87   88   90   92   92   91   87   84   79   73   67   60   55
   49   45   41   41   43   48   53   57   59   62   63   65   65   63   61   57
   55   54   56   58   61   64   67   69   70   70   68   66   64   62   60   60
   59   57   56   54   51   47   45   45   48   53   58   62   66   68   70   72
   75   78   81   85   87   88   89   89   89
    37.5-180.0 180.0   5.0 450.0                            LAT/LON1/LON2/DLON/H
   95   93   90   89   89   90   91   92   92   91   88   85   80   73   66   60
   55   51   49   49   52   57   64   67   69   70   70   70   68   65   61   58
   56   56   58   60   62   64   66   67   69   69   69   67   65   63   62   61
   60   59   57   55   51   47   45   46   51   58   64   70   73   74   75   76
   79   82   86   89   93   95   97   97   95
    35.0-180.0 180.0   5.0 450.0                            LAT/LON1/LON2/DLON/H
  100   97   92   90   88   88   90   91   92   92   91   90   86   80   72   67
   62   59   57   58   62   67   74   76   76   74   73   72   70   67   62   59
   58   59   62   63   64   64   65   66   68   69   69   69   67   65   63   61
   60   58   56   54   51   47   45   47   53   61   69   75   79   79   80   80
   82   85   90   93   98  101  103  103  100
    32.5-180.0 180.0   5.0 450.0                            LAT/LON1/LON2/DLON/H
  104  100   95   90   88   88   88   90   91   92   93   93   91   86   79   74
   70   68   65   66   70   76   80   80   78   75   73   71   70   68   64   62
   62   65   68   69   68   67   65   66   68   70   71   70   69   66   63   60
   57   55   54   52   49   46   45   48   54   63   72   80   83   84   84   83
   84   87   92   96  100  104  107  107  104
    30.0-180.0 180.0   5.0 450.0                            LAT/LON1/LON2/DLON/H
  109  104   98   94   91   90   89   89   91   92   94   95   93   90   85   81
   79   75   73   73   76   80   81   79   76   73   71   70   71   70   68   67
   69   73   76   77   75   70   67   67   69   71   72   72   69   65   60   56
   53   51   50   48   46   44   44   48   55   64   75   82   86   87   87   87
   87   90   93   97  101  105  110  111  109
    27.5-180.0 180.0   5.0 450.0                            LAT/LON1/LON2/DLON/H
  115  111  105  101   98   95   93   92   92   93   95   97   96   93   89   87
   84   82   80   79   79   81   79   75   72   70   69   70   73   75   74   75
   78   83   86   87   82   75   71   69   69   71   72   70   66   61   56   52
   48   47   45   44   43   42   42   46   54   65   76   84   88   90   90   90
   90   91   94   97  102  107  113  116  115
    25.0-180.0 180.0   5.0 450.0                            LAT/LON1/LON2/DLON/H
  123  121  119  114  110  107  102   99   97   98   99   98   97   94   91   89
   87   85   84   82   80   79   76   71   67   66   68   72   78   82   84   84
   88   93   97   96   90   81   75   70   69   70   69   67   61   56   51   47
   43   42   41   40   39   38   40   44   54   66   77   86   91   93   94   93
   93   94   95   99  104  111  118  123  123
    22.5-180.0 180.0   5.0 450.0                            LAT/LON1/LON2/DLON/H
  134  134  134  132  129  126  120  114  108  105  105  102   99   95   91   89
   87   86   84   82   79   76   72   68   66   66   70   77   84   90   93   96
   98  103  106  103   96   85   76   69   68   67   64   60   55   51   46   41
   39   38   37   37   36   36   38   45   56   69   80   88   94   97   98   98
   97   97   99  103  108  117  125  132  134
    20.0-180.0 180.0   5.0 450.0                            LAT/LON1/LON2/DLON/H
  146  148  153  155  154  152  145  135  125  119  115  109  103   97   92   89
   87   85   82   80   77   74   71   69   69   72   77   86   94   99  102  103
  105  107  110  107   98   85   74   67   65   63   58   53   48   45   41   37
   36   35   36   35   35   35   39   47   58   72   82   91   98  102  104  104
  103  103  105  109  114  123  133  142  146
    17.5-180.0 180.0   5.0 450.0                            LAT/LON1/LON2/DLON/H
  157  165  173  180  181  179  174  160  146  136  129  119  110  102   97   92
   88   85   81   80   76   74   74   74   76   81   88   97  105  110  109  107
  107  108  108  104   95   83   70   64   61   58   53   47   42   40   37   35
   34   35   35   35   35   36   40   50   62   76   88   96  104  110  112  112
  112  112  114  118  124  132  141  151  157
    15.0-180.0 180.0   5.0 450.0                            LAT/LON1/LON2/DLON/H
  168  181  194  206  210  208  199  183  171  158  146  135  122  112  104   98
   93   88   83   82   79   79   79   82   86   92   99  106  113  116  111  108
  105  104  103   97   89   77   66   61   57   53   48   42   38   36   35   34
   35   36   36   35   35   36   41   52   66   81   94  102  111  118  121  122
  122  122  125  129  136  144  152  160  168
    12.5-180.0 180.0   5.0 450.0                            LAT/LON1/LON2/DLON/H
  178  192  206  219  230  231  222  205  193  180  167  154  139  128  118  109
  102   94   89   88   89   90   91   94   98  102  108  112  115  113  107  104
  101   99   96   89   82   72   64   60   56   52   46   40   36   35   35   35
   36   37   37   35   34   35   42   54   71   87   98  107  116  124  129  131
  132  133  137  142  150  157  163  170  178
    10.0-180.0 180.0   5.0 450.0                            LAT/LON1/LON2/DLON/H
  186  196  207  222  236  244  237  222  210  202  189  174  158  148  136  125
  115  105  101  101  104  106  108  109  110  111  112  113  110  106  101   99
   98   94   91   85   79   70   65   61   58   54   48   41   37   36   36   37
   38   38   37   35   33   34   42   57   75   90  101  110  119  128  135  138
  140  144  147  153  161  167  172  178  186
     7.5-180.0 180.0   5.0 450.0                            LAT/LON1/LON2/DLON/H
  191  199  209  220  231  239  240  227  221  219  208  194  178  168  156  145
  131  122  117  119  123  126  127  126  122  118  114  109  103  100   98   97
   96   94   90   86   80   74   70   66   62   58   52   45   40   38   37   38
   39   39   37   34   33   35   44   60   78   93  103  112  122  132  139  142
  146  150  155  162  168  174  179  185  191
     5.0-180.0 180.0   5.0 450.0                            LAT/LON1/LON2/DLON/H
  196  205  213  220  226  231  232  224  224  227  220  208  194  187  176  165
  152  143  137  140  146  149  148  143  133  123  114  104   98   97   98   99
   99   98   96   91   87   82   78   72   67   62   56   50   44   41   40   40
   40   40   38   35   34   37   48   65   81   95  104  114  123  133  141  146
  149  154  160  167  172  177  183  188  196
     2.5-180.0 180.0   5.0 450.0                            LAT/LON1/LON2/DLON/H
  202  212  219  222  223  223  222  220  223  228  225  216  208  202  195  186
  175  166  159  163  168  171  167  157  143  127  112  103   98   99  103  107
  108  107  107  103   99   92   85   78   72   67   61   56   50   47   44   43
   42   41   38   36   36   40   53   68   83   95  105  114  122  132  140  147
  151  156  162  168  173  178  183  192  202
