DORISInput/IGSGIM/2019/igsg3440.19i
     1.0            IONOSPHERE MAPS     MIX                 IONEX VERSION / TYPE
cmpcmb v1.2          GRL/UWM            27-dec-19 12:25     PGM / RUN BY / DATE 
ionex file containing IGS COMBINED Ionosphere maps          COMMENT             
global ionosphere maps for day 344, 2019                    DESCRIPTION         
IONEX file containing the COMBINED IGS TEC MAPS and DCBs    DESCRIPTION         
      IONEX files of the following IAACs were combined: cod DESCRIPTION         
                                                        esa DESCRIPTION         
                                                        jpl DESCRIPTION         
                                                        upc DESCRIPTION         
Contact address: Andrzej Krankowski                         DESCRIPTION
                 Geodynamics Research Laboratory            DESCRIPTION
                 University of Warmia and Mazury (GRL/UWM)  DESCRIPTION
                 Oczapowski St. 1                           DESCRIPTION
                 10-957-Olsztyn, POLAND                     DESCRIPTION
                 e-mail:  kand@uwm.edu.pl                   DESCRIPTION
                                                            DESCRIPTION         
  2019    12    10     0     0     0                        EPOCH OF FIRST MAP  
  2019    12    11     0     0     0                        EPOCH OF LAST MAP   
  7200                                                      INTERVAL            
    13                                                      # OF MAPS IN FILE   
  COSZ                                                      MAPPING FUNCTION    
     0.0                                                    ELEVATION CUTOFF    
combined TEC calculated as weighted mean of input TEC valuesOBSERVABLES USED    
   401                                                      # OF STATIONS       
    32                                                      # OF SATELLITES     
  6371.0                                                    BASE RADIUS         
     2                                                      MAP DIMENSION       
   450.0 450.0   0.0                                        HGT1 / HGT2 / DHGT  
    87.5 -87.5  -2.5                                        LAT1 / LAT2 / DLAT  
  -180.0 180.0   5.0                                        LON1 / LON2 / DLON  
    -1                                                      EXPONENT            
TEC values in 0.1 tec units;  9999, if no value available   COMMENT             
DCB values in nanoseconds, reference is Sum_of_SatDCBs = 0  COMMENT             
                                                            END OF HEADER       
[from data line 4719]
    12                                                      START OF TEC MAP    
  2019    12    10    22     0     0                        EPOCH OF CURRENT MAP
    87.5-180.0 180.0   5.0 450.0                            LAT/LON1/LON2/DLON/H
   28   28   28   28   28   28   28   27   27   27   27   27   26   26   26   25
   25   25   24   24   23   23   22   22   21   21   21   21   21   20   20   20
   20   20   19   19   19   20   20   20   21   21   21   21   21   22   22   23
   23   23   24   24   24   24   25   25   26   26   26   26   27   27   27   27
   28   28   28   28   28   29   28   28   28
    85.0-180.0 180.0   5.0 450.0                            LAT/LON1/LON2/DLON/H
   29   29   29   29   29   29   30   30   29   29   29   28   27   27   27   26
   25   24   24   23   23   22   20   20   19   18   17   17   16   16   15   14
   14   14   14   14   14   14   15   15   15   16   17   18   19   19   20   21
   22   22   23   23   24   25   25   26   26   27   27   28   28   29   29   29
   29   30   29   29   30   30   29   30   29
    82.5-180.0 180.0   5.0 450.0                            LAT/LON1/LON2/DLON/H
   29   30   30   31   33   33   34   34   33   34   33   33   31   31   30   28
   28   27   25   24   23   21   20   18   16   15   14   13   13   12   11   11
   11   11   12   12   12   13   13   14   15   15   16   18   19   20   20   21
   22   22   22   23   24   24   25   26   27   27   27   27   28   28   28   28
   28   28   28   28   28   28   28   29   29
    80.0-180.0 180.0   5.0 450.0                            LAT/LON1/LON2/DLON/H
   26   28   29   30   31   31   31   31   31   31   31   31   31   30   30   29
   28   27   26   25   23   21   20   16   15   14   13   12   11   11   10   11
   11   11   12   12   13   13   13   14   15   16   17   19   20   21   23   23
   23   23   23   24   24   24   25   25   25   25   25   25   25   24   25   24
   24   23   23   23   23   24   25   26   26
    77.5-180.0 180.0   5.0 450.0                            LAT/LON1/LON2/DLON/H
   23   24   26   27   28   29   30   32   33   34   34   34   34   33   32   31
   31   30   28   27   26   23   23   20   17   16   15   13   12   11   10   10
   10   11   11   12   12   13   14   14   15   17   18   20   21   23   23   24
   24   24   24   24   24   24   23   23   23   22   21   21   20   20   19   19
   18   17   18   18   18   20   20   21   23
    75.0-180.0 180.0   5.0 450.0                            LAT/LON1/LON2/DLON/H
   20   21   24   25   27   29   30   32   33   34   34   36   36   35   35   34
   33   33   32   30   28   27   25   23   21   19   17   16   15   14   13   13
   12   13   14   14   13   13   14   15   16   17   18   20   21   22   23   24
   24   23   23   23   22   21   21   20   19   18   17   16   15   14   14   13
   12   13   13   14   14   15   16   18   20
    72.5-180.0 180.0   5.0 450.0                            LAT/LON1/LON2/DLON/H
   20   23   25   28   29   31   32   32   33   35   36   37   37   37   36   36
   36   35   34   33   32   30   28   26   24   22   20   18   18   17   16   15
   15   15   15   15   14   14   14   14   16   18   19   20   21   21   21   22
   22   22   21   20   19   18   17   17   17   16   15   14   13   11   10   10
   10   10   11   11   12   13   15   19   20
    70.0-180.0 180.0   5.0 450.0                            LAT/LON1/LON2/DLON/H
   26   29   31   33   35   35   36   36   37   38   39   39   38   38   38   37
   36   35   35   34   34   31   30   28   26   24   23   21   20   20   19   17
   17   16   16   15   15   14   14   13   14   16   16   19   20   20   20   20
   20   19   18   17   17   16   16   16   15   15   14   14   13   12   10   10
    9    9   10   11   13   16   20   24   26
    67.5-180.0 180.0   5.0 450.0                            LAT/LON1/LON2/DLON/H
   35   38   40   42   43   42   42   42   43   43   43   42   41   41   39   38
   36   34   33   33   33   30   30   29   27   25   24   23   22   20   20   18
   17   15   15   14   14   13   12   12   13   14   15   17   19   20   20   19
   19   19   18   18   17   17   17   17   17   17   17   16   16   15   13   12
   11   11   14   16   19   24   28   32   35
    65.0-180.0 180.0   5.0 450.0                            LAT/LON1/LON2/DLON/H
   45   48   50   51   51   51   50   51   50   49   48   47   46   43   41   39
   36   34   32   31   31   30   29   28   26   25   24   21   20   18   17   17
   16   14   13   13   12   12   11   11   12   14   15   18   19   21   21   20
   20   21   21   21   20   20   20   20   20   20   20   21   21   19   18   16
   16   17   19   22   26   31   36   40   45
    62.5-180.0 180.0   5.0 450.0                            LAT/LON1/LON2/DLON/H
   53   57   59   61   61   61   60   59   57   56   55   53   50   47   44   41
   38   35   32   31   30   29   27   25   24   23   22   19   17   15   15   16
   15   13   12   12   11   11   11   11   12   15   17   19   22   23   23   23
   23   23   24   25   25   25   24   25   24   23   24   25   26   26   24   24
   24   23   25   28   32   38   44   47   53
    60.0-180.0 180.0   5.0 450.0                            LAT/LON1/LON2/DLON/H
   58   63   67   69   70   69   68   66   64   63   61   59   56   52   49   44
   41   37   35   33   31   29   26   24   22   20   19   16   15   14   15   15
   15   14   13   13   12   12   13   14   16   18   21   23   26   27   27   27
   27   28   28   30   31   31   30   30   29   29   29   30   32   34   33   33
   32   32   33   36   40   45   49   54   58
    57.5-180.0 180.0   5.0 450.0                            LAT/LON1/LON2/DLON/H
   64   69   73   76   77   78   75   73   71   69   66   64   61   58   54   50
   46   42   39   36   33   30   26   24   22   19   18   17   16   16   16   16
   17   17   17   17   17   18   18   20   22   25   27   30   32   33   33   33
   33   34   35   36   37   37   36   35   35   34   34   36   37   39   41   43
   42   41   42   45   48   52   56   59   64
    55.0-180.0 180.0   5.0 450.0                            LAT/LON1/LON2/DLON/H
   69   73   78   82   84   85   83   81   77   74   71   69   66   63   60   56
   52   47   44   41   37   33   28   26   23   21   20   20   19   20   21   22
   22   23   24   25   26   26   28   30   32   34   36   38   38   39   39   39
   39   41   43   43   43   43   42   41   40   39   39   39   40   43   46   48
   49   49   50   52   56   60   62   65   69
    52.5-180.0 180.0   5.0 450.0                            LAT/LON1/LON2/DLON/H
   73   77   82   87   90   92   91   87   83   79   76   73   71   68   66   63
   59   55   50   47   43   38   33   30   26   24   24   25   26   27   28   29
   30   31   33   35   36   38   40   41   42   43   44   46   46   46   45   44
   45   47   49   50   50   50   48   46   45   43   42   42   43   44   47   48
   52   53   55   58   62   64   68   70   73
    50.0-180.0 180.0   5.0 450.0                            LAT/LON1/LON2/DLON/H
   76   81   86   91   96   98   97   94   90   85   81   78   75   74   71   69
   66   62   59   55   50   45   40   35   32   31   31   33   35   36   36   37
   38   41   43   45   47   50   52   53   53   53   54   53   53   52   51   49
   49   51   54   56   56   55   53   51   49   46   45   44   43   43   43   44
   50   55   58   62   66   68   71   73   76
    47.5-180.0 180.0   5.0 450.0                            LAT/LON1/LON2/DLON/H
   78   83   88   95  101  105  105  102   98   93   88   83   81   78   77   75
   72   70   68   64   59   54   49   44   42   41   41   42   45   46   45   45
   46   50   53   56   59   62   64   64   64   63   62   61   59   57   55   54
   53   54   57   59   59   57   56   54   51   49   47   45   42   40   41   42
   48   54   60   65   68   71   73   75   78
    45.0-180.0 180.0   5.0 450.0                            LAT/LON1/LON2/DLON/H
   79   84   90   97  104  110  112  111  107  103   96   91   88   84   82   80
   78   77   76   74   70   65   60   56   54   53   52   53   54   54   53   53
   54   57   61   65   69   72   73   74   73   70   68   66   63   60   59   58
   57   59   59   61   61   61   59   57   54   51   48   46   42   40   41   43
   49   56   61   66   69   72   74   76   79
    42.5-180.0 180.0   5.0 450.0                            LAT/LON1/LON2/DLON/H
   81   85   91   98  106  113  118  120  117  113  106  100   95   91   88   85
   83   82   82   82   80   76   71   69   66   65   64   64   64   62   61   60
   60   63   67   71   75   78   80   80   79   76   73   69   66   64   63   62
   62   63   64   64   64   63   61   59   56   54   51   48   45   43   44   48
   54   60   65   68   71   74   75   77   81
    40.0-180.0 180.0   5.0 450.0                            LAT/LON1/LON2/DLON/H
   83   86   91   97  105  114  122  126  126  122  117  110  105  100   95   90
   88   87   88   90   89   86   82   80   78   76   74   73   72   69   67   66
   65   67   71   75   79   82   84   84   83   80   77   73   70   67   67   66
   67   67   67   66   66   64   63   61   59   57   55   52   49   48   50   54
   60   66   70   72   74   76   78   80   83
    37.5-180.0 180.0   5.0 450.0                            LAT/LON1/LON2/DLON/H
   87   89   91   95  102  112  120  128  132  131  127  121  117  110  104   97
   93   91   93   96   96   94   91   89   87   85   84   81   78   74   72   69
   69   70   74   77   80   83   85   85   84   82   80   76   73   71   70   70
   69   69   68   66   65   63   62   61   61   60   58   56   54   55   57   63
   69   74   77   77   78   80   83   85   87
    35.0-180.0 180.0   5.0 450.0                            LAT/LON1/LON2/DLON/H
   95   95   93   95   99  106  116  126  133  136  136  133  129  122  115  107
  101   97   98  100  101  101   99   96   93   91   89   84   81   78   75   73
   72   74   76   78   80   83   85   86   85   84   82   78   75   73   72   71
   70   68   66   64   63   61   61   61   61   62   61   60   60   62   67   73
   78   82   84   83   84   86   89   93   95
    32.5-180.0 180.0   5.0 450.0                            LAT/LON1/LON2/DLON/H
  105  103   99   96   95  100  110  122  132  137  141  141  139  134  127  118
  111  106  104  104  106  106  104  102   98   94   90   85   81   79   77   77
   77   77   79   80   81   83   85   86   87   86   84   80   77   74   73   71
   69   67   65   63   62   60   59   60   61   62   61   62   64   68   74   81
   87   89   90   89   89   94   99  103  105
    30.0-180.0 180.0   5.0 450.0                            LAT/LON1/LON2/DLON/H
  119  117  110  101   96   97  105  117  128  136  141  145  145  143  137  130
  122  116  111  109  110  109  106  105  101   95   88   84   81   81   81   82
   82   83   83   83   83   83   85   87   87   86   84   80   76   73   71   69
   67   65   63   63   61   59   59   59   59   60   61   63   66   72   79   87
   92   94   94   94   96  103  110  116  119
    27.5-180.0 180.0   5.0 450.0                            LAT/LON1/LON2/DLON/H
  137  135  128  115  105  101  106  116  126  134  140  146  149  151  147  141
  131  123  117  113  112  109  105  103  100   94   87   83   83   84   87   89
   89   89   88   88   87   86   85   86   86   85   83   77   73   70   68   66
   64   62   61   60   59   57   55   56   57   57   58   61   66   73   82   89
   94   96   96   98  103  111  122  132  137
    25.0-180.0 180.0   5.0 450.0                            LAT/LON1/LON2/DLON/H
  157  159  152  139  125  116  115  121  129  133  140  146  152  156  156  151
  140  131  123  116  112  107  103  100   97   91   86   84   86   90   95   97
   97   96   95   92   91   89   86   84   84   82   80   74   69   66   64   61
   59   57   56   56   55   53   51   51   53   54   55   58   64   72   82   91
   95   97   98  102  110  120  134  148  157
    22.5-180.0 180.0   5.0 450.0                            LAT/LON1/LON2/DLON/H
  176  184  183  174  158  144  137  136  137  139  143  148  155  161  163  160
  149  138  128  119  112  107  103   99   95   90   86   86   91   99  105  106
  105  103  101   99   95   91   86   82   80   78   76   70   65   62   59   56
   53   52   51   51   50   48   46   46   48   49   51   54   60   70   81   90
   95   97  101  107  116  129  145  162  176
    20.0-180.0 180.0   5.0 450.0                            LAT/LON1/LON2/DLON/H
  192  208  216  214  200  185  171  164  157  154  154  156  160  166  168  166
  157  146  134  124  115  109  105  101   97   94   91   91   99  110  117  115
  113  110  107  105  101   93   86   80   75   73   71   65   61   58   55   52
   49   47   46   46   46   44   42   42   43   44   46   49   56   67   80   89
   95   99  105  113  124  138  155  174  192
    17.5-180.0 180.0   5.0 450.0                            LAT/LON1/LON2/DLON/H
  203  226  248  253  245  231  214  201  188  179  172  169  170  172  174  172
  165  154  142  131  119  112  108  105  103  102   99   99  109  120  126  124
  122  115  110  108  102   93   84   75   70   68   65   61   58   55   52   49
   46   44   43   43   43   42   41   41   41   42   43   46   54   66   79   89
   96  102  110  121  133  146  163  182  203
    15.0-180.0 180.0   5.0 450.0                            LAT/LON1/LON2/DLON/H
  208  234  264  283  284  272  256  240  224  210  199  190  183  180  179  176
  170  161  150  138  126  117  113  111  111  110  110  110  118  127  130  128
  125  117  109  105   98   90   80   71   66   63   62   58   55   53   52   49
   46   44   42   42   42   42   41   41   42   42   43   46   54   67   81   91
   99  107  117  130  142  155  168  187  208
    12.5-180.0 180.0   5.0 450.0                            LAT/LON1/LON2/DLON/H
  209  234  267  295  307  304  289  274  257  241  227  212  200  191  184  179
  172  164  154  144  134  125  120  119  119  120  121  123  128  132  131  126
  123  115  105   99   93   85   76   68   64   61   60   57   55   54   53   50
   47   44   42   42   42   42   41   41   42   42   43   46   55   69   83   94
  103  114  126  140  152  163  173  188  209
    10.0-180.0 180.0   5.0 450.0                            LAT/LON1/LON2/DLON/H
  205  228  256  286  305  316  311  295  282  268  252  236  218  202  190  180
  171  165  157  149  141  135  130  130  130  131  133  133  135  134  131  124
  118  111  102   97   92   84   76   68   64   61   59   57   55   53   53   50
   47   44   41   41   41   41   40   40   42   43   43   47   56   70   86   97
  108  120  134  149  161  170  177  188  205
     7.5-180.0 180.0   5.0 450.0                            LAT/LON1/LON2/DLON/H
  200  218  241  265  285  300  304  299  292  284  271  255  236  215  198  183
  172  166  160  154  150  145  143  144  145  146  145  143  140  135  130  123
  115  109  104  100   95   88   80   71   65   62   59   57   54   52   50   48
   45   42   40   39   39   40   39   41   43   44   46   49   59   74   88  100
  112  126  140  155  166  175  180  188  200
     5.0-180.0 180.0   5.0 450.0                            LAT/LON1/LON2/DLON/H
  198  210  227  245  261  275  282  286  286  286  280  268  248  227  208  191
  179  171  164  162  159  158  157  160  162  161  158  152  144  137  131  124
  118  113  110  108  104   97   87   75   67   63   60   56   53   52   50   48
   46   42   40   39   39   39   41   43   46   47   49   53   64   77   91  103
  114  127  140  155  167  176  183  189  198
     2.5-180.0 180.0   5.0 450.0                            LAT/LON1/LON2/DLON/H
  199  208  219  231  243  252  259  264  271  277  278  270  254  235  217  202
  188  179  173  173  171  171  173  175  178  175  169  160  149  141  134  129
  125  122  122  120  116  108   95   82   72   65   60   56   54   53   52   51
   48   43   41   40   40   42   43   47   49   50   52   57   68   81   94  105
  115  126  138  151  164  175  184  192  199
