DORISInput/IGSGIM/2019/igsg3450.19i
     1.0            IONOSPHERE MAPS     MIX                 IONEX VERSION / TYPE
cmpcmb v1.2          GRL/UWM            27-dec-19 12:30     PGM / RUN BY / DATE 
ionex file containing IGS COMBINED Ionosphere maps          COMMENT             
global ionosphere maps for day 345, 2019                    DESCRIPTION         
IONEX file containing the COMBINED IGS TEC MAPS and DCBs    DESCRIPTION         
      IONEX files of the following IAACs were combined: cod DESCRIPTION         
                                                        esa DESCRIPTION         
                                                        jpl DESCRIPTION         
                                                        upc DESCRIPTION         
Contact address: Andrzej Krankowski                         DESCRIPTION
                 Geodynamics Research Laboratory            DESCRIPTION
                 University of Warmia and Mazury (GRL/UWM)  DESCRIPTION
                 Oczapowski St. 1                           DESCRIPTION
                 10-957-Olsztyn, POLAND                     DESCRIPTION
                 e-mail:  kand@uwm.edu.pl                   DESCRIPTION
                                                            DESCRIPTION         
  2019    12    11     0     0     0                        EPOCH OF FIRST MAP  
  2019    12    12     0     0     0                        EPOCH OF LAST MAP   
  7200                                                      INTERVAL            
    13                                                      # OF MAPS IN FILE   
  COSZ                                                      MAPPING FUNCTION    
     0.0                                                    ELEVATION CUTOFF    
combined TEC calculated as weighted mean of input TEC valuesOBSERVABLES USED    
   401                                                      # OF STATIONS       
    32                                                      # OF SATELLITES     
  6371.0                                                    BASE RADIUS         
     2                                                      MAP DIMENSION       
   450.0 450.0   0.0                                        HGT1 / HGT2 / DHGT  
    87.5 -87.5  -2.5                                        LAT1 / LAT2 / DLAT  
  -180.0 180.0   5.0                                        LON1 / LON2 / DLON  
    -1                                                      EXPONENT            
TEC values in 0.1 tec units;  9999, if no value available   COMMENT             
DCB values in nanoseconds, reference is Sum_of_SatDCBs = 0  COMMENT             
                                                            END OF HEADER       
[from data line 858]
     3                                                      START OF TEC MAP    
  2019    12    11     4     0     0                        EPOCH OF CURRENT MAP
    87.5-180.0 180.0   5.0 450.0                            LAT/LON1/LON2/DLON/H
   27   28   28   28   28   27   27   27   27   27   26   26   25   25   24   24
   23   23   22   22   21   21   21   20   20   20   20   20   19   19   19   19
   20   20   20   20   20   20   20   21   21   22   22   22   23   23   23   23
   24   24   24   24   25   25   25   25   25   25   25   25   25   26   26   26
   26   26   27   27   27   28   28   27   27
    85.0-180.0 180.0   5.0 450.0                            LAT/LON1/LON2/DLON/H
   28   28   29   29   30   30   30   30   30   29   29   28   27   25   25   23
   22   20   18   17   16   15   14   14   13   12   12   12   12   12   13   13
   13   14   15   16   16   17   18   18   19   19   20   20   21   21   22   22
   22   22   22   23   23   23   23   23   23   23   23   23   23   23   24   24
   24   25   25   26   26   26   27   27   28
    82.5-180.0 180.0   5.0 450.0                            LAT/LON1/LON2/DLON/H
   26   27   28   29   30   31   32   32   32   32   31   30   28   26   24   23
   21   18   16   14   12   10    8    8    7    7    7    7    7    7    8    9
   10   11   13   14   15   16   17   18   18   20   20   20   20   20   20   20
   20   20   20   20   20   20   20   20   20   19   19   19   19   19   19   20
   21   21   21   22   22   23   24   25   26
    80.0-180.0 180.0   5.0 450.0                            LAT/LON1/LON2/DLON/H
   22   24   25   28   29   30   32   33   34   35   34   33   31   29   26   23
   21   18   15   13   10    9    7    7    7    6    6    6    6    7    8    9
    9   11   12   14   15   17   18   19   18   19   19   19   20   19   19   18
   17   17   17   16   16   17   17   16   17   17   16   16   16   16   16   16
   16   16   17   17   17   18   20   21   22
    77.5-180.0 180.0   5.0 450.0                            LAT/LON1/LON2/DLON/H
   18   19   22   24   26   28   30   32   33   34   34   34   32   30   27   24
   21   18   15   12   10    7    7    6    6    6    6    6    6    7    7    9
   10   12   14   16   17   18   18   19   20   19   19   19   18   18   17   16
   15   14   14   14   14   14   14   14   14   14   14   14   14   13   13   14
   13   14   13   13   13   14   15   16   18
    75.0-180.0 180.0   5.0 450.0                            LAT/LON1/LON2/DLON/H
   15   16   18   20   22   25   27   29   31   32   32   33   32   31   29   26
   23   20   16   13   11    9    7    7    7    7    7    7    8    8    9   11
   12   14   16   17   18   19   19   20   19   19   18   17   17   15   15   13
   13   13   12   12   13   13   14   14   15   16   16   16   16   15   15   14
   14   14   13   13   12   12   13   13   15
    72.5-180.0 180.0   5.0 450.0                            LAT/LON1/LON2/DLON/H
   15   15   16   17   19   21   23   25   27   28   30   30   31   30   30   28
   25   22   19   17   15   12   10    9    8    9   10    9   10   12   13   15
   17   18   19   19   20   20   19   19   18   17   17   16   15   13   13   12
   12   13   13   13   14   16   18   19   20   21   21   22   22   22   21   20
   19   18   17   16   15   14   14   14   15
    70.0-180.0 180.0   5.0 450.0                            LAT/LON1/LON2/DLON/H
   18   17   17   17   18   18   20   21   23   24   25   26   28   28   28   27
   26   24   23   22   20   17   15   15   14   13   15   16   16   17   17   18
   20   20   20   20   19   19   18   17   16   16   15   14   14   13   13   12
   13   13   14   16   18   21   24   26   27   29   30   30   31   31   30   29
   28   26   25   23   22   20   19   18   18
    67.5-180.0 180.0   5.0 450.0                            LAT/LON1/LON2/DLON/H
   23   21   20   19   18   18   18   18   19   20   21   22   24   24   25   25
   25   26   25   25   24   22   21   20   19   18   18   19   20   21   20   19
   20   21   20   18   17   16   15   15   14   14   14   14   14   14   14   14
   14   16   18   21   23   27   30   33   36   37   39   40   41   41   40   39
   37   35   34   33   31   29   27   25   23
    65.0-180.0 180.0   5.0 450.0                            LAT/LON1/LON2/DLON/H
   29   27   24   22   20   19   18   18   17   17   18   19   20   20   21   23
   24   25   25   26   24   24   22   22   20   20   19   19   20   21   21   20
   20   18   18   16   14   13   12   12   12   13   14   15   15   16   16   17
   18   20   23   26   29   34   37   41   44   46   48   49   50   49   49   47
   45   45   43   41   39   37   35   32   29
    62.5-180.0 180.0   5.0 450.0                            LAT/LON1/LON2/DLON/H
   35   32   29   26   24   21   20   19   17   17   16   16   17   17   19   20
   22   23   24   24   23   23   21   20   18   19   18   18   18   18   18   18
   18   17   15   13   11   10   10   11   12   14   16   18   19   19   20   21
   22   24   28   32   36   40   44   48   50   52   54   56   56   56   55   54
   52   51   49   48   45   44   41   38   35
    60.0-180.0 180.0   5.0 450.0                            LAT/LON1/LON2/DLON/H
   39   36   33   30   27   25   23   21   19   18   16   15   14   15   16   18
   19   20   21   21   20   19   17   16   15   17   16   17   16   15   15   16
   16   15   13   11   10   10   10   11   13   15   19   22   23   24   25   26
   27   29   34   38   42   46   50   52   55   57   59   60   61   61   60   59
   57   55   54   51   49   47   45   43   39
    57.5-180.0 180.0   5.0 450.0                            LAT/LON1/LON2/DLON/H
   41   38   35   32   29   27   25   24   22   20   17   16   15   15   16   17
   18   18   18   17   16   15   15   13   13   15   14   16   15   15   15   16
   17   16   14   13   11   10   11   13   16   20   24   26   28   29   29   30
   32   35   39   44   48   52   54   57   59   61   62   64   65   65   64   62
   60   58   56   54   52   50   47   44   41
    55.0-180.0 180.0   5.0 450.0                            LAT/LON1/LON2/DLON/H
   44   40   37   34   31   29   28   26   25   22   20   18   17   16   16   17
   17   17   16   15   14   13   13   13   13   13   14   16   17   18   19   21
   21   21   20   18   15   15   15   18   22   25   29   32   33   34   34   35
   38   41   46   50   53   56   58   60   62   63   65   66   67   67   66   64
   61   60   58   56   54   52   50   47   44
    52.5-180.0 180.0   5.0 450.0                            LAT/LON1/LON2/DLON/H
   47   43   40   37   34   31   30   28   27   26   23   21   20   19   19   19
   19   18   17   15   14   14   14   14   14   15   17   19   21   24   26   28
   28   29   28   26   24   23   24   26   29   32   35   37   38   38   39   41
   45   48   52   56   58   61   62   63   64   65   66   67   68   68   68   66
   64   62   61   59   58   55   53   50   47
    50.0-180.0 180.0   5.0 450.0                            LAT/LON1/LON2/DLON/H
   51   48   44   41   37   34   32   31   30   29   27   26   24   23   23   23
   22   22   20   18   17   16   16   17   19   21   24   27   31   34   37   38
   38   39   38   36   35   35   35   36   38   40   41   42   42   43   44   47
   50   55   59   62   64   66   66   66   66   67   67   68   69   70   70   69
   67   66   65   64   62   61   58   54   51
    47.5-180.0 180.0   5.0 450.0                            LAT/LON1/LON2/DLON/H
   58   54   50   46   42   38   35   34   33   33   32   32   30   30   29   29
   28   27   26   25   24   25   26   28   30   33   36   39   42   45   47   48
   47   48   48   48   48   47   47   47   47   48   48   47   47   47   49   53
   57   62   66   68   69   70   69   69   69   69   70   71   71   72   72   72
   71   70   70   69   68   67   65   61   58
    45.0-180.0 180.0   5.0 450.0                            LAT/LON1/LON2/DLON/H
   65   61   57   52   47   42   39   37   37   38   39   38   38   37   36   36
   35   35   35   36   35   37   40   43   45   48   51   53   55   56   55   55
   55   56   57   58   59   59   58   58   57   55   54   52   51   52   55   59
   65   70   72   74   74   74   73   73   73   73   73   74   75   75   76   75
   75   74   75   75   75   74   71   69   65
    42.5-180.0 180.0   5.0 450.0                            LAT/LON1/LON2/DLON/H
   71   67   63   58   53   48   44   41   41   43   45   46   46   45   44   43
   43   45   46   48   50   53   56   60   63   65   65   66   66   64   60   60
   59   61   63   65   67   68   67   66   65   62   59   56   55   56   61   67
   72   77   79   80   79   78   77   76   77   77   78   79   80   80   80   80
   79   78   79   80   81   80   78   75   71
    40.0-180.0 180.0   5.0 450.0                            LAT/LON1/LON2/DLON/H
   76   71   68   63   58   52   48   46   47   49   51   52   53   53   52   52
   52   55   58   61   64   68   72   76   77   79   78   76   73   69   64   62
   62   64   67   70   72   73   73   72   70   67   63   60   60   62   67   75
   80   83   85   84   84   82   81   80   81   82   83   84   84   84   84   84
   83   82   83   84   85   85   83   80   76
    37.5-180.0 180.0   5.0 450.0                            LAT/LON1/LON2/DLON/H
   79   74   71   66   61   55   52   51   52   54   57   60   61   61   60   60
   61   64   68   72   77   81   85   88   89   89   85   81   77   72   66   63
   63   65   68   71   74   75   76   75   74   70   67   64   64   67   73   80
   85   88   89   88   87   86   86   85   86   87   88   89   89   89   89   88
   86   85   86   87   88   87   85   82   79
    35.0-180.0 180.0   5.0 450.0                            LAT/LON1/LON2/DLON/H
   78   74   71   66   62   57   55   54   56   59   63   67   69   69   69   68
   69   72   76   81   86   91   95   97   96   93   88   83   78   72   67   64
   64   64   67   70   73   75   76   75   74   72   69   67   68   72   78   85
   89   91   92   92   91   92   91   92   92   93   94   95   95   95   94   93
   91   90   91   90   90   89   86   83   78
    32.5-180.0 180.0   5.0 450.0                            LAT/LON1/LON2/DLON/H
   78   73   69   65   61   58   56   56   58   63   67   72   75   76   76   75
   76   78   83   87   92   97  101  101   98   92   86   80   75   72   68   65
   65   65   67   69   71   72   73   73   73   70   68   67   70   75   82   88
   92   94   95   95   96   99  100  100  100  100  101  102  103  104  102  100
   99   98   98   98   97   94   89   83   78
    30.0-180.0 180.0   5.0 450.0                            LAT/LON1/LON2/DLON/H
   81   74   69   63   59   56   56   56   59   64   69   75   79   81   82   81
   81   83   86   90   94   97   99   98   94   88   81   77   73   71   68   67
   66   67   67   68   67   67   67   68   68   67   66   67   70   77   84   89
   94   97   99  102  105  109  111  113  112  110  110  112  113  114  113  112
  111  111  111  111  110  105   97   90   81
    27.5-180.0 180.0   5.0 450.0                            LAT/LON1/LON2/DLON/H
   91   82   74   65   60   56   55   56   59   64   70   76   81   84   85   85
   84   86   88   90   93   95   95   92   88   82   76   72   71   70   69   69
   69   68   67   65   63   61   61   62   63   62   63   64   70   77   84   91
   96  101  107  112  118  123  126  128  127  124  124  124  126  127  126  128
  129  130  131  131  129  123  114  103   91
    25.0-180.0 180.0   5.0 450.0                            LAT/LON1/LON2/DLON/H
  109   97   85   74   65   60   57   57   58   63   69   75   80   84   85   85
   85   86   88   89   90   90   90   86   82   76   71   68   69   70   71   71
   70   69   66   62   57   55   53   55   56   57   58   62   69   76   85   92
   99  107  116  125  133  140  144  147  144  141  139  139  141  144  144  147
  150  153  156  156  152  147  137  124  109
    22.5-180.0 180.0   5.0 450.0                            LAT/LON1/LON2/DLON/H
  133  118  101   87   75   68   64   61   61   63   68   72   78   81   82   82
   83   85   86   86   86   86   86   82   78   72   67   66   68   70   71   71
   70   69   65   59   53   48   47   48   50   51   53   58   66   75   84   94
  104  115  127  139  150  158  162  166  163  158  155  155  157  161  164  169
  173  178  184  184  179  173  162  148  133
    20.0-180.0 180.0   5.0 450.0                            LAT/LON1/LON2/DLON/H
  159  140  121  105   90   80   73   69   66   66   68   71   75   78   78   78
   80   82   83   83   82   83   82   80   76   70   66   66   67   69   69   70
   69   66   62   57   50   44   42   42   44   45   49   55   64   74   86   97
  110  125  140  155  167  176  180  183  181  176  172  172  174  179  183  189
  196  202  210  210  205  198  187  173  159
    17.5-180.0 180.0   5.0 450.0                            LAT/LON1/LON2/DLON/H
  182  163  142  124  106   92   84   78   73   71   70   71   73   74   74   76
   78   79   80   80   79   80   80   78   75   69   65   65   66   67   67   66
   65   63   59   55   47   41   38   38   39   40   45   53   64   76   90  104
  119  137  155  171  184  191  197  199  196  192  190  189  191  195  201  206
  214  221  228  229  224  217  207  196  182
    15.0-180.0 180.0   5.0 450.0                            LAT/LON1/LON2/DLON/H
  198  181  161  142  122  106   96   87   81   77   74   73   72   72   73   74
   76   78   78   77   77   78   79   78   75   70   66   65   65   65   63   62
   61   58   55   51   44   39   36   35   35   37   43   53   67   81   96  113
  130  149  168  183  195  202  207  209  207  205  204  204  205  209  215  222
  226  232  236  236  233  227  218  209  198
    12.5-180.0 180.0   5.0 450.0                            LAT/LON1/LON2/DLON/H
  206  193  175  157  136  118  107   97   89   83   79   77   75   73   73   74
   75   77   77   76   76   78   79   78   75   71   66   65   65   63   60   58
   56   54   50   46   41   37   36   35   34   36   44   56   71   86  103  120
  139  159  177  191  201  208  212  213  212  211  212  212  214  218  224  230
  234  237  238  237  234  228  221  213  206
    10.0-180.0 180.0   5.0 450.0                            LAT/LON1/LON2/DLON/H
  205  195  181  165  146  128  116  105   95   88   84   81   78   76   75   75
   76   77   77   77   77   79   79   79   76   72   67   65   64   61   58   55
   53   50   47   44   41   38   37   36   36   38   47   60   75   91  108  126
  145  164  181  194  203  209  212  215  215  214  216  216  218  222  228  234
  237  238  236  234  230  225  218  212  205
     7.5-180.0 180.0   5.0 450.0                            LAT/LON1/LON2/DLON/H
  202  193  182  170  153  136  123  111  100   92   88   84   81   79   77   77
   78   78   78   79   80   81   82   80   76   72   67   64   63   60   57   53
   50   49   46   44   42   41   40   39   38   42   51   64   79   95  111  130
  149  167  181  192  201  207  213  215  216  216  217  217  219  224  230  235
  237  237  234  230  226  221  215  209  202
     5.0-180.0 180.0   5.0 450.0                            LAT/LON1/LON2/DLON/H
  203  194  184  172  159  142  128  115  103   94   90   87   84   81   80   79
   80   80   80   82   83   84   84   81   77   71   66   64   64   62   58   53
   51   49   48   46   45   44   44   42   41   45   54   67   82   98  114  132
  149  166  178  188  197  206  213  216  218  219  219  219  222  226  232  236
  237  237  235  232  227  221  216  209  203
     2.5-180.0 180.0   5.0 450.0                            LAT/LON1/LON2/DLON/H
  210  201  191  179  166  150  135  119  107   97   91   88   85   82   81   80
   80   80   82   84   86   86   85   81   77   71   66   66   66   65   60   57
   54   52   50   48   47   47   46   44   44   47   57   71   85  101  116  132
  148  162  173  183  194  204  212  217  219  221  222  222  225  230  236  240
  241  241  241  237  233  227  223  217  210
