DORISInput/IGSGIM/2019/igsg3360.19i
     1.0            IONOSPHERE MAPS     MIX                 IONEX VERSION / TYPE
cmpcmb v1.2          GRL/UWM            23-dec-19 14:44     PGM / RUN BY / DATE 
ionex file containing IGS COMBINED Ionosphere maps          COMMENT             
global ionosphere maps for day 336, 2019                    DESCRIPTION         
IONEX file containing the COMBINED IGS TEC MAPS and DCBs    DESCRIPTION         
      IONEX files of the following IAACs were combined: cod DESCRIPTION         
                                                        esa DESCRIPTION         
                                                        jpl DESCRIPTION         
                                                        upc DESCRIPTION         
Contact address: Andrzej Krankowski                         DESCRIPTION
                 Geodynamics Research Laboratory            DESCRIPTION
                 University of Warmia and Mazury (GRL/UWM)  DESCRIPTION
                 Oczapowski St. 1                           DESCRIPTION
                 10-957-Olsztyn, POLAND                     DESCRIPTION
                 e-mail:  kand@uwm.edu.pl                   DESCRIPTION
                                                            DESCRIPTION         
  2019    12     2     0     0     0                        EPOCH OF FIRST MAP  
  2019    12     3     0     0     0                        EPOCH OF LAST MAP   
  7200                                                      INTERVAL            
    13                                                      # OF MAPS IN FILE   
  COSZ                                                      MAPPING FUNCTION    
     0.0                                                    ELEVATION CUTOFF    
combined TEC calculated as weighted mean of input TEC valuesOBSERVABLES USED    
   399                                                      # OF STATIONS       
    32                                                      # OF SATELLITES     
  6371.0                                                    BASE RADIUS         
     2                                                      MAP DIMENSION       
   450.0 450.0   0.0                                        HGT1 / HGT2 / DHGT  
    87.5 -87.5  -2.5                                        LAT1 / LAT2 / DLAT  
  -180.0 180.0   5.0                                        LON1 / LON2 / DLON  
    -1                                                      EXPONENT            
TEC values in 0.1 tec units;  9999, if no value available   COMMENT             
DCB values in nanoseconds, reference is Sum_of_SatDCBs = 0  COMMENT             
                                                            END OF HEADER       
     1                                                      START OF TEC MAP    
  2019    12     2     0     0     0                        EPOCH OF CURRENT MAP
    87.5-180.0 180.0   5.0 450.0                            LAT/LON1/LON2/DLON/H
   25   25   25   25   25   24   24   24   23   23   23   22   22   22   21   21
   20   20   19   19   18   18   18   18   17   17   17   17   17   16   16   16
   17   17   16   17   17   17   18   18   18   19   19   20   20   20   21   21
   22   22   23   23   23   23   23   23   24   24   24   24   24   25   25   25
   25   25   25   25   26   26   25   25   25
    85.0-180.0 180.0   5.0 450.0                            LAT/LON1/LON2/DLON/H
   26   25   26   26   25   25   25   24   24   23   23   22   21   20   20   19
   19   18   18   17   16   16   15   13   13   11   11   11   11   11   11   11
   11   12   12   13   14   14   14   15   16   17   18   18   19   20   20   21
   21   22   23   24   24   24   24   24   24   25   25   25   26   26   27   27
   27   27   26   26   26   26   26   26   26
    82.5-180.0 180.0   5.0 450.0                            LAT/LON1/LON2/DLON/H
   26   26   26   27   27   27   26   26   25   25   24   23   22   21   20   19
   18   16   15   14   14   13   12   10    8    8    8    8    8    8    8    8
    9    9   10   10   11   12   13   14   15   16   17   17   18   19   20   21
   22   22   23   23   23   24   24   24   23   23   24   24   24   25   25   25
   24   24   24   24   25   25   25   26   26
    80.0-180.0 180.0   5.0 450.0                            LAT/LON1/LON2/DLON/H
   25   25   26   27   27   26   26   26   26   26   25   25   24   23   22   21
   20   18   16   14   12   11   10    8    7    7    7    7    7    7    8    8
    8    8    9    9   10   11   12   13   14   15   16   16   17   18   18   19
   20   21   22   22   22   22   21   21   21   21   20   20   21   20   20   20
   20   21   21   22   22   23   24   24   25
    77.5-180.0 180.0   5.0 450.0                            LAT/LON1/LON2/DLON/H
   24   25   26   26   26   26   26   26   26   26   25   25   25   24   24   23
   21   18   16   14   13   12   10    9    8    7    7    7    7    7    7    7
    8    8    9   10   11   11   12   13   14   14   15   15   16   17   17   18
   19   19   20   20   19   19   18   18   17   17   16   16   16   16   16   17
   17   17   18   19   20   21   22   23   24
    75.0-180.0 180.0   5.0 450.0                            LAT/LON1/LON2/DLON/H
   25   26   26   27   26   26   26   26   25   25   25   25   25   25   24   22
   21   20   19   17   15   15   12   11   10    9    8    8    8    8    8    9
    9    9   10   11   11   12   13   13   13   13   13   14   14   15   15   16
   16   17   17   17   16   15   15   14   13   13   13   13   13   13   13   14
   15   16   17   19   20   21   23   24   25
    72.5-180.0 180.0   5.0 450.0                            LAT/LON1/LON2/DLON/H
   29   29   30   30   29   29   28   27   26   25   24   25   24   24   24   23
   25   23   22   20   20   18   15   14   13   12   11   10    9   10   10   11
   12   12   13   13   14   13   13   13   13   12   12   12   12   12   13   13
   14   14   14   14   14   13   12   11   11   10   11   11   11   12   13   14
   16   17   19   21   23   25   27   28   29
    70.0-180.0 180.0   5.0 450.0                            LAT/LON1/LON2/DLON/H
   35   36   36   35   34   33   32   30   27   26   24   23   22   22   22   23
   23   24   22   22   23   21   19   18   16   15   14   13   12   13   13   14
   15   15   15   14   15   14   13   12   12   11   11   11   11   11   11   12
   13   13   13   13   13   11   11   11   10   10   10   10   11   12   14   16
   19   20   23   26   28   30   32   34   35
    67.5-180.0 180.0   5.0 450.0                            LAT/LON1/LON2/DLON/H
   42   43   43   42   41   39   36   33   30   27   24   22   21   19   20   19
   21   22   22   23   23   23   21   21   19   18   16   16   15   15   15   16
   16   16   16   15   15   13   12   12   11   11   10   10   10   10   11   12
   14   14   14   14   13   12   11   11   11   11   10   11   13   15   17   20
   23   26   29   31   34   36   39   41   42
    65.0-180.0 180.0   5.0 450.0                            LAT/LON1/LON2/DLON/H
   49   50   49   48   47   45   41   37   33   30   26   23   20   19   18   17
   18   19   20   21   22   22   22   22   20   19   17   17   16   15   15   15
   15   15   15   14   14   13   12   12   11   11   11   11   11   12   13   14
   15   17   17   16   15   14   13   13   12   13   13   15   17   19   23   26
   29   32   35   37   39   42   45   47   49
    62.5-180.0 180.0   5.0 450.0                            LAT/LON1/LON2/DLON/H
   54   55   55   55   53   51   47   43   38   34   29   25   22   19   18   16
   16   17   18   19   20   19   19   20   20   18   17   17   16   15   14   13
   13   13   14   13   13   13   12   13   13   13   14   14   15   15   17   18
   19   20   21   19   17   16   16   15   15   16   18   21   23   25   29   32
   35   38   40   43   45   47   49   51   54
    60.0-180.0 180.0   5.0 450.0                            LAT/LON1/LON2/DLON/H
   57   58   59   59   58   56   53   48   44   39   34   29   25   22   19   17
   16   15   15   16   16   16   17   18   18   17   16   16   16   14   13   13
   13   13   14   14   14   15   16   16   17   17   19   20   21   21   22   22
   24   25   24   23   21   21   20   20   20   21   24   27   30   32   36   39
   41   44   46   48   49   51   53   55   57
    57.5-180.0 180.0   5.0 450.0                            LAT/LON1/LON2/DLON/H
   59   60   61   62   61   60   57   54   49   45   40   35   30   26   22   20
   18   16   15   15   15   14   15   15   16   16   16   16   15   15   14   15
   16   16   17   18   19   20   20   22   23   24   26   27   28   29   29   29
   28   29   29   28   27   26   26   26   26   27   30   33   36   39   41   45
   47   49   51   52   53   54   55   57   59
    55.0-180.0 180.0   5.0 450.0                            LAT/LON1/LON2/DLON/H
   60   62   63   63   63   62   61   58   55   51   46   41   37   32   27   23
   20   19   17   17   15   15   14   15   16   16   17   18   18   18   18   19
   21   23   24   25   25   27   28   29   31   33   34   35   36   36   35   35
   35   34   35   34   33   33   32   32   33   35   37   39   41   43   46   49
   52   54   55   56   57   57   58   59   60
    52.5-180.0 180.0   5.0 450.0                            LAT/LON1/LON2/DLON/H
   63   64   66   66   66   64   63   62   60   57   54   50   44   38   32   28
   25   23   20   19   18   17   17   18   19   20   21   22   24   24   24   26
   28   30   32   33   34   35   36   38   39   41   42   43   43   43   41   41
   40   41   41   41   40   39   39   39   40   41   43   44   46   48   50   53
   55   57   59   59   60   61   61   62   63
    50.0-180.0 180.0   5.0 450.0                            LAT/LON1/LON2/DLON/H
   68   68   69   69   69   68   67   67   66   64   61   57   51   44   38   33
   30   27   25   24   22   21   22   23   25   27   29   30   31   33   34   35
   37   39   40   41   42   43   44   46   47   48   49   49   49   48   46   45
   46   46   45   46   46   46   45   46   46   47   48   49   51   52   54   56
   58   60   62   63   64   65   66   66   68
    47.5-180.0 180.0   5.0 450.0                            LAT/LON1/LON2/DLON/H
   73   75   75   75   75   74   73   72   72   70   69   64   59   52   44   39
   35   33   31   29   28   27   29   32   35   38   40   41   43   43   44   44
   45   48   49   49   50   51   51   52   53   53   54   54   53   51   50   49
   50   50   50   50   50   51   50   51   51   52   53   55   56   58   58   59
   61   63   65   66   69   70   71   72   73
    45.0-180.0 180.0   5.0 450.0                            LAT/LON1/LON2/DLON/H
   80   81   83   82   82   81   79   77   77   77   76   72   66   59   51   46
   42   39   37   36   35   36   39   43   47   51   53   54   55   53   53   54
   55   56   56   56   56   56   56   56   57   57   57   56   55   54   53   53
   54   55   55   56   55   56   55   55   56   57   59   62   63   64   63   63
   64   66   68   71   74   76   77   78   80
    42.5-180.0 180.0   5.0 450.0                            LAT/LON1/LON2/DLON/H
   86   88   89   89   88   87   86   84   83   84   83   79   73   66   58   52
   48   45   44   43   43   46   50   55   60   65   66   66   64   63   61   62
   63   62   62   61   61   60   60   59   59   59   59   58   57   57   56   57
   58   60   60   60   60   60   59   59   61   63   66   69   70   70   68   67
   68   69   72   75   78   80   82   85   86
    40.0-180.0 180.0   5.0 450.0                            LAT/LON1/LON2/DLON/H
   91   92   94   94   93   93   92   90   90   90   89   86   80   72   65   59
   54   52   51   51   52   56   60   66   73   77   77   75   73   70   69   68
   67   66   65   65   64   62   61   60   60   60   60   59   59   58   58   60
   62   63   63   62   62   61   61   61   64   68   73   76   77   77   74   72
   71   72   75   79   82   85   87   89   91
    37.5-180.0 180.0   5.0 450.0                            LAT/LON1/LON2/DLON/H
   95   95   97   97   97   97   96   95   95   96   95   92   87   80   72   66
   61   58   57   58   60   64   70   76   82   85   84   82   79   75   72   70
   69   68   66   66   65   64   62   61   61   62   61   61   60   60   61   62
   64   64   63   62   61   60   60   62   66   72   78   82   84   83   80   78
   76   76   79   82   86   89   91   93   95
    35.0-180.0 180.0   5.0 450.0                            LAT/LON1/LON2/DLON/H
   97   97   99   99   99   98   98   98   98   99  100   98   93   87   80   73
   68   64   63   64   66   70   76   82   86   89   88   86   81   76   72   71
   69   68   67   67   66   65   63   63   63   63   63   62   61   61   62   63
   64   63   62   60   58   57   58   61   67   75   83   87   90   89   86   83
   80   80   82   86   90   93   95   96   97
    32.5-180.0 180.0   5.0 450.0                            LAT/LON1/LON2/DLON/H
  101  101   99   99   99   99   99   99  100  101  102  101   98   93   87   81
   75   71   69   69   70   74   78   83   87   89   87   84   78   74   70   70
   69   68   68   68   68   66   64   64   64   65   65   64   62   62   62   62
   61   60   58   56   55   54   55   60   67   77   86   92   95   94   92   89
   87   87   89   92   96  100  101  102  101
    30.0-180.0 180.0   5.0 450.0                            LAT/LON1/LON2/DLON/H
  110  106  103  100   99  100  100  100  101  102  104  103  102   99   93   87
   81   76   73   72   72   73   76   81   84   84   82   79   74   71   69   70
   69   69   69   69   69   67   65   65   65   66   66   65   62   61   61   60
   58   56   54   52   50   50   52   58   68   79   88   94   98   99   98   97
   96   96   99  102  106  109  112  113  110
    27.5-180.0 180.0   5.0 450.0                            LAT/LON1/LON2/DLON/H
  126  120  112  107  104  103  103  102  103  103  104  105  105  103   99   93
   86   80   75   73   71   71   74   76   79   77   75   72   70   69   69   70
   70   71   71   70   69   68   66   66   66   66   66   64   61   59   58   56
   54   51   49   47   45   45   48   57   69   81   90   96  101  103  105  106
  106  109  112  116  120  124  129  131  126
    25.0-180.0 180.0   5.0 450.0                            LAT/LON1/LON2/DLON/H
  149  141  132  123  117  114  112  110  107  106  105  107  108  107  103   97
   89   82   76   72   69   69   70   73   72   70   69   68   67   69   70   71
   72   72   72   70   70   68   66   66   65   65   63   61   58   56   54   52
   49   46   43   41   40   41   46   55   69   82   90   97  102  107  111  115
  118  123  127  132  138  147  155  156  149
    22.5-180.0 180.0   5.0 450.0                            LAT/LON1/LON2/DLON/H
  177  169  160  149  140  135  129  124  117  113  110  110  111  110  105   99
   91   83   76   71   67   66   67   68   68   65   64   65   67   70   71   72
   73   74   72   71   70   68   66   65   64   62   60   57   54   52   49   47
   44   40   38   35   35   37   44   55   69   83   92   98  104  111  118  125
  132  139  146  152  159  172  181  183  177
    20.0-180.0 180.0   5.0 450.0                            LAT/LON1/LON2/DLON/H
  205  198  193  183  171  163  156  144  134  125  120  117  117  115  108  101
   92   83   75   70   66   64   65   66   66   64   63   66   69   72   74   75
   76   75   74   71   69   66   64   62   61   58   55   52   49   47   45   43
   40   37   34   33   33   36   43   56   71   85   94  101  108  116  125  136
  145  155  163  170  178  192  202  207  205
    17.5-180.0 180.0   5.0 450.0                            LAT/LON1/LON2/DLON/H
  233  230  225  217  205  193  185  171  154  142  136  130  126  121  114  105
   94   85   76   70   66   65   65   67   66   65   65   68   73   76   78   78
   80   77   75   70   67   64   62   59   57   54   51   48   45   43   42   40
   38   35   33   32   33   36   45   59   73   87   96  103  111  121  134  147
  160  169  179  186  192  204  216  227  233
    15.0-180.0 180.0   5.0 450.0                            LAT/LON1/LON2/DLON/H
  249  250  252  249  240  225  210  194  179  167  157  149  141  133  124  112
  100   89   79   72   68   68   69   70   70   69   69   73   79   82   83   82
   81   79   73   68   65   62   59   56   53   51   48   45   43   41   40   39
   37   35   34   33   34   38   48   62   76   89   98  107  116  128  142  156
  170  183  193  197  201  208  221  238  249
    12.5-180.0 180.0   5.0 450.0                            LAT/LON1/LON2/DLON/H
  248  253  260  263  260  248  232  217  204  192  181  170  160  149  137  124
  110   98   86   77   73   73   75   76   76   76   75   79   85   88   88   86
   82   78   72   67   64   61   58   55   52   49   47   45   43   41   40   39
   38   37   35   34   36   41   50   64   79   91  101  110  120  134  148  163
  177  190  199  203  206  210  219  234  248
    10.0-180.0 180.0   5.0 450.0                            LAT/LON1/LON2/DLON/H
  236  245  253  262  265  259  247  235  225  215  204  192  179  167  155  141
  126  112   98   87   81   81   83   85   84   83   83   86   91   92   90   87
   83   80   74   69   65   62   59   55   52   50   49   47   45   43   41   41
   40   37   35   36   38   42   51   66   80   93  103  113  124  138  152  165
  178  190  199  205  207  209  214  224  236
     7.5-180.0 180.0   5.0 450.0                            LAT/LON1/LON2/DLON/H
  225  235  243  253  260  259  251  244  238  233  224  211  197  185  173  162
  144  130  114  101   93   91   93   95   94   92   92   92   94   94   91   89
   87   83   77   72   68   64   60   57   54   52   51   50   48   46   44   43
   41   37   36   37   39   45   55   68   83   95  106  116  128  141  155  167
  177  187  197  202  205  204  207  215  225
     5.0-180.0 180.0   5.0 450.0                            LAT/LON1/LON2/DLON/H
  218  227  237  246  253  253  249  245  243  241  237  225  211  200  190  181
  167  151  132  117  107  104  105  106  105  103  101   98   97   96   95   94
   93   88   83   77   73   68   63   59   56   55   54   53   51   49   48   46
   42   38   37   38   41   48   60   72   85   98  108  118  130  143  157  168
  177  187  195  201  203  201  203  209  218
     2.5-180.0 180.0   5.0 450.0                            LAT/LON1/LON2/DLON/H
  217  227  236  244  248  249  247  245  243  244  241  232  221  212  204  198
  187  171  152  135  123  117  117  119  117  113  109  104  102  101  102  102
  101   95   89   83   78   72   66   62   59   58   57   57   54   53   51   48
   43   39   37   38   43   52   64   75   87   99  109  119  131  143  157  167
  176  187  197  204  205  204  204  209  217
