DORISInput/IGSGIM/2019/igsg3550.19i
     1.0            IONOSPHERE MAPS     MIX                 IONEX VERSION / TYPE
cmpcmb v1.2          GRL/UWM             4-jan-20 13:55     PGM / RUN BY / DATE 
ionex file containing IGS COMBINED Ionosphere maps          COMMENT             
global ionosphere maps for day 355, 2019                    DESCRIPTION         
IONEX file containing the COMBINED IGS TEC MAPS and DCBs    DESCRIPTION         
      IONEX files of the following IAACs were combined: cod DESCRIPTION         
                                                        esa DESCRIPTION         
                                                        jpl DESCRIPTION         
                                                        upc DESCRIPTION         
Contact address: Andrzej Krankowski                         DESCRIPTION
                 Geodynamics Research Laboratory            DESCRIPTION
                 University of Warmia and Mazury (GRL/UWM)  DESCRIPTION
                 Oczapowski St. 1                           DESCRIPTION
                 10-957-Olsztyn, POLAND                     DESCRIPTION
                 e-mail:  kand@uwm.edu.pl                   DESCRIPTION
                                                            DESCRIPTION         
  2019    12    21     0     0     0                        EPOCH OF FIRST MAP  
  2019    12    22     0     0     0                        EPOCH OF LAST MAP   
  7200                                                      INTERVAL            
    13                                                      # OF MAPS IN FILE   
  COSZ                                                      MAPPING FUNCTION    
     0.0                                                    ELEVATION CUTOFF    
combined TEC calculated as weighted mean of input TEC valuesOBSERVABLES USED    
   393                                                      # OF STATIONS       
    32                                                      # OF SATELLITES     
  6371.0                                                    BASE RADIUS         
     2                                                      MAP DIMENSION       
   450.0 450.0   0.0                                        HGT1 / HGT2 / DHGT  
    87.5 -87.5  -2.5                                        LAT1 / LAT2 / DLAT  
  -180.0 180.0   5.0                                        LON1 / LON2 / DLON  
    -1                                                      EXPONENT            
TEC values in 0.1 tec units;  9999, if no value available   COMMENT             
DCB values in nanoseconds, reference is Sum_of_SatDCBs = 0  COMMENT             
                                                            END OF HEADER       
[from data line 429]
     2                                                      START OF TEC MAP    
  2019    12    21     2     0     0                        EPOCH OF CURRENT MAP
    87.5-180.0 180.0   5.0 450.0                            LAT/LON1/LON2/DLON/H
   20   20   20   20   20   19   19   19   19   19   18   17   17   17   16   16
   15   14   14   13   13   12   12   11   11   11   11   11   11   11   11   11
   11   11   12   12   12   12   13   13   13   14   14   14   14   15   15   15
   16   16   16   17   16   16   17   17   17   17   18   18   18   18   19   19
   20   20   20   20   20   21   21   20   20
    85.0-180.0 180.0   5.0 450.0                            LAT/LON1/LON2/DLON/H
   23   24   23   24   23   23   23   22   22   21   20   20   19   18   17   16
   14   13   12   11   10    9    9    8    8    8    8    8    8    8    8    8
    8    9    9   10   10   11   11   11   12   12   13   13   14   14   15   15
   16   16   16   17   17   17   17   17   17   18   18   19   19   20   20   21
   21   22   22   22   23   23   23   23   23
    82.5-180.0 180.0   5.0 450.0                            LAT/LON1/LON2/DLON/H
   24   24   25   25   25   24   24   24   23   23   22   21   20   19   17   16
   14   13   11   11   10    9    8    7    7    7    7    7    7    8    8    8
    8    9    9    9   10   11   11   11   12   12   13   13   13   14   14   15
   15   16   16   16   16   16   16   16   16   16   16   16   17   17   18   19
   19   20   21   21   22   22   22   23   24
    80.0-180.0 180.0   5.0 450.0                            LAT/LON1/LON2/DLON/H
   22   23   23   24   24   24   25   25   25   25   24   23   22   21   19   17
   16   14   12   11   10    8    7    7    7    7    7    7    7    7    7    8
    8    8    8    8    9   10   11   11   12   13   13   13   14   14   14   14
   14   14   14   14   14   14   13   13   13   13   13   13   13   14   14   15
   16   17   17   18   19   20   21   21   22
    77.5-180.0 180.0   5.0 450.0                            LAT/LON1/LON2/DLON/H
   20   20   21   21   22   23   23   24   24   24   24   24   23   23   21   19
   18   15   14   12   11   10    8    8    7    7    7    7    7    8    8    8
    8    9    9    9    9   10   11   12   12   13   13   13   13   13   13   13
   13   12   12   12   11   11   10   10    9   10   10   10   11   11   12   12
   13   14   15   16   17   17   18   19   20
    75.0-180.0 180.0   5.0 450.0                            LAT/LON1/LON2/DLON/H
   19   18   18   19   19   20   20   21   21   22   22   23   23   22   21   20
   18   16   15   14   13   12   11   10    9    9    9    9    8    9    9    9
    9    9   11   11   12   12   13   13   13   13   13   13   13   12   12   11
   11   10   10   10   10    9    9    9    9    9    9    9   10   11   12   12
   13   14   15   16   17   17   18   18   19
    72.5-180.0 180.0   5.0 450.0                            LAT/LON1/LON2/DLON/H
   18   18   17   17   17   17   17   18   18   19   20   21   21   21   20   19
   18   17   17   17   16   16   15   14   13   13   13   12   12   12   11   12
   12   13   13   13   14   14   13   13   13   12   12   12   11   10   10    9
    9    9    9    9    9    8    9    9    9   10   10   11   12   13   14   15
   16   17   18   19   19   19   19   19   18
    70.0-180.0 180.0   5.0 450.0                            LAT/LON1/LON2/DLON/H
   21   20   18   17   16   15   15   15   15   16   16   17   18   18   18   18
   17   18   19   19   18   18   18   18   16   16   16   16   15   15   14   15
   15   14   14   14   14   14   13   12   12   11   10   10    9    9    9    9
    9    9    9    9    9    9   10   10   11   12   13   15   16   18   19   21
   22   23   23   24   24   24   24   23   21
    67.5-180.0 180.0   5.0 450.0                            LAT/LON1/LON2/DLON/H
   27   25   22   20   18   16   15   14   14   14   14   14   15   15   15   15
   16   17   18   19   20   21   21   20   19   18   18   17   17   16   16   17
   17   15   15   14   14   13   12   10   10    9    8    9    9    9    8    9
    9    9    9    9    9   10   11   12   15   16   18   21   23   25   26   28
   29   31   32   32   32   32   30   29   27
    65.0-180.0 180.0   5.0 450.0                            LAT/LON1/LON2/DLON/H
   34   32   29   26   22   20   17   15   14   13   13   12   12   12   12   13
   13   15   16   18   20   21   21   21   19   18   18   17   16   16   16   16
   16   15   14   14   13   12   10    9    8    8    8    8    9    9    9    9
    9    9    9    9   10   12   15   17   20   23   25   28   31   33   34   36
   37   38   40   41   40   40   39   37   34
    62.5-180.0 180.0   5.0 450.0                            LAT/LON1/LON2/DLON/H
   44   41   37   33   29   25   21   19   16   14   13   12   11   10   10   11
   11   13   15   17   18   19   19   19   18   17   16   15   14   14   14   15
   15   15   14   14   13   12   10    9    9    8    8    9   10   10   10   11
   10   10   10   11   13   16   19   22   25   29   33   36   39   41   42   44
   45   46   47   48   48   48   48   46   44
    60.0-180.0 180.0   5.0 450.0                            LAT/LON1/LON2/DLON/H
   52   49   46   42   36   32   27   23   19   17   15   13   12   11   10   10
   11   12   13   14   16   16   17   16   15   14   14   13   13   13   13   15
   15   15   15   16   15   14   13   12   11   11   11   12   13   14   14   14
   14   13   13   14   16   19   23   27   31   36   39   43   46   48   49   50
   51   52   52   53   54   56   55   54   52
    57.5-180.0 180.0   5.0 450.0                            LAT/LON1/LON2/DLON/H
   60   57   54   50   45   39   34   29   24   21   18   16   14   13   12   11
   11   11   13   13   14   14   14   13   14   13   13   12   13   13   14   16
   17   18   19   20   20   19   18   18   17   17   18   18   19   19   19   19
   18   17   18   19   20   23   27   32   37   42   46   49   52   54   55   55
   55   56   56   57   59   60   60   60   60
    55.0-180.0 180.0   5.0 450.0                            LAT/LON1/LON2/DLON/H
   65   64   62   58   53   48   41   36   30   25   21   19   17   16   15   14
   13   13   13   13   13   13   13   13   14   14   14   15   15   16   17   19
   21   23   25   26   27   27   27   26   26   26   26   26   26   26   25   24
   23   22   21   23   25   28   32   37   42   46   51   55   57   59   59   59
   58   58   59   59   61   63   64   65   65
    52.5-180.0 180.0   5.0 450.0                            LAT/LON1/LON2/DLON/H
   69   69   68   64   60   55   48   42   36   30   26   23   21   20   18   17
   16   15   15   14   14   13   14   16   17   18   19   19   20   22   23   25
   28   30   33   35   35   36   36   37   36   36   35   35   34   33   31   29
   27   26   26   26   29   32   36   41   46   51   55   59   61   63   63   62
   60   60   61   62   63   65   66   68   69
    50.0-180.0 180.0   5.0 450.0                            LAT/LON1/LON2/DLON/H
   72   73   72   70   67   61   55   48   42   35   30   27   25   23   22   20
   19   18   17   16   16   16   17   19   22   25   26   28   29   30   31   32
   34   37   40   42   44   45   46   47   47   46   45   43   42   40   37   34
   32   31   30   31   33   36   41   45   50   55   59   64   65   67   67   65
   63   62   62   64   65   67   69   70   72
    47.5-180.0 180.0   5.0 450.0                            LAT/LON1/LON2/DLON/H
   74   74   75   74   71   68   62   55   48   41   35   31   29   27   25   24
   22   22   21   21   21   22   24   27   32   35   37   39   40   40   39   40
   40   42   45   48   51   53   55   56   56   56   54   51   48   45   42   39
   37   36   36   36   38   42   46   50   54   58   63   68   70   71   71   69
   67   65   66   67   68   69   70   72   74
    45.0-180.0 180.0   5.0 450.0                            LAT/LON1/LON2/DLON/H
   75   76   77   76   75   73   68   62   54   46   40   36   33   31   29   28
   27   27   27   27   28   31   34   39   43   48   50   52   51   49   48   46
   46   47   49   52   56   59   62   64   64   63   61   57   53   49   46   44
   42   41   41   42   45   48   52   55   59   63   68   72   75   76   76   75
   72   71   71   71   72   72   73   74   75
    42.5-180.0 180.0   5.0 450.0                            LAT/LON1/LON2/DLON/H
   77   78   78   78   79   77   74   68   60   52   45   41   37   35   33   32
   32   33   34   36   39   42   47   52   57   60   62   61   59   56   54   52
   51   51   53   56   60   63   66   69   69   68   65   61   56   52   50   48
   47   46   47   48   52   56   59   62   65   69   73   77   81   83   82   81
   80   78   78   77   77   75   76   76   77
    40.0-180.0 180.0   5.0 450.0                            LAT/LON1/LON2/DLON/H
   79   79   79   80   80   80   79   74   66   58   51   46   43   40   38   38
   39   41   43   47   50   55   59   65   68   69   69   67   65   62   59   57
   55   55   57   59   62   64   68   71   73   72   69   64   60   56   54   52
   52   52   52   54   58   62   66   69   72   75   78   83   87   89   90   89
   87   86   85   84   82   80   80   79   79
    37.5-180.0 180.0   5.0 450.0                            LAT/LON1/LON2/DLON/H
   82   81   80   81   81   82   82   79   72   64   58   53   49   46   45   45
   46   50   54   58   63   67   71   74   76   76   73   71   68   64   62   60
   59   59   61   62   64   66   69   72   74   74   72   67   62   59   56   55
   55   55   56   58   63   68   71   74   77   80   83   87   92   95   96   96
   95   93   92   89   88   85   84   83   82
    35.0-180.0 180.0   5.0 450.0                            LAT/LON1/LON2/DLON/H
   86   84   82   82   82   83   83   81   76   69   63   59   55   53   52   53
   56   60   64   70   74   77   80   81   81   79   76   73   69   65   63   62
   62   63   65   65   67   68   70   73   75   76   73   69   64   60   58   56
   56   56   58   61   67   72   75   79   81   83   86   90   95   99  101  102
  102  101   98   96   93   90   88   87   86
    32.5-180.0 180.0   5.0 450.0                            LAT/LON1/LON2/DLON/H
   90   88   86   84   83   84   84   82   78   73   68   64   61   59   59   61
   64   69   74   79   82   83   84   84   83   81   77   72   68   65   64   64
   65   67   69   70   70   70   71   73   75   76   73   69   64   60   58   56
   54   55   58   62   69   75   79   82   84   85   88   92   96  100  104  107
  108  107  105  103   99   96   94   92   90
    30.0-180.0 180.0   5.0 450.0                            LAT/LON1/LON2/DLON/H
   97   95   91   88   86   85   85   83   79   75   71   69   66   65   65   68
   72   76   81   85   86   85   84   83   81   77   73   69   67   66   66   67
   69   72   75   76   75   74   73   73   74   74   72   67   62   58   55   53
   52   53   57   62   70   78   83   86   87   88   90   92   97  101  106  110
  112  114  113  110  107  103  102  100   97
    27.5-180.0 180.0   5.0 450.0                            LAT/LON1/LON2/DLON/H
  109  106  101   96   92   88   86   83   79   75   73   71   70   70   71   74
   78   81   84   86   85   82   80   79   76   72   69   67   66   67   68   70
   72   77   80   82   81   78   74   73   72   71   68   64   59   55   51   49
   48   51   56   63   72   80   86   90   91   92   93   94   97  103  107  113
  118  120  121  118  115  113  111  111  109
    25.0-180.0 180.0   5.0 450.0                            LAT/LON1/LON2/DLON/H
  123  119  116  109  101   95   90   85   80   77   74   73   72   72   74   78
   80   82   84   83   81   78   75   74   71   68   66   66   68   70   71   73
   77   81   84   87   85   81   76   71   68   65   62   58   53   49   46   43
   44   47   54   64   74   83   89   94   96   97   97   98  101  106  112  118
  124  128  130  129  126  125  124  125  123
    22.5-180.0 180.0   5.0 450.0                            LAT/LON1/LON2/DLON/H
  140  138  133  126  116  106   98   90   85   81   78   75   74   74   75   78
   80   81   80   79   76   72   70   69   68   66   66   67   71   74   76   77
   80   83   86   88   87   82   75   68   63   59   56   51   46   43   40   38
   39   45   53   65   77   86   94   99  103  104  104  105  107  112  118  125
  132  137  140  141  142  140  140  141  140
    20.0-180.0 180.0   5.0 450.0                            LAT/LON1/LON2/DLON/H
  160  158  154  148  136  123  110  101   94   89   85   80   76   76   76   77
   78   77   76   74   71   69   67   67   67   68   68   71   75   79   81   81
   81   83   86   86   84   79   70   62   56   52   48   44   39   36   34   34
   36   44   55   69   81   90  100  107  111  113  114  114  116  121  128  136
  142  148  152  156  157  157  158  160  160
    17.5-180.0 180.0   5.0 450.0                            LAT/LON1/LON2/DLON/H
  181  176  173  171  158  141  127  116  108  101   95   87   82   79   77   77
   76   74   72   70   70   68   68   69   71   71   72   75   80   84   85   83
   81   82   83   82   79   73   65   57   50   45   42   38   34   32   31   32
   37   46   60   73   86   96  107  115  121  125  127  127  129  136  143  150
  154  161  166  170  172  173  176  182  181
    15.0-180.0 180.0   5.0 450.0                            LAT/LON1/LON2/DLON/H
  200  193  190  194  182  162  145  134  125  117  108   99   91   85   82   80
   77   74   72   71   72   73   74   76   76   75   75   77   82   86   87   84
   80   79   78   78   73   67   59   51   45   40   36   34   32   30   30   33
   39   50   64   79   91  102  113  124  131  137  140  141  144  150  157  165
  169  175  179  183  184  186  190  197  200
    12.5-180.0 180.0   5.0 450.0                            LAT/LON1/LON2/DLON/H
  209  202  203  209  202  182  164  153  144  135  125  113  102   95   90   87
   83   79   76   78   80   83   84   84   82   80   78   78   82   86   86   82
   78   75   74   73   68   62   56   50   44   39   36   34   32   31   31   34
   41   53   68   83   95  107  118  130  140  148  152  155  158  164  171  177
  182  186  190  194  197  199  202  206  209
    10.0-180.0 180.0   5.0 450.0                            LAT/LON1/LON2/DLON/H
  212  210  210  217  213  195  179  171  163  153  145  130  117  108  102   97
   93   90   88   90   94   96   95   93   89   85   80   78   80   82   82   79
   75   72   70   67   64   59   55   51   45   42   38   36   34   33   33   36
   43   56   72   87   99  110  122  135  147  156  162  166  170  175  180  184
  190  193  197  202  207  210  211  211  212
     7.5-180.0 180.0   5.0 450.0                            LAT/LON1/LON2/DLON/H
  215  214  215  219  217  206  195  186  181  173  162  149  134  124  117  112
  108  106  105  108  111  112  108  103   97   90   83   77   76   77   78   76
   72   70   68   66   63   60   57   54   50   46   42   39   37   35   35   37
   45   59   75   89  101  112  124  139  152  163  169  174  177  181  185  188
  192  196  201  207  213  217  218  217  215
     5.0-180.0 180.0   5.0 450.0                            LAT/LON1/LON2/DLON/H
  221  220  220  223  221  215  207  200  196  190  180  167  152  141  134  130
  128  125  125  128  129  126  120  112  104   96   85   77   73   73   75   74
   72   71   69   68   66   64   62   58   55   50   45   42   40   37   37   39
   47   61   77   90  102  114  126  140  155  166  174  179  182  185  188  189
  191  195  200  208  216  220  222  222  221
     2.5-180.0 180.0   5.0 450.0                            LAT/LON1/LON2/DLON/H
  228  229  229  230  229  224  218  212  208  203  194  183  169  158  152  148
  146  143  143  145  144  138  129  120  109  100   88   77   72   72   74   74
   75   74   74   73   71   69   66   62   58   53   49   45   42   39   39   41
   49   62   77   90  102  114  126  140  154  166  174  179  183  186  188  189
  190  192  198  207  215  221  225  228  228
