DORISInput/IGSGIM/2019/igsg3610.19i
     1.0            IONOSPHERE MAPS     MIX                 IONEX VERSION / TYPE
cmpcmb v1.2          GRL/UWM            16-jan-20 12:11     PGM / RUN BY / DATE 
ionex file containing IGS COMBINED Ionosphere maps          COMMENT             
global ionosphere maps for day 361, 2019                    DESCRIPTION         
IONEX file containing the COMBINED IGS TEC MAPS and DCBs    DESCRIPTION         
      IONEX files of the following IAACs were combined: cod DESCRIPTION         
                                                        esa DESCRIPTION         
                                                        jpl DESCRIPTION         
                                                        upc DESCRIPTION         
Contact address: Andrzej Krankowski                         DESCRIPTION
                 Geodynamics Research Laboratory            DESCRIPTION
                 University of Warmia and Mazury (GRL/UWM)  DESCRIPTION
                 Oczapowski St. 1                           DESCRIPTION
                 10-957-Olsztyn, POLAND                     DESCRIPTION
                 e-mail:  kand@uwm.edu.pl                   DESCRIPTION
                                                            DESCRIPTION         
  2019    12    27     0     0     0                        EPOCH OF FIRST MAP  
  2019    12    28     0     0     0                        EPOCH OF LAST MAP   
  7200                                                      INTERVAL            
    13                                                      # OF MAPS IN FILE   
  COSZ                                                      MAPPING FUNCTION    
     0.0                                                    ELEVATION CUTOFF    
combined TEC calculated as weighted mean of input TEC valuesOBSERVABLES USED    
   389                                                      # OF STATIONS       
    32                                                      # OF SATELLITES     
  6371.0                                                    BASE RADIUS         
     2                                                      MAP DIMENSION       
   450.0 450.0   0.0                                        HGT1 / HGT2 / DHGT  
    87.5 -87.5  -2.5                                        LAT1 / LAT2 / DLAT  
  -180.0 180.0   5.0                                        LON1 / LON2 / DLON  
    -1                                                      EXPONENT            
TEC values in 0.1 tec units;  9999, if no value available   COMMENT             
DCB values in nanoseconds, reference is Sum_of_SatDCBs = 0  COMMENT             
                                                            END OF HEADER       
[from data line 1716]
     5                                                      START OF TEC MAP    
  2019    12    27     8     0     0                        EPOCH OF CURRENT MAP
    87.5-180.0 180.0   5.0 450.0                            LAT/LON1/LON2/DLON/H
   26   26   26   26   26   26   26   26   25   25   24   24   23   23   23   22
   22   21   21   21   20   20   19   19   20   19   19   20   20   20   20   20
   20   21   20   21   21   21   21   21   22   23   23   23   23   23   24   24
   24   24   24   24   24   24   24   24   24   24   24   24   25   25   25   25
   25   25   25   25   26   26   26   26   26
    85.0-180.0 180.0   5.0 450.0                            LAT/LON1/LON2/DLON/H
   28   28   28   28   28   27   27   26   26   25   24   24   23   22   21   20
   19   18   17   17   16   15   15   15   15   15   15   15   15   15   16   16
   17   17   17   18   18   18   19   19   19   19   19   20   20   20   20   21
   21   22   22   23   23   23   23   22   22   22   23   23   23   23   24   24
   24   25   26   26   27   27   27   28   28
    82.5-180.0 180.0   5.0 450.0                            LAT/LON1/LON2/DLON/H
   27   28   28   29   28   28   28   27   26   25   24   23   22   20   18   16
   15   14   13   12   11   10   11   10   10   10   10   10   11   12   12   13
   14   14   15   16   17   17   17   18   18   18   18   18   18   18   18   18
   18   18   18   18   18   19   19   19   19   19   19   19   19   20   20   21
   22   22   23   24   25   25   26   26   27
    80.0-180.0 180.0   5.0 450.0                            LAT/LON1/LON2/DLON/H
   26   27   28   28   28   29   28   28   26   25   24   22   20   18   16   14
   12   10    9    8    8    7    8    8    7    7    7    8    8    9   10   10
   11   12   13   14   15   16   16   16   16   16   16   16   16   16   16   16
   16   16   16   16   16   16   16   15   15   15   15   15   15   15   16   16
   17   18   19   20   21   22   24   25   26
    77.5-180.0 180.0   5.0 450.0                            LAT/LON1/LON2/DLON/H
   23   24   25   26   27   27   27   27   26   25   23   21   19   17   15   13
   11    9    8    7    6    6    6    6    6    6    6    7    8    9   10   10
   11   11   12   13   14   14   15   15   15   15   15   16   16   16   16   16
   16   16   16   15   15   15   14   14   13   13   13   12   12   12   12   12
   12   13   14   15   17   18   20   21   23
    75.0-180.0 180.0   5.0 450.0                            LAT/LON1/LON2/DLON/H
   18   21   22   24   24   25   26   26   25   24   23   22   20   18   16   14
   11    9    7    7    6    6    6    5    6    6    6    7    8    9   11   12
   12   12   12   12   13   13   14   14   14   15   16   16   16   17   17   17
   18   18   18   17   17   16   15   14   14   13   12   12   11   10   10   10
   10   10   10   10   11   13   14   16   18
    72.5-180.0 180.0   5.0 450.0                            LAT/LON1/LON2/DLON/H
   15   17   19   20   22   23   23   24   24   23   22   21   19   17   15   13
   12   11   10    9    8    8    8    8    8    7    8    8    9   10   11   12
   13   12   12   12   12   13   13   14   14   15   16   17   18   20   20   22
   23   23   23   22   21   20   19   18   17   16   15   14   13   12   10   10
    9    8    8    8    9    9   11   13   15
    70.0-180.0 180.0   5.0 450.0                            LAT/LON1/LON2/DLON/H
   13   15   16   18   19   21   21   22   22   21   21   19   18   16   15   15
   13   13   12   12   12   12   12   11   11   11   11   11   11   11   11   11
   12   13   12   12   12   13   13   14   15   17   19   20   22   24   26   28
   29   29   30   29   28   27   25   24   22   21   20   19   18   16   14   12
   11    9    8    8    8    8    9   10   13
    67.5-180.0 180.0   5.0 450.0                            LAT/LON1/LON2/DLON/H
   12   14   15   17   17   18   19   19   19   19   19   18   17   16   16   15
   15   15   15   15   15   16   15   14   13   14   13   13   13   12   12   11
   12   12   12   12   12   13   15   16   17   19   21   24   28   30   33   35
   37   37   38   37   36   34   32   30   28   27   26   25   24   23   20   18
   15   12   10    9    8    9    9   11   12
    65.0-180.0 180.0   5.0 450.0                            LAT/LON1/LON2/DLON/H
   13   15   16   16   16   16   16   17   16   17   17   16   16   16   15   15
   16   16   16   17   17   17   16   15   14   14   14   14   14   13   12   12
   12   13   13   13   13   15   16   18   21   23   26   30   33   37   40   43
   45   46   47   45   43   41   39   37   35   33   32   32   31   30   27   24
   21   18   15   13   11   11   11   13   13
    62.5-180.0 180.0   5.0 450.0                            LAT/LON1/LON2/DLON/H
   16   17   17   17   16   16   15   14   15   15   16   16   16   15   15   15
   16   16   17   18   17   16   16   15   14   14   14   15   15   14   14   13
   13   13   14   15   16   18   20   22   25   29   32   36   40   44   47   50
   52   53   54   52   50   47   45   42   40   39   38   38   37   35   33   30
   27   24   20   17   15   14   15   15   16
    60.0-180.0 180.0   5.0 450.0                            LAT/LON1/LON2/DLON/H
   19   20   20   19   18   16   15   14   14   15   15   16   16   15   15   15
   16   16   16   17   16   15   15   14   14   14   14   16   18   17   16   16
   15   15   16   18   20   21   24   27   31   35   39   43   46   50   54   56
   59   60   59   58   55   52   49   47   45   43   43   42   41   40   38   34
   32   29   25   21   19   18   18   19   19
    57.5-180.0 180.0   5.0 450.0                            LAT/LON1/LON2/DLON/H
   23   23   23   22   20   18   17   16   15   16   17   16   16   15   15   15
   15   16   16   16   15   15   14   13   15   16   15   16   19   19   19   19
   19   19   21   22   24   26   29   33   37   41   46   49   53   56   58   62
   63   65   64   63   60   56   53   51   48   46   45   45   44   43   41   39
   36   33   29   26   23   22   22   22   23
    55.0-180.0 180.0   5.0 450.0                            LAT/LON1/LON2/DLON/H
   27   27   27   26   24   23   21   20   19   19   19   19   18   17   16   15
   15   15   16   16   15   14   14   14   16   17   18   20   22   24   24   24
   24   24   26   28   29   32   35   39   44   48   53   56   59   61   64   66
   68   69   68   67   64   61   58   54   52   50   48   47   47   45   44   41
   39   36   33   30   27   26   26   26   27
    52.5-180.0 180.0   5.0 450.0                            LAT/LON1/LON2/DLON/H
   31   31   32   31   30   29   27   26   25   25   24   24   22   20   18   18
   17   17   18   17   16   16   16   18   19   21   23   25   28   30   30   30
   30   30   32   33   36   38   41   45   50   55   60   64   66   67   69   71
   72   73   73   71   69   66   63   60   57   55   53   50   49   48   46   43
   42   39   37   34   32   30   30   30   31
    50.0-180.0 180.0   5.0 450.0                            LAT/LON1/LON2/DLON/H
   34   36   37   37   37   36   35   35   34   33   31   29   28   25   23   22
   21   22   23   23   22   22   23   25   27   29   30   34   36   37   36   36
   36   37   38   40   42   45   48   52   56   62   68   72   74   75   76   76
   76   77   76   75   75   73   70   68   64   60   57   54   52   50   47   45
   44   42   40   37   35   34   33   34   34
    47.5-180.0 180.0   5.0 450.0                            LAT/LON1/LON2/DLON/H
   38   40   41   42   43   44   44   44   44   42   40   37   35   32   30   29
   28   30   31   32   32   34   35   37   38   39   41   44   45   44   43   43
   42   43   45   47   49   52   54   57   63   69   75   79   83   83   83   82
   81   80   80   81   81   80   78   75   71   66   63   59   55   52   49   47
   46   44   42   41   39   37   37   37   38
    45.0-180.0 180.0   5.0 450.0                            LAT/LON1/LON2/DLON/H
   41   43   45   47   49   51   52   53   52   51   49   46   43   40   38   37
   38   40   42   44   46   47   49   50   51   51   51   53   53   51   49   49
   49   50   52   55   57   59   61   64   69   75   81   87   90   92   91   90
   87   85   85   86   87   87   86   82   77   73   68   64   60   57   53   51
   49   47   46   44   43   41   40   41   41
    42.5-180.0 180.0   5.0 450.0                            LAT/LON1/LON2/DLON/H
   44   45   47   51   54   57   59   60   59   59   56   53   51   49   48   48
   49   51   54   58   61   62   64   64   63   61   59   59   58   56   55   54
   54   57   60   62   64   66   67   69   73   79   86   93   98  100  100   98
   94   91   90   91   93   94   93   89   85   80   75   71   66   62   59   56
   54   52   50   48   47   45   44   44   44
    40.0-180.0 180.0   5.0 450.0                            LAT/LON1/LON2/DLON/H
   46   47   49   52   56   59   62   64   65   64   63   61   59   58   58   58
   59   62   66   71   74   76   76   74   72   69   66   63   62   60   59   58
   59   62   66   69   71   72   73   74   78   83   91   98  104  108  108  106
  102   98   95   95   97   98   98   96   92   87   82   78   73   69   65   61
   58   56   54   52   50   49   48   47   46
    37.5-180.0 180.0   5.0 450.0                            LAT/LON1/LON2/DLON/H
   48   49   49   52   55   59   63   66   67   68   68   67   66   66   66   67
   68   72   76   81   85   87   86   82   78   73   69   66   65   63   62   62
   64   67   72   75   77   78   79   80   83   88   94  102  109  114  115  112
  108  104  101   99   99  100  101  101   98   94   90   84   80   75   70   67
   63   59   57   54   53   51   51   49   48
    35.0-180.0 180.0   5.0 450.0                            LAT/LON1/LON2/DLON/H
   51   50   50   51   53   56   61   64   67   69   70   70   71   73   73   74
   76   79   82   87   92   93   91   86   81   74   69   67   65   63   62   64
   66   70   75   79   82   83   84   85   88   92   98  105  113  119  121  119
  115  111  107  103  103  104  104  105  104  100   95   90   86   81   76   72
   67   63   59   57   54   53   53   51   51
    32.5-180.0 180.0   5.0 450.0                            LAT/LON1/LON2/DLON/H
   52   51   49   49   50   53   57   61   65   68   70   72   74   77   78   80
   81   83   85   89   92   93   90   85   79   71   67   65   63   62   62   65
   67   72   77   82   86   89   90   92   94   97  102  108  116  122  126  126
  123  119  114  110  109  110  111  112  110  107  102   96   91   87   82   77
   71   66   61   58   55   55   54   53   52
    30.0-180.0 180.0   5.0 450.0                            LAT/LON1/LON2/DLON/H
   54   52   50   48   47   49   53   57   61   65   68   71   75   79   80   82
   83   84   85   87   88   88   85   80   74   68   64   61   61   61   63   65
   68   72   79   84   89   93   96   99  101  104  107  112  118  125  132  135
  133  129  124  120  120  120  122  121  118  115  109  103   98   93   87   81
   75   68   63   58   55   55   55   55   54
    27.5-180.0 180.0   5.0 450.0                            LAT/LON1/LON2/DLON/H
   57   55   51   49   47   47   48   52   56   61   65   69   72   77   80   82
   83   83   83   83   83   81   79   74   69   63   60   58   59   60   63   65
   67   72   79   85   92   97  102  107  111  113  116  118  124  131  139  144
  143  142  139  134  133  133  135  133  129  123  117  110  105   99   94   88
   80   72   65   59   55   55   56   57   57
    25.0-180.0 180.0   5.0 450.0                            LAT/LON1/LON2/DLON/H
   59   58   55   51   48   47   47   50   53   57   61   65   69   73   76   79
   80   79   79   77   76   75   72   69   64   60   57   56   57   59   61   63
   65   70   77   85   92  100  109  118  123  126  127  129  134  140  147  153
  155  155  152  149  148  148  148  145  140  134  126  119  112  107  101   95
   86   76   68   61   56   54   56   58   59
    22.5-180.0 180.0   5.0 450.0                            LAT/LON1/LON2/DLON/H
   60   60   58   54   51   49   48   50   52   55   58   61   64   68   70   72
   74   73   73   72   71   69   67   65   61   58   55   55   54   55   58   60
   63   68   76   85   94  104  116  129  137  140  140  142  147  152  158  163
  167  168  168  165  164  163  163  159  154  145  137  128  121  115  109  103
   94   83   72   64   57   55   56   58   60
    20.0-180.0 180.0   5.0 450.0                            LAT/LON1/LON2/DLON/H
   61   62   60   57   53   52   51   51   53   54   56   58   60   63   64   65
   68   69   69   68   67   66   64   62   59   57   55   53   52   51   53   57
   61   68   77   88   98  110  125  140  151  155  155  157  162  167  171  174
  179  182  182  182  180  179  178  174  166  158  149  139  131  124  118  113
  105   93   81   69   61   57   57   59   61
    17.5-180.0 180.0   5.0 450.0                            LAT/LON1/LON2/DLON/H
   62   63   62   60   56   54   53   53   54   55   56   56   57   58   59   60
   62   65   66   66   65   64   63   61   59   57   54   52   49   48   51   55
   62   71   80   92  104  117  133  149  162  169  171  173  175  179  183  187
  190  193  195  196  196  195  194  189  181  173  162  153  144  137  130  124
  117  106   92   78   68   61   60   61   62
    15.0-180.0 180.0   5.0 450.0                            LAT/LON1/LON2/DLON/H
   64   64   64   62   59   57   55   55   56   57   57   56   56   56   56   56
   59   62   65   65   65   64   63   61   59   56   53   50   47   46   50   56
   64   75   85   97  110  124  141  159  172  181  184  185  187  189  191  194
  197  201  205  209  210  210  209  203  194  186  176  166  157  150  143  138
  130  119  105   89   76   67   64   64   64
    12.5-180.0 180.0   5.0 450.0                            LAT/LON1/LON2/DLON/H
   66   66   65   63   60   58   57   56   57   58   58   57   56   55   54   54
   57   60   63   65   66   65   64   62   59   56   52   48   45   45   50   57
   67   78   90  102  115  129  146  164  180  190  194  195  196  196  196  198
  201  206  213  218  220  221  218  212  205  196  187  179  169  162  157  151
  144  133  118  102   86   74   69   66   66
    10.0-180.0 180.0   5.0 450.0                            LAT/LON1/LON2/DLON/H
   68   66   65   63   60   58   57   57   58   59   59   59   58   57   55   55
   57   60   63   66   67   66   64   61   59   55   50   46   44   45   49   58
   70   82   95  107  120  133  149  167  183  195  200  202  202  200  198  198
  202  208  216  221  225  226  225  219  211  203  195  188  181  174  169  164
  156  146  130  112   95   82   74   70   68
     7.5-180.0 180.0   5.0 450.0                            LAT/LON1/LON2/DLON/H
   70   67   64   62   59   57   56   57   59   59   60   60   59   59   58   58
   59   61   63   65   67   66   64   61   58   52   47   43   42   44   51   62
   75   87  100  111  122  135  148  164  181  195  203  206  206  203  200  199
  202  208  216  223  228  230  228  225  218  211  203  197  190  184  179  175
  166  155  138  120  101   88   79   74   70
     5.0-180.0 180.0   5.0 450.0                            LAT/LON1/LON2/DLON/H
   73   68   64   60   56   54   54   55   58   59   59   60   61   62   61   61
   62   63   64   65   65   65   64   60   56   50   45   42   42   45   53   65
   79   91  102  111  121  131  141  156  174  190  200  206  209  208  204  202
  204  209  217  225  230  233  233  232  227  219  212  206  200  194  190  184
  174  161  144  124  105   91   82   77   73
     2.5-180.0 180.0   5.0 450.0                            LAT/LON1/LON2/DLON/H
   76   71   65   59   55   52   52   53   55   57   58   59   60   62   63   63
   62   62   64   65   64   64   62   60   55   50   46   44   44   48   57   69
   81   92  101  108  116  124  132  147  165  183  196  206  213  215  213  210
  209  212  219  227  234  237  241  241  236  229  221  215  209  203  198  191
  180  164  145  124  105   92   85   80   76
