DORISInput/IGSGIM/2019/igsg3640.19i
     1.0            IONOSPHERE MAPS     MIX                 IONEX VERSION / TYPE
cmpcmb v1.2          GRL/UWM            16-jan-20 12:50     PGM / RUN BY / DATE 
ionex file containing IGS COMBINED Ionosphere maps          COMMENT             
global ionosphere maps for day 364, 2019                    DESCRIPTION         
IONEX file containing the COMBINED IGS TEC MAPS and DCBs    DESCRIPTION         
      IONEX files of the following IAACs were combined: cod DESCRIPTION         
                                                        esa DESCRIPTION         
                                                        jpl DESCRIPTION         
                                                        upc DESCRIPTION         
Contact address: Andrzej Krankowski                         DESCRIPTION
                 Geodynamics Research Laboratory            DESCRIPTION
                 University of Warmia and Mazury (GRL/UWM)  DESCRIPTION
                 Oczapowski St. 1                           DESCRIPTION
                 10-957-Olsztyn, POLAND                     DESCRIPTION
                 e-mail:  kand@uwm.edu.pl                   DESCRIPTION
                                                            DESCRIPTION         
  2019    12    30     0     0     0                        EPOCH OF FIRST MAP  
  2019    12    31     0     0     0                        EPOCH OF LAST MAP   
  7200                                                      INTERVAL            
    13                                                      # OF MAPS IN FILE   
  COSZ                                                      MAPPING FUNCTION    
     0.0                                                    ELEVATION CUTOFF    
combined TEC calculated as weighted mean of input TEC valuesOBSERVABLES USED    
   392                                                      # OF STATIONS       
    32                                                      # OF SATELLITES     
  6371.0                                                    BASE RADIUS         
     2                                                      MAP DIMENSION       
   450.0 450.0   0.0                                        HGT1 / HGT2 / DHGT  
    87.5 -87.5  -2.5                                        LAT1 / LAT2 / DLAT  
  -180.0 180.0   5.0                                        LON1 / LON2 / DLON  
    -1                                                      EXPONENT            
TEC values in 0.1 tec units;  9999, if no value available   COMMENT             
DCB values in nanoseconds, reference is Sum_of_SatDCBs = 0  COMMENT             
                                                            END OF HEADER       
     1                                                      START OF TEC MAP    
  2019    12    30     0     0     0                        EPOCH OF CURRENT MAP
    87.5-180.0 180.0   5.0 450.0                            LAT/LON1/LON2/DLON/H
   12   12   12   12   12   12   12   12   12   12   12   12   12   12   12   12
   12   11   11   11   11   11   11   11   11   10   10   10   10   10   10   11
   11   11   11   11   11   11   11   11   11   12   12   12   12   12   12   13
   13   13   13   13   13   13   13   13   13   13   13   13   13   13   13   13
   13   13   13   13   13   12   12   12   12
    85.0-180.0 180.0   5.0 450.0                            LAT/LON1/LON2/DLON/H
   13   12   13   14   14   14   14   14   15   15   15   15   15   15   15   14
   14   14   13   13   12   11   10   10    9    9    9    9    9    9    9    9
   10   10   10   10   11   11   11   11   12   12   12   13   13   13   13   13
   14   14   14   14   14   14   14   14   13   14   14   14   13   13   13   13
   13   13   13   13   13   13   13   13   13
    82.5-180.0 180.0   5.0 450.0                            LAT/LON1/LON2/DLON/H
   14   14   14   15   15   16   16   17   18   18   18   19   19   19   19   18
   18   17   16   15   14   13   12   10    9    9    9   10   10   10   10   10
   10   10   10   10   11   11   11   12   12   13   13   14   14   15   14   15
   15   15   15   15   15   15   15   14   14   14   14   14   13   13   13   13
   13   13   13   13   13   13   13   14   14
    80.0-180.0 180.0   5.0 450.0                            LAT/LON1/LON2/DLON/H
   12   13   14   15   16   17   18   19   20   21   22   22   22   22   22   22
   21   21   20   18   17   16   13   12   10   10   10   10   10    9    9    9
    9    9    9    9   10   11   12   12   13   13   14   15   16   17   17   17
   17   17   17   17   16   15   15   14   14   13   13   13   12   12   12   11
   11   11   12   12   12   12   12   12   12
    77.5-180.0 180.0   5.0 450.0                            LAT/LON1/LON2/DLON/H
   12   13   14   15   17   17   19   20   21   22   23   23   24   24   24   25
   24   23   23   22   20   18   17   16   13   11   10   10   10   10    9    8
    8    8    8    9    9   10   10   11   13   15   15   16   17   17   18   18
   18   17   17   17   16   15   14   13   12   11   11   10    9    9   10   10
   10   10   10   10   11   11   11   11   12
    75.0-180.0 180.0   5.0 450.0                            LAT/LON1/LON2/DLON/H
   14   15   17   17   18   18   19   20   21   22   23   24   25   25   26   26
   27   27   25   24   23   22   20   18   16   13   11   10    9   10   11   10
    9    8    9    8    8    9   10   11   13   14   16   16   17   17   17   17
   17   16   16   15   15   14   13   12   11   10    9    8    8    8    8    9
    9    9    9   10   10   11   12   13   14
    72.5-180.0 180.0   5.0 450.0                            LAT/LON1/LON2/DLON/H
   19   20   20   20   20   19   20   20   21   21   22   23   23   23   24   25
   26   25   26   26   25   23   22   21   19   16   14   12   11   11   10   11
   11   10   10   10   10   10   11   12   13   14   14   15   15   16   16   16
   16   15   15   14   14   13   13   12   11   10    9    8    8    8    8    9
    9   10   11   13   13   15   17   18   19
    70.0-180.0 180.0   5.0 450.0                            LAT/LON1/LON2/DLON/H
   25   26   25   24   23   22   22   21   21   20   21   21   21   21   22   22
   23   24   25   25   26   25   24   23   21   19   16   14   13   13   13   13
   13   12   12   12   11   11   11   11   12   13   13   13   14   14   15   14
   14   14   13   13   13   13   14   13   12   11   10   10   10   10   10   11
   12   14   15   18   20   22   24   25   25
    67.5-180.0 180.0   5.0 450.0                            LAT/LON1/LON2/DLON/H
   33   33   32   31   29   27   25   23   22   21   21   19   19   19   19   18
   19   20   21   23   24   24   24   24   23   20   17   15   14   15   15   15
   15   15   14   13   12   11   11   11   12   12   13   13   13   13   13   13
   13   12   12   13   14   15   15   16   15   15   14   14   13   13   14   15
   17   19   22   25   27   30   31   33   33
    65.0-180.0 180.0   5.0 450.0                            LAT/LON1/LON2/DLON/H
   41   41   40   38   35   33   30   27   25   24   22   20   19   18   16   15
   15   16   17   19   21   21   22   22   21   20   17   16   14   14   15   15
   15   15   15   14   13   13   12   13   13   14   15   15   16   15   15   14
   14   14   15   17   18   19   19   19   18   18   18   17   16   16   18   20
   22   25   28   30   33   37   38   40   41
    62.5-180.0 180.0   5.0 450.0                            LAT/LON1/LON2/DLON/H
   47   47   47   45   42   40   36   33   30   27   25   23   21   19   17   15
   13   13   14   15   17   18   19   19   18   17   16   15   14   14   15   15
   15   16   16   16   15   15   15   16   18   19   21   22   22   21   21   20
   20   21   21   22   23   23   23   22   21   20   20   20   21   22   23   26
   28   30   33   35   38   42   44   47   47
    60.0-180.0 180.0   5.0 450.0                            LAT/LON1/LON2/DLON/H
   51   52   52   51   49   46   42   39   35   32   29   27   24   22   19   17
   14   13   12   12   13   14   15   15   15   15   15   14   14   14   14   15
   15   17   18   19   19   19   21   23   25   27   29   30   31   30   29   28
   28   29   29   29   29   29   28   26   25   24   24   24   26   27   29   31
   33   35   37   39   42   45   48   50   51
    57.5-180.0 180.0   5.0 450.0                            LAT/LON1/LON2/DLON/H
   54   55   56   56   55   53   49   45   41   37   34   31   28   26   24   20
   18   15   13   13   13   13   13   13   13   13   13   14   14   14   14   15
   18   20   22   23   23   25   28   31   35   38   41   42   41   40   39   39
   39   38   38   37   35   34   32   30   29   28   27   28   30   32   34   36
   38   40   41   43   45   47   49   52   54
    55.0-180.0 180.0   5.0 450.0                            LAT/LON1/LON2/DLON/H
   55   58   59   60   60   59   56   52   47   43   39   36   33   31   29   26
   22   19   16   14   14   12   13   13   13   13   14   14   15   15   15   18
   21   24   27   30   31   34   37   41   45   49   52   53   53   52   51   50
   50   49   47   45   42   39   36   33   33   31   31   32   34   36   40   43
   44   45   46   47   48   49   51   53   55
    52.5-180.0 180.0   5.0 450.0                            LAT/LON1/LON2/DLON/H
   57   60   62   64   65   64   62   58   53   48   44   40   38   36   34   31
   28   24   20   17   16   14   14   15   15   16   17   18   18   18   20   24
   28   30   33   36   38   41   45   50   54   59   62   63   64   62   61   60
   60   57   53   50   47   43   39   36   34   34   34   35   38   41   44   48
   50   51   51   52   52   52   54   55   57
    50.0-180.0 180.0   5.0 450.0                            LAT/LON1/LON2/DLON/H
   61   63   65   68   70   69   68   64   59   54   48   45   42   40   38   36
   33   29   25   22   20   19   18   19   20   22   23   25   26   27   28   31
   34   36   39   42   44   48   53   57   62   66   69   71   71   69   67   66
   66   63   58   53   48   44   40   38   36   35   36   38   41   45   49   53
   55   57   57   57   58   57   58   60   61
    47.5-180.0 180.0   5.0 450.0                            LAT/LON1/LON2/DLON/H
   67   68   70   72   74   75   74   70   65   59   54   50   47   44   42   40
   38   34   31   28   27   26   26   28   30   33   35   37   37   38   38   38
   40   42   45   48   50   54   58   62   67   71   74   75   75   74   72   70
   69   65   60   55   50   46   41   39   38   38   40   43   47   50   54   58
   61   63   64   65   65   64   65   66   67
    45.0-180.0 180.0   5.0 450.0                            LAT/LON1/LON2/DLON/H
   74   74   75   76   78   79   79   75   71   66   60   55   52   49   46   44
   41   40   37   35   34   35   37   39   43   47   49   51   50   48   47   46
   46   47   50   52   55   58   61   66   70   74   76   77   77   75   74   73
   71   67   63   58   53   48   44   42   42   43   45   48   52   56   59   63
   66   69   70   71   72   72   72   73   74
    42.5-180.0 180.0   5.0 450.0                            LAT/LON1/LON2/DLON/H
   80   79   78   79   79   81   81   78   76   72   67   62   57   53   50   47
   46   44   42   42   43   45   48   53   57   62   64   64   61   57   54   52
   51   52   54   56   57   60   63   66   70   73   76   77   76   77   76   76
   73   70   65   60   55   50   46   45   45   48   51   54   58   62   64   67
   71   74   76   78   80   80   81   81   80
    40.0-180.0 180.0   5.0 450.0                            LAT/LON1/LON2/DLON/H
   86   83   81   80   79   80   80   80   79   77   74   70   64   59   55   51
   49   49   48   48   50   54   59   64   69   73   75   73   68   64   60   56
   55   55   56   57   59   61   64   67   70   73   76   77   77   78   78   77
   75   71   67   62   56   51   49   48   49   52   57   61   65   67   69   72
   75   78   81   84   86   88   88   88   86
    37.5-180.0 180.0   5.0 450.0                            LAT/LON1/LON2/DLON/H
   90   87   83   80   78   79   79   80   81   82   81   78   73   67   61   56
   54   53   53   54   57   62   68   73   78   80   80   77   71   67   63   59
   57   56   57   58   60   62   65   67   70   73   75   77   77   78   78   76
   74   70   66   62   57   53   51   51   53   57   62   66   70   72   74   77
   79   82   86   89   92   94   95   94   90
    35.0-180.0 180.0   5.0 450.0                            LAT/LON1/LON2/DLON/H
   94   89   84   81   78   78   78   79   82   84   86   85   81   75   69   64
   60   58   58   60   63   67   73   78   81   81   80   76   71   67   63   59
   57   57   58   60   61   63   65   67   70   73   75   77   77   78   78   75
   72   68   65   61   57   54   52   52   55   59   66   71   75   77   78   80
   83   86   91   95   98   99  100   99   94
    32.5-180.0 180.0   5.0 450.0                            LAT/LON1/LON2/DLON/H
   98   92   88   84   81   79   78   79   81   85   88   90   89   84   78   71
   66   63   62   63   66   70   74   77   77   77   75   73   69   65   61   59
   58   58   59   61   62   64   65   67   70   73   76   76   76   75   74   71
   68   65   62   59   56   54   52   52   55   61   68   74   78   80   82   84
   87   91   95  100  103  105  107  104   98
    30.0-180.0 180.0   5.0 450.0                            LAT/LON1/LON2/DLON/H
  106  100   96   91   88   85   84   83   83   85   90   93   93   91   85   78
   72   68   65   65   66   68   70   71   70   69   68   67   66   63   61   59
   59   59   61   62   64   63   64   66   69   73   74   74   73   71   68   65
   63   61   58   56   54   52   51   51   55   61   69   75   80   84   87   89
   93   96  101  106  110  114  115  112  106
    27.5-180.0 180.0   5.0 450.0                            LAT/LON1/LON2/DLON/H
  118  115  113  109  105  100   95   91   88   87   90   93   95   94   90   85
   78   73   68   66   65   64   64   63   62   62   61   63   64   63   62   61
   61   61   62   63   63   63   63   64   67   70   70   68   67   64   61   59
   56   54   53   51   50   48   47   48   52   61   69   75   81   87   92   96
  100  104  109  114  120  126  127  124  118
    25.0-180.0 180.0   5.0 450.0                            LAT/LON1/LON2/DLON/H
  137  137  139  137  132  125  116  106   98   92   91   92   95   96   93   88
   82   76   70   65   62   60   58   57   57   57   59   61   64   65   64   63
   63   63   63   62   62   61   61   62   65   66   64   62   59   56   53   51
   48   46   45   45   43   42   41   44   50   60   69   77   83   91   98  104
  110  114  121  126  134  141  143  141  137
    22.5-180.0 180.0   5.0 450.0                            LAT/LON1/LON2/DLON/H
  161  163  171  176  171  161  146  131  116  104   97   94   95   95   93   90
   84   77   70   65   61   57   55   55   55   57   61   64   67   68   68   68
   66   65   63   62   61   59   58   59   60   60   57   53   50   48   45   43
   40   39   39   39   39   37   38   41   49   59   70   79   87   95  105  114
  122  128  134  140  151  158  163  164  161
    20.0-180.0 180.0   5.0 450.0                            LAT/LON1/LON2/DLON/H
  188  195  206  215  212  202  186  169  145  125  108  101   98   97   95   91
   84   77   71   65   60   57   55   57   59   63   69   71   72   72   72   71
   68   65   62   60   59   56   54   54   54   53   50   45   41   39   37   36
   35   35   36   37   37   35   36   40   50   61   72   82   91  102  113  125
  135  142  148  157  168  176  184  188  188
    17.5-180.0 180.0   5.0 450.0                            LAT/LON1/LON2/DLON/H
  214  225  239  250  250  242  227  212  183  152  127  112  106  103   99   94
   87   80   73   66   61   59   60   63   68   75   80   81   79   76   75   73
   69   65   61   59   57   53   50   49   47   46   43   39   35   33   33   32
   33   34   35   36   36   34   33   40   53   66   77   87   97  110  123  137
  148  157  163  172  182  190  200  208  214
    15.0-180.0 180.0   5.0 450.0                            LAT/LON1/LON2/DLON/H
  229  244  261  276  279  272  263  251  224  185  152  130  119  113  107  101
   93   86   77   70   66   64   67   74   80   88   91   89   84   79   77   73
   69   64   59   55   53   50   47   45   43   41   39   35   32   30   32   33
   34   34   35   36   34   33   33   42   57   71   83   94  106  119  134  149
  159  168  173  181  191  199  210  219  229
    12.5-180.0 180.0   5.0 450.0                            LAT/LON1/LON2/DLON/H
  232  247  266  285  292  289  286  278  256  215  181  152  135  127  120  111
  102   94   86   79   74   74   78   86   94   99  100   95   86   79   76   72
   67   61   55   51   50   48   45   43   41   40   38   35   32   32   34   36
   35   35   35   35   34   32   35   45   61   76   88  100  112  127  143  157
  167  175  180  186  194  203  212  222  232
    10.0-180.0 180.0   5.0 450.0                            LAT/LON1/LON2/DLON/H
  227  240  257  276  284  287  290  289  273  239  200  175  156  144  136  126
  116  107   99   91   86   85   90   98  105  107  103   93   83   75   72   69
   65   59   54   51   50   49   47   44   43   41   39   37   35   35   37   37
   36   36   36   35   33   33   37   50   66   81   92  103  115  130  147  161
  172  179  184  187  193  201  209  218  227
     7.5-180.0 180.0   5.0 450.0                            LAT/LON1/LON2/DLON/H
  220  232  245  256  263  269  277  282  273  248  214  192  175  163  154  143
  133  123  114  106  100   98  102  109  113  109  100   89   77   70   68   67
   66   62   57   55   55   53   51   49   47   45   43   39   37   38   39   38
   38   37   37   36   34   34   40   55   71   85   94  103  116  131  147  161
  172  178  183  186  190  197  205  212  220
     5.0-180.0 180.0   5.0 450.0                            LAT/LON1/LON2/DLON/H
  213  223  232  237  240  244  253  261  258  242  218  200  187  179  171  161
  150  140  131  122  114  110  111  116  119  108   96   84   73   67   67   69
   70   68   63   62   62   61   58   55   52   50   47   43   41   40   40   41
   40   38   38   37   36   38   45   59   75   87   94  102  115  130  145  158
  168  175  179  182  186  192  199  206  213
     2.5-180.0 180.0   5.0 450.0                            LAT/LON1/LON2/DLON/H
  207  216  222  224  223  224  230  238  239  229  213  200  192  188  184  176
  166  158  147  137  127  122  119  119  118  107   93   81   71   68   71   77
   80   78   74   73   72   70   66   61   58   55   51   47   43   42   42   43
   43   41   39   38   38   42   50   63   77   87   92   99  112  128  142  154
  164  170  175  178  182  189  196  201  207
