DORISInput/IGSGIM/2019/igsg3420.19i
     1.0            IONOSPHERE MAPS     MIX                 IONEX VERSION / TYPE
cmpcmb v1.2          GRL/UWM            27-dec-19 12:14     PGM / RUN BY / DATE 
ionex file containing IGS COMBINED Ionosphere maps          COMMENT             
global ionosphere maps for day 342, 2019                    DESCRIPTION         
IONEX file containing the COMBINED IGS TEC MAPS and DCBs    DESCRIPTION         
      IONEX files of the following IAACs were combined: cod DESCRIPTION         
                                                        esa DESCRIPTION         
                                                        jpl DESCRIPTION         
                                                        upc DESCRIPTION         
Contact address: Andrzej Krankowski                         DESCRIPTION
                 Geodynamics Research Laboratory            DESCRIPTION
                 University of Warmia and Mazury (GRL/UWM)  DESCRIPTION
                 Oczapowski St. 1                           DESCRIPTION
                 10-957-Olsztyn, POLAND                     DESCRIPTION
                 e-mail:  kand@uwm.edu.pl                   DESCRIPTION
                                                            DESCRIPTION         
  2019    12     8     0     0     0                        EPOCH OF FIRST MAP  
  2019    12     9     0     0     0                        EPOCH OF LAST MAP   
  7200                                                      INTERVAL            
    13                                                      # OF MAPS IN FILE   
  COSZ                                                      MAPPING FUNCTION    
     0.0                                                    ELEVATION CUTOFF    
combined TEC calculated as weighted mean of input TEC valuesOBSERVABLES USED    
   393                                                      # OF STATIONS       
    32                                                      # OF SATELLITES     
  6371.0                                                    BASE RADIUS         
     2                                                      MAP DIMENSION       
   450.0 450.0   0.0                                        HGT1 / HGT2 / DHGT  
    87.5 -87.5  -2.5                                        LAT1 / LAT2 / DLAT  
  -180.0 180.0   5.0                                        LON1 / LON2 / DLON  
    -1                                                      EXPONENT            
TEC values in 0.1 tec units;  9999, if no value available   COMMENT             
DCB values in nanoseconds, reference is Sum_of_SatDCBs = 0  COMMENT             
                                                            END OF HEADER       
[from data line 1287]
     4                                                      START OF TEC MAP    
  2019    12     8     6     0     0                        EPOCH OF CURRENT MAP
    87.5-180.0 180.0   5.0 450.0                            LAT/LON1/LON2/DLON/H
   20   21   21   20   20   20   20   20   20   20   19   19   18   18   18   18
   17   17   17   17   16   16   16   16   16   16   15   16   16   15   15   15
   15   15   16   16   16   16   16   16   16   17   17   17   17   17   17   17
   17   17   18   18   18   18   17   17   18   18   18   18   18   18   18   18
   19   19   19   19   20   20   20   20   20
    85.0-180.0 180.0   5.0 450.0                            LAT/LON1/LON2/DLON/H
   23   22   23   23   23   23   23   22   22   21   20   20   19   18   17   17
   16   15   14   13   13   12   12   12   12   12   12   12   12   12   12   12
   13   13   14   14   15   15   15   15   15   15   16   15   16   16   16   16
   16   15   15   15   15   15   15   15   15   16   16   16   16   17   17   17
   18   18   19   20   20   20   21   22   23
    82.5-180.0 180.0   5.0 450.0                            LAT/LON1/LON2/DLON/H
   22   23   23   24   23   24   23   23   22   21   20   19   18   17   15   14
   13   12   11   10   10    9    8    8    8    8    8    8    9   10   10   11
   12   12   13   13   13   14   14   14   14   15   14   14   14   14   14   14
   14   14   14   14   13   13   13   13   13   13   13   13   13   13   14   14
   15   15   16   17   18   19   20   21   22
    80.0-180.0 180.0   5.0 450.0                            LAT/LON1/LON2/DLON/H
   20   21   21   22   23   23   24   24   23   22   21   19   17   16   14   12
   10    9    8    8    7    7    7    5    6    6    7    8    9    9   10   10
   11   12   12   13   13   13   13   14   14   13   14   13   13   13   13   13
   13   13   13   13   13   12   12   12   12   11   11   11   11   11   11   11
   11   11   12   13   15   16   17   18   20
    77.5-180.0 180.0   5.0 450.0                            LAT/LON1/LON2/DLON/H
   17   17   18   19   21   22   22   22   22   20   19   17   16   14   12   11
    9    7    7    6    4    4    5    5    5    5    6    7    8    9    9   11
   11   13   13   13   13   13   13   13   12   12   12   12   12   12   12   12
   13   13   13   14   14   14   13   13   12   12   12   11   11   10    9    9
    9    9    9   10   12   13   14   15   17
    75.0-180.0 180.0   5.0 450.0                            LAT/LON1/LON2/DLON/H
   13   15   15   17   18   19   20   19   19   19   18   17   15   13   11    9
    8    7    6    6    5    5    5    5    5    6    6    7    8   10   12   13
   13   14   14   13   13   12   11   11   11   10   11   11   12   12   13   14
   14   15   16   16   17   17   17   17   17   16   16   15   14   13   11   11
   10    9    9    9   10   10   11   12   13
    72.5-180.0 180.0   5.0 450.0                            LAT/LON1/LON2/DLON/H
   12   12   13   14   15   16   16   16   16   16   15   14   13   12   11   10
    8    7    6    6    5    5    5    6    7    8    8   10   11   12   13   14
   14   14   14   13   12   11   10   10   10    9    9   10   11   12   14   15
   17   19   20   21   23   24   24   24   24   23   23   21   20   19   16   15
   13   12   11   10   10    9   10   11   12
    70.0-180.0 180.0   5.0 450.0                            LAT/LON1/LON2/DLON/H
   12   12   12   12   12   12   13   13   13   13   12   12   11   11   10    9
    8    7    7    7    6    7    8    9   10   11   12   13   14   15   15   14
   14   14   13   12   11   10    9    9    8    8    9   11   12   14   17   19
   22   23   26   28   29   31   32   33   33   32   31   30   28   26   23   21
   19   17   14   13   12   11   11   11   12
    67.5-180.0 180.0   5.0 450.0                            LAT/LON1/LON2/DLON/H
   13   13   13   12   12   12   11   11   11   11   11   10   10   10   10    9
    8    8    8    9    9   10   11   12   13   14   14   15   16   16   16   15
   14   12   12   11   10   10    9    8    8    9   10   12   15   18   21   24
   27   30   32   34   36   38   40   41   42   42   41   39   37   34   31   28
   25   23   20   18   16   15   14   13   13
    65.0-180.0 180.0   5.0 450.0                            LAT/LON1/LON2/DLON/H
   16   16   16   15   14   14   12   11   10   10   10   10   10   10   10    9
    8    8    9   10   11   12   12   14   15   15   16   16   16   15   15   15
   14   12   10   10   10    9    8    8    9   10   12   15   19   22   26   30
   33   36   39   41   42   44   46   48   48   48   48   46   44   42   39   36
   32   29   26   24   21   20   18   17   16
    62.5-180.0 180.0   5.0 450.0                            LAT/LON1/LON2/DLON/H
   21   20   20   20   18   17   16   14   12   11   10   10   10   10    9    9
    8    9    9   10   11   12   12   13   14   15   16   15   14   14   13   13
   12   11   10   10   10    9    9   10   11   13   16   19   23   28   32   36
   39   41   44   45   47   48   49   51   52   53   52   51   50   47   45   41
   38   35   32   30   27   25   23   21   21
    60.0-180.0 180.0   5.0 450.0                            LAT/LON1/LON2/DLON/H
   25   25   25   25   24   23   21   18   16   13   12   11   10   10    9    8
    9    9    9    9    9   10   11   12   13   13   14   15   14   14   13   12
   12   11   11   11   11   11   11   12   14   17   20   24   29   33   38   41
   44   47   48   49   50   50   51   52   53   55   54   55   54   51   49   46
   43   40   37   34   32   30   28   26   25
    57.5-180.0 180.0   5.0 450.0                            LAT/LON1/LON2/DLON/H
   29   30   30   31   30   29   27   24   20   18   15   13   11   10   10   10
   10   10    9    9    9   10   11   12   13   13   14   15   15   14   13   12
   12   12   12   13   14   14   14   16   19   22   26   31   35   40   43   47
   49   52   52   53   53   53   53   54   55   56   57   57   57   55   53   50
   48   45   42   39   36   33   32   30   29
    55.0-180.0 180.0   5.0 450.0                            LAT/LON1/LON2/DLON/H
   33   33   35   36   36   35   33   30   26   23   19   17   15   13   13   12
   12   12   11   10   10   10   11   12   14   15   16   17   17   17   16   15
   15   15   16   16   18   18   19   22   24   28   33   38   41   45   49   52
   55   56   57   57   57   57   56   56   57   58   59   59   59   59   57   55
   52   49   46   42   39   37   35   33   33
    52.5-180.0 180.0   5.0 450.0                            LAT/LON1/LON2/DLON/H
   35   37   39   41   42   41   40   37   33   29   25   22   20   18   17   16
   16   15   13   12   12   12   12   15   17   19   20   21   22   21   20   20
   19   20   20   21   22   23   25   27   31   35   40   44   48   52   55   57
   60   62   62   63   61   61   60   60   60   61   63   64   64   64   61   59
   55   52   48   44   42   39   37   35   35
    50.0-180.0 180.0   5.0 450.0                            LAT/LON1/LON2/DLON/H
   38   39   42   45   47   47   46   44   41   36   32   28   25   23   22   22
   21   20   19   17   17   17   18   21   25   28   29   29   29   27   26   24
   24   25   25   26   27   28   30   34   37   43   48   52   55   58   60   63
   65   67   68   68   66   66   65   64   64   66   68   69   69   69   66   63
   59   55   51   48   44   41   40   38   38
    47.5-180.0 180.0   5.0 450.0                            LAT/LON1/LON2/DLON/H
   41   42   45   48   51   52   51   50   47   43   38   34   31   29   28   29
   29   29   28   27   27   28   30   33   37   39   40   39   37   35   33   31
   30   30   31   32   33   34   36   39   45   50   55   59   61   63   65   68
   69   71   73   72   72   71   70   70   70   72   74   75   75   74   71   67
   63   59   54   50   47   44   42   41   41
    45.0-180.0 180.0   5.0 450.0                            LAT/LON1/LON2/DLON/H
   43   44   46   49   53   55   55   54   52   49   45   40   38   36   36   37
   39   40   41   41   41   43   46   49   52   54   53   51   47   43   40   38
   36   36   37   37   39   40   42   46   51   57   62   65   67   68   70   72
   74   75   77   77   77   77   76   76   77   79   80   80   80   78   76   72
   67   63   58   53   50   46   44   43   43
    42.5-180.0 180.0   5.0 450.0                            LAT/LON1/LON2/DLON/H
   45   45   47   50   53   56   58   58   56   54   50   46   45   43   44   46
   49   52   54   57   59   61   65   67   68   67   65   60   56   51   48   45
   43   43   42   43   44   45   47   51   58   64   69   72   73   74   75   76
   78   80   81   82   82   82   82   83   84   85   86   86   85   83   80   76
   72   67   62   57   53   49   47   46   45
    40.0-180.0 180.0   5.0 450.0                            LAT/LON1/LON2/DLON/H
   46   46   47   49   52   55   58   60   60   59   56   53   51   50   51   54
   58   63   68   73   77   80   82   83   82   79   74   69   63   58   55   52
   49   48   47   48   48   49   52   56   64   71   76   78   79   79   80   81
   82   84   84   85   86   87   87   88   90   91   92   91   89   87   84   81
   76   71   67   61   57   53   50   48   46
    37.5-180.0 180.0   5.0 450.0                            LAT/LON1/LON2/DLON/H
   48   47   46   47   50   54   57   60   63   63   62   60   58   58   59   61
   66   73   79   88   92   96   96   96   93   87   81   75   68   64   60   57
   54   53   52   51   51   52   56   62   70   78   82   85   85   85   85   86
   87   88   88   88   89   90   91   93   95   96   96   95   93   90   88   86
   82   77   72   66   61   57   53   50   48
    35.0-180.0 180.0   5.0 450.0                            LAT/LON1/LON2/DLON/H
   49   47   46   46   48   51   55   59   63   66   67   66   65   65   65   68
   73   81   88   98  103  105  106  104  100   93   85   78   72   66   62   59
   57   56   54   54   54   55   59   66   75   83   89   91   91   92   92   93
   92   92   92   92   92   93   95   97   99   99   99   98   96   94   93   91
   88   84   78   72   67   61   56   53   49
    32.5-180.0 180.0   5.0 450.0                            LAT/LON1/LON2/DLON/H
   51   49   47   47   48   50   53   57   62   66   69   70   70   70   71   74
   78   86   93  102  108  110  109  106  101   95   86   78   71   66   63   60
   58   56   55   54   54   57   61   70   80   89   94   97   98   99  100  101
  100   99   98   97   97   98  100  102  102  103  103  102  101  100   99   99
   97   94   89   82   74   67   61   56   51
    30.0-180.0 180.0   5.0 450.0                            LAT/LON1/LON2/DLON/H
   55   52   51   49   49   50   52   55   59   64   68   72   73   73   74   77
   80   87   93  102  107  108  107  103   97   90   82   73   69   66   63   61
   58   56   54   54   54   57   63   73   84   94  100  103  105  107  109  110
  109  108  107  106  105  106  107  107  107  108  108  108  108  108  109  110
  110  106  101   93   84   75   68   61   55
    27.5-180.0 180.0   5.0 450.0                            LAT/LON1/LON2/DLON/H
   62   59   57   54   53   52   53   54   57   62   66   70   72   74   75   77
   79   84   88   95   99  102   99   94   87   81   74   69   66   64   62   60
   57   54   53   52   53   56   65   76   89   99  106  109  113  117  121  123
  123  121  120  117  117  116  116  115  114  115  116  117  119  121  123  125
  125  122  116  106   95   85   76   68   62
    25.0-180.0 180.0   5.0 450.0                            LAT/LON1/LON2/DLON/H
   71   67   65   61   58   56   55   54   56   59   63   67   70   72   74   75
   76   79   82   86   89   91   88   83   76   72   68   65   63   62   61   58
   55   51   49   48   50   55   65   79   92  103  111  116  121  129  136  139
  139  138  135  132  130  129  127  124  123  125  128  131  134  138  141  143
  143  139  132  121  110   98   87   78   71
    22.5-180.0 180.0   5.0 450.0                            LAT/LON1/LON2/DLON/H
   80   75   71   68   64   59   57   55   56   58   61   64   68   70   71   72
   73   74   75   77   80   80   78   75   70   67   64   61   60   59   57   54
   51   47   45   44   47   54   65   80   95  107  116  123  131  141  150  155
  157  155  152  147  146  144  140  137  136  140  144  149  153  157  160  163
  163  158  149  138  125  112  100   89   80
    20.0-180.0 180.0   5.0 450.0                            LAT/LON1/LON2/DLON/H
   90   83   78   74   69   64   59   58   58   58   60   62   65   67   69   70
   70   70   70   71   72   72   72   70   66   64   62   59   58   55   53   50
   46   43   41   41   45   53   66   82   97  110  121  130  140  152  163  169
  173  172  168  164  163  161  157  154  153  157  164  169  175  179  181  182
  181  176  166  154  142  128  114  101   90
    17.5-180.0 180.0   5.0 450.0                            LAT/LON1/LON2/DLON/H
  101   92   85   79   74   68   63   61   60   60   59   61   63   66   67   68
   67   67   66   67   68   70   70   69   66   62   60   57   55   52   49   47
   44   41   39   40   45   54   68   85  101  114  126  137  149  162  174  182
  185  184  180  178  178  177  175  172  172  176  184  190  196  200  200  200
  196  189  180  170  156  142  129  113  101
    15.0-180.0 180.0   5.0 450.0                            LAT/LON1/LON2/DLON/H
  111  100   92   84   77   71   66   64   63   62   61   61   62   64   65   67
   67   66   65   65   68   71   72   70   66   62   58   55   52   50   47   45
   42   40   38   40   46   56   72   88  105  120  133  144  157  171  183  191
  194  193  191  191  191  190  190  189  190  195  203  210  214  217  216  213
  206  198  190  182  170  157  141  125  111
    12.5-180.0 180.0   5.0 450.0                            LAT/LON1/LON2/DLON/H
  122  109   98   89   80   73   68   66   66   66   64   63   63   64   65   66
   66   65   64   66   69   73   75   73   68   63   57   54   51   48   46   43
   41   39   38   42   48   59   75   91  107  123  137  150  163  177  189  196
  199  200  200  201  202  203  203  203  204  209  216  223  227  228  226  221
  212  204  197  190  180  167  153  136  122
    10.0-180.0 180.0   5.0 450.0                            LAT/LON1/LON2/DLON/H
  131  116  104   92   82   74   70   68   69   69   68   66   66   65   65   65
   65   65   65   67   71   76   78   76   71   64   59   53   50   46   44   42
   41   39   40   43   51   63   78   94  111  126  141  155  169  182  192  199
  202  204  205  207  209  209  210  211  213  217  222  229  234  233  230  223
  215  208  202  196  187  175  162  146  131
     7.5-180.0 180.0   5.0 450.0                            LAT/LON1/LON2/DLON/H
  139  124  109   95   84   76   72   71   71   72   71   70   68   66   65   65
   66   66   67   71   75   79   82   80   74   66   59   53   48   45   43   42
   41   41   41   45   54   67   82   97  112  127  143  158  173  185  195  201
  204  207  209  211  213  212  213  214  215  219  223  229  234  235  231  224
  218  212  207  200  193  182  169  154  139
     5.0-180.0 180.0   5.0 450.0                            LAT/LON1/LON2/DLON/H
  146  129  114   98   86   78   74   72   73   73   72   71   70   68   67   67
   68   69   71   75   79   84   85   83   76   67   59   52   47   45   43   42
   42   41   42   47   56   70   84   99  113  128  144  160  174  188  197  203
  207  211  214  216  216  214  214  214  216  219  223  228  233  236  233  228
  222  217  213  207  198  187  175  161  146
     2.5-180.0 180.0   5.0 450.0                            LAT/LON1/LON2/DLON/H
  153  136  119  102   89   79   75   73   73   73   73   72   71   70   68   69
   70   72   75   79   82   86   87   83   76   66   58   51   47   44   43   43
   42   41   42   49   59   73   86  100  114  129  144  159  174  188  199  206
  211  216  219  221  220  217  215  214  217  219  223  229  235  239  238  235
  231  226  222  216  206  195  182  169  153
