DORISInput/IGSGIM/2019/igsg3370.19i
     1.0            IONOSPHERE MAPS     MIX                 IONEX VERSION / TYPE
cmpcmb v1.2          GRL/UWM            23-dec-19 14:49     PGM / RUN BY / DATE 
ionex file containing IGS COMBINED Ionosphere maps          COMMENT             
global ionosphere maps for day 337, 2019                    DESCRIPTION         
IONEX file containing the COMBINED IGS TEC MAPS and DCBs    DESCRIPTION         
      IONEX files of the following IAACs were combined: cod DESCRIPTION         
                                                        esa DESCRIPTION         
                                                        jpl DESCRIPTION         
                                                        upc DESCRIPTION         
Contact address: Andrzej Krankowski                         DESCRIPTION
                 Geodynamics Research Laboratory            DESCRIPTION
                 University of Warmia and Mazury (GRL/UWM)  DESCRIPTION
                 Oczapowski St. 1                           DESCRIPTION
                 10-957-Olsztyn, POLAND                     DESCRIPTION
                 e-mail:  kand@uwm.edu.pl                   DESCRIPTION
                                                            DESCRIPTION         
  2019    12     3     0     0     0                        EPOCH OF FIRST MAP  
  2019    12     4     0     0     0                        EPOCH OF LAST MAP   
  7200                                                      INTERVAL            
    13                                                      # OF MAPS IN FILE   
  COSZ                                                      MAPPING FUNCTION    
     0.0                                                    ELEVATION CUTOFF    
combined TEC calculated as weighted mean of input TEC valuesOBSERVABLES USED    
   397                                                      # OF STATIONS       
    32                                                      # OF SATELLITES     
  6371.0                                                    BASE RADIUS         
     2                                                      MAP DIMENSION       
   450.0 450.0   0.0                                        HGT1 / HGT2 / DHGT  
    87.5 -87.5  -2.5                                        LAT1 / LAT2 / DLAT  
  -180.0 180.0   5.0                                        LON1 / LON2 / DLON  
    -1                                                      EXPONENT            
TEC values in 0.1 tec units;  9999, if no value available   COMMENT             
DCB values in nanoseconds, reference is Sum_of_SatDCBs = 0  COMMENT             
                                                            END OF HEADER       
[from data line 1716]
     5                                                      START OF TEC MAP    
  2019    12     3     8     0     0                        EPOCH OF CURRENT MAP
    87.5-180.0 180.0   5.0 450.0                            LAT/LON1/LON2/DLON/H
   27   27   27   27   27   26   26   26   26   26   25   25   25   24   24   24
   24   23   23   23   23   23   23   22   22   22   22   22   22   22   22   22
   23   23   23   23   23   23   23   23   23   23   23   23   23   23   23   24
   24   24   25   25   25   25   25   25   26   26   26   26   26   26   27   27
   27   27   27   27   27   27   27   27   27
    85.0-180.0 180.0   5.0 450.0                            LAT/LON1/LON2/DLON/H
   27   27   27   26   26   26   25   25   24   23   23   22   22   21   20   21
   20   20   19   19   19   19   19   19   19   19   19   19   20   20   20   21
   21   21   21   21   21   21   22   21   21   22   21   21   22   21   21   21
   21   21   21   21   22   22   23   23   23   24   24   25   25   25   25   25
   26   26   26   26   27   28   27   27   27
    82.5-180.0 180.0   5.0 450.0                            LAT/LON1/LON2/DLON/H
   25   26   25   25   25   25   24   23   22   21   20   19   18   17   16   15
   15   15   14   14   15   15   15   15   16   16   16   17   17   18   18   19
   19   19   19   20   20   20   21   20   20   20   19   18   18   18   18   18
   17   17   18   19   19   19   20   20   20   20   21   21   21   21   21   22
   22   23   23   24   25   25   25   25   25
    80.0-180.0 180.0   5.0 450.0                            LAT/LON1/LON2/DLON/H
   23   23   24   24   23   23   22   21   20   19   18   16   15   13   12   11
   11   11   10   11   11   10   12   13   13   14   15   15   16   16   16   17
   17   18   18   18   19   18   18   18   18   17   17   16   16   15   15   14
   14   14   15   15   17   17   17   17   16   16   17   17   17   16   16   16
   17   18   19   19   20   21   22   22   23
    77.5-180.0 180.0   5.0 450.0                            LAT/LON1/LON2/DLON/H
   20   20   21   22   21   21   21   20   19   17   15   14   12   10    9    9
    8    8    8    8    9    9   11   12   13   13   13   13   14   15   16   17
   17   16   16   16   16   17   16   16   16   16   15   15   15   15   14   14
   14   15   15   15   16   16   16   15   15   15   14   14   14   13   12   12
   13   13   13   14   15   16   17   18   20
    75.0-180.0 180.0   5.0 450.0                            LAT/LON1/LON2/DLON/H
   16   18   19   20   21   21   20   19   18   16   14   13   11    9    9    8
    8    8    8    8   10   10   12   13   14   14   14   14   14   14   14   15
   15   15   15   14   15   15   15   15   15   16   16   16   16   16   16   17
   17   18   19   19   19   19   18   18   16   15   14   14   13   11   11   11
   11   10   10   10   11   12   13   14   16
    72.5-180.0 180.0   5.0 450.0                            LAT/LON1/LON2/DLON/H
   13   15   16   18   19   19   19   18   17   15   13   11   10    9    9    9
    8    8    9   11   12   13   15   16   16   16   16   16   16   15   15   13
   12   13   13   13   14   14   15   16   16   17   18   18   19   20   21   22
   23   24   24   25   25   24   24   23   21   19   17   15   14   12   12   11
   10   10    9   10   10   10   11   12   13
    70.0-180.0 180.0   5.0 450.0                            LAT/LON1/LON2/DLON/H
   12   13   15   16   17   17   18   18   16   15   14   12   11   10    9    9
    8   10   12   14   15   16   18   18   18   18   18   17   17   15   15   14
   11   11   11   12   13   14   15   17   18   20   20   22   24   25   27   29
   30   31   32   33   32   32   30   29   27   25   22   19   17   15   14   13
   12   11   10   10   10   10   10   11   12
    67.5-180.0 180.0   5.0 450.0                            LAT/LON1/LON2/DLON/H
   12   13   14   15   16   17   17   17   16   15   14   12   11   10   10   10
   11   13   14   16   18   19   20   20   19   19   18   17   16   15   13   14
   12   10   10   11   13   14   16   18   20   23   25   27   30   31   34   36
   38   39   40   41   40   39   38   36   33   30   28   25   22   20   18   17
   14   14   13   12   11   11   11   11   12
    65.0-180.0 180.0   5.0 450.0                            LAT/LON1/LON2/DLON/H
   14   14   15   15   16   16   16   16   16   15   14   13   12   12   12   12
   13   13   15   17   18   19   20   20   19   18   17   15   13   12   12   12
   11   10   10   12   14   16   18   21   24   27   30   33   36   38   41   43
   45   46   48   48   47   45   43   41   38   35   32   30   27   25   23   21
   19   17   16   15   14   14   14   14   14
    62.5-180.0 180.0   5.0 450.0                            LAT/LON1/LON2/DLON/H
   16   16   17   17   17   17   17   16   16   15   14   14   12   12   12   12
   13   14   15   16   17   18   18   18   17   15   14   12   12   11   11   11
   11   10   11   13   16   18   21   25   29   32   35   39   42   45   47   49
   51   53   54   53   52   50   47   45   42   39   36   33   31   29   27   25
   23   21   20   19   19   18   18   17   16
    60.0-180.0 180.0   5.0 450.0                            LAT/LON1/LON2/DLON/H
   20   19   19   19   19   19   19   18   17   16   15   14   13   12   12   12
   13   13   14   14   15   15   15   14   13   12   11   11   12   12   12   12
   12   13   14   17   19   22   26   30   34   37   41   45   48   50   53   54
   56   57   57   56   54   52   50   48   45   42   40   38   36   33   31   29
   27   25   24   23   23   22   22   21   20
    57.5-180.0 180.0   5.0 450.0                            LAT/LON1/LON2/DLON/H
   24   24   23   23   23   22   22   21   20   18   17   15   14   13   13   13
   12   12   12   13   13   13   13   12   11   11   11   12   13   13   14   15
   16   17   19   22   24   27   31   35   40   44   48   51   54   56   57   59
   59   60   59   58   56   55   54   51   49   47   45   43   41   39   36   33
   30   28   27   26   26   26   25   25   24
    55.0-180.0 180.0   5.0 450.0                            LAT/LON1/LON2/DLON/H
   29   28   28   28   28   27   27   25   24   22   19   17   16   15   14   13
   12   12   12   13   13   13   13   12   12   12   12   14   15   16   17   20
   21   22   24   27   30   33   37   42   46   50   54   58   60   61   62   63
   63   63   62   62   60   59   58   57   55   53   51   49   46   43   40   36
   33   31   29   29   28   29   29   29   29
    52.5-180.0 180.0   5.0 450.0                            LAT/LON1/LON2/DLON/H
   34   33   33   33   34   33   32   31   29   26   24   20   19   17   17   15
   14   13   13   14   15   15   15   15   15   15   16   19   20   22   23   25
   27   28   31   33   36   40   44   49   53   58   62   64   66   67   68   68
   68   68   67   67   66   65   64   62   61   59   58   55   51   48   44   40
   37   34   32   31   32   32   33   34   34
    50.0-180.0 180.0   5.0 450.0                            LAT/LON1/LON2/DLON/H
   39   39   39   40   40   39   39   37   35   33   29   26   24   22   20   19
   18   17   17   18   19   20   21   22   22   23   24   26   28   29   29   31
   32   33   37   40   43   47   52   56   60   65   69   72   73   74   74   73
   74   73   73   72   72   71   70   69   68   66   63   61   57   53   48   44
   40   36   34   33   34   36   37   38   39
    47.5-180.0 180.0   5.0 450.0                            LAT/LON1/LON2/DLON/H
   43   44   45   45   46   46   45   44   43   40   37   33   31   29   26   25
   24   23   24   25   27   29   30   31   32   33   34   36   37   37   36   36
   37   39   42   46   50   55   59   63   68   72   76   79   80   81   79   79
   78   79   78   78   78   77   76   75   74   71   69   65   62   57   52   47
   43   39   37   35   36   39   41   42   43
    45.0-180.0 180.0   5.0 450.0                            LAT/LON1/LON2/DLON/H
   46   48   49   50   51   52   51   51   49   48   45   42   39   37   35   33
   31   31   32   34   37   40   42   43   44   44   44   45   45   44   42   41
   42   44   48   53   58   63   67   71   74   78   81   84   85   85   84   84
   83   83   83   83   82   81   80   80   79   76   74   70   66   62   57   51
   47   43   41   40   40   42   44   46   46
    42.5-180.0 180.0   5.0 450.0                            LAT/LON1/LON2/DLON/H
   48   50   51   53   55   56   56   56   56   55   53   50   47   45   43   41
   40   40   42   44   47   50   52   53   54   54   54   53   52   50   47   46
   47   50   54   59   65   70   73   77   80   83   86   88   89   90   89   88
   88   88   88   87   85   84   82   82   82   80   78   74   71   66   61   56
   52   48   46   45   45   46   47   48   48
    40.0-180.0 180.0   5.0 450.0                            LAT/LON1/LON2/DLON/H
   50   51   52   54   56   58   58   59   60   60   59   58   56   53   52   50
   49   49   50   53   56   58   60   61   61   61   61   60   57   54   52   51
   52   55   61   66   72   77   80   82   85   87   90   91   93   93   93   93
   92   92   91   90   88   85   83   83   82   81   79   77   73   69   66   61
   57   54   51   50   50   49   49   50   50
    37.5-180.0 180.0   5.0 450.0                            LAT/LON1/LON2/DLON/H
   50   51   53   55   56   57   58   59   62   63   64   64   63   61   59   57
   56   56   57   60   62   64   64   65   65   66   67   65   62   58   55   55
   57   61   67   72   78   82   85   87   89   91   92   95   96   96   95   95
   95   94   93   91   89   86   84   83   83   82   81   78   76   73   69   66
   62   59   56   55   54   53   52   51   50
    35.0-180.0 180.0   5.0 450.0                            LAT/LON1/LON2/DLON/H
   50   51   52   54   55   55   55   58   61   64   67   68   68   67   65   63
   61   61   62   65   66   67   67   66   66   68   70   68   66   62   59   59
   62   67   73   79   84   87   90   91   93   95   96   98   98   99   98   98
   97   96   95   94   91   89   87   86   86   86   85   82   80   77   74   71
   67   64   61   59   57   56   54   52   50
    32.5-180.0 180.0   5.0 450.0                            LAT/LON1/LON2/DLON/H
   51   51   51   52   52   52   53   56   58   63   67   70   71   71   69   67
   65   64   65   67   68   68   67   65   65   67   69   69   67   64   62   63
   67   72   79   84   88   92   94   96   98   99  101  102  103  103  102  101
  101  101  101  100   98   96   95   94   94   94   93   89   86   82   78   75
   71   68   65   63   61   58   55   53   51
    30.0-180.0 180.0   5.0 450.0                            LAT/LON1/LON2/DLON/H
   53   52   51   51   51   51   51   53   55   60   65   70   72   72   71   69
   67   66   66   67   68   67   65   62   62   64   68   68   66   64   64   66
   71   77   83   88   92   95   98  100  103  105  106  107  108  108  107  107
  108  111  112  112  111  110  109  108  108  107  105  100   95   89   84   79
   75   71   69   66   63   60   57   55   53
    27.5-180.0 180.0   5.0 450.0                            LAT/LON1/LON2/DLON/H
   55   54   53   52   51   50   50   51   52   56   63   67   70   71   71   69
   68   67   67   67   66   65   63   60   60   62   65   65   64   63   64   68
   75   81   86   91   95   98  102  106  109  112  113  114  115  116  116  117
  121  125  128  129  130  129  129  129  127  126  122  115  107   99   91   85
   79   74   71   69   65   62   59   56   55
    25.0-180.0 180.0   5.0 450.0                            LAT/LON1/LON2/DLON/H
   58   56   55   54   53   52   51   51   52   54   59   63   66   69   69   67
   66   66   67   66   66   64   61   58   58   60   62   62   61   61   64   69
   76   82   87   92   97  101  107  112  116  120  122  124  126  127  129  132
  137  143  147  150  152  152  154  153  151  148  142  134  123  112  101   91
   82   76   73   70   67   63   60   59   58
    22.5-180.0 180.0   5.0 450.0                            LAT/LON1/LON2/DLON/H
   60   59   58   57   56   55   54   54   53   54   57   61   63   65   66   65
   65   65   65   66   65   63   60   56   56   57   58   58   56   57   61   67
   74   81   87   94   99  105  113  120  125  130  132  135  138  140  144  150
  157  161  167  172  175  177  179  178  176  171  164  154  141  128  113  100
   89   80   75   71   68   65   62   61   60
    20.0-180.0 180.0   5.0 450.0                            LAT/LON1/LON2/DLON/H
   62   61   60   60   59   59   59   58   57   55   56   59   61   63   63   64
   64   65   65   65   65   63   59   56   55   55   55   54   52   53   58   65
   73   81   89   97  103  111  120  128  135  139  143  147  152  156  163  167
  176  182  187  193  197  198  201  200  197  192  185  172  159  144  127  112
   96   85   78   73   70   67   65   63   62
    17.5-180.0 180.0   5.0 450.0                            LAT/LON1/LON2/DLON/H
   64   63   62   61   61   62   63   63   62   59   58   60   61   61   62   64
   64   64   65   65   64   63   60   57   55   54   53   51   49   51   56   64
   73   82   91  100  109  117  127  136  144  149  154  159  164  170  177  185
  193  198  203  208  213  214  217  216  212  207  199  188  175  160  142  126
  107   93   83   77   73   70   68   66   64
    15.0-180.0 180.0   5.0 450.0                            LAT/LON1/LON2/DLON/H
   66   64   63   62   62   64   65   66   65   63   61   61   61   62   62   64
   64   65   66   66   66   64   61   58   55   53   51   48   46   48   55   65
   75   84   94  104  114  124  134  144  152  159  165  170  176  182  190  198
  204  210  213  218  221  223  226  223  219  214  208  200  189  174  157  140
  121  104   92   84   78   74   71   68   66
    12.5-180.0 180.0   5.0 450.0                            LAT/LON1/LON2/DLON/H
   69   66   63   62   62   64   66   66   67   66   64   63   63   62   64   65
   66   67   67   68   68   66   63   60   57   54   50   46   44   47   55   65
   76   87   97  108  118  129  141  150  159  167  174  180  186  191  198  205
  211  215  217  220  223  224  225  222  218  214  210  204  196  184  169  153
  134  116  102   93   85   80   75   72   69
    10.0-180.0 180.0   5.0 450.0                            LAT/LON1/LON2/DLON/H
   73   69   65   62   62   63   65   66   66   66   67   65   65   64   65   67
   68   69   70   70   69   67   65   62   58   53   48   44   42   46   56   67
   79   90  101  112  123  135  146  155  165  173  181  188  193  197  203  208
  213  215  217  218  220  220  220  217  213  210  208  204  199  191  179  163
  144  127  113  102   92   85   79   75   73
     7.5-180.0 180.0   5.0 450.0                            LAT/LON1/LON2/DLON/H
   76   72   66   62   61   61   63   64   65   66   67   67   66   65   65   68
   70   71   72   73   71   68   66   63   58   52   46   42   42   47   58   70
   82   94  106  118  129  140  149  158  167  177  186  193  198  202  206  208
  212  213  215  216  216  215  215  212  209  207  206  204  202  196  186  170
  153  136  121  108   98   90   83   79   76
     5.0-180.0 180.0   5.0 450.0                            LAT/LON1/LON2/DLON/H
   79   75   70   64   61   60   60   61   62   64   65   65   65   64   65   68
   70   71   72   73   72   69   67   64   58   51   45   43   44   50   61   74
   87   99  111  123  133  141  149  158  168  179  188  196  202  206  207  208
  210  212  214  215  215  214  214  213  211  210  209  208  207  203  192  177
  160  143  127  115  103   95   87   83   79
     2.5-180.0 180.0   5.0 450.0                            LAT/LON1/LON2/DLON/H
   82   78   73   68   62   59   57   58   58   60   62   63   62   62   62   65
   67   68   71   71   72   70   67   64   58   51   45   44   47   54   65   77
   90  102  113  124  133  141  149  159  169  179  189  198  204  208  209  209
  210  213  215  217  218  218  219  219  219  218  217  216  214  209  199  183
  166  149  133  119  108   98   90   86   82
