DORISInput/IGSGIM/2019/igsg3360.19i
     1.0            IONOSPHERE MAPS     MIX                 IONEX VERSION / TYPE
cmpcmb v1.2          GRL/UWM            23-dec-19 14:44     PGM / RUN BY / DATE 
ionex file containing IGS COMBINED Ionosphere maps          COMMENT             
global ionosphere maps for day 336, 2019                    DESCRIPTION         
IONEX file containing the COMBINED IGS TEC MAPS and DCBs    DESCRIPTION         
      IONEX files of the following IAACs were combined: cod DESCRIPTION         
                                                        esa DESCRIPTION         
                                                        jpl DESCRIPTION         
                                                        upc DESCRIPTION         
Contact address: Andrzej Krankowski                         DESCRIPTION
                 Geodynamics Research Laboratory            DESCRIPTION
                 University of Warmia and Mazury (GRL/UWM)  DESCRIPTION
                 Oczapowski St. 1                           DESCRIPTION
                 10-957-Olsztyn, POLAND                     DESCRIPTION
                 e-mail:  kand@uwm.edu.pl                   DESCRIPTION
                                                            DESCRIPTION         
  2019    12     2     0     0     0                        EPOCH OF FIRST MAP  
  2019    12     3     0     0     0                        EPOCH OF LAST MAP   
  7200                                                      INTERVAL            
    13                                                      # OF MAPS IN FILE   
  COSZ                                                      MAPPING FUNCTION    
     0.0                                                    ELEVATION CUTOFF    
combined TEC calculated as weighted mean of input TEC valuesOBSERVABLES USED    
   399                                                      # OF STATIONS       
    32                                                      # OF SATELLITES     
  6371.0                                                    BASE RADIUS         
     2                                                      MAP DIMENSION       
   450.0 450.0   0.0                                        HGT1 / HGT2 / DHGT  
    87.5 -87.5  -2.5                                        LAT1 / LAT2 / DLAT  
  -180.0 180.0   5.0                                        LON1 / LON2 / DLON  
    -1                                                      EXPONENT            
TEC values in 0.1 tec units;  9999, if no value available   COMMENT             
DCB values in nanoseconds, reference is Sum_of_SatDCBs = 0  COMMENT             
                                                            END OF HEADER       
[from data line 3861]
    10                                                      START OF TEC MAP    
  2019    12     2    18     0     0                        EPOCH OF CURRENT MAP
    87.5-180.0 180.0   5.0 450.0                            LAT/LON1/LON2/DLON/H
   16   16   16   16   16   16   16   17   17   17   17   17   17   17   17   17
   17   17   17   17   17   16   17   17   17   17   16   16   16   16   16   16
   16   16   16   15   15   15   15   16   16   15   15   15   15   15   15   15
   15   15   15   15   15   15   15   15   15   15   15   15   15   15   15   16
   16   16   16   16   16   16   16   16   16
    85.0-180.0 180.0   5.0 450.0                            LAT/LON1/LON2/DLON/H
   15   15   15   15   16   16   16   16   17   17   17   17   17   17   17   18
   18   18   18   17   17   17   17   17   17   17   16   16   15   15   15   15
   15   15   15   15   15   15   14   14   14   14   14   15   15   14   14   14
   14   14   15   15   15   15   15   15   15   15   15   15   15   15   15   15
   15   15   15   15   15   15   15   15   15
    82.5-180.0 180.0   5.0 450.0                            LAT/LON1/LON2/DLON/H
   15   15   14   15   14   15   15   15   17   17   17   18   18   18   18   18
   18   19   18   18   18   18   18   17   17   17   16   16   16   15   15   14
   14   14   14   14   14   14   14   14   14   14   13   13   13   13   14   14
   14   14   14   14   14   14   14   14   14   14   14   14   15   15   15   15
   15   15   15   15   15   15   15   14   15
    80.0-180.0 180.0   5.0 450.0                            LAT/LON1/LON2/DLON/H
   14   14   13   13   14   14   14   14   15   16   16   17   18   19   19   20
   20   20   20   19   19   19   19   19   18   17   16   15   15   15   14   14
   12   12   12   12   12   12   13   13   13   13   13   13   13   13   13   13
   13   13   13   13   14   14   14   14   14   13   14   14   14   14   14   14
   14   14   14   14   14   14   14   14   14
    77.5-180.0 180.0   5.0 450.0                            LAT/LON1/LON2/DLON/H
   12   12   12   11   12   11   11   12   12   14   15   17   18   19   21   22
   22   23   23   23   23   21   21   23   22   20   19   17   16   15   14   13
   13   13   12   12   12   11   11   11   12   11   12   11   11   12   11   12
   12   12   12   12   13   13   13   13   13   13   13   12   12   12   12   12
   12   13   13   13   13   13   13   12   12
    75.0-180.0 180.0   5.0 450.0                            LAT/LON1/LON2/DLON/H
   10   10   10   11   10   10   10   10   11   12   14   16   19   21   23   24
   25   26   28   27   26   25   25   24   25   23   21   18   17   16   15   13
   12   11   11   11   11   11   10   10   10   10   10   10   10   10   10   10
   10   10   10   11   11   11   11   11   11   12   11   11   11   10   11   11
   11   11   11   11   11   11   11   11   10
    72.5-180.0 180.0   5.0 450.0                            LAT/LON1/LON2/DLON/H
   10   10   10   10    9    9    9    9   10   11   14   16   19   23   25   27
   30   32   33   32   31   31   30   29   28   25   23   20   17   16   15   13
   12   11   11   10   10   10   10   10   10   10    9    9    8    8    9    9
    9   10   10   10   10   11   11   11   11   11   11   10   10   10   10   10
   11   11   11   11   11   10   11   10   10
    70.0-180.0 180.0   5.0 450.0                            LAT/LON1/LON2/DLON/H
   12   11   10    9    9    8    8    8    9   12   14   18   22   25   29   31
   34   36   37   37   36   36   35   33   32   29   26   23   21   18   15   14
   12   11   11   10   10   10   10    9    9    9    8    8    7    7    8    8
    9   10   10   11   11   11   11   12   12   11   11   11   11   11   11   12
   12   12   12   12   12   12   11   12   12
    67.5-180.0 180.0   5.0 450.0                            LAT/LON1/LON2/DLON/H
   14   13   11   10    9    9    9    9   11   13   17   21   25   29   32   35
   37   39   41   41   41   40   40   38   36   33   29   27   24   21   18   16
   14   13   12   11   10    9   10    9    9    8    8    7    8    8    8    8
    9   10   11   12   13   14   14   14   14   14   14   14   14   14   15   15
   15   15   14   14   14   14   14   14   14
    65.0-180.0 180.0   5.0 450.0                            LAT/LON1/LON2/DLON/H
   18   17   16   14   12   12   12   13   15   18   22   26   30   33   36   38
   40   42   44   44   45   45   44   42   39   36   33   30   27   24   21   18
   16   15   13   11   10   10   10    9    9    8    8    8    8    9   10   10
   12   13   15   15   16   16   16   17   18   18   18   18   18   18   18   19
   18   18   17   17   17   17   17   18   18
    62.5-180.0 180.0   5.0 450.0                            LAT/LON1/LON2/DLON/H
   22   22   21   20   18   17   18   19   21   25   29   33   37   39   41   43
   44   45   47   48   48   48   48   46   43   40   37   33   31   28   24   21
   18   17   15   12   11   11   11   11   11   10   10   10   11   12   14   15
   16   17   19   19   19   19   20   21   22   22   22   22   22   22   22   22
   22   22   21   20   20   20   21   21   22
    60.0-180.0 180.0   5.0 450.0                            LAT/LON1/LON2/DLON/H
   26   27   27   26   25   25   25   27   29   33   37   40   43   45   47   48
   48   49   51   51   52   51   51   49   46   43   40   37   35   32   28   23
   20   19   16   15   13   13   13   13   13   13   14   16   17   19   20   22
   22   23   23   23   23   23   23   25   26   26   26   27   27   27   27   27
   26   25   24   24   23   24   25   25   26
    57.5-180.0 180.0   5.0 450.0                            LAT/LON1/LON2/DLON/H
   30   31   32   32   32   32   34   35   38   41   44   48   50   52   53   53
   53   54   54   54   55   54   53   52   50   48   44   41   39   35   31   27
   23   20   19   18   17   17   18   18   19   20   22   24   25   27   29   29
   30   30   30   30   29   29   30   31   32   32   33   33   33   33   33   32
   32   31   30   28   28   27   28   29   30
    55.0-180.0 180.0   5.0 450.0                            LAT/LON1/LON2/DLON/H
   34   36   37   37   38   39   41   44   46   49   52   55   57   58   58   59
   58   58   58   58   57   56   55   54   53   52   49   46   45   40   35   30
   27   24   23   23   22   23   24   26   27   29   31   33   35   36   38   39
   38   38   37   38   38   38   38   39   39   39   40   40   40   40   39   39
   37   37   35   33   32   32   32   32   34
    52.5-180.0 180.0   5.0 450.0                            LAT/LON1/LON2/DLON/H
   38   39   41   42   43   45   48   51   54   56   58   60   63   64   65   64
   63   63   62   61   60   58   58   58   57   58   56   54   51   46   40   35
   31   29   28   28   29   31   33   35   38   40   42   44   45   47   47   48
   48   48   47   46   46   46   46   46   47   47   47   47   47   46   45   44
   43   42   40   38   36   35   35   36   38
    50.0-180.0 180.0   5.0 450.0                            LAT/LON1/LON2/DLON/H
   40   42   44   46   48   51   54   58   61   63   64   66   68   69   70   70
   69   68   66   65   63   61   61   62   63   64   63   62   58   52   48   41
   36   34   35   35   37   39   42   44   47   50   52   55   56   57   57   57
   57   56   55   55   54   54   54   55   55   54   54   53   52   50   49   48
   47   46   44   42   40   38   37   38   40
    47.5-180.0 180.0   5.0 450.0                            LAT/LON1/LON2/DLON/H
   41   44   46   49   52   56   60   64   67   69   70   70   72   74   75   76
   75   73   71   69   67   66   66   68   70   72   72   71   67   61   55   49
   43   40   40   41   44   47   50   53   56   59   62   64   64   65   64   64
   64   64   63   62   61   62   62   62   61   59   58   57   55   53   51   49
   48   48   46   44   42   40   39   40   41
    45.0-180.0 180.0   5.0 450.0                            LAT/LON1/LON2/DLON/H
   42   44   47   51   55   60   65   70   73   75   75   75   76   78   80   81
   80   79   76   74   73   72   73   76   80   83   83   82   78   70   63   56
   50   47   46   48   51   54   58   61   64   67   70   70   71   70   69   69
   70   70   69   68   68   68   68   68   66   64   62   60   56   54   52   50
   49   48   47   44   43   41   39   40   42
    42.5-180.0 180.0   5.0 450.0                            LAT/LON1/LON2/DLON/H
   41   43   46   51   57   63   69   76   79   80   79   79   81   83   85   86
   86   84   81   80   80   81   83   87   91   94   94   92   87   81   73   64
   57   54   53   54   57   61   64   67   70   73   74   75   74   73   72   73
   74   74   73   73   72   72   72   70   69   67   64   61   58   55   52   50
   49   48   47   45   43   41   40   40   41
    40.0-180.0 180.0   5.0 450.0                            LAT/LON1/LON2/DLON/H
   41   42   45   50   57   65   73   80   84   87   85   84   85   87   90   91
   91   89   87   87   88   91   94   98  102  104  103   99   94   88   81   74
   66   61   60   60   63   66   69   72   74   76   77   78   77   76   75   76
   76   76   75   74   73   72   72   70   69   67   64   61   58   54   52   50
   48   48   46   45   43   41   40   39   41
    37.5-180.0 180.0   5.0 450.0                            LAT/LON1/LON2/DLON/H
   39   41   44   50   57   66   74   83   89   92   92   90   90   92   94   96
   96   95   94   94   96  101  104  108  110  110  108  103   99   94   89   83
   76   71   68   68   69   71   73   75   78   79   80   80   79   77   76   76
   76   75   75   73   71   70   69   68   67   65   63   60   57   54   52   50
   48   47   46   44   42   40   39   39   39
    35.0-180.0 180.0   5.0 450.0                            LAT/LON1/LON2/DLON/H
   39   41   44   49   57   66   75   85   93   97   98   96   96   97   98  100
  100  100  100  102  104  109  113  116  116  114  110  107  103  100   96   92
   86   81   78   76   76   77   77   79   81   82   82   81   79   76   75   74
   74   73   72   70   68   67   66   65   64   63   61   59   57   54   52   50
   49   47   45   43   42   40   39   38   39
    32.5-180.0 180.0   5.0 450.0                            LAT/LON1/LON2/DLON/H
   39   41   45   51   58   67   76   86   95  102  104  102  102  102  102  102
  103  105  106  108  110  114  116  118  117  116  112  109  108  106  105  103
  100   95   91   87   85   84   83   83   83   84   83   81   79   76   74   73
   72   70   68   67   65   64   63   62   62   61   60   59   57   55   52   51
   48   46   44   42   40   39   38   38   39
    30.0-180.0 180.0   5.0 450.0                            LAT/LON1/LON2/DLON/H
   40   44   48   55   61   68   77   86   96  105  109  108  107  106  105  104
  105  108  110  112  113  114  115  116  116  115  112  111  113  114  115  117
  117  112  107  102   97   92   89   87   86   86   83   81   79   75   74   71
   70   68   66   65   63   62   62   60   60   60   59   58   57   56   53   51
   48   46   43   41   39   38   38   38   40
    27.5-180.0 180.0   5.0 450.0                            LAT/LON1/LON2/DLON/H
   42   47   53   59   65   71   78   87   96  105  111  113  112  111  109  107
  107  109  112  113  113  112  112  113  114  114  114  114  119  124  131  135
  136  132  126  120  112  103   96   93   90   88   85   82   78   76   74   71
   69   67   65   64   62   61   61   60   59   59   58   58   57   55   53   51
   49   46   42   40   39   37   38   39   42
    25.0-180.0 180.0   5.0 450.0                            LAT/LON1/LON2/DLON/H
   44   50   58   64   70   75   81   88   97  106  112  116  116  115  113  111
  111  112  113  113  111  109  109  112  116  118  120  124  132  141  151  156
  157  151  144  136  127  114  104   97   94   90   87   83   79   77   75   72
   70   67   65   64   62   62   62   61   60   59   58   57   56   55   53   52
   49   46   42   39   38   37   38   40   44
    22.5-180.0 180.0   5.0 450.0                            LAT/LON1/LON2/DLON/H
   44   53   62   70   76   81   86   92  100  108  115  120  121  121  119  116
  115  114  114  112  109  108  110  115  123  128  133  139  149  163  173  177
  176  169  159  150  138  124  111  101   96   92   88   85   82   79   76   73
   70   68   66   65   64   64   64   63   61   60   59   57   55   53   52   50
   47   45   41   38   37   36   37   39   44
    20.0-180.0 180.0   5.0 450.0                            LAT/LON1/LON2/DLON/H
   44   54   65   74   82   87   93   98  105  113  120  126  129  129  128  125
  122  120  117  113  109  110  115  125  136  145  151  159  170  183  196  198
  194  186  175  163  147  129  113  102   95   92   90   87   83   80   77   74
   72   69   68   67   68   67   67   65   63   61   59   57   55   52   50   47
   45   43   40   37   35   35   36   39   44
    17.5-180.0 180.0   5.0 450.0                            LAT/LON1/LON2/DLON/H
   44   54   66   77   86   93   99  106  112  119  127  134  139  141  140  138
  133  128  123  118  116  118  127  140  155  166  173  181  191  203  213  213
  209  198  187  172  151  130  113  101   95   93   92   89   85   81   78   75
   74   72   72   71   71   71   69   67   65   63   61   57   54   51   48   46
   43   41   39   38   36   36   36   38   44
    15.0-180.0 180.0   5.0 450.0                            LAT/LON1/LON2/DLON/H
   45   55   67   78   88   97  105  112  120  127  136  145  152  156  156  154
  148  141  134  130  129  135  147  163  179  191  197  203  211  220  225  224
  216  203  190  174  154  132  114  103   96   94   94   92   87   82   78   76
   76   76   75   75   74   73   71   69   66   64   62   58   53   49   47   44
   41   40   39   38   38   37   37   39   45
    12.5-180.0 180.0   5.0 450.0                            LAT/LON1/LON2/DLON/H
   47   55   67   79   89   99  109  118  127  136  146  157  167  175  175  174
  167  160  153  151  152  160  173  190  204  216  219  221  225  230  232  227
  215  201  188  173  154  135  117  106  100   98   97   93   88   83   79   76
   78   79   78   77   75   73   70   66   65   63   61   57   53   48   45   42
   40   39   39   39   39   38   38   41   47
    10.0-180.0 180.0   5.0 450.0                            LAT/LON1/LON2/DLON/H
   49   58   69   79   90  101  112  124  134  144  157  171  184  195  197  195
  189  184  179  179  182  192  204  218  228  235  234  232  232  233  233  224
  210  197  186  172  156  139  124  113  107  104  101   97   91   85   80   78
   80   81   80   78   75   71   67   63   61   61   59   56   52   48   44   41
   39   38   39   41   41   40   41   44   49
     7.5-180.0 180.0   5.0 450.0                            LAT/LON1/LON2/DLON/H
   53   61   70   80   90  102  115  128  141  152  167  184  200  214  218  216
  212  210  209  213  219  228  236  245  249  248  242  237  234  234  231  221
  208  197  188  177  164  149  136  126  118  112  107  101   95   89   85   82
   83   84   83   81   77   70   65   60   60   60   59   56   53   50   46   42
   40   39   40   42   42   42   43   47   53
     5.0-180.0 180.0   5.0 450.0                            LAT/LON1/LON2/DLON/H
   56   64   72   81   92  104  118  132  146  160  175  195  214  230  236  234
  232  234  237  245  253  261  266  269  266  257  246  238  235  234  231  223
  213  207  199  190  178  165  153  142  133  123  115  108  101   96   91   89
   88   89   88   86   81   73   67   61   60   61   60   59   56   52   48   44
   42   40   41   43   43   43   45   49   56
     2.5-180.0 180.0   5.0 450.0                            LAT/LON1/LON2/DLON/H
   60   67   74   83   93  106  122  136  151  165  182  202  222  240  248  248
  248  253  260  270  278  285  288  286  275  258  246  239  237  238  236  233
  228  224  219  209  197  185  172  160  148  136  125  117  109  105  102   99
   98   96   95   93   87   78   72   66   64   64   63   62   59   55   51   46
   43   42   42   43   43   42   45   52   60
