DORISInput/IGSGIM/2019/igsg3390.19i
     1.0            IONOSPHERE MAPS     MIX                 IONEX VERSION / TYPE
cmpcmb v1.2          GRL/UWM            23-dec-19 15:00     PGM / RUN BY / DATE 
ionex file containing IGS COMBINED Ionosphere maps          COMMENT             
global ionosphere maps for day 339, 2019                    DESCRIPTION         
IONEX file containing the COMBINED IGS TEC MAPS and DCBs    DESCRIPTION         
      IONEX files of the following IAACs were combined: cod DESCRIPTION         
                                                        esa DESCRIPTION         
                                                        jpl DESCRIPTION         
                                                        upc DESCRIPTION         
Contact address: Andrzej Krankowski                         DESCRIPTION
                 Geodynamics Research Laboratory            DESCRIPTION
                 University of Warmia and Mazury (GRL/UWM)  DESCRIPTION
                 Oczapowski St. 1                           DESCRIPTION
                 10-957-Olsztyn, POLAND                     DESCRIPTION
                 e-mail:  kand@uwm.edu.pl                   DESCRIPTION
                                                            DESCRIPTION         
  2019    12     5     0     0     0                        EPOCH OF FIRST MAP  
  2019    12     6     0     0     0                        EPOCH OF LAST MAP   
  7200                                                      INTERVAL            
    13                                                      # OF MAPS IN FILE   
  COSZ                                                      MAPPING FUNCTION    
     0.0                                                    ELEVATION CUTOFF    
combined TEC calculated as weighted mean of input TEC valuesOBSERVABLES USED    
   404                                                      # OF STATIONS       
    32                                                      # OF SATELLITES     
  6371.0                                                    BASE RADIUS         
     2                                                      MAP DIMENSION       
   450.0 450.0   0.0                                        HGT1 / HGT2 / DHGT  
    87.5 -87.5  -2.5                                        LAT1 / LAT2 / DLAT  
  -180.0 180.0   5.0                                        LON1 / LON2 / DLON  
    -1                                                      EXPONENT            
TEC values in 0.1 tec units;  9999, if no value available   COMMENT             
DCB values in nanoseconds, reference is Sum_of_SatDCBs = 0  COMMENT             
                                                            END OF HEADER       
[from data line 1716]
     5                                                      START OF TEC MAP    
  2019    12     5     8     0     0                        EPOCH OF CURRENT MAP
    87.5-180.0 180.0   5.0 450.0                            LAT/LON1/LON2/DLON/H
   21   21   21   20   21   20   20   20   19   19   19   18   18   18   18   17
   17   16   16   16   16   16   15   15   15   15   15   15   15   15   15   15
   15   15   14   15   15   15   15   15   15   16   16   16   16   16   17   17
   17   17   18   18   18   18   19   19   19   19   19   20   19   20   20   20
   20   20   20   20   21   21   21   21   21
    85.0-180.0 180.0   5.0 450.0                            LAT/LON1/LON2/DLON/H
   22   22   21   21   21   21   20   20   19   19   18   18   17   16   15   15
   14   14   14   13   13   13   12   12   11   11   11   11   11   12   12   12
   12   13   13   13   14   14   14   14   14   14   14   15   15   15   15   15
   15   15   16   16   16   16   17   17   18   18   18   18   18   19   19   19
   20   20   21   21   22   22   22   22   22
    82.5-180.0 180.0   5.0 450.0                            LAT/LON1/LON2/DLON/H
   21   21   22   21   21   21   20   20   19   18   17   16   15   14   13   12
   11   10   10   10    9    9    9    9    9    9    9    9   10   10   10   10
   10   11   11   12   12   12   12   13   13   13   13   13   13   13   13   13
   13   13   13   13   13   13   14   14   14   15   15   15   15   15   16   17
   17   18   18   19   19   20   20   21   21
    80.0-180.0 180.0   5.0 450.0                            LAT/LON1/LON2/DLON/H
   19   20   20   20   20   20   19   19   18   17   16   14   13   12   10    9
    8    7    7    6    6    6    7    8    8    8    8    8    8    8    9    9
   10   10   10   10   11   11   11   11   11   11   11   11   12   12   12   12
   12   12   12   12   12   11   11   11   12   12   12   12   12   12   12   13
   13   14   14   15   16   16   17   18   19
    77.5-180.0 180.0   5.0 450.0                            LAT/LON1/LON2/DLON/H
   16   17   17   18   18   19   18   18   17   16   14   12   11    9    8    7
    6    6    6    5    5    5    6    8    8    8    8    9    9   10   10   10
   10   10   10   10   10   10   10   10   10   11   11   11   11   12   12   12
   12   13   13   12   12   12   12   11   11   11   11   10   10   11   10   10
   10   11   11   11   11   12   13   14   16
    75.0-180.0 180.0   5.0 450.0                            LAT/LON1/LON2/DLON/H
   12   14   15   16   17   17   17   16   15   13   13   11   10    7    7    6
    6    6    6    7    8    9   10   11   11   11   12   11   10   10   11   11
   10    9    9    9    9    9   10   10   11   12   12   13   13   13   14   15
   15   15   16   16   15   15   15   14   14   13   12   11   11   10   10    9
    9    9    9    9    9   10   10   11   12
    72.5-180.0 180.0   5.0 450.0                            LAT/LON1/LON2/DLON/H
   11   12   13   14   15   15   15   14   13   12   11    9    8    7    7    7
    7    7    8   10   12   13   14   15   15   15   14   15   13   11   11   11
   10    9    9    9    9   10   10   11   12   13   14   15   16   17   18   19
   20   21   21   22   21   20   20   19   18   17   16   15   14   13   12   11
   10   10    9   10   10    9    9   10   11
    70.0-180.0 180.0   5.0 450.0                            LAT/LON1/LON2/DLON/H
   10   11   12   12   13   14   13   13   13   11   10    8    8    8    8    7
    8    9   11   13   15   18   19   19   18   18   17   16   14   12   11   10
    9    9    9    9    9   11   12   13   15   16   17   18   20   22   24   25
   27   27   28   29   28   28   27   25   24   23   21   20   18   17   16   14
   13   11   11   11   10   10   10   10   10
    67.5-180.0 180.0   5.0 450.0                            LAT/LON1/LON2/DLON/H
   11   11   12   13   13   13   13   12   11   10    9    8    8    8    8    8
    9   11   14   16   19   21   21   21   20   19   18   16   15   12   10   10
   10    9    9   10   11   12   14   16   18   20   22   24   26   28   30   32
   34   35   36   37   36   35   34   32   31   29   27   24   23   22   20   18
   17   16   14   13   12   12   12   12   11
    65.0-180.0 180.0   5.0 450.0                            LAT/LON1/LON2/DLON/H
   15   14   15   14   14   14   13   12   11   10    9    8    8    8    8    9
   10   13   15   17   20   21   21   20   19   18   17   15   13   12   11   10
   10   10   11   11   13   15   17   20   23   25   28   30   33   34   37   39
   41   42   43   44   43   42   40   38   36   33   31   29   27   25   23   22
   21   20   19   19   17   17   16   15   15
    62.5-180.0 180.0   5.0 450.0                            LAT/LON1/LON2/DLON/H
   20   19   19   18   17   16   15   14   13   11   10    9    8    8    9   10
   12   13   16   17   18   19   18   17   15   14   14   13   12   11   11   11
   11   12   13   14   16   19   23   25   29   32   34   37   39   41   43   45
   47   48   49   49   48   47   45   43   40   37   34   31   29   27   26   25
   24   24   24   24   23   23   22   20   20
    60.0-180.0 180.0   5.0 450.0                            LAT/LON1/LON2/DLON/H
   26   25   24   23   22   20   19   17   15   14   12   11   10    9   10   11
   12   13   14   15   16   15   14   13   11   11   11   11   12   12   12   13
   14   15   17   18   21   24   28   32   35   37   40   43   45   47   48   50
   51   52   52   53   52   50   49   45   42   39   36   33   31   30   29   28
   27   27   28   28   29   28   28   27   26
    57.5-180.0 180.0   5.0 450.0                            LAT/LON1/LON2/DLON/H
   33   32   31   30   28   26   24   22   20   18   16   14   13   12   12   12
   12   13   12   13   12   11   11   10   10   10   10   12   13   14   15   17
   18   19   22   24   26   30   34   38   41   44   46   49   51   52   53   54
   54   54   55   55   54   53   51   48   45   42   39   36   34   32   30   30
   29   30   31   32   32   33   34   34   33
    55.0-180.0 180.0   5.0 450.0                            LAT/LON1/LON2/DLON/H
   40   39   38   38   35   33   31   28   25   23   20   17   16   15   15   14
   13   13   12   11   10   10   10   10   10   11   13   15   17   19   21   22
   24   25   28   30   33   36   40   44   47   50   52   53   55   57   58   58
   58   57   57   57   57   57   55   53   50   46   43   40   37   35   33   32
   31   32   33   34   36   37   39   40   40
    52.5-180.0 180.0   5.0 450.0                            LAT/LON1/LON2/DLON/H
   45   45   45   45   44   41   37   35   32   29   26   23   21   19   18   17
   16   15   14   12   11   11   11   11   13   15   19   22   24   26   27   29
   29   31   34   36   39   43   47   50   53   55   57   58   60   62   63   63
   62   62   61   61   61   61   60   58   56   52   49   45   42   40   37   36
   34   34   35   36   38   40   42   44   45
    50.0-180.0 180.0   5.0 450.0                            LAT/LON1/LON2/DLON/H
   49   50   51   51   50   48   46   43   40   37   34   30   27   25   23   21
   20   19   18   17   16   15   16   17   20   24   28   31   33   34   34   35
   34   37   39   42   46   50   53   56   59   61   62   64   65   67   68   68
   67   67   66   66   67   67   66   65   63   59   56   52   49   46   43   40
   38   36   36   37   40   43   45   47   49
    47.5-180.0 180.0   5.0 450.0                            LAT/LON1/LON2/DLON/H
   51   53   55   56   56   55   54   51   49   46   43   39   36   32   29   27
   26   25   24   24   24   24   25   27   30   34   38   42   43   42   40   40
   40   42   44   48   52   57   60   63   65   66   67   68   70   72   72   73
   72   72   72   72   72   73   73   71   69   66   63   60   56   53   48   45
   42   39   38   38   41   44   47   49   51
    45.0-180.0 180.0   5.0 450.0                            LAT/LON1/LON2/DLON/H
   51   54   57   59   60   61   60   59   57   55   53   49   45   40   37   34
   34   34   34   35   35   36   36   38   41   45   49   51   52   49   46   45
   45   47   50   55   59   64   67   69   71   71   72   73   75   76   78   78
   78   78   78   79   78   79   78   77   75   72   70   67   63   59   54   50
   46   43   41   41   43   45   47   49   51
    42.5-180.0 180.0   5.0 450.0                            LAT/LON1/LON2/DLON/H
   51   54   57   60   62   64   64   63   63   63   61   58   54   49   45   43
   42   44   46   48   49   49   49   49   51   54   57   59   58   55   51   50
   50   52   56   61   66   71   74   75   77   77   78   79   81   82   84   85
   85   85   85   84   84   83   82   80   79   77   75   73   69   64   59   54
   50   46   44   44   45   46   48   49   51
    40.0-180.0 180.0   5.0 450.0                            LAT/LON1/LON2/DLON/H
   50   53   56   59   62   64   65   66   68   69   69   66   63   58   54   51
   51   54   57   60   62   62   59   58   58   60   63   63   62   58   55   53
   54   57   62   68   73   78   81   82   83   83   84   86   87   89   90   91
   92   91   90   88   87   86   84   82   80   80   78   76   73   68   63   58
   53   50   48   47   48   48   49   49   50
    37.5-180.0 180.0   5.0 450.0                            LAT/LON1/LON2/DLON/H
   50   51   54   57   60   63   64   66   70   73   75   73   70   66   62   59
   59   63   67   71   73   71   68   64   62   63   66   66   64   60   57   56
   58   62   69   74   81   84   87   88   89   90   91   92   95   96   97   97
   97   96   94   91   88   87   85   83   82   81   80   78   75   71   66   61
   56   53   52   51   52   52   50   50   50
    35.0-180.0 180.0   5.0 450.0                            LAT/LON1/LON2/DLON/H
   50   51   52   55   57   59   61   64   68   74   78   78   76   73   69   66
   66   69   74   79   81   79   73   67   64   64   66   66   64   60   58   58
   61   67   74   81   87   91   94   95   96   97   98  100  102  103  103  102
  101   99   96   93   90   88   86   85   85   84   83   81   78   74   69   65
   60   58   56   56   56   55   53   51   50
    32.5-180.0 180.0   5.0 450.0                            LAT/LON1/LON2/DLON/H
   51   50   51   53   55   56   58   61   65   72   78   80   80   77   74   71
   70   72   77   83   85   83   76   69   64   63   65   65   63   60   59   61
   65   72   80   88   93   98  100  102  103  104  104  107  109  110  109  107
  104  102   99   95   92   90   89   90   91   91   90   87   83   79   74   70
   66   62   60   61   60   58   55   53   51
    30.0-180.0 180.0   5.0 450.0                            LAT/LON1/LON2/DLON/H
   53   52   52   52   53   53   54   57   60   68   75   79   81   79   76   73
   72   73   77   82   85   83   76   69   63   61   63   63   61   59   59   63
   69   77   86   93   99  103  106  108  110  111  112  115  115  114  113  110
  107  105  101   98   96   95   97  100  102  103  101   97   92   87   82   77
   73   69   67   65   63   60   58   55   53
    27.5-180.0 180.0   5.0 450.0                            LAT/LON1/LON2/DLON/H
   55   55   54   52   52   52   51   53   56   62   70   75   77   78   76   73
   72   72   76   80   82   80   74   68   61   60   61   60   58   57   59   65
   72   81   90   98  104  109  112  115  118  118  119  122  121  118  115  112
  109  108  106  104  103  104  110  115  119  121  118  112  106  100   94   89
   83   77   72   68   65   61   59   57   55
    25.0-180.0 180.0   5.0 450.0                            LAT/LON1/LON2/DLON/H
   56   56   55   54   52   51   50   51   52   57   63   68   71   74   73   71
   69   69   72   75   78   76   71   65   60   58   58   57   56   56   58   65
   74   84   94  102  109  115  120  124  126  126  127  128  124  121  117  114
  113  113  114  114  115  119  127  134  140  143  139  133  125  118  111  104
   96   86   79   72   66   61   59   58   56
    22.5-180.0 180.0   5.0 450.0                            LAT/LON1/LON2/DLON/H
   58   57   56   56   54   53   52   51   51   53   58   62   66   68   68   67
   66   66   68   70   72   72   67   63   58   57   56   55   53   53   57   65
   76   87   97  107  115  123  129  134  135  135  135  133  128  123  120  119
  120  122  125  127  131  137  148  158  165  167  163  156  146  138  131  123
  110   98   87   76   68   62   59   58   58
    20.0-180.0 180.0   5.0 450.0                            LAT/LON1/LON2/DLON/H
   58   58   58   57   56   55   54   53   52   52   55   58   61   63   64   64
   64   63   64   66   68   68   64   60   56   55   54   52   50   51   56   65
   77   89  102  113  122  132  138  144  144  143  142  139  133  128  126  126
  130  135  140  145  151  159  172  181  187  189  185  177  167  160  151  142
  127  112   97   83   72   64   60   58   58
    17.5-180.0 180.0   5.0 450.0                            LAT/LON1/LON2/DLON/H
   59   58   58   58   58   58   58   57   55   54   54   56   58   60   61   62
   62   61   62   63   65   64   62   59   55   53   52   50   48   50   56   66
   79   93  106  118  129  139  146  151  152  151  150  146  141  136  134  136
  142  151  158  166  173  182  193  200  204  204  199  192  185  179  171  160
  144  125  107   90   77   68   62   59   59
    15.0-180.0 180.0   5.0 450.0                            LAT/LON1/LON2/DLON/H
   60   59   58   58   59   60   61   60   59   57   55   55   57   59   60   62
   62   62   62   64   64   64   62   58   55   52   50   48   47   50   56   67
   82   96  110  122  134  143  151  155  158  159  158  156  150  145  145  149
  157  167  175  185  192  201  208  211  213  211  206  201  197  193  186  176
  159  138  117   99   83   72   65   62   60
    12.5-180.0 180.0   5.0 450.0                            LAT/LON1/LON2/DLON/H
   63   61   59   59   59   61   62   63   62   60   57   57   58   60   61   63
   64   65   65   66   66   64   62   59   55   52   49   47   46   49   58   70
   84   99  112  124  137  147  155  160  164  167  167  165  161  157  157  163
  171  181  190  198  205  210  214  213  212  209  204  203  201  199  194  185
  169  148  127  107   91   79   70   65   63
    10.0-180.0 180.0   5.0 450.0                            LAT/LON1/LON2/DLON/H
   66   64   61   59   59   60   62   63   63   62   61   61   61   62   64   66
   68   69   69   69   69   66   63   60   56   51   47   46   46   50   59   71
   85   99  113  125  138  149  157  164  170  174  176  176  172  168  169  174
  182  190  199  205  210  213  214  210  206  202  198  198  199  200  197  189
  174  155  134  115   99   85   75   70   66
     7.5-180.0 180.0   5.0 450.0                            LAT/LON1/LON2/DLON/H
   71   67   63   60   59   59   60   62   63   63   63   63   64   66   68   69
   72   73   75   74   72   68   65   60   55   50   46   45   46   50   60   72
   86  100  113  126  138  149  159  166  174  180  184  184  181  178  178  182
  188  195  200  206  208  211  210  205  200  195  193  193  196  199  198  190
  177  159  140  120  104   91   80   75   71
     5.0-180.0 180.0   5.0 450.0                            LAT/LON1/LON2/DLON/H
   75   71   66   61   59   57   58   60   61   63   64   65   66   69   72   74
   75   76   77   77   75   71   66   61   55   49   45   44   47   52   61   73
   87  100  113  125  136  148  158  168  177  185  190  191  188  185  184  186
  189  194  198  202  204  206  206  204  199  195  194  194  197  200  199  192
  179  163  143  124  107   93   84   78   75
     2.5-180.0 180.0   5.0 450.0                            LAT/LON1/LON2/DLON/H
   76   73   69   63   59   56   56   57   58   60   62   64   66   70   73   76
   76   77   77   77   76   73   68   61   54   48   45   45   48   53   63   75
   88  100  112  123  135  146  157  167  178  187  193  194  192  188  186  187
  189  190  194  197  200  204  207  207  206  203  203  204  205  205  204  196
  184  165  146  126  109   94   85   80   76
