DORISInput/IGSGIM/2019/igsg3610.19i
     1.0            IONOSPHERE MAPS     MIX                 IONEX VERSION / TYPE
cmpcmb v1.2          GRL/UWM            16-jan-20 12:11     PGM / RUN BY / DATE 
ionex file containing IGS COMBINED Ionosphere maps          COMMENT             
global ionosphere maps for day 361, 2019                    DESCRIPTION         
IONEX file containing the COMBINED IGS TEC MAPS and DCBs    DESCRIPTION         
      IONEX files of the following IAACs were combined: cod DESCRIPTION         
                                                        esa DESCRIPTION         
                                                        jpl DESCRIPTION         
                                                        upc DESCRIPTION         
Contact address: Andrzej Krankowski                         DESCRIPTION
                 Geodynamics Research Laboratory            DESCRIPTION
                 University of Warmia and Mazury (GRL/UWM)  DESCRIPTION
                 Oczapowski St. 1                           DESCRIPTION
                 10-957-Olsztyn, POLAND                     DESCRIPTION
                 e-mail:  kand@uwm.edu.pl                   DESCRIPTION
                                                            DESCRIPTION         
  2019    12    27     0     0     0                        EPOCH OF FIRST MAP  
  2019    12    28     0     0     0                        EPOCH OF LAST MAP   
  7200                                                      INTERVAL            
    13                                                      # OF MAPS IN FILE   
  COSZ                                                      MAPPING FUNCTION    
     0.0                                                    ELEVATION CUTOFF    
combined TEC calculated as weighted mean of input TEC valuesOBSERVABLES USED    
   389                                                      # OF STATIONS       
    32                                                      # OF SATELLITES     
  6371.0                                                    BASE RADIUS         
     2                                                      MAP DIMENSION       
   450.0 450.0   0.0                                        HGT1 / HGT2 / DHGT  
    87.5 -87.5  -2.5                                        LAT1 / LAT2 / DLAT  
  -180.0 180.0   5.0                                        LON1 / LON2 / DLON  
    -1                                                      EXPONENT            
TEC values in 0.1 tec units;  9999, if no value available   COMMENT             
DCB values in nanoseconds, reference is Sum_of_SatDCBs = 0  COMMENT             
                                                            END OF HEADER       
[from data line 4290]
    11                                                      START OF TEC MAP    
  2019    12    27    20     0     0                        EPOCH OF CURRENT MAP
    87.5-180.0 180.0   5.0 450.0                            LAT/LON1/LON2/DLON/H
   15   15   16   16   16   16   16   16   16   16   16   17   17   17   17   17
   17   17   17   17   17   16   16   16   16   16   16   16   16   15   15   15
   15   14   14   13   13   13   13   13   13   13   12   12   12   12   12   12
   12   12   12   12   12   13   13   13   13   13   13   13   13   13   14   14
   14   14   14   14   14   15   15   15   15
    85.0-180.0 180.0   5.0 450.0                            LAT/LON1/LON2/DLON/H
   16   16   17   17   17   17   18   18   18   19   19   19   19   20   20   20
   20   20   20   20   20   19   19   19   19   18   18   17   17   16   16   16
   15   14   14   14   13   13   13   12   12   12   12   11   11   11   11   11
   11   11   11   11   11   11   11   11   11   12   12   13   13   13   13   14
   14   14   15   15   15   15   16   16   16
    82.5-180.0 180.0   5.0 450.0                            LAT/LON1/LON2/DLON/H
   16   16   17   17   17   18   18   19   19   20   20   22   22   22   23   23
   23   23   23   23   22   22   21   21   20   19   18   18   17   17   17   16
   15   15   14   14   13   13   13   12   12   11   11   11   11   11   11   11
   11   11   11   11   11   11   11   11   12   12   13   13   13   14   13   14
   14   14   14   14   15   15   15   15   16
    80.0-180.0 180.0   5.0 450.0                            LAT/LON1/LON2/DLON/H
   14   14   15   15   16   17   17   18   20   21   21   22   23   24   24   25
   25   25   25   24   24   23   23   22   21   20   19   18   17   17   16   15
   15   14   13   13   13   13   12   12   12   12   11   11   11   11   11   11
   11   11   11   11   11   12   12   12   13   13   13   13   13   13   13   13
   13   13   14   14   14   14   14   14   14
    77.5-180.0 180.0   5.0 450.0                            LAT/LON1/LON2/DLON/H
   12   12   12   13   14   15   15   16   18   19   20   22   24   24   25   26
   26   26   26   26   25   25   24   23   22   21   20   19   18   17   16   15
   14   13   13   13   12   12   11   11   11   11   11   11   11   10   10   10
   10   11   11   11   11   12   12   12   12   12   12   12   12   13   13   12
   12   13   13   12   12   12   12   12   12
    75.0-180.0 180.0   5.0 450.0                            LAT/LON1/LON2/DLON/H
   10   11   10   11   11   12   13   14   16   18   21   22   24   26   27   27
   28   28   27   26   26   25   24   23   21   21   20   19   18   17   15   14
   13   13   12   12   12   11   11   11   10   10   10   10   10   10   10    9
   10   10   10   11   11   11   11   11   11   11   11   11   12   11   12   12
   12   12   12   11   11   10   10   10   10
    72.5-180.0 180.0   5.0 450.0                            LAT/LON1/LON2/DLON/H
    9    9   10   10   11   11   12   14   16   19   21   23   25   27   29   30
   29   29   28   27   26   25   24   23   21   19   18   18   16   16   15   13
   13   11   11   10   10   11   10   10   10   10    9    9    9    9    9    9
    9   10   10   10   10   10   10   11   10   11   11   11   11   12   12   12
   12   11   11   11   10   10    9    9    9
    70.0-180.0 180.0   5.0 450.0                            LAT/LON1/LON2/DLON/H
   10   11   11   11   12   13   14   16   18   21   23   26   27   29   31   31
   31   30   29   29   27   26   24   23   20   18   17   17   16   14   13   12
   11   10    9    9    9    9   10   10   10    9    8    8    8    8    8    8
    9   10   10   10   11   11   11   11   12   12   12   12   12   13   13   14
   14   13   13   12   11   11   10   10   10
    67.5-180.0 180.0   5.0 450.0                            LAT/LON1/LON2/DLON/H
   13   14   14   15   16   17   18   20   22   25   27   29   31   33   34   34
   33   32   31   30   28   26   24   22   21   19   17   16   15   13   12   11
   10    9    9    8    8    8    8    8    9    8    8    8    8    8    8    9
   10   11   12   12   13   13   14   14   14   14   14   14   15   16   16   16
   16   16   15   15   14   13   13   13   13
    65.0-180.0 180.0   5.0 450.0                            LAT/LON1/LON2/DLON/H
   18   19   21   21   22   24   25   26   28   30   32   35   36   37   38   37
   36   35   34   32   30   28   26   24   21   20   17   15   15   13   11   11
    9    9    8    8    7    7    8    8    9    9    9   10   10   10   11   12
   12   14   15   15   17   18   18   18   18   18   18   18   19   19   20   20
   20   19   19   18   17   16   17   17   18
    62.5-180.0 180.0   5.0 450.0                            LAT/LON1/LON2/DLON/H
   22   25   27   29   30   32   33   34   35   36   38   40   41   43   43   42
   41   40   38   35   33   31   28   26   23   21   18   16   15   13   12   11
   10    9    9    8    8    8    9    9   10   12   13   14   15   15   17   17
   18   19   20   20   21   22   23   23   23   23   23   23   24   24   24   24
   23   22   21   20   19   19   19   21   22
    60.0-180.0 180.0   5.0 450.0                            LAT/LON1/LON2/DLON/H
   26   30   33   37   39   40   41   42   42   42   44   45   46   48   48   48
   47   45   43   40   37   34   32   29   27   24   21   18   16   14   14   14
   12   11   10    9    9    9   10   12   15   16   19   20   21   23   24   25
   26   26   26   26   27   27   28   28   28   28   28   29   29   29   29   28
   27   25   24   22   21   20   22   23   26
    57.5-180.0 180.0   5.0 450.0                            LAT/LON1/LON2/DLON/H
   30   34   39   44   47   48   49   49   49   48   49   50   51   53   54   54
   53   51   48   45   42   39   36   34   32   28   24   21   19   18   18   17
   17   16   15   14   13   14   15   17   20   23   26   28   30   32   33   35
   36   36   35   35   34   34   34   34   33   33   34   35   35   34   34   33
   30   29   26   24   22   22   23   26   30
    55.0-180.0 180.0   5.0 450.0                            LAT/LON1/LON2/DLON/H
   33   38   44   49   53   55   56   56   55   54   53   54   56   57   58   59
   58   57   54   51   47   44   42   39   37   34   30   27   25   24   24   23
   23   22   22   21   21   20   21   24   26   30   34   37   39   41   43   45
   46   46   44   44   43   42   41   40   40   39   40   40   40   39   38   36
   33   31   28   25   24   24   25   28   33
    52.5-180.0 180.0   5.0 450.0                            LAT/LON1/LON2/DLON/H
   35   41   48   53   58   61   62   63   62   60   58   59   59   61   62   64
   64   62   60   56   53   50   49   46   44   41   38   34   32   31   31   31
   30   30   30   30   28   27   28   30   33   36   40   44   47   50   51   54
   55   55   55   54   52   50   47   46   45   45   45   45   44   43   40   37
   34   31   29   26   25   25   27   30   35
    50.0-180.0 180.0   5.0 450.0                            LAT/LON1/LON2/DLON/H
   38   44   51   58   63   67   69   69   68   66   64   64   64   65   67   69
   69   67   65   62   59   57   56   54   53   51   47   44   42   39   38   38
   37   37   38   37   36   35   35   36   39   43   47   51   54   57   59   62
   64   64   64   63   60   57   53   51   49   50   49   48   47   45   41   37
   34   31   28   27   27   27   29   33   38
    47.5-180.0 180.0   5.0 450.0                            LAT/LON1/LON2/DLON/H
   41   47   55   62   68   72   75   76   76   73   71   70   70   70   72   73
   74   72   70   67   66   65   65   65   64   62   58   55   52   48   45   43
   43   44   45   45   44   42   41   42   44   48   52   55   59   62   65   67
   70   71   72   70   66   62   57   54   52   52   52   51   49   46   41   36
   33   30   28   27   27   28   31   35   41
    45.0-180.0 180.0   5.0 450.0                            LAT/LON1/LON2/DLON/H
   44   51   57   65   72   77   81   83   83   82   81   79   77   77   78   79
   79   78   76   74   73   74   75   77   76   74   70   67   62   55   51   49
   48   49   51   52   51   49   47   48   49   52   55   59   63   66   69   72
   75   77   78   75   71   66   60   56   54   53   53   52   50   47   42   37
   34   31   29   28   29   31   34   39   44
    42.5-180.0 180.0   5.0 450.0                            LAT/LON1/LON2/DLON/H
   48   54   61   68   75   82   86   89   91   92   90   88   86   85   85   86
   85   84   82   81   82   84   85   88   88   86   81   75   68   61   56   53
   52   53   55   57   56   55   53   52   53   56   59   62   66   68   73   76
   79   81   81   78   74   68   63   58   55   55   54   53   50   47   43   39
   35   33   31   30   32   34   37   42   48
    40.0-180.0 180.0   5.0 450.0                            LAT/LON1/LON2/DLON/H
   52   57   63   70   77   84   90   95   98  100  100   98   95   94   93   92
   91   90   88   88   89   93   95   98   98   94   87   80   73   66   61   57
   56   57   60   61   61   59   57   56   57   59   62   65   68   71   75   79
   81   83   82   79   74   68   62   57   56   55   55   53   51   48   44   40
   37   35   34   34   34   37   42   47   52
    37.5-180.0 180.0   5.0 450.0                            LAT/LON1/LON2/DLON/H
   56   61   66   72   78   85   91   98  103  107  109  107  105  102  100   99
   98   96   94   94   96  100  103  106  105   99   91   84   76   70   65   62
   60   61   63   64   64   63   62   60   61   63   66   69   71   73   76   78
   81   81   80   76   71   66   60   57   55   55   55   54   52   49   45   43
   41   39   38   37   38   41   46   51   56
    35.0-180.0 180.0   5.0 450.0                            LAT/LON1/LON2/DLON/H
   61   65   69   74   79   84   91   99  105  111  114  114  113  110  107  105
  103  101  100   99  101  105  108  111  108  101   93   86   79   71   68   65
   65   66   67   69   69   68   66   65   66   67   70   72   74   75   76   77
   78   78   76   72   67   62   58   56   55   54   54   54   53   50   47   46
   44   43   42   41   42   45   51   56   61
    32.5-180.0 180.0   5.0 450.0                            LAT/LON1/LON2/DLON/H
   66   70   73   76   79   83   90   98  105  112  117  119  119  116  113  110
  108  106  104  104  105  108  111  112  108  101   93   85   79   73   72   71
   72   73   74   74   74   72   70   69   70   72   74   75   75   75   75   74
   74   73   71   68   64   60   58   56   55   54   54   54   52   50   48   48
   47   46   45   44   45   49   55   62   66
    30.0-180.0 180.0   5.0 450.0                            LAT/LON1/LON2/DLON/H
   72   76   78   80   81   84   89   96  103  111  118  120  122  120  117  114
  111  109  107  107  108  109  110  110  106   99   90   85   81   78   78   79
   80   81   82   82   80   77   74   73   74   75   77   76   76   75   74   72
   70   68   67   64   61   59   57   56   55   54   53   53   52   50   49   48
   48   48   46   46   48   53   60   67   72
    27.5-180.0 180.0   5.0 450.0                            LAT/LON1/LON2/DLON/H
   78   82   84   85   85   85   88   94  101  109  116  120  122  122  119  116
  114  112  111  110  110  110  110  109  105   98   91   88   87   86   88   89
   91   92   92   89   85   80   76   75   76   77   78   77   76   75   72   70
   67   64   62   60   59   57   56   54   53   53   52   51   50   49   48   48
   48   47   46   47   50   56   64   72   78
    25.0-180.0 180.0   5.0 450.0                            LAT/LON1/LON2/DLON/H
   84   89   93   93   92   91   92   96  102  109  115  120  122  123  120  118
  115  114  113  113  113  112  111  110  107  101   96   97   97   97  100  100
  101  102  100   97   90   84   78   76   75   76   76   76   75   73   72   69
   65   59   58   56   56   55   54   52   50   50   50   50   48   47   46   46
   46   45   45   46   51   58   68   77   84
    22.5-180.0 180.0   5.0 450.0                            LAT/LON1/LON2/DLON/H
   90   98  101  102  102  101  102  103  107  113  117  121  123  124  121  118
  116  115  116  116  116  115  114  114  113  109  108  109  112  111  112  111
  111  111  107  101   94   85   79   75   73   73   73   73   73   71   71   67
   63   56   53   53   53   52   51   49   48   47   47   46   45   43   43   43
   42   42   43   45   51   60   72   82   90
    20.0-180.0 180.0   5.0 450.0                            LAT/LON1/LON2/DLON/H
   97  105  110  114  116  117  116  117  118  121  123  126  127  126  124  120
  117  117  119  120  120  120  120  122  123  124  124  126  128  126  124  122
  121  118  112  103   94   86   78   74   71   69   69   70   70   69   68   64
   61   54   51   51   51   50   48   46   45   44   43   42   41   40   40   40
   39   39   40   45   53   64   76   87   97
    17.5-180.0 180.0   5.0 450.0                            LAT/LON1/LON2/DLON/H
  103  112  120  126  130  133  135  136  136  136  135  136  136  134  129  123
  120  120  123  124  126  126  128  133  136  139  140  143  145  140  135  131
  127  122  114  103   93   84   76   72   69   67   67   67   67   66   63   59
   57   53   52   51   50   49   46   44   43   41   40   39   38   37   37   36
   36   36   38   45   56   68   81   93  103
    15.0-180.0 180.0   5.0 450.0                            LAT/LON1/LON2/DLON/H
  110  119  128  137  144  151  156  158  157  154  152  151  149  145  137  131
  126  124  126  129  132  134  137  145  151  156  156  157  157  153  147  138
  130  122  112  100   91   83   75   71   68   67   66   65   64   62   58   54
   53   53   53   53   51   48   46   43   41   40   39   37   36   36   35   34
   34   34   38   46   59   73   87   99  110
    12.5-180.0 180.0   5.0 450.0                            LAT/LON1/LON2/DLON/H
  117  127  137  148  159  168  176  181  179  176  172  170  166  161  150  140
  133  130  130  134  137  140  146  157  167  171  170  168  165  161  153  143
  132  120  109   99   90   83   77   73   71   69   67   64   61   58   54   51
   52   52   54   54   51   47   45   42   40   38   37   36   36   35   34   34
   33   34   38   48   63   79   94  106  117
    10.0-180.0 180.0   5.0 450.0                            LAT/LON1/LON2/DLON/H
  125  135  146  157  170  183  193  201  199  196  194  190  187  180  166  151
  141  135  135  137  141  145  154  166  177  182  179  174  169  164  156  145
  133  121  109  100   91   87   82   77   75   73   70   64   59   55   52   50
   50   52   54   53   50   45   43   40   39   38   37   36   36   35   34   34
   33   34   39   51   67   84   99  113  125
     7.5-180.0 180.0   5.0 450.0                            LAT/LON1/LON2/DLON/H
  132  142  154  166  179  192  205  213  215  213  210  209  206  198  183  165
  150  142  140  142  145  150  160  172  183  187  183  176  171  166  160  149
  138  126  115  106   98   94   89   84   81   78   72   66   61   56   53   51
   51   52   52   52   49   46   42   40   40   39   38   37   37   37   36   34
   33   35   41   54   70   88  105  119  132
     5.0-180.0 180.0   5.0 450.0                            LAT/LON1/LON2/DLON/H
  137  148  160  172  185  198  209  217  221  222  222  222  220  214  198  177
  160  150  146  146  148  154  165  176  185  189  184  179  173  171  167  158
  149  137  126  117  110  104   99   93   89   84   78   72   67   63   59   55
   55   54   53   52   50   47   44   43   42   42   41   40   40   39   38   36
   35   37   44   57   73   91  108  123  137
     2.5-180.0 180.0   5.0 450.0                            LAT/LON1/LON2/DLON/H
  140  152  163  176  189  201  211  217  221  225  227  229  228  222  208  188
  170  158  152  150  151  158  170  180  187  192  188  183  180  180  178  171
  162  150  139  131  123  116  110  103   96   90   85   81   78   74   69   64
   61   57   55   54   52   49   47   46   46   45   44   43   43   42   40   38
   37   40   47   61   76   93  110  125  140
