DORISInput/IGSGIM/2019/igsg3590.19i
     1.0            IONOSPHERE MAPS     MIX                 IONEX VERSION / TYPE
cmpcmb v1.2          GRL/UWM            16-jan-20 11:57     PGM / RUN BY / DATE 
ionex file containing IGS COMBINED Ionosphere maps          COMMENT             
global ionosphere maps for day 359, 2019                    DESCRIPTION         
IONEX file containing the COMBINED IGS TEC MAPS and DCBs    DESCRIPTION         
      IONEX files of the following IAACs were combined: cod DESCRIPTION         
                                                        esa DESCRIPTION         
                                                        jpl DESCRIPTION         
                                                        upc DESCRIPTION         
Contact address: Andrzej Krankowski                         DESCRIPTION
                 Geodynamics Research Laboratory            DESCRIPTION
                 University of Warmia and Mazury (GRL/UWM)  DESCRIPTION
                 Oczapowski St. 1                           DESCRIPTION
                 10-957-Olsztyn, POLAND                     DESCRIPTION
                 e-mail:  kand@uwm.edu.pl                   DESCRIPTION
                                                            DESCRIPTION         
  2019    12    25     0     0     0                        EPOCH OF FIRST MAP  
  2019    12    26     0     0     0                        EPOCH OF LAST MAP   
  7200                                                      INTERVAL            
    13                                                      # OF MAPS IN FILE   
  COSZ                                                      MAPPING FUNCTION    
     0.0                                                    ELEVATION CUTOFF    
combined TEC calculated as weighted mean of input TEC valuesOBSERVABLES USED    
   400                                                      # OF STATIONS       
    32                                                      # OF SATELLITES     
  6371.0                                                    BASE RADIUS         
     2                                                      MAP DIMENSION       
   450.0 450.0   0.0                                        HGT1 / HGT2 / DHGT  
    87.5 -87.5  -2.5                                        LAT1 / LAT2 / DLAT  
  -180.0 180.0   5.0                                        LON1 / LON2 / DLON  
    -1                                                      EXPONENT            
TEC values in 0.1 tec units;  9999, if no value available   COMMENT             
DCB values in nanoseconds, reference is Sum_of_SatDCBs = 0  COMMENT             
                                                            END OF HEADER       
[from data line 3003]
     8                                                      START OF TEC MAP    
  2019    12    25    14     0     0                        EPOCH OF CURRENT MAP
    87.5-180.0 180.0   5.0 450.0                            LAT/LON1/LON2/DLON/H
   14   14   14   14   14   14   14   14   14   14   14   13   13   13   13   13
   13   12   12   12   12   12   12   12   11   11   11   11   11   11   11   11
   11   11   11   11   11   11   11   11   11   12   12   12   13   13   13   13
   13   13   13   14   14   14   14   14   14   14   14   14   14   14   14   14
   15   15   15   15   15   15   14   14   14
    85.0-180.0 180.0   5.0 450.0                            LAT/LON1/LON2/DLON/H
   16   16   16   16   16   16   16   16   16   16   16   16   16   15   15   14
   14   13   13   12   11   11   11   10   10   10    9    9    9    9    9    9
    9    9    9    9    9   10   10   11   11   11   12   12   12   12   13   13
   13   14   14   15   15   15   15   16   16   16   16   16   16   16   16   16
   16   16   16   16   16   16   16   16   16
    82.5-180.0 180.0   5.0 450.0                            LAT/LON1/LON2/DLON/H
   17   18   18   19   19   19   19   19   19   19   19   18   18   18   17   16
   16   15   14   13   12   11   10    9    9   10    9    9    9    9    9    9
    9    9    9    9    9   10   10   10   11   11   12   12   13   12   13   13
   14   14   15   15   16   16   16   16   17   17   17   17   17   17   17   17
   17   17   17   16   17   16   17   17   17
    80.0-180.0 180.0   5.0 450.0                            LAT/LON1/LON2/DLON/H
   16   17   18   19   19   20   20   21   22   22   22   22   22   21   21   20
   19   17   15   14   12   11   10   10   10   10   10   10   10   10    9    9
    9    9    9    9    9    9   10   10   11   11   12   12   12   12   12   13
   13   13   14   14   15   16   16   17   17   17   17   17   17   17   17   16
   17   17   17   15   15   15   16   16   16
    77.5-180.0 180.0   5.0 450.0                            LAT/LON1/LON2/DLON/H
   15   16   17   18   19   20   21   22   23   24   24   25   24   24   23   22
   21   19   18   16   15   12   11   10   10   10   10   10   10   10   10   10
   10   10   11   11   11   11   10   10   10   11   11   11   11   11   11   11
   12   13   13   14   14   14   14   14   15   15   15   15   15   15   15   15
   15   15   15   14   14   14   14   15   15
    75.0-180.0 180.0   5.0 450.0                            LAT/LON1/LON2/DLON/H
   13   14   15   16   17   19   20   22   23   24   24   25   25   25   25   25
   23   21   20   18   16   14   13   12   11   11   11   12   11   12   12   13
   13   14   13   13   13   13   12   11   11   11   10   10   10    9    9   10
   11   11   11   12   12   12   12   12   12   12   13   13   13   12   12   12
   12   12   12   11   12   12   12   12   13
    72.5-180.0 180.0   5.0 450.0                            LAT/LON1/LON2/DLON/H
   11   12   13   14   15   17   18   19   21   22   22   24   25   26   25   24
   23   22   21   19   18   16   16   15   15   14   15   15   16   16   16   16
   17   18   17   16   16   15   14   13   11   11   10    9    8    9    9    9
    9   10   10   11   11   10   10   10   10   11   11   11   10   10   10   10
   10   10   10   10   10   10   10   10   11
    70.0-180.0 180.0   5.0 450.0                            LAT/LON1/LON2/DLON/H
   10   10   11   12   13   14   15   16   17   19   19   21   22   22   22   22
   22   21   20   19   19   19   19   19   20   19   20   20   21   21   21   21
   22   22   21   20   19   17   16   15   13   11   11   10    9    9    9    9
    9    8    9    9    9    9   10   10   10   10   10   10   10    9    9    9
    9    9    9    9    9    9    9    9   10
    67.5-180.0 180.0   5.0 450.0                            LAT/LON1/LON2/DLON/H
   11   11   11   12   13   13   13   13   14   14   15   16   17   18   18   18
   18   18   18   18   19   21   22   23   23   24   25   25   26   26   27   27
   27   26   25   24   22   20   18   16   14   13   12   11   11   10   10   10
   10    9    9   10   10   11   11   12   11   11   11   11   11   11   11   11
   11   11   11   11   11   11   10   11   11
    65.0-180.0 180.0   5.0 450.0                            LAT/LON1/LON2/DLON/H
   14   14   14   14   13   13   12   12   11   11   11   12   12   12   12   13
   14   14   15   17   19   22   24   26   27   29   30   31   31   31   32   32
   32   31   29   27   25   22   20   18   17   16   15   15   14   14   13   13
   13   13   12   12   13   14   14   15   15   15   15   15   15   15   15   14
   15   14   15   14   14   14   14   14   14
    62.5-180.0 180.0   5.0 450.0                            LAT/LON1/LON2/DLON/H
   19   19   19   18   16   15   13   12   11   10   10    9    9    9    9    9
    9   10   12   15   19   22   26   29   31   34   35   35   36   37   37   37
   37   36   34   32   29   26   23   22   21   20   20   20   19   19   19   18
   18   17   16   16   16   18   19   19   19   19   19   20   20   19   19   19
   20   20   20   19   19   19   19   19   19
    60.0-180.0 180.0   5.0 450.0                            LAT/LON1/LON2/DLON/H
   25   24   25   24   22   20   18   16   13   12   11    9    8    8    8    8
    9   10   12   16   20   24   28   32   34   38   39   40   41   42   42   42
   42   41   39   36   33   30   28   26   26   26   26   26   26   25   25   24
   23   22   21   20   20   22   23   23   24   24   25   26   26   26   25   26
   26   26   25   25   24   23   24   24   25
    57.5-180.0 180.0   5.0 450.0                            LAT/LON1/LON2/DLON/H
   30   30   30   30   28   26   24   21   19   16   15   12   11    9    9    9
   10   12   15   19   23   27   31   35   37   41   43   44   47   48   49   48
   48   47   45   42   39   36   34   33   33   33   33   34   33   33   31   29
   28   27   26   25   25   26   27   28   29   30   31   32   32   33   33   34
   33   33   31   30   29   28   28   29   30
    55.0-180.0 180.0   5.0 450.0                            LAT/LON1/LON2/DLON/H
   35   36   36   35   34   33   31   29   26   23   21   19   16   14   12   12
   13   16   19   23   27   30   34   37   41   44   47   50   53   55   55   55
   54   53   51   48   46   43   42   40   41   41   42   41   40   39   37   35
   33   32   31   31   31   32   33   34   35   35   37   38   40   41   42   43
   42   40   38   36   34   33   32   34   35
    52.5-180.0 180.0   5.0 450.0                            LAT/LON1/LON2/DLON/H
   39   41   41   41   41   40   38   36   35   32   30   27   24   21   19   19
   20   23   26   29   32   35   38   41   45   48   52   56   59   61   62   61
   60   59   58   56   54   52   51   50   49   50   50   49   47   45   43   40
   38   36   36   37   36   37   39   41   42   43   45   46   48   49   50   51
   49   46   43   40   39   37   37   38   39
    50.0-180.0 180.0   5.0 450.0                            LAT/LON1/LON2/DLON/H
   44   45   46   46   46   45   44   44   43   42   40   37   34   31   28   28
   29   31   34   37   39   41   43   46   50   53   58   62   65   67   68   68
   67   65   64   63   61   61   61   60   59   59   58   56   54   51   49   46
   43   42   42   42   43   44   46   48   50   51   53   54   55   56   57   57
   55   51   48   44   42   41   41   43   44
    47.5-180.0 180.0   5.0 450.0                            LAT/LON1/LON2/DLON/H
   47   49   49   50   50   50   50   50   51   51   49   47   44   40   38   36
   37   41   43   46   47   48   51   53   56   59   64   69   73   74   74   73
   72   70   69   69   70   70   71   71   70   69   67   64   61   58   55   52
   50   49   48   48   49   51   53   55   57   58   59   60   61   61   61   61
   58   54   50   47   45   44   44   46   47
    45.0-180.0 180.0   5.0 450.0                            LAT/LON1/LON2/DLON/H
   49   50   51   52   53   53   53   55   56   58   57   55   53   49   47   45
   45   49   52   54   56   57   59   62   64   67   71   76   79   80   79   78
   75   74   73   75   78   80   82   81   80   78   74   71   68   64   62   59
   56   56   55   55   56   57   59   61   62   63   64   64   64   64   65   64
   61   57   53   49   46   46   46   48   49
    42.5-180.0 180.0   5.0 450.0                            LAT/LON1/LON2/DLON/H
   50   50   51   53   54   55   55   57   60   62   64   63   60   57   54   52
   53   57   61   63   65   66   68   71   72   75   77   81   83   84   84   82
   78   77   78   82   86   90   92   93   90   87   82   78   74   70   68   65
   63   62   62   62   63   63   65   66   66   66   66   65   65   65   66   66
   64   61   56   52   49   48   48   49   50
    40.0-180.0 180.0   5.0 450.0                            LAT/LON1/LON2/DLON/H
   50   50   51   52   54   55   56   58   61   65   68   68   66   63   60   58
   59   63   67   71   74   76   77   79   80   81   82   84   87   88   88   85
   82   81   84   89   95  100  103  103  100   95   89   84   79   76   73   71
   69   68   67   67   67   67   69   69   69   69   68   67   66   66   67   67
   65   62   58   55   52   50   50   50   50
    37.5-180.0 180.0   5.0 450.0                            LAT/LON1/LON2/DLON/H
   50   50   49   51   54   54   55   56   61   66   71   72   70   67   65   63
   64   69   73   78   81   83   85   86   86   86   86   87   89   91   91   88
   87   88   92   98  106  112  115  115  111  104   97   91   86   81   78   76
   74   72   71   70   69   69   70   70   70   70   69   68   66   67   67   67
   66   63   60   55   52   51   51   51   50
    35.0-180.0 180.0   5.0 450.0                            LAT/LON1/LON2/DLON/H
   50   49   48   50   52   53   53   54   58   64   70   72   72   70   68   67
   69   74   79   83   87   89   91   92   90   89   88   89   91   93   94   94
   95   99  103  111  119  126  129  126  122  115  106   98   92   87   83   81
   78   74   73   71   70   69   70   70   69   69   68   67   66   66   67   67
   66   64   60   55   52   51   51   50   50
    32.5-180.0 180.0   5.0 450.0                            LAT/LON1/LON2/DLON/H
   49   48   47   49   50   52   51   52   55   60   66   71   72   71   71   70
   73   77   82   87   90   92   94   93   92   89   88   89   92   96  100  104
  107  112  118  126  134  139  141  140  135  128  118  108   99   93   89   85
   81   76   73   70   70   70   69   69   68   67   67   66   66   66   67   67
   66   64   59   53   50   49   50   50   49
    30.0-180.0 180.0   5.0 450.0                            LAT/LON1/LON2/DLON/H
   48   47   46   48   49   50   49   49   51   56   62   68   71   72   73   74
   77   81   85   89   92   93   93   92   90   88   87   90   95  102  109  117
  122  129  136  145  151  157  156  153  147  140  131  120  109  102   96   91
   86   79   75   71   70   70   69   68   67   67   67   67   67   67   66   66
   65   62   57   52   49   48   48   49   48
    27.5-180.0 180.0   5.0 450.0                            LAT/LON1/LON2/DLON/H
   47   46   46   47   48   49   48   48   49   53   58   64   69   72   75   77
   80   83   87   90   92   92   92   90   88   86   87   93  102  113  123  133
  141  151  159  166  171  175  171  164  159  153  144  134  123  113  107  101
   94   86   79   74   72   70   69   67   66   67   69   69   69   67   66   65
   62   59   54   50   47   45   46   47   47
    25.0-180.0 180.0   5.0 450.0                            LAT/LON1/LON2/DLON/H
   46   46   46   47   48   48   47   47   48   50   55   60   66   71   76   80
   83   86   88   90   91   91   90   89   88   88   92  101  113  127  141  152
  164  175  184  189  191  191  184  175  171  166  160  150  140  130  123  115
  106   95   84   77   73   71   69   66   66   68   70   71   70   68   66   63
   60   56   52   48   44   43   44   45   46
    22.5-180.0 180.0   5.0 450.0                            LAT/LON1/LON2/DLON/H
   45   45   45   46   47   47   47   46   46   48   52   57   63   71   76   82
   86   89   90   91   91   91   91   91   93   95  101  113  129  146  161  172
  184  194  202  204  202  199  195  185  181  179  174  167  159  149  142  133
  119  105   92   82   75   72   69   67   67   69   71   71   70   67   64   60
   57   52   48   45   42   41   42   44   45
    20.0-180.0 180.0   5.0 450.0                            LAT/LON1/LON2/DLON/H
   44   45   45   45   46   47   47   47   47   47   50   54   61   70   77   84
   89   92   93   93   93   94   96   99  103  109  117  130  149  168  183  192
  201  207  212  210  206  201  196  190  188  189  186  183  178  170  162  151
  135  118  100   88   79   73   71   70   70   71   71   71   69   65   61   57
   53   50   47   43   41   40   41   43   44
    17.5-180.0 180.0   5.0 450.0                            LAT/LON1/LON2/DLON/H
   42   43   44   44   45   46   46   47   48   48   49   53   60   69   77   86
   92   94   96   98  100  102  106  111  117  125  136  150  171  188  203  210
  213  214  215  211  205  198  194  191  193  196  197  196  195  189  182  168
  151  131  111   96   85   78   76   75   74   73   72   70   67   62   57   54
   51   48   47   43   41   40   41   42   42
    15.0-180.0 180.0   5.0 450.0                            LAT/LON1/LON2/DLON/H
   41   42   43   43   43   45   46   48   49   49   50   53   58   68   77   87
   93   96  100  104  109  113  119  126  134  144  156  170  187  203  215  219
  217  215  213  208  200  195  191  192  195  201  205  207  207  204  197  183
  166  144  122  105   92   84   82   81   79   76   73   69   65   60   55   52
   50   48   47   44   42   41   41   41   41
    12.5-180.0 180.0   5.0 450.0                            LAT/LON1/LON2/DLON/H
   40   41   41   41   41   43   45   47   50   51   51   53   59   68   79   89
   97  101  107  113  120  127  134  144  154  165  177  188  201  211  218  218
  214  212  209  203  196  192  191  193  198  205  211  214  214  212  207  195
  177  155  132  114   99   91   87   86   83   79   73   68   62   56   53   50
   49   47   48   46   44   42   41   40   40
    10.0-180.0 180.0   5.0 450.0                            LAT/LON1/LON2/DLON/H
   39   39   39   39   39   40   42   46   48   50   52   54   60   69   81   92
  102  108  114  123  132  142  153  164  174  186  194  201  207  213  215  214
  210  207  204  200  195  194  195  198  203  209  214  218  218  217  212  201
  183  162  140  121  106   97   92   89   85   80   73   67   61   55   52   49
   48   47   48   48   46   44   41   40   39
     7.5-180.0 180.0   5.0 450.0                            LAT/LON1/LON2/DLON/H
   37   37   36   36   35   36   39   42   45   48   51   55   62   72   84   96
  106  115  123  134  143  155  170  184  195  202  205  206  208  210  211  209
  207  206  204  202  201  201  203  206  209  213  216  219  220  218  213  202
  186  167  147  128  113  102   96   92   88   82   75   68   63   58   54   51
   49   49   48   48   47   44   41   39   37
     5.0-180.0 180.0   5.0 450.0                            LAT/LON1/LON2/DLON/H
   36   35   34   33   32   32   34   37   41   44   48   54   63   75   88  101
  112  123  133  145  156  168  184  200  211  212  210  208  207  207  207  207
  208  209  211  212  212  215  216  217  217  218  219  220  221  218  212  203
  189  172  154  136  122  111  103   97   92   86   79   74   69   65   60   55
   52   50   49   48   47   45   41   38   36
     2.5-180.0 180.0   5.0 450.0                            LAT/LON1/LON2/DLON/H
   37   35   33   31   30   30   30   32   35   38   44   51   62   77   93  107
  120  132  145  158  169  181  196  210  217  216  213  210  207  206  207  209
  214  218  224  228  231  233  233  232  228  226  225  224  223  221  214  206
  195  179  164  148  134  122  113  106   99   94   88   83   80   75   69   62
   56   52   50   48   47   45   42   39   37
