DORISInput/IGSGIM/2019/igsg3500.19i
     1.0            IONOSPHERE MAPS     MIX                 IONEX VERSION / TYPE
cmpcmb v1.2          GRL/UWM             4-jan-20 13:28     PGM / RUN BY / DATE 
ionex file containing IGS COMBINED Ionosphere maps          COMMENT             
global ionosphere maps for day 350, 2019                    DESCRIPTION         
IONEX file containing the COMBINED IGS TEC MAPS and DCBs    DESCRIPTION         
      IONEX files of the following IAACs were combined: cod DESCRIPTION         
                                                        esa DESCRIPTION         
                                                        jpl DESCRIPTION         
                                                        upc DESCRIPTION         
Contact address: Andrzej Krankowski                         DESCRIPTION
                 Geodynamics Research Laboratory            DESCRIPTION
                 University of Warmia and Mazury (GRL/UWM)  DESCRIPTION
                 Oczapowski St. 1                           DESCRIPTION
                 10-957-Olsztyn, POLAND                     DESCRIPTION
                 e-mail:  kand@uwm.edu.pl                   DESCRIPTION
                                                            DESCRIPTION         
  2019    12    16     0     0     0                        EPOCH OF FIRST MAP  
  2019    12    17     0     0     0                        EPOCH OF LAST MAP   
  7200                                                      INTERVAL            
    13                                                      # OF MAPS IN FILE   
  COSZ                                                      MAPPING FUNCTION    
     0.0                                                    ELEVATION CUTOFF    
combined TEC calculated as weighted mean of input TEC valuesOBSERVABLES USED    
   394                                                      # OF STATIONS       
    32                                                      # OF SATELLITES     
  6371.0                                                    BASE RADIUS         
     2                                                      MAP DIMENSION       
   450.0 450.0   0.0                                        HGT1 / HGT2 / DHGT  
    87.5 -87.5  -2.5                                        LAT1 / LAT2 / DLAT  
  -180.0 180.0   5.0                                        LON1 / LON2 / DLON  
    -1                                                      EXPONENT            
TEC values in 0.1 tec units;  9999, if no value available   COMMENT             
DCB values in nanoseconds, reference is Sum_of_SatDCBs = 0  COMMENT             
                                                            END OF HEADER       
[from data line 858]
     3                                                      START OF TEC MAP    
  2019    12    16     4     0     0                        EPOCH OF CURRENT MAP
    87.5-180.0 180.0   5.0 450.0                            LAT/LON1/LON2/DLON/H
   16   16   16   16   17   17   17   17   17   17   17   17   17   17   16   16
   16   16   16   16   16   15   15   15   15   14   14   14   14   14   14   14
   14   14   14   15   15   15   15   15   15   15   15   15   15   15   15   15
   15   15   15   15   15   15   15   15   15   14   15   15   15   15   15   15
   15   15   15   15   15   16   16   16   16
    85.0-180.0 180.0   5.0 450.0                            LAT/LON1/LON2/DLON/H
   15   16   17   17   18   18   18   19   19   19   18   18   18   18   18   18
   17   17   16   15   14   14   13   13   13   12   11   11   12   12   12   12
   12   13   13   14   14   14   14   14   14   14   15   15   15   15   15   15
   14   14   13   13   13   12   12   12   12   12   12   12   12   11   11   11
   12   12   12   13   13   14   14   15   15
    82.5-180.0 180.0   5.0 450.0                            LAT/LON1/LON2/DLON/H
   13   14   15   16   17   18   19   19   20   20   20   20   19   19   18   17
   16   15   14   14   13   12   10    9    8    8    8    7    8    9    9   10
   10   11   12   12   13   13   14   14   14   14   14   14   14   14   13   13
   12   12   11   11   10   10   10    9    9    9    9    9    9    9    9    9
    9    9   10   10   10   11   11   12   13
    80.0-180.0 180.0   5.0 450.0                            LAT/LON1/LON2/DLON/H
   11   12   13   15   16   17   18   19   20   21   21   21   21   20   18   17
   16   14   12   10    9    8    7    6    5    6    6    6    7    8    9    9
    9   10   10   11   12   12   13   13   13   13   13   13   12   12   11   11
   10   10    9    9    9    9    9    9    9    9    9    9    9    9    9    9
    9    9    9    9    9   10   10   11   11
    77.5-180.0 180.0   5.0 450.0                            LAT/LON1/LON2/DLON/H
   10   11   11   12   14   15   17   18   18   19   20   21   21   19   18   16
   15   13   11    9    8    6    5    5    5    5    6    6    6    7    8    9
    9   10   10   10   10   11   11   11   11   11   11   11   10    9    9    8
    8    9    9    8    8    9    9    9    9    9    9    9    9    9    9    9
    9    9    9    9    9    9   10   10   10
    75.0-180.0 180.0   5.0 450.0                            LAT/LON1/LON2/DLON/H
   10   10   10   11   12   13   14   15   16   18   18   18   18   17   17   15
   14   12   10    9    7    6    5    5    5    5    6    6    7    7    8    8
    9    9    9   10   10   10   10    9    9    9    9    9    9    9    8    8
    8    8    9    9    9   10   10   11   12   13   13   14   14   14   14   13
   13   12   11   10   10   10   10   10   10
    72.5-180.0 180.0   5.0 450.0                            LAT/LON1/LON2/DLON/H
   11   11   10   11   11   11   12   13   14   15   15   16   15   15   15   14
   13   12   11    9    8    7    6    6    6    6    7    7    8    8    8    9
    9    9    9    9    9    9    9    9    9    9    8    9    9    8    8    8
    9    9   10   11   12   14   15   17   18   19   20   21   21   22   22   22
   21   19   18   17   15   14   13   12   11
    70.0-180.0 180.0   5.0 450.0                            LAT/LON1/LON2/DLON/H
   15   13   12   12   11   11   11   11   12   12   12   12   12   12   13   12
   12   12   12   11   10    9    8    7    6    7    9    9   10    9    9    8
    9    9    9    9    8    9    8    8    8    8    8    9    9    9    9   10
   10   11   13   15   17   20   22   24   26   28   29   30   31   31   31   31
   30   28   27   25   23   20   18   16   15
    67.5-180.0 180.0   5.0 450.0                            LAT/LON1/LON2/DLON/H
   19   18   15   14   14   13   12   11   11   10   10    9   10   10   11   10
   11   12   12   12   12   11   11   10    9   10   10   10   10   10    9    9
    9    8    8    8    8    8    8    8    9    9    9    9    9   10   11   11
   13   14   18   21   24   27   30   32   35   36   37   39   40   40   40   39
   39   38   36   34   31   28   25   22   19
    65.0-180.0 180.0   5.0 450.0                            LAT/LON1/LON2/DLON/H
   25   22   20   18   17   16   14   13   12   10    9    9    8    9    9   10
   10   11   12   13   13   13   12   12   11   11   12   12   12   11   10   10
    9    9    8    8    8    8    9    9   10   10   10   11   12   12   13   14
   17   20   24   27   31   35   37   39   42   43   44   45   45   45   45   45
   45   45   43   40   38   35   32   29   25
    62.5-180.0 180.0   5.0 450.0                            LAT/LON1/LON2/DLON/H
   31   27   25   23   21   20   18   16   14   12   10    9    8    8    8    9
    9   11   11   12   13   13   12   12   12   12   12   13   13   13   13   12
   11   10    9    9    9   10   10   11   12   13   15   15   15   17   18   19
   23   26   30   34   38   41   44   45   47   48   48   48   49   49   48   49
   48   48   47   45   43   40   37   34   31
    60.0-180.0 180.0   5.0 450.0                            LAT/LON1/LON2/DLON/H
   34   31   29   27   25   24   23   20   18   15   13   10    9    8    8    9
   10   10   11   11   11   12   11   11   11   12   12   14   14   15   15   15
   14   13   12   12   12   13   14   16   18   20   21   22   22   22   23   25
   28   32   37   41   44   47   50   51   52   53   52   52   52   52   51   51
   50   50   49   48   46   43   40   37   34
    57.5-180.0 180.0   5.0 450.0                            LAT/LON1/LON2/DLON/H
   37   33   31   29   28   28   26   25   22   19   16   13   11   10   10   10
   10   11   11   10   10   11   10   11   12   13   14   15   17   18   19   19
   18   17   17   17   17   18   21   24   26   28   29   29   29   29   29   31
   34   39   43   46   50   54   55   56   57   57   56   56   56   55   54   52
   51   51   51   50   49   46   43   40   37
    55.0-180.0 180.0   5.0 450.0                            LAT/LON1/LON2/DLON/H
   40   36   33   31   30   30   29   28   26   23   20   18   15   14   13   13
   12   12   11   10   10   10   10   12   13   15   16   19   21   23   24   25
   24   24   23   23   24   26   29   32   36   37   37   37   36   35   35   37
   41   45   49   53   56   59   61   62   62   62   61   60   60   59   58   56
   54   54   53   53   52   50   47   43   40
    52.5-180.0 180.0   5.0 450.0                            LAT/LON1/LON2/DLON/H
   44   39   35   33   32   31   31   30   29   27   24   22   20   18   17   16
   15   14   12   11   11   11   12   14   16   19   21   25   28   30   32   32
   31   31   31   31   32   34   37   41   43   45   45   43   42   41   42   44
   47   51   55   59   62   64   66   67   68   68   67   67   67   65   63   61
   59   58   57   57   57   55   52   48   44
    50.0-180.0 180.0   5.0 450.0                            LAT/LON1/LON2/DLON/H
   49   43   39   36   34   33   32   31   30   29   28   26   24   23   22   21
   19   17   15   14   13   14   15   18   22   26   31   34   37   39   39   40
   39   38   37   38   39   42   45   49   51   52   51   49   48   47   48   50
   53   57   60   64   68   70   72   73   74   74   74   75   74   72   70   67
   64   63   62   62   62   61   57   53   49
    47.5-180.0 180.0   5.0 450.0                            LAT/LON1/LON2/DLON/H
   55   50   43   39   36   35   34   33   32   32   31   30   30   28   27   26
   24   22   21   19   18   20   22   27   32   37   41   44   46   47   46   45
   44   43   43   43   45   48   52   55   57   57   56   54   52   52   53   55
   58   62   65   69   72   75   78   79   80   81   81   82   81   79   77   73
   70   68   67   67   67   67   64   60   55
    45.0-180.0 180.0   5.0 450.0                            LAT/LON1/LON2/DLON/H
   61   55   49   44   40   37   36   34   34   34   35   35   35   33   32   31
   30   29   28   28   28   30   34   39   43   49   52   53   53   52   50   49
   48   47   47   48   50   53   56   59   61   61   59   57   56   56   57   60
   64   67   70   74   77   81   83   85   86   87   87   88   87   86   82   79
   76   74   72   72   71   71   69   66   61
    42.5-180.0 180.0   5.0 450.0                            LAT/LON1/LON2/DLON/H
   67   61   55   49   44   41   38   37   36   37   39   40   40   39   38   37
   37   37   37   37   38   41   46   51   56   60   62   62   59   56   53   51
   50   50   50   51   53   56   59   62   63   63   61   60   60   61   64   68
   70   73   76   79   82   85   88   90   90   91   91   91   91   89   87   84
   81   79   77   76   75   74   73   70   67
    40.0-180.0 180.0   5.0 450.0                            LAT/LON1/LON2/DLON/H
   71   66   60   54   48   44   41   39   39   41   43   45   46   45   44   44
   44   46   47   48   49   53   58   64   67   70   70   67   63   58   55   53
   52   52   53   54   55   58   60   62   64   64   64   63   64   67   71   74
   77   79   81   84   87   90   92   93   94   94   93   92   91   91   89   87
   85   84   82   80   78   77   75   74   71
    37.5-180.0 180.0   5.0 450.0                            LAT/LON1/LON2/DLON/H
   73   69   64   57   52   48   45   43   43   45   49   51   53   53   51   51
   52   54   56   57   60   63   69   75   77   77   74   70   65   60   57   55
   54   54   55   56   57   58   60   62   64   65   66   67   69   71   76   79
   82   84   86   88   91   93   95   96   97   96   95   93   92   92   92   91
   91   89   87   84   81   78   77   75   73
    35.0-180.0 180.0   5.0 450.0                            LAT/LON1/LON2/DLON/H
   74   70   66   60   55   51   48   46   47   49   54   58   60   60   59   58
   59   61   64   66   69   73   78   82   82   80   76   71   66   61   58   56
   55   56   57   57   57   58   59   61   63   66   67   69   72   76   80   84
   86   88   89   91   93   96   98   99   99   99   98   97   97   97   97   98
   99   97   95   91   86   81   79   76   74
    32.5-180.0 180.0   5.0 450.0                            LAT/LON1/LON2/DLON/H
   75   71   67   62   57   53   51   49   49   53   58   63   66   66   65   64
   65   67   70   73   76   80   84   85   84   79   75   71   66   62   60   58
   57   58   59   59   58   57   57   59   61   65   68   71   74   79   84   87
   89   91   92   94   96   99  101  102  103  103  103  105  106  107  109  110
  111  110  109  103   96   88   83   79   75
    30.0-180.0 180.0   5.0 450.0                            LAT/LON1/LON2/DLON/H
   79   75   69   64   60   56   54   51   51   55   61   66   70   71   71   69
   69   71   73   76   79   82   85   84   81   76   72   68   65   64   62   61
   61   61   61   59   57   55   54   56   59   63   67   70   74   79   84   88
   90   92   94   97  100  102  105  108  109  111  115  119  123  124  126  129
  131  130  129  121  112  101   92   86   79
    27.5-180.0 180.0   5.0 450.0                            LAT/LON1/LON2/DLON/H
   89   81   74   68   63   60   57   54   53   56   62   68   73   74   74   72
   72   74   75   77   79   81   83   81   77   73   68   65   64   66   66   65
   64   63   62   58   55   52   51   52   55   60   64   68   72   77   82   87
   91   94   97  101  105  108  112  116  119  124  131  138  146  149  151  154
  155  155  154  146  137  123  110   99   89
    25.0-180.0 180.0   5.0 450.0                            LAT/LON1/LON2/DLON/H
  105   94   83   76   70   65   61   57   56   58   63   68   72   74   74   73
   73   74   75   76   78   79   80   78   73   69   64   63   65   69   69   67
   65   63   60   56   51   48   48   49   51   55   59   64   69   75   80   86
   91   96  100  105  110  115  120  127  133  140  149  160  172  178  180  183
  182  184  183  177  167  150  133  119  105
    22.5-180.0 180.0   5.0 450.0                            LAT/LON1/LON2/DLON/H
  125  110   98   87   79   73   67   63   60   60   62   66   70   72   72   72
   73   73   73   74   75   76   77   75   71   67   63   64   67   71   72   69
   64   61   57   52   48   44   44   45   47   50   54   60   66   72   78   85
   91   98  105  111  118  124  132  140  149  159  169  183  198  204  207  210
  210  213  214  210  195  178  162  143  125
    20.0-180.0 180.0   5.0 450.0                            LAT/LON1/LON2/DLON/H
  147  129  113  100   89   81   75   69   65   62   62   64   66   69   70   70
   71   72   71   71   71   73   75   74   71   66   64   65   69   72   72   68
   62   58   53   49   45   42   41   41   43   45   49   55   62   70   77   85
   94  103  112  120  128  137  147  156  166  178  190  204  218  224  227  230
  232  235  236  234  222  207  188  169  147
    17.5-180.0 180.0   5.0 450.0                            LAT/LON1/LON2/DLON/H
  167  147  130  114  100   90   82   75   70   65   63   63   64   66   68   69
   69   69   69   67   68   71   73   73   72   67   65   66   70   71   70   65
   59   55   50   47   42   39   37   38   39   41   45   52   61   70   79   89
   99  110  120  131  141  150  161  171  182  193  205  219  230  236  239  240
  242  245  248  248  240  228  212  189  167
    15.0-180.0 180.0   5.0 450.0                            LAT/LON1/LON2/DLON/H
  186  165  147  130  112   99   90   81   75   69   65   63   63   65   67   68
   68   68   67   66   66   69   72   74   73   70   67   68   70   70   67   62
   56   51   47   43   39   37   35   34   36   38   44   52   63   74   85   94
  106  117  130  141  153  163  173  184  195  204  214  225  234  240  242  242
  243  245  248  249  246  238  226  207  186
    12.5-180.0 180.0   5.0 450.0                            LAT/LON1/LON2/DLON/H
  199  181  163  146  127  110   98   88   80   73   68   65   64   65   66   67
   68   68   67   66   66   69   72   75   75   73   69   69   69   68   64   59
   53   47   44   40   37   36   34   33   34   38   45   56   66   79   90  102
  113  125  138  151  162  173  183  192  200  207  215  223  230  235  238  237
  238  240  241  243  241  237  230  217  199
    10.0-180.0 180.0   5.0 450.0                            LAT/LON1/LON2/DLON/H
  207  192  177  160  141  121  107   95   85   77   71   67   66   66   66   67
   68   68   68   68   68   70   74   77   77   75   71   68   67   65   61   56
   50   46   42   39   37   36   35   34   35   40   48   59   72   84   96  107
  119  131  144  157  168  179  188  195  201  206  211  216  222  227  229  229
  230  231  233  235  233  231  227  218  207
     7.5-180.0 180.0   5.0 450.0                            LAT/LON1/LON2/DLON/H
  210  200  187  172  154  133  116  102   92   83   75   70   68   68   68   68
   68   69   70   71   72   73   75   79   79   76   70   66   65   63   59   54
   50   46   43   41   40   39   38   37   38   43   52   64   77   89  101  112
  123  135  147  159  170  180  189  195  199  202  206  210  215  220  221  222
  224  225  226  227  227  226  223  218  210
     5.0-180.0 180.0   5.0 450.0                            LAT/LON1/LON2/DLON/H
  212  204  194  182  165  144  126  110   98   88   80   75   72   71   70   70
   70   71   73   75   76   76   78   80   81   77   70   66   63   61   58   54
   51   48   46   45   44   43   42   41   42   46   56   68   81   93  105  115
  125  135  147  158  169  180  188  193  197  200  202  206  212  217  220  222
  223  225  226  226  225  224  222  218  212
     2.5-180.0 180.0   5.0 450.0                            LAT/LON1/LON2/DLON/H
  217  210  202  191  175  154  135  119  105   94   85   79   76   74   73   72
   72   73   76   79   80   80   79   81   81   77   70   66   63   61   60   58
   55   51   50   48   47   46   45   44   44   49   59   71   84   96  107  116
  124  134  144  155  166  177  184  189  194  198  201  207  214  221  226  228
  230  232  233  233  231  228  225  222  217
