DORISInput/IGSGIM/2019/igsg3460.19i
     1.0            IONOSPHERE MAPS     MIX                 IONEX VERSION / TYPE
cmpcmb v1.2          GRL/UWM            27-dec-19 12:36     PGM / RUN BY / DATE 
ionex file containing IGS COMBINED Ionosphere maps          COMMENT             
global ionosphere maps for day 346, 2019                    DESCRIPTION         
IONEX file containing the COMBINED IGS TEC MAPS and DCBs    DESCRIPTION         
      IONEX files of the following IAACs were combined: cod DESCRIPTION         
                                                        esa DESCRIPTION         
                                                        jpl DESCRIPTION         
                                                        upc DESCRIPTION         
Contact address: Andrzej Krankowski                         DESCRIPTION
                 Geodynamics Research Laboratory            DESCRIPTION
                 University of Warmia and Mazury (GRL/UWM)  DESCRIPTION
                 Oczapowski St. 1                           DESCRIPTION
                 10-957-Olsztyn, POLAND                     DESCRIPTION
                 e-mail:  kand@uwm.edu.pl                   DESCRIPTION
                                                            DESCRIPTION         
  2019    12    12     0     0     0                        EPOCH OF FIRST MAP  
  2019    12    13     0     0     0                        EPOCH OF LAST MAP   
  7200                                                      INTERVAL            
    13                                                      # OF MAPS IN FILE   
  COSZ                                                      MAPPING FUNCTION    
     0.0                                                    ELEVATION CUTOFF    
combined TEC calculated as weighted mean of input TEC valuesOBSERVABLES USED    
   398                                                      # OF STATIONS       
    32                                                      # OF SATELLITES     
  6371.0                                                    BASE RADIUS         
     2                                                      MAP DIMENSION       
   450.0 450.0   0.0                                        HGT1 / HGT2 / DHGT  
    87.5 -87.5  -2.5                                        LAT1 / LAT2 / DLAT  
  -180.0 180.0   5.0                                        LON1 / LON2 / DLON  
    -1                                                      EXPONENT            
TEC values in 0.1 tec units;  9999, if no value available   COMMENT             
DCB values in nanoseconds, reference is Sum_of_SatDCBs = 0  COMMENT             
                                                            END OF HEADER       
[from data line 858]
     3                                                      START OF TEC MAP    
  2019    12    12     4     0     0                        EPOCH OF CURRENT MAP
    87.5-180.0 180.0   5.0 450.0                            LAT/LON1/LON2/DLON/H
   23   23   23   24   24   23   23   23   23   23   23   23   22   22   22   22
   21   21   21   20   20   20   20   19   19   19   18   18   18   18   18   18
   18   19   19   19   19   19   19   19   19   20   20   20   19   20   20   19
   20   20   20   20   20   20   20   20   20   21   21   21   21   21   21   22
   22   22   22   22   22   23   23   23   23
    85.0-180.0 180.0   5.0 450.0                            LAT/LON1/LON2/DLON/H
   23   23   24   24   24   24   25   25   25   24   24   24   23   22   22   21
   20   19   18   18   17   17   16   15   15   15   14   14   14   14   15   14
   15   15   15   15   16   16   17   17   17   17   17   18   18   18   18   18
   18   17   18   18   18   18   18   18   18   18   18   18   18   18   18   18
   19   19   20   20   20   21   22   22   23
    82.5-180.0 180.0   5.0 450.0                            LAT/LON1/LON2/DLON/H
   20   21   22   23   23   24   24   25   24   24   24   23   22   21   20   19
   17   16   15   14   13   12   11   10   10    9    9    9    9   10   10   11
   11   12   12   13   14   14   15   15   15   16   16   16   15   15   15   15
   15   15   14   14   14   14   14   14   14   14   14   14   14   14   14   14
   14   14   15   16   17   17   18   19   20
    80.0-180.0 180.0   5.0 450.0                            LAT/LON1/LON2/DLON/H
   16   17   19   20   21   22   22   22   23   23   22   22   21   19   18   16
   14   13   11   10    9    9    8    7    7    6    7    7    7    8    8    8
    9    9   10   11   11   12   13   13   13   13   13   13   13   13   13   12
   12   12   12   11   11   11   11   11   11   11   11   11   11   11   11   11
   11   11   12   12   13   13   14   15   16
    77.5-180.0 180.0   5.0 450.0                            LAT/LON1/LON2/DLON/H
   12   13   14   15   17   18   19   20   20   20   20   20   19   17   15   13
   12   11    9    8    7    6    5    6    6    6    6    6    6    6    7    8
    8    9    9   10   10   10   11   11   11   11   11   11   10   10   10   10
   10    9   10   10   11   11   10   11   11   11   11   11   11   11   11   11
   11   11   11   11   11   11   12   12   12
    75.0-180.0 180.0   5.0 450.0                            LAT/LON1/LON2/DLON/H
   11   12   12   12   13   14   16   16   17   18   17   17   16   15   14   12
   11    9    8    7    7    6    6    6    6    6    6    6    7    7    7    7
    7    8    9    9    9    9    9   10   10   10    9    9    9    9    9    9
    9   10   10   11   12   12   12   13   14   14   14   14   14   14   14   13
   13   12   12   12   11   11   11   11   11
    72.5-180.0 180.0   5.0 450.0                            LAT/LON1/LON2/DLON/H
   12   11   11   11   11   12   12   13   14   14   14   15   14   13   12   11
   11   10    9    8    8    7    7    7    6    7    7    7    7    8    8    8
    8    9    9    9    9    9    9    8    8    8    8    8    8    8    8    9
    9   10   11   12   14   16   17   18   19   20   20   21   21   21   20   20
   19   18   17   16   15   13   13   12   12
    70.0-180.0 180.0   5.0 450.0                            LAT/LON1/LON2/DLON/H
   14   13   12   12   11   11   11   11   11   12   12   12   11   12   11   11
   10   10   10    9    9    9   10   10   10    9   11   11    9    9    9    9
    9    9    9    9    9    9    9    8    8    8    8    8    8    8    8    9
   10   12   13   15   18   21   23   25   26   28   28   29   29   29   29   28
   28   26   25   23   22   20   18   16   14
    67.5-180.0 180.0   5.0 450.0                            LAT/LON1/LON2/DLON/H
   19   17   15   13   12   12   11   10   10   10   10   10   10   10   11   11
   11   10   10   11   12   13   13   14   13   12   13   13   12   11   10   10
   10   10   10   10    9    9    9    8    9    9    9    8    9    9    9   10
   12   14   16   20   23   27   29   32   34   35   36   36   37   38   37   37
   36   35   33   32   30   28   25   22   19
    65.0-180.0 180.0   5.0 450.0                            LAT/LON1/LON2/DLON/H
   27   23   20   17   15   14   13   12   11   10    9    9    9    9   10   10
   10   10   11   13   14   15   15   15   14   14   13   12   12   11   10   10
   10   11   11   11   11   11   11   11   11   11   10   11   10   10   11   12
   14   17   21   25   29   33   36   38   40   41   42   43   43   43   43   42
   42   42   41   40   38   36   33   30   27
    62.5-180.0 180.0   5.0 450.0                            LAT/LON1/LON2/DLON/H
   35   31   27   23   20   17   16   14   13   11   10    9    9    9    9    9
   10   11   12   13   14   14   15   14   13   12   11   11   11   10   10   11
   12   12   13   13   13   13   14   14   15   15   15   15   14   14   14   16
   18   21   26   30   35   38   41   43   44   45   47   47   48   48   47   47
   47   46   46   45   44   43   41   38   35
    60.0-180.0 180.0   5.0 450.0                            LAT/LON1/LON2/DLON/H
   41   37   34   29   26   23   21   19   17   14   12   10    9    9    9   10
   10   11   12   12   12   13   13   11   11   11   10   11   11   11   11   12
   14   15   16   16   16   17   17   18   19   19   20   20   19   18   19   20
   22   25   30   35   40   44   47   48   49   49   49   50   51   51   50   50
   49   49   49   49   49   48   46   44   41
    57.5-180.0 180.0   5.0 450.0                            LAT/LON1/LON2/DLON/H
   47   43   39   35   31   28   26   24   21   18   16   13   11   11   11   11
   11   12   11   11   10   11   11   10   11   11   11   13   13   14   14   16
   18   18   20   20   20   21   22   23   24   25   25   26   25   24   24   25
   27   30   35   41   45   49   51   53   53   53   53   54   54   54   53   52
   51   51   51   51   52   51   51   49   47
    55.0-180.0 180.0   5.0 450.0                            LAT/LON1/LON2/DLON/H
   51   47   43   40   36   33   31   29   26   23   20   17   15   14   13   13
   13   13   12   11   10   11   11   11   12   13   14   17   18   19   20   22
   24   25   25   26   25   25   26   27   29   30   31   31   30   29   29   30
   33   36   41   47   51   54   56   57   57   57   57   57   58   57   56   55
   53   53   53   53   54   54   53   53   51
    52.5-180.0 180.0   5.0 450.0                            LAT/LON1/LON2/DLON/H
   54   51   47   44   40   38   35   33   31   28   25   22   19   17   16   16
   16   15   13   12   11   12   12   13   15   18   20   23   26   30   30   32
   32   33   32   31   31   30   30   31   33   34   35   36   35   35   35   37
   39   43   48   53   57   60   62   63   63   62   62   62   62   61   59   58
   57   56   56   56   57   57   56   55   54
    50.0-180.0 180.0   5.0 450.0                            LAT/LON1/LON2/DLON/H
   56   54   51   48   44   42   39   37   35   33   30   27   25   22   21   20
   20   19   17   15   13   14   15   17   22   26   31   36   39   42   42   43
   42   41   39   37   36   34   35   36   37   39   40   41   41   41   42   44
   46   51   55   59   63   66   68   69   68   68   67   68   67   66   64   63
   62   61   61   61   61   61   60   58   56
    47.5-180.0 180.0   5.0 450.0                            LAT/LON1/LON2/DLON/H
   58   57   54   51   48   45   43   41   39   38   36   34   32   29   27   26
   26   24   23   21   20   20   23   27   33   41   46   51   54   55   55   54
   52   49   46   44   42   40   39   40   41   42   44   45   46   47   48   52
   55   58   62   65   69   72   73   74   74   74   73   73   73   71   70   68
   67   67   67   66   66   64   63   61   58
    45.0-180.0 180.0   5.0 450.0                            LAT/LON1/LON2/DLON/H
   62   60   58   55   51   48   46   43   43   43   43   42   40   37   35   33
   32   32   31   31   31   32   36   43   50   58   63   67   69   68   65   63
   60   56   53   50   47   45   44   44   45   46   48   49   50   52   56   60
   63   66   69   72   74   75   77   78   79   79   78   78   77   77   76   74
   73   72   72   72   71   69   67   65   62
    42.5-180.0 180.0   5.0 450.0                            LAT/LON1/LON2/DLON/H
   65   63   61   58   54   51   48   46   47   49   50   50   49   46   42   40
   40   41   42   43   44   47   52   59   66   74   78   80   80   77   73   70
   66   62   58   54   52   50   49   48   49   50   51   53   55   58   63   68
   72   75   76   77   78   78   79   80   81   81   81   82   82   81   81   79
   78   78   78   78   77   74   72   69   65
    40.0-180.0 180.0   5.0 450.0                            LAT/LON1/LON2/DLON/H
   69   66   63   60   57   53   51   49   50   54   56   57   57   54   51   48
   48   50   52   55   57   61   66   74   80   88   89   88   86   82   78   74
   70   65   61   57   55   54   53   52   53   54   55   57   60   65   70   76
   79   82   82   83   82   81   82   82   83   83   84   84   84   84   83   83
   83   82   84   84   83   81   78   73   69
    37.5-180.0 180.0   5.0 450.0                            LAT/LON1/LON2/DLON/H
   73   68   65   61   58   55   52   52   53   58   62   65   65   63   59   56
   56   59   62   66   69   73   78   85   90   95   95   92   88   83   79   75
   71   67   63   60   58   57   56   56   56   57   59   61   65   70   77   82
   85   87   87   87   86   85   85   85   85   86   86   86   87   86   86   86
   86   87   88   89   89   86   83   78   73
    35.0-180.0 180.0   5.0 450.0                            LAT/LON1/LON2/DLON/H
   76   71   67   62   58   56   54   53   56   61   66   70   72   71   67   65
   64   67   70   74   78   81   86   92   95   97   95   90   84   81   77   74
   71   67   63   61   60   58   58   57   58   59   61   64   68   74   81   87
   90   92   92   92   92   90   90   89   89   90   90   90   91   91   91   90
   90   91   93   95   94   92   87   82   76
    32.5-180.0 180.0   5.0 450.0                            LAT/LON1/LON2/DLON/H
   79   73   68   63   59   56   54   54   57   62   68   74   78   78   75   72
   70   72   76   80   83   86   90   93   95   94   90   84   79   76   74   73
   70   67   65   62   60   58   57   57   58   59   61   64   69   77   84   90
   94   96   97   98   99   99   98   98   98   97   98   99  100  100   98   98
   98   99  101  102  101   97   91   85   79
    30.0-180.0 180.0   5.0 450.0                            LAT/LON1/LON2/DLON/H
   83   76   69   63   59   56   54   54   56   62   69   76   80   82   80   77
   76   76   79   82   84   86   88   90   90   88   82   77   73   72   71   71
   70   68   65   61   58   55   55   55   56   57   60   63   70   77   85   92
   97  100  102  106  108  111  112  114  112  111  111  112  113  113  112  111
  110  112  113  113  111  105   98   91   83
    27.5-180.0 180.0   5.0 450.0                            LAT/LON1/LON2/DLON/H
   91   82   73   65   59   56   54   54   55   60   68   75   81   83   83   80
   78   79   80   82   82   83   83   84   83   81   75   71   69   70   70   71
   71   69   64   60   55   52   50   51   52   53   56   61   68   76   85   92
   98  104  110  116  121  127  131  134  134  132  130  130  132  133  131  130
  129  129  129  128  125  116  108  100   91
    25.0-180.0 180.0   5.0 450.0                            LAT/LON1/LON2/DLON/H
  102   91   80   70   63   59   56   54   54   58   64   71   78   81   82   80
   79   79   80   80   79   78   78   78   77   75   70   67   67   69   71   72
   72   69   64   57   51   47   45   46   47   48   51   57   65   74   84   92
  101  110  119  128  137  145  152  157  158  156  154  154  156  157  154  155
  151  150  148  146  140  131  122  112  102
    22.5-180.0 180.0   5.0 450.0                            LAT/LON1/LON2/DLON/H
  117  105   91   80   71   65   61   57   56   58   62   67   73   77   78   77
   78   78   78   78   76   74   74   75   74   72   69   67   69   71   73   74
   73   70   63   55   48   42   40   40   41   43   46   52   61   72   83   94
  105  117  129  141  153  164  172  181  182  180  179  180  182  183  182  181
  177  174  170  166  158  148  138  127  117
    20.0-180.0 180.0   5.0 450.0                            LAT/LON1/LON2/DLON/H
  133  119  107   93   83   76   70   64   60   60   61   64   69   72   74   74
   75   77   77   75   73   72   72   74   75   74   70   70   71   74   77   77
   76   71   64   55   46   39   36   35   36   37   41   47   58   71   84   97
  110  125  140  155  169  181  191  200  202  200  201  204  206  207  207  205
  203  198  193  187  177  167  156  145  133
    17.5-180.0 180.0   5.0 450.0                            LAT/LON1/LON2/DLON/H
  152  137  122  109   97   87   81   73   67   64   63   63   66   68   70   71
   73   75   74   73   71   71   73   77   79   77   74   74   76   78   80   80
   77   72   64   55   45   37   33   31   31   33   37   45   58   72   88  103
  119  135  153  168  184  195  205  213  215  214  217  222  226  228  228  225
  221  218  212  205  196  186  176  164  152
    15.0-180.0 180.0   5.0 450.0                            LAT/LON1/LON2/DLON/H
  170  155  139  127  114  101   91   82   77   71   66   64   64   66   68   69
   71   72   73   72   71   72   76   81   83   82   78   78   80   82   82   81
   77   71   63   53   43   36   31   29   28   30   35   46   60   77   94  111
  128  147  164  178  192  204  212  218  221  222  225  231  236  240  240  237
  234  230  227  220  212  203  194  185  170
    12.5-180.0 180.0   5.0 450.0                            LAT/LON1/LON2/DLON/H
  187  173  159  146  131  115  102   92   84   78   71   67   65   65   67   69
   70   72   72   72   72   75   79   85   88   86   82   81   83   83   81   79
   75   68   59   50   41   35   31   28   27   29   36   48   65   83  102  119
  137  154  171  185  198  207  212  216  218  220  224  231  237  241  243  243
  240  238  234  229  223  215  207  199  187
    10.0-180.0 180.0   5.0 450.0                            LAT/LON1/LON2/DLON/H
  201  189  177  164  149  131  114  102   92   84   77   71   68   67   68   69
   70   71   72   72   74   78   84   89   91   89   84   82   82   82   79   76
   72   64   55   48   41   36   32   29   28   30   39   53   70   89  107  124
  142  160  175  188  198  205  209  211  213  216  220  226  231  235  239  240
  240  239  237  233  228  222  216  210  201
     7.5-180.0 180.0   5.0 450.0                            LAT/LON1/LON2/DLON/H
  212  202  192  180  164  146  128  113  102   92   83   76   72   71   71   71
   71   71   71   73   76   81   87   92   93   90   83   79   79   78   76   72
   67   60   53   47   42   38   34   31   30   33   42   56   74   92  110  129
  146  162  176  187  196  202  206  208  210  213  216  221  225  229  233  235
  236  237  236  233  231  228  223  218  212
     5.0-180.0 180.0   5.0 450.0                            LAT/LON1/LON2/DLON/H
  220  213  204  192  178  160  141  127  111   99   89   82   77   76   76   75
   73   72   72   74   77   83   89   94   93   89   81   77   76   75   73   69
   64   58   52   46   43   40   37   33   33   36   45   60   77   94  112  130
  146  161  174  185  195  201  206  208  210  213  216  218  222  226  230  232
  233  234  235  233  232  231  229  225  220
     2.5-180.0 180.0   5.0 450.0                            LAT/LON1/LON2/DLON/H
  228  222  215  205  192  175  157  138  121  106   95   87   83   81   81   79
   76   74   73   74   78   83   89   93   92   87   80   76   75   74   71   68
   63   56   51   46   43   41   39   36   35   39   48   63   80   97  113  129
  144  158  171  183  194  201  206  209  212  216  218  219  222  225  229  232
  232  234  235  234  234  233  232  230  228
