DORISInput/IGSGIM/2019/igsg3590.19i
     1.0            IONOSPHERE MAPS     MIX                 IONEX VERSION / TYPE
cmpcmb v1.2          GRL/UWM            16-jan-20 11:57     PGM / RUN BY / DATE 
ionex file containing IGS COMBINED Ionosphere maps          COMMENT             
global ionosphere maps for day 359, 2019                    DESCRIPTION         
IONEX file containing the COMBINED IGS TEC MAPS and DCBs    DESCRIPTION         
      IONEX files of the following IAACs were combined: cod DESCRIPTION         
                                                        esa DESCRIPTION         
                                                        jpl DESCRIPTION         
                                                        upc DESCRIPTION         
Contact address: Andrzej Krankowski                         DESCRIPTION
                 Geodynamics Research Laboratory            DESCRIPTION
                 University of Warmia and Mazury (GRL/UWM)  DESCRIPTION
                 Oczapowski St. 1                           DESCRIPTION
                 10-957-Olsztyn, POLAND                     DESCRIPTION
                 e-mail:  kand@uwm.edu.pl                   DESCRIPTION
                                                            DESCRIPTION         
  2019    12    25     0     0     0                        EPOCH OF FIRST MAP  
  2019    12    26     0     0     0                        EPOCH OF LAST MAP   
  7200                                                      INTERVAL            
    13                                                      # OF MAPS IN FILE   
  COSZ                                                      MAPPING FUNCTION    
     0.0                                                    ELEVATION CUTOFF    
combined TEC calculated as weighted mean of input TEC valuesOBSERVABLES USED    
   400                                                      # OF STATIONS       
    32                                                      # OF SATELLITES     
  6371.0                                                    BASE RADIUS         
     2                                                      MAP DIMENSION       
   450.0 450.0   0.0                                        HGT1 / HGT2 / DHGT  
    87.5 -87.5  -2.5                                        LAT1 / LAT2 / DLAT  
  -180.0 180.0   5.0                                        LON1 / LON2 / DLON  
    -1                                                      EXPONENT            
TEC values in 0.1 tec units;  9999, if no value available   COMMENT             
DCB values in nanoseconds, reference is Sum_of_SatDCBs = 0  COMMENT             
                                                            END OF HEADER       
[from data line 3432]
     9                                                      START OF TEC MAP    
  2019    12    25    16     0     0                        EPOCH OF CURRENT MAP
    87.5-180.0 180.0   5.0 450.0                            LAT/LON1/LON2/DLON/H
   19   19   19   19   19   18   18   18   18   18   18   18   17   17   17   16
   16   16   15   15   14   14   14   13   13   13   12   12   12   12   12   11
   11   11   11   11   11   11   11   11   11   11   11   12   12   12   12   12
   13   13   13   14   14   14   15   15   15   15   16   16   16   17   17   17
   18   18   18   18   18   18   19   19   19
    85.0-180.0 180.0   5.0 450.0                            LAT/LON1/LON2/DLON/H
   22   22   22   22   22   22   22   22   22   22   22   21   21   20   20   19
   18   18   17   16   15   14   13   13   12   11   11   10   10   10   10   10
   10   10    9    9    9    9    9    9    9    9    9    9   10   10   11   12
   12   13   13   14   14   15   15   16   16   17   17   18   18   19   19   19
   20   20   20   21   21   21   21   22   22
    82.5-180.0 180.0   5.0 450.0                            LAT/LON1/LON2/DLON/H
   23   24   24   25   25   25   26   26   27   27   27   26   26   25   24   23
   22   21   19   18   16   15   13   12   11   11   10   10   10    9    9    9
    9    9    9    9    9    9    9    9    9    9    9    9    9   10   10   11
   12   12   13   14   15   16   16   17   17   18   18   19   19   19   20   20
   21   21   22   22   22   23   23   23   23
    80.0-180.0 180.0   5.0 450.0                            LAT/LON1/LON2/DLON/H
   23   24   24   24   25   26   27   28   29   29   29   29   29   29   28   26
   25   24   22   21   18   16   14   12   11   11   10   10   10   10   10   10
    9    9    9    9    9    8    8    8    9    9    9    9    9   10   10   11
   11   12   12   13   14   15   16   17   18   18   19   19   19   20   20   21
   21   21   22   22   22   23   23   23   23
    77.5-180.0 180.0   5.0 450.0                            LAT/LON1/LON2/DLON/H
   21   21   22   23   24   26   27   28   30   31   32   32   32   31   30   29
   28   26   24   23   20   18   17   16   15   13   13   12   12   11   10   11
   11   10   10    9    9    9    9    9    9    9    9    9    9    9   10   10
   11   12   12   12   13   15   16   16   17   18   18   19   19   19   20   20
   20   20   20   20   20   20   20   20   21
    75.0-180.0 180.0   5.0 450.0                            LAT/LON1/LON2/DLON/H
   17   18   19   20   22   23   25   27   29   30   31   31   31   31   31   30
   29   28   27   25   23   22   20   18   18   17   15   14   13   12   12   11
   11   10    9    9    9    9    9    9    9    9    9    9    9    8    9    9
   10   11   11   12   12   13   14   14   15   16   17   17   18   18   18   17
   17   17   17   17   17   17   17   17   17
    72.5-180.0 180.0   5.0 450.0                            LAT/LON1/LON2/DLON/H
   14   15   16   17   19   20   22   24   25   26   27   28   28   29   29   30
   29   29   27   27   27   26   25   23   23   22   20   19   18   17   16   15
   14   12   11   11   11   11   10    9    9    9    9    9    8    8    8    8
    9   10   10   11   11   12   13   13   13   14   14   15   16   16   16   16
   16   16   15   15   15   14   14   14   14
    70.0-180.0 180.0   5.0 450.0                            LAT/LON1/LON2/DLON/H
   12   13   13   15   16   17   18   19   20   22   22   23   24   25   26   26
   27   28   29   30   31   31   30   29   29   29   27   25   24   22   21   20
   18   17   15   13   12   11   11   10    9   10    9    9    8    8    8    8
    8    9   10   11   11   12   12   13   13   13   14   15   15   15   16   17
   17   16   15   14   13   13   12   12   12
    67.5-180.0 180.0   5.0 450.0                            LAT/LON1/LON2/DLON/H
   11   12   12   14   14   14   15   15   15   16   16   17   18   20   22   23
   25   28   30   32   34   35   35   36   35   36   34   32   31   29   27   24
   22   20   18   15   13   12   11   11   11   10   10    9    9    8    8    9
    9   10   11   12   13   13   13   14   14   14   15   15   16   16   17   18
   19   18   17   16   15   13   12   12   11
    65.0-180.0 180.0   5.0 450.0                            LAT/LON1/LON2/DLON/H
   14   13   14   14   14   14   14   13   12   12   12   13   14   16   18   21
   24   28   31   34   37   39   40   40   41   41   39   38   36   34   32   29
   26   23   20   17   15   13   12   13   13   13   12   11   10   10   10   11
   12   13   14   16   16   16   16   15   16   16   17   18   18   18   20   21
   22   21   20   19   18   17   15   14   14
    62.5-180.0 180.0   5.0 450.0                            LAT/LON1/LON2/DLON/H
   18   18   19   19   19   18   16   15   12   11   11   11   13   15   18   21
   25   29   33   37   40   42   44   45   45   45   44   43   41   40   37   33
   30   26   23   19   16   14   14   14   15   15   15   14   14   14   15   16
   17   18   20   21   21   21   19   18   18   19   20   21   22   22   24   25
   25   25   25   24   23   21   20   19   18
    60.0-180.0 180.0   5.0 450.0                            LAT/LON1/LON2/DLON/H
   25   24   25   26   25   23   21   18   15   13   12   12   14   17   20   24
   29   33   37   41   44   46   48   48   48   48   48   47   46   45   42   38
   34   30   25   21   18   16   15   16   17   19   19   20   20   20   20   21
   22   23   24   26   26   26   24   23   22   23   24   25   27   28   29   29
   30   30   29   28   27   26   25   24   25
    57.5-180.0 180.0   5.0 450.0                            LAT/LON1/LON2/DLON/H
   31   31   32   33   32   31   27   24   21   18   16   17   18   21   25   30
   34   38   42   45   47   49   50   51   52   51   51   51   51   50   47   43
   39   34   29   25   22   19   19   20   22   24   25   26   26   26   27   27
   28   28   29   30   31   31   30   30   29   29   30   31   32   34   35   35
   35   35   34   33   32   31   30   30   31
    55.0-180.0 180.0   5.0 450.0                            LAT/LON1/LON2/DLON/H
   36   37   39   40   40   38   35   31   27   24   23   23   26   29   33   37
   40   44   47   50   51   53   54   54   55   55   55   55   55   55   52   49
   44   40   35   31   27   25   25   26   28   30   32   33   33   33   33   33
   33   33   33   35   36   36   36   37   37   37   37   38   39   41   41   42
   42   41   41   40   39   39   38   37   36
    52.5-180.0 180.0   5.0 450.0                            LAT/LON1/LON2/DLON/H
   42   42   44   46   46   45   43   39   36   32   32   32   34   37   40   44
   47   50   53   55   56   56   58   59   60   60   60   60   61   61   58   55
   51   47   42   38   35   32   32   33   35   37   39   40   41   41   40   39
   38   38   39   40   41   42   44   45   46   45   46   46   47   48   49   49
   48   47   47   46   45   44   44   43   42
    50.0-180.0 180.0   5.0 450.0                            LAT/LON1/LON2/DLON/H
   46   46   48   50   51   51   49   46   43   41   40   41   43   46   49   51
   53   56   58   59   60   60   63   64   66   67   67   66   66   66   64   61
   58   53   49   45   42   41   40   41   42   44   45   47   47   47   46   45
   44   44   44   46   48   49   51   53   54   54   54   53   54   54   55   54
   53   52   51   50   50   49   49   47   46
    47.5-180.0 180.0   5.0 450.0                            LAT/LON1/LON2/DLON/H
   48   48   50   52   54   54   53   51   49   49   49   49   52   54   56   58
   60   61   63   64   64   66   69   72   74   75   75   74   72   71   69   66
   63   60   57   54   51   50   50   49   50   51   52   52   53   52   51   50
   51   51   51   53   55   57   58   60   61   61   60   59   60   60   60   58
   56   54   53   52   52   52   52   50   48
    45.0-180.0 180.0   5.0 450.0                            LAT/LON1/LON2/DLON/H
   49   48   49   52   54   55   55   54   54   54   56   57   59   61   62   63
   65   66   67   68   70   72   75   79   83   85   84   82   79   76   74   70
   67   66   64   63   62   61   59   58   58   58   58   58   57   56   55   56
   57   58   58   60   61   63   64   65   65   65   64   64   64   64   63   61
   58   55   53   52   52   53   52   51   49
    42.5-180.0 180.0   5.0 450.0                            LAT/LON1/LON2/DLON/H
   48   47   48   50   52   54   54   55   56   58   60   63   65   67   68   69
   70   71   72   74   75   78   82   87   92   94   93   89   84   80   77   75
   73   72   72   71   71   70   69   67   66   65   64   63   62   61   61   61
   63   64   64   66   66   66   67   67   67   67   66   66   65   66   64   62
   60   56   54   52   51   52   51   50   48
    40.0-180.0 180.0   5.0 450.0                            LAT/LON1/LON2/DLON/H
   47   45   46   47   49   50   52   53   56   61   65   68   71   73   74   74
   74   76   77   79   81   84   88   93   99  101  100   94   87   82   79   79
   78   79   79   80   80   79   77   75   73   71   69   68   67   66   66   67
   68   70   70   70   69   68   67   67   67   67   66   66   66   66   65   63
   60   56   54   52   51   51   50   49   47
    37.5-180.0 180.0   5.0 450.0                            LAT/LON1/LON2/DLON/H
   46   45   44   44   45   46   48   51   55   62   68   73   77   79   80   79
   79   81   83   85   88   90   94   98  103  105  104   97   90   84   82   84
   85   87   88   89   90   88   85   81   79   77   74   73   72   71   70   71
   72   73   73   72   70   67   67   66   66   65   65   65   65   66   65   63
   60   56   53   50   49   49   48   47   46
    35.0-180.0 180.0   5.0 450.0                            LAT/LON1/LON2/DLON/H
   45   44   42   42   41   43   44   48   54   63   71   78   82   86   86   86
   85   87   90   93   94   95   97  100  104  105  104   98   92   88   88   91
   95   98  100  101  100   97   92   87   84   81   79   78   76   75   73   73
   74   74   73   70   68   65   63   63   63   64   64   64   64   65   64   62
   59   55   51   49   47   46   46   46   45
    32.5-180.0 180.0   5.0 450.0                            LAT/LON1/LON2/DLON/H
   44   43   42   40   40   40   42   46   53   64   73   81   87   91   93   93
   92   93   96   99   99   98   98   99  100  102  101   99   96   94   98  102
  108  113  114  114  111  106  100   93   89   86   84   82   81   78   76   75
   74   73   71   68   65   62   61   61   62   63   63   63   63   63   62   61
   58   54   50   47   45   45   45   45   44
    30.0-180.0 180.0   5.0 450.0                            LAT/LON1/LON2/DLON/H
   43   43   42   41   40   40   41   45   53   63   74   83   90   95   98   99
   98   99  101  104  103  100   97   95   95   97   98   99  102  104  111  119
  127  131  131  129  126  116  108  100   95   92   90   88   85   81   78   75
   73   71   68   66   63   61   61   61   62   63   63   63   63   62   61   59
   56   53   49   46   44   43   43   43   43
    27.5-180.0 180.0   5.0 450.0                            LAT/LON1/LON2/DLON/H
   42   42   42   41   41   41   42   46   54   63   74   83   91   97  101  103
  102  103  105  107  105   99   95   92   91   94   97  102  111  120  131  141
  150  153  151  148  141  130  118  108  102   99   96   92   88   84   80   76
   73   69   67   65   63   61   61   62   62   63   63   62   62   61   59   57
   54   51   48   45   43   42   41   42   42
    25.0-180.0 180.0   5.0 450.0                            LAT/LON1/LON2/DLON/H
   40   41   42   42   43   42   44   48   55   65   74   84   92   99  102  104
  104  106  108  109  105   99   94   91   91   96  102  113  126  141  157  170
  177  178  172  165  156  144  129  118  111  106  102   97   93   87   81   76
   72   69   66   65   63   62   62   62   63   63   63   61   60   59   56   54
   52   50   47   44   42   41   40   40   40
    22.5-180.0 180.0   5.0 450.0                            LAT/LON1/LON2/DLON/H
   39   40   41   43   44   45   47   51   58   66   75   83   91   99  103  105
  105  107  110  111  107  101   96   95   98  105  116  130  149  168  184  198
  206  200  190  182  171  158  141  129  120  114  109  104   97   90   83   77
   72   69   67   66   65   64   63   63   62   62   61   60   59   57   54   51
   49   47   45   43   42   39   39   38   39
    20.0-180.0 180.0   5.0 450.0                            LAT/LON1/LON2/DLON/H
   37   38   40   43   45   47   50   54   60   68   76   83   90   99  104  106
  106  108  111  112  109  106  103  105  112  123  138  155  176  196  213  224
  227  217  206  198  183  170  155  141  131  124  118  111  102   93   84   78
   73   71   69   69   68   66   65   63   62   60   59   58   57   54   52   49
   46   44   43   42   41   39   38   37   37
    17.5-180.0 180.0   5.0 450.0                            LAT/LON1/LON2/DLON/H
   35   36   38   42   45   49   52   57   64   71   79   86   92  100  106  109
  110  112  113  115  114  114  115  122  133  149  164  181  200  218  231  238
  237  226  215  207  195  180  168  154  145  136  128  119  108   96   87   80
   76   74   74   74   73   70   68   65   61   58   57   55   55   52   50   47
   45   43   42   42   41   40   37   36   35
    15.0-180.0 180.0   5.0 450.0                            LAT/LON1/LON2/DLON/H
   33   34   36   39   44   48   53   59   67   76   84   91   97  103  110  115
  117  118  119  121  122  125  132  143  158  175  191  204  219  231  239  241
  237  226  215  207  198  189  178  168  159  150  140  127  114  101   91   84
   79   79   79   79   77   74   70   66   61   57   54   53   53   51   49   46
   43   42   41   41   41   39   37   35   33
    12.5-180.0 180.0   5.0 450.0                            LAT/LON1/LON2/DLON/H
   32   32   34   37   41   46   52   60   71   81   90   97  103  109  116  122
  126  128  128  130  134  141  151  165  182  199  213  222  230  236  238  236
  228  217  209  203  199  194  188  181  174  164  152  137  122  108   98   89
   85   84   85   84   81   76   72   66   59   55   52   50   50   50   48   45
   42   40   40   40   40   39   37   34   32
    10.0-180.0 180.0   5.0 450.0                            LAT/LON1/LON2/DLON/H
   31   30   31   33   37   43   50   61   74   86   96  105  111  118  126  132
  137  141  143  144  150  158  170  187  203  217  227  232  233  232  230  225
  216  207  203  200  200  200  197  193  188  180  168  151  132  116  104   95
   91   89   88   85   81   77   72   65   60   55   51   49   49   48   47   45
   41   39   39   39   39   38   36   34   31
     7.5-180.0 180.0   5.0 450.0                            LAT/LON1/LON2/DLON/H
   31   29   29   30   33   39   48   61   76   90  103  113  121  131  138  144
  150  156  160  162  166  174  188  204  219  230  234  233  228  223  218  211
  206  203  201  202  204  206  206  204  200  194  183  165  142  126  112  103
   96   93   89   85   81   76   72   67   63   59   53   50   50   49   48   45
   42   39   38   39   39   38   36   33   31
     5.0-180.0 180.0   5.0 450.0                            LAT/LON1/LON2/DLON/H
   31   29   28   27   29   36   46   61   78   94  108  121  131  142  151  161
  167  174  178  180  182  190  203  218  230  236  234  229  220  213  208  205
  204  205  206  209  212  215  216  214  212  207  195  176  155  136  122  111
  103   97   91   85   82   79   76   74   70   65   59   55   53   52   50   47
   43   40   39   38   38   38   36   33   31
     2.5-180.0 180.0   5.0 450.0                            LAT/LON1/LON2/DLON/H
   32   31   28   26   28   35   46   62   80   97  113  127  139  152  164  174
  184  191  195  197  200  206  218  230  237  238  233  224  215  208  207  208
  212  216  219  221  223  225  225  224  222  217  205  188  168  150  135  123
  112  104   95   89   86   84   84   84   82   77   70   64   60   56   53   50
   46   42   40   39   39   38   35   34   32
