DORISInput/IGSGIM/2019/igsg3460.19i
     1.0            IONOSPHERE MAPS     MIX                 IONEX VERSION / TYPE
cmpcmb v1.2          GRL/UWM            27-dec-19 12:36     PGM / RUN BY / DATE 
ionex file containing IGS COMBINED Ionosphere maps          COMMENT             
global ionosphere maps for day 346, 2019                    DESCRIPTION         
IONEX file containing the COMBINED IGS TEC MAPS and DCBs    DESCRIPTION         
      IONEX files of the following IAACs were combined: cod DESCRIPTION         
                                                        esa DESCRIPTION         
                                                        jpl DESCRIPTION         
                                                        upc DESCRIPTION         
Contact address: Andrzej Krankowski                         DESCRIPTION
                 Geodynamics Research Laboratory            DESCRIPTION
                 University of Warmia and Mazury (GRL/UWM)  DESCRIPTION
                 Oczapowski St. 1                           DESCRIPTION
                 10-957-Olsztyn, POLAND                     DESCRIPTION
                 e-mail:  kand@uwm.edu.pl                   DESCRIPTION
                                                            DESCRIPTION         
  2019    12    12     0     0     0                        EPOCH OF FIRST MAP  
  2019    12    13     0     0     0                        EPOCH OF LAST MAP   
  7200                                                      INTERVAL            
    13                                                      # OF MAPS IN FILE   
  COSZ                                                      MAPPING FUNCTION    
     0.0                                                    ELEVATION CUTOFF    
combined TEC calculated as weighted mean of input TEC valuesOBSERVABLES USED    
   398                                                      # OF STATIONS       
    32                                                      # OF SATELLITES     
  6371.0                                                    BASE RADIUS         
     2                                                      MAP DIMENSION       
   450.0 450.0   0.0                                        HGT1 / HGT2 / DHGT  
    87.5 -87.5  -2.5                                        LAT1 / LAT2 / DLAT  
  -180.0 180.0   5.0                                        LON1 / LON2 / DLON  
    -1                                                      EXPONENT            
TEC values in 0.1 tec units;  9999, if no value available   COMMENT             
DCB values in nanoseconds, reference is Sum_of_SatDCBs = 0  COMMENT             
                                                            END OF HEADER       
[from data line 4290]
    11                                                      START OF TEC MAP    
  2019    12    12    20     0     0                        EPOCH OF CURRENT MAP
    87.5-180.0 180.0   5.0 450.0                            LAT/LON1/LON2/DLON/H
   16   16   16   16   16   16   16   17   17   17   17   17   17   16   16   16
   16   16   16   16   16   16   15   15   15   15   15   15   15   14   14   14
   14   14   14   13   13   13   13   13   13   13   13   13   13   13   13   13
   13   14   14   14   14   14   14   14   14   14   15   15   15   15   15   15
   15   15   15   15   15   15   15   16   16
    85.0-180.0 180.0   5.0 450.0                            LAT/LON1/LON2/DLON/H
   16   16   17   17   17   17   18   18   18   18   19   18   19   19   19   19
   19   19   18   18   18   18   17   17   17   16   16   15   15   15   14   14
   13   13   13   13   13   13   13   13   12   12   12   12   13   13   13   13
   13   13   13   14   14   14   14   14   14   14   15   14   15   15   15   15
   15   15   15   15   16   16   16   16   16
    82.5-180.0 180.0   5.0 450.0                            LAT/LON1/LON2/DLON/H
   16   16   17   17   18   18   19   19   20   20   21   21   21   22   22   22
   22   22   21   21   20   20   20   19   18   16   16   15   14   14   13   13
   12   12   12   12   12   12   12   12   12   12   12   12   12   12   12   12
   12   13   13   13   13   14   14   14   14   14   14   14   14   14   14   14
   14   14   14   14   15   15   15   16   16
    80.0-180.0 180.0   5.0 450.0                            LAT/LON1/LON2/DLON/H
   15   15   15   16   17   18   19   19   20   21   21   21   22   22   23   23
   23   23   23   23   23   23   22   18   18   16   16   15   14   14   13   12
   12   12   11   11   11   11   11   11   11   11   11   11   11   11   11   12
   12   12   13   13   13   13   13   13   13   13   13   13   13   12   12   12
   13   13   13   14   14   14   14   15   15
    77.5-180.0 180.0   5.0 450.0                            LAT/LON1/LON2/DLON/H
   12   12   13   13   15   15   16   18   19   20   21   22   23   24   25   26
   26   26   26   26   24   24   24   22   20   18   16   15   14   13   12   12
   12   12   11   11   10   10   10   10   10   10   11   11   11   11   11   12
   12   12   12   13   13   13   13   12   12   12   11   11   11   11   11   11
   11   11   12   12   12   13   12   12   12
    75.0-180.0 180.0   5.0 450.0                            LAT/LON1/LON2/DLON/H
   10   11   11   12   13   14   15   16   18   20   21   22   24   26   26   28
   29   29   30   28   27   26   25   24   21   19   17   15   14   13   13   12
   12   11   11   10   10   10   10   10   10   10   10   10   10   10   10   11
   11   12   13   13   13   13   12   11   10   10   10   10   11   10   10   10
   11   10   11   11   11   11   10   10   10
    72.5-180.0 180.0   5.0 450.0                            LAT/LON1/LON2/DLON/H
   10   11   11   12   13   14   16   17   19   20   22   24   26   27   29   31
   32   33   31   30   28   28   26   24   22   19   17   15   13   12   12   12
   11   11   11   10   10   10   10    9    9    9   10   10   10   10   10   11
   11   12   13   13   13   12   12   11   10   10   10   10   10   10   11   11
   11   11   11   11   11   10   10   10   10
    70.0-180.0 180.0   5.0 450.0                            LAT/LON1/LON2/DLON/H
   12   12   13   15   16   17   18   20   21   23   24   26   28   29   31   32
   34   33   33   32   31   30   28   25   22   20   17   14   13   12   11   10
   10   11   10   10   10   10   10    9    9    9    9    9    9   10   10   11
   12   13   13   13   13   13   13   13   12   12   12   12   12   13   13   14
   14   14   14   13   12   12   11   11   12
    67.5-180.0 180.0   5.0 450.0                            LAT/LON1/LON2/DLON/H
   15   17   18   20   21   23   24   25   26   27   28   30   32   33   34   35
   36   35   35   34   33   31   29   26   23   20   17   14   12   11   11    9
    9   10   10   10   10   10    9    9    9    9    9    9    9   10   11   12
   13   15   16   16   16   16   16   15   15   16   16   16   17   17   17   18
   19   18   18   17   16   15   15   14   15
    65.0-180.0 180.0   5.0 450.0                            LAT/LON1/LON2/DLON/H
   20   23   25   27   29   31   32   32   33   34   35   35   36   38   38   39
   38   38   38   36   35   32   30   27   24   21   17   15   12   11   11    9
    9    9   10   10   10   10   10   10   10   10   10   10   11   11   13   15
   17   19   20   20   20   20   19   18   19   20   21   22   23   23   23   24
   24   23   22   21   20   19   18   19   20
    62.5-180.0 180.0   5.0 450.0                            LAT/LON1/LON2/DLON/H
   26   29   32   36   39   39   41   41   40   41   42   42   43   43   43   43
   43   42   41   39   37   34   32   29   26   22   19   16   13   12   11   10
   10   10   11   10   10   11   11   11   12   13   14   14   15   16   18   19
   21   23   24   25   24   24   23   23   24   25   26   28   30   30   29   29
   28   27   26   24   23   22   22   23   26
    60.0-180.0 180.0   5.0 450.0                            LAT/LON1/LON2/DLON/H
   30   34   40   44   47   49   50   50   49   49   49   50   50   50   50   49
   48   46   45   43   40   37   35   32   29   25   20   18   16   14   13   12
   12   12   12   12   12   13   13   15   16   18   19   20   20   21   22   24
   26   27   29   29   28   29   29   30   31   32   33   35   36   36   35   34
   33   31   29   26   25   24   24   26   30
    57.5-180.0 180.0   5.0 450.0                            LAT/LON1/LON2/DLON/H
   34   40   45   51   55   57   58   58   57   57   56   57   57   56   56   55
   54   52   50   47   44   41   39   36   32   29   25   23   20   18   16   16
   16   16   15   15   15   16   18   20   22   25   27   27   27   28   29   30
   31   32   33   34   34   35   36   37   38   39   40   41   41   40   40   38
   36   33   30   28   26   25   26   29   34
    55.0-180.0 180.0   5.0 450.0                            LAT/LON1/LON2/DLON/H
   37   43   50   56   61   64   65   65   65   64   64   63   63   62   62   61
   60   57   55   52   49   46   43   40   37   33   30   28   25   23   22   21
   20   20   20   19   19   21   24   27   30   32   34   35   35   35   35   36
   37   38   40   40   41   42   42   43   44   45   46   46   45   44   42   41
   37   34   31   29   27   26   28   32   37
    52.5-180.0 180.0   5.0 450.0                            LAT/LON1/LON2/DLON/H
   40   47   54   60   65   69   71   72   72   72   71   70   69   68   67   66
   65   62   59   57   54   51   48   45   43   40   36   34   30   28   27   26
   26   26   25   25   25   28   31   35   38   40   42   43   42   42   41   42
   43   44   46   47   47   48   48   49   49   50   50   50   49   47   44   41
   38   35   31   29   27   27   29   34   40
    50.0-180.0 180.0   5.0 450.0                            LAT/LON1/LON2/DLON/H
   43   50   56   63   69   73   76   78   79   79   78   76   74   73   72   70
   69   66   64   61   58   56   54   52   50   47   43   41   37   35   33   32
   31   31   31   30   32   35   38   42   46   49   50   51   50   49   48   47
   48   50   51   52   53   54   53   52   52   52   52   51   50   47   44   41
   38   34   31   28   27   27   30   36   43
    47.5-180.0 180.0   5.0 450.0                            LAT/LON1/LON2/DLON/H
   45   53   59   65   71   77   81   84   87   87   85   83   81   78   76   75
   73   70   68   66   64   62   61   60   58   56   52   49   45   41   38   37
   36   36   36   37   38   42   46   49   52   55   57   57   57   55   54   54
   54   55   57   58   59   59   57   55   53   53   52   51   49   47   44   41
   37   34   30   28   27   28   32   38   45
    45.0-180.0 180.0   5.0 450.0                            LAT/LON1/LON2/DLON/H
   48   55   60   66   72   79   84   90   93   95   94   91   88   84   81   80
   77   75   73   71   70   70   70   69   67   65   61   56   51   46   42   41
   40   41   41   43   45   49   52   55   58   60   61   62   62   62   60   60
   60   61   62   64   64   63   61   58   56   54   53   52   51   48   44   41
   38   35   31   28   28   30   34   41   48
    42.5-180.0 180.0   5.0 450.0                            LAT/LON1/LON2/DLON/H
   51   56   61   66   72   79   87   94  100  103  102   99   96   91   88   85
   83   80   78   78   78   79   80   80   78   74   69   62   55   50   46   45
   44   45   47   49   52   55   58   59   62   63   65   66   67   67   67   66
   66   67   68   69   68   67   64   60   58   56   55   53   52   49   45   42
   39   36   33   31   30   32   38   44   51
    40.0-180.0 180.0   5.0 450.0                            LAT/LON1/LON2/DLON/H
   54   59   62   66   71   79   88   97  104  109  109  107  103   99   96   93
   90   87   85   85   86   88   90   91   88   83   76   68   60   54   51   49
   48   50   52   55   58   60   62   63   64   66   68   70   72   72   72   71
   70   71   71   72   71   69   65   61   59   57   56   54   53   50   47   44
   41   38   36   34   34   36   42   48   54
    37.5-180.0 180.0   5.0 450.0                            LAT/LON1/LON2/DLON/H
   58   62   64   67   71   78   88   98  107  112  115  114  111  108  104  101
   98   95   93   93   95   98  100  100   97   91   84   74   66   59   55   53
   52   54   57   60   63   64   65   65   67   69   71   74   76   77   75   74
   72   71   71   72   71   69   65   62   59   57   56   55   54   52   49   46
   43   41   38   37   38   41   47   53   58
    35.0-180.0 180.0   5.0 450.0                            LAT/LON1/LON2/DLON/H
   62   66   67   69   72   77   86   97  106  113  117  118  117  116  113  110
  107  104  102  102  104  108  109  108  104   99   91   82   73   66   62   58
   57   59   62   65   67   68   68   68   69   71   74   77   79   79   78   75
   72   70   69   69   69   67   64   61   58   57   57   56   55   53   51   48
   46   44   42   41   42   46   52   58   62
    32.5-180.0 180.0   5.0 450.0                            LAT/LON1/LON2/DLON/H
   68   71   72   73   74   77   84   94  103  110  115  119  121  121  120  118
  115  113  111  112  113  116  115  114  110  105   98   90   83   76   72   67
   65   65   68   71   71   71   71   71   72   74   77   80   81   80   77   73
   69   67   66   66   65   64   62   59   57   56   56   56   55   53   52   49
   47   45   44   44   47   51   57   63   68
    30.0-180.0 180.0   5.0 450.0                            LAT/LON1/LON2/DLON/H
   73   76   78   78   79   80   83   91   99  105  112  117  121  124  124  124
  123  121  120  121  121  122  121  118  114  109  104   99   94   89   84   79
   75   74   76   76   75   74   72   73   75   77   80   81   81   79   75   70
   66   63   62   62   61   60   59   57   55   55   55   55   54   53   51   49
   47   46   46   47   50   55   61   68   73
    27.5-180.0 180.0   5.0 450.0                            LAT/LON1/LON2/DLON/H
   79   83   86   86   86   85   85   89   94  100  107  113  119  124  127  128
  128  128  127  128  128  127  125  122  117  113  109  108  108  104   99   92
   88   85   83   81   78   75   73   73   76   78   81   81   79   76   71   66
   62   59   57   57   57   56   55   55   54   53   53   53   52   51   50   47
   46   45   46   48   52   59   66   74   79
    25.0-180.0 180.0   5.0 450.0                            LAT/LON1/LON2/DLON/H
   86   91   95   97   97   95   92   92   94   99  105  111  117  123  128  130
  132  132  133  133  133  133  130  126  120  117  116  118  122  122  116  108
  101   94   90   87   81   76   74   74   76   79   79   78   75   72   66   61
   58   55   54   53   54   53   52   52   52   52   51   50   48   47   46   45
   44   43   44   48   54   62   71   80   86
    22.5-180.0 180.0   5.0 450.0                            LAT/LON1/LON2/DLON/H
   93  101  107  111  111  110  106  103  102  105  110  115  119  125  129  132
  134  135  136  138  138  138  135  131  125  123  122  128  136  139  135  124
  112  103   97   91   84   77   74   74   75   77   76   73   70   66   61   56
   54   52   51   52   52   52   51   50   50   50   48   46   44   43   43   42
   40   40   42   47   55   64   75   85   93
    20.0-180.0 180.0   5.0 450.0                            LAT/LON1/LON2/DLON/H
  101  110  118  125  128  128  127  122  121  121  125  127  129  132  135  136
  137  137  139  142  142  142  140  136  133  129  129  137  148  154  149  136
  123  112  103   94   84   77   74   73   73   73   71   68   64   60   56   53
   51   51   51   52   52   51   50   49   48   47   45   43   41   40   39   38
   38   38   41   47   56   67   79   90  101
    17.5-180.0 180.0   5.0 450.0                            LAT/LON1/LON2/DLON/H
  106  118  128  139  146  149  150  149  147  149  149  149  148  148  148  146
  144  142  143  145  145  146  145  143  141  137  137  146  159  165  159  146
  133  118  107   96   84   75   72   71   71   70   67   64   60   57   54   52
   51   52   53   53   52   51   49   49   47   46   43   40   38   37   36   36
   36   37   42   49   59   71   82   95  106
    15.0-180.0 180.0   5.0 450.0                            LAT/LON1/LON2/DLON/H
  112  124  137  150  162  170  176  179  184  185  184  181  177  173  170  165
  158  152  149  149  150  151  152  151  149  147  148  157  168  173  166  153
  138  122  109   96   82   74   71   70   69   68   65   62   58   55   53   51
   52   53   54   54   53   51   50   48   46   44   42   38   36   35   35   35
   35   37   43   52   63   75   87  100  112
    12.5-180.0 180.0   5.0 450.0                            LAT/LON1/LON2/DLON/H
  118  131  145  159  174  188  199  210  218  223  224  221  214  210  202  193
  179  168  161  157  156  158  159  160  159  160  162  169  176  178  171  158
  142  125  110   95   83   76   72   70   70   68   66   62   58   55   53   52
   52   54   54   54   53   51   48   47   45   43   40   37   35   34   34   34
   34   38   45   55   68   80   92  105  118
    10.0-180.0 180.0   5.0 450.0                            LAT/LON1/LON2/DLON/H
  125  138  152  167  182  200  215  229  243  254  259  257  252  248  238  227
  207  190  177  168  165  166  168  170  171  172  175  179  182  182  175  162
  145  128  112   99   88   81   77   75   74   72   69   66   61   57   55   54
   54   54   53   53   52   50   47   45   44   42   39   36   34   35   35   34
   35   39   47   59   72   84   97  110  125
     7.5-180.0 180.0   5.0 450.0                            LAT/LON1/LON2/DLON/H
  130  144  158  173  188  208  221  236  255  271  281  284  281  279  270  257
  236  216  196  184  177  176  177  180  182  183  185  186  186  184  179  168
  153  137  121  108   98   91   86   82   81   79   76   72   68   63   60   58
   56   54   53   52   51   49   47   45   44   42   40   37   36   36   36   36
   37   42   51   63   76   89  101  115  130
     5.0-180.0 180.0   5.0 450.0                            LAT/LON1/LON2/DLON/H
  133  149  164  178  192  208  221  234  252  271  285  293  296  297  293  281
  262  240  216  200  191  187  187  190  191  192  194  192  190  189  186  179
  166  152  137  123  114  106   99   93   90   88   85   81   76   72   68   63
   60   55   54   53   51   49   48   47   45   44   41   40   40   40   39   38
   39   44   53   66   79   92  104  118  133
     2.5-180.0 180.0   5.0 450.0                            LAT/LON1/LON2/DLON/H
  134  150  168  182  195  206  216  226  241  258  273  284  294  300  303  296
  282  260  234  215  204  198  197  200  202  204  204  200  199  197  197  194
  185  173  158  144  132  123  114  106  101   99   96   93   88   84   78   71
   67   60   57   55   53   52   51   48   47   46   43   43   43   43   42   41
   42   46   56   68   81   93  105  118  134
