DORISInput/IGSGIM/2019/igsg3490.19i
     1.0            IONOSPHERE MAPS     MIX                 IONEX VERSION / TYPE
cmpcmb v1.2          GRL/UWM             4-jan-20 13:23     PGM / RUN BY / DATE 
ionex file containing IGS COMBINED Ionosphere maps          COMMENT             
global ionosphere maps for day 349, 2019                    DESCRIPTION         
IONEX file containing the COMBINED IGS TEC MAPS and DCBs    DESCRIPTION         
      IONEX files of the following IAACs were combined: cod DESCRIPTION         
                                                        esa DESCRIPTION         
                                                        jpl DESCRIPTION         
                                                        upc DESCRIPTION         
Contact address: Andrzej Krankowski                         DESCRIPTION
                 Geodynamics Research Laboratory            DESCRIPTION
                 University of Warmia and Mazury (GRL/UWM)  DESCRIPTION
                 Oczapowski St. 1                           DESCRIPTION
                 10-957-Olsztyn, POLAND                     DESCRIPTION
                 e-mail:  kand@uwm.edu.pl                   DESCRIPTION
                                                            DESCRIPTION         
  2019    12    15     0     0     0                        EPOCH OF FIRST MAP  
  2019    12    16     0     0     0                        EPOCH OF LAST MAP   
  7200                                                      INTERVAL            
    13                                                      # OF MAPS IN FILE   
  COSZ                                                      MAPPING FUNCTION    
     0.0                                                    ELEVATION CUTOFF    
combined TEC calculated as weighted mean of input TEC valuesOBSERVABLES USED    
   394                                                      # OF STATIONS       
    32                                                      # OF SATELLITES     
  6371.0                                                    BASE RADIUS         
     2                                                      MAP DIMENSION       
   450.0 450.0   0.0                                        HGT1 / HGT2 / DHGT  
    87.5 -87.5  -2.5                                        LAT1 / LAT2 / DLAT  
  -180.0 180.0   5.0                                        LON1 / LON2 / DLON  
    -1                                                      EXPONENT            
TEC values in 0.1 tec units;  9999, if no value available   COMMENT             
DCB values in nanoseconds, reference is Sum_of_SatDCBs = 0  COMMENT             
                                                            END OF HEADER       
[from data line 3861]
    10                                                      START OF TEC MAP    
  2019    12    15    18     0     0                        EPOCH OF CURRENT MAP
    87.5-180.0 180.0   5.0 450.0                            LAT/LON1/LON2/DLON/H
   14   13   13   13   13   13   13   13   13   13   13   13   13   13   13   13
   13   13   13   14   14   13   13   13   13   13   13   13   13   13   13   13
   13   13   13   13   13   13   14   14   14   14   14   14   14   14   14   14
   14   14   14   14   14   14   14   14   14   14   14   14   14   14   14   14
   14   14   14   14   14   14   13   13   14
    85.0-180.0 180.0   5.0 450.0                            LAT/LON1/LON2/DLON/H
   13   13   13   13   13   13   13   13   14   13   13   14   14   14   14   14
   14   15   15   15   14   14   14   14   14   14   14   13   13   13   13   13
   13   13   14   14   14   14   14   14   14   14   14   15   14   14   14   14
   15   15   15   15   15   15   15   15   15   15   15   15   14   14   14   14
   14   14   14   14   14   14   14   14   13
    82.5-180.0 180.0   5.0 450.0                            LAT/LON1/LON2/DLON/H
   14   14   14   14   14   13   14   14   14   15   15   15   16   16   16   17
   17   16   16   16   17   16   16   15   15   15   14   14   14   14   14   14
   14   14   14   14   14   14   14   15   15   15   15   15   15   15   15   15
   15   15   14   15   15   15   15   15   16   16   15   15   15   14   14   14
   14   14   14   14   14   14   14   14   14
    80.0-180.0 180.0   5.0 450.0                            LAT/LON1/LON2/DLON/H
   13   13   13   13   13   13   13   14   14   15   16   16   17   18   18   19
   20   20   20   20   20   19   18   18   17   16   16   16   15   14   14   14
   14   15   15   15   15   16   15   15   15   15   15   15   15   15   15   15
   15   15   14   14   14   14   14   14   15   15   15   15   15   14   14   14
   14   14   14   14   14   13   14   13   13
    77.5-180.0 180.0   5.0 450.0                            LAT/LON1/LON2/DLON/H
   11   11   11   11   11   11   12   13   13   14   16   18   19   20   21   22
   24   24   24   24   24   22   25   24   22   20   19   18   17   16   16   15
   15   15   14   15   15   15   15   15   15   15   15   15   15   15   15   15
   14   14   14   14   14   13   14   13   14   14   15   15   15   15   15   14
   14   13   13   13   12   12   12   12   11
    75.0-180.0 180.0   5.0 450.0                            LAT/LON1/LON2/DLON/H
   11   11   10   10   10   10   10   10   11   13   15   16   19   21   23   26
   28   29   31   30   29   31   30   28   26   24   21   18   17   16   15   14
   14   14   13   13   13   13   13   13   13   13   13   13   13   13   13   13
   14   14   14   13   13   13   13   13   13   13   14   15   16   16   16   15
   14   13   12   12   12   11   11   11   11
    72.5-180.0 180.0   5.0 450.0                            LAT/LON1/LON2/DLON/H
   11   10   10    9    9    9    8    9    9   10   13   16   19   23   26   29
   33   36   37   36   37   36   36   33   30   28   23   19   17   15   14   14
   13   11   11   11   10   10   10   10   10   10   10   11   12   12   12   13
   13   13   13   13   13   13   13   13   13   14   14   15   15   15   15   15
   14   14   13   12   12   11   11   11   11
    70.0-180.0 180.0   5.0 450.0                            LAT/LON1/LON2/DLON/H
   12   12   10   10    9    8    8    8    8   10   13   17   20   24   28   32
   36   39   41   43   43   42   41   38   35   31   27   21   18   15   13   11
   11   10    9    7    7    7    7    7    7    8    8    9   11   12   12   13
   14   13   14   14   14   14   14   14   14   15   15   16   16   16   16   16
   15   15   14   14   13   13   13   13   12
    67.5-180.0 180.0   5.0 450.0                            LAT/LON1/LON2/DLON/H
   16   16   14   13   11   10    9    9   10   12   15   18   21   25   29   33
   38   42   46   48   49   48   46   44   40   35   30   24   20   16   14   11
    9    8    7    6    6    6    6    6    6    7    7    9   11   12   13   14
   16   16   16   16   16   17   17   17   17   17   18   18   19   19   19   19
   19   18   17   17   17   17   17   17   16
    65.0-180.0 180.0   5.0 450.0                            LAT/LON1/LON2/DLON/H
   23   22   20   18   16   15   13   13   14   16   19   21   24   28   31   35
   40   45   49   52   53   53   51   48   45   39   34   28   23   19   15   12
   10    8    6    6    6    6    6    6    7    7    8   10   12   14   16   18
   20   21   20   20   20   20   20   21   20   21   21   21   22   23   23   23
   23   23   22   22   22   22   22   22   23
    62.5-180.0 180.0   5.0 450.0                            LAT/LON1/LON2/DLON/H
   29   28   27   24   22   21   20   20   21   22   24   27   28   31   35   38
   42   47   52   55   57   57   56   53   49   44   39   33   28   24   19   15
   12    9    7    7    7    7    7    8    8    9   10   12   15   19   22   24
   25   26   25   24   24   24   24   24   24   24   25   25   27   28   28   29
   28   28   28   27   27   28   29   29   29
    60.0-180.0 180.0   5.0 450.0                            LAT/LON1/LON2/DLON/H
   35   34   33   31   29   28   27   28   29   30   32   33   34   36   39   41
   45   50   54   57   59   60   59   57   54   49   46   40   35   29   24   20
   16   13   11    9   10    9   10   10   11   12   15   19   24   27   29   30
   31   30   30   29   28   29   28   28   28   28   29   30   32   33   34   34
   34   34   34   33   33   34   34   35   35
    57.5-180.0 180.0   5.0 450.0                            LAT/LON1/LON2/DLON/H
   40   39   38   37   35   35   35   36   38   40   41   42   42   42   44   46
   49   52   56   59   61   62   61   60   59   54   51   47   42   36   31   26
   22   19   17   15   14   14   14   15   17   21   25   30   34   36   37   38
   37   36   35   35   34   34   34   33   33   33   34   35   37   38   39   40
   41   40   39   38   38   38   39   40   40
    55.0-180.0 180.0   5.0 450.0                            LAT/LON1/LON2/DLON/H
   42   42   41   41   41   41   43   45   47   49   50   50   49   49   50   51
   53   56   59   61   63   63   63   63   62   59   57   54   49   43   38   33
   30   26   25   23   23   23   25   27   30   34   39   42   44   46   46   46
   44   44   42   41   40   39   39   39   39   39   40   40   41   42   44   45
   45   45   44   42   42   42   42   42   42
    52.5-180.0 180.0   5.0 450.0                            LAT/LON1/LON2/DLON/H
   44   43   44   44   45   47   49   53   56   57   58   58   57   56   56   57
   59   61   63   64   65   64   65   66   65   65   63   61   57   51   46   40
   37   34   34   33   34   35   38   41   44   49   52   55   55   55   54   53
   51   50   49   49   47   46   45   45   46   45   46   46   46   47   48   49
   49   48   47   45   44   43   44   44   44
    50.0-180.0 180.0   5.0 450.0                            LAT/LON1/LON2/DLON/H
   44   44   44   46   48   51   55   59   63   65   65   64   64   63   63   64
   65   66   67   67   67   67   67   69   69   70   70   68   65   60   53   48
   44   42   41   43   45   48   52   56   59   63   65   66   65   63   60   58
   57   56   56   55   54   53   53   52   52   52   51   51   50   49   50   51
   51   50   49   46   45   44   43   43   44
    47.5-180.0 180.0   5.0 450.0                            LAT/LON1/LON2/DLON/H
   42   42   44   46   50   55   60   65   69   71   71   71   70   69   69   71
   72   72   72   72   71   70   71   73   74   76   76   75   72   66   60   53
   49   47   48   50   54   60   65   69   72   74   75   74   72   69   65   63
   61   61   61   62   61   61   60   59   58   58   57   55   53   51   51   51
   51   50   48   46   44   43   42   42   42
    45.0-180.0 180.0   5.0 450.0                            LAT/LON1/LON2/DLON/H
   40   41   43   46   52   59   65   70   74   76   76   75   75   75   76   77
   79   79   79   78   77   77   78   79   81   83   82   81   78   73   66   59
   54   52   53   57   62   68   74   78   82   83   82   80   76   73   69   67
   66   67   67   69   68   68   67   65   64   63   61   58   56   53   52   51
   51   50   47   45   44   42   41   40   40
    42.5-180.0 180.0   5.0 450.0                            LAT/LON1/LON2/DLON/H
   40   40   42   46   53   61   69   75   78   79   79   79   79   80   81   84
   86   86   87   86   85   85   87   88   89   88   87   86   83   79   73   65
   59   57   59   63   69   75   80   85   87   87   85   82   79   75   72   71
   71   72   72   73   74   72   72   70   68   66   63   61   57   55   53   52
   51   50   48   46   44   42   41   40   40
    40.0-180.0 180.0   5.0 450.0                            LAT/LON1/LON2/DLON/H
   39   39   42   47   54   64   73   79   81   82   82   82   83   85   87   89
   92   94   95   95   95   95   96   97   96   94   92   90   88   85   79   72
   65   63   64   68   73   79   84   88   90   89   87   84   81   78   75   75
   75   75   75   76   76   75   74   72   69   68   65   62   59   56   54   53
   52   51   48   46   44   44   41   40   39
    37.5-180.0 180.0   5.0 450.0                            LAT/LON1/LON2/DLON/H
   40   40   42   47   55   65   75   81   83   84   85   86   87   89   91   94
   97  100  103  105  105  106  106  106  103   99   95   94   92   90   86   78
   72   70   71   73   78   82   87   89   91   90   88   85   82   80   78   78
   77   76   75   75   75   74   73   71   69   68   65   62   59   57   55   54
   52   51   49   47   46   45   44   42   40
    35.0-180.0 180.0   5.0 450.0                            LAT/LON1/LON2/DLON/H
   42   42   44   49   58   67   77   82   85   86   88   89   91   93   95   99
  102  106  109  112  114  115  116  114  109  103   99   97   97   96   93   87
   83   80   79   80   83   86   89   91   91   90   88   85   84   82   82   80
   77   75   74   73   72   71   71   70   68   66   64   61   59   57   56   54
   53   51   49   48   48   47   46   43   42
    32.5-180.0 180.0   5.0 450.0                            LAT/LON1/LON2/DLON/H
   44   45   48   53   61   70   78   83   87   89   91   93   96   97   99  102
  106  109  114  117  120  121  123  121  115  109  103  102  101  101  101   98
   94   92   90   89   90   90   91   92   91   89   87   85   84   84   84   81
   76   73   71   69   69   69   68   67   66   64   62   60   59   57   56   54
   53   51   50   49   49   49   48   46   44
    30.0-180.0 180.0   5.0 450.0                            LAT/LON1/LON2/DLON/H
   47   48   52   58   66   74   81   85   89   93   96   99  101  103  104  106
  108  112  115  118  121  125  126  125  120  114  108  107  107  108  110  110
  108  106  104  101   98   96   94   93   92   89   86   85   85   86   84   81
   76   71   68   66   66   66   66   65   63   62   60   58   57   56   56   55
   53   51   50   49   50   50   49   48   47
    27.5-180.0 180.0   5.0 450.0                            LAT/LON1/LON2/DLON/H
   50   53   58   64   71   79   85   89   93   98  103  106  108  109  109  110
  110  112  115  117  119  123  126  126  124  119  115  114  116  118  121  122
  123  122  119  114  108  101   97   94   92   89   86   85   86   87   85   81
   75   69   65   63   63   63   63   61   60   59   58   57   56   55   55   53
   52   50   49   49   50   50   50   49   50
    25.0-180.0 180.0   5.0 450.0                            LAT/LON1/LON2/DLON/H
   51   56   64   71   79   85   91   94   99  106  111  115  117  117  115  114
  113  113  114  115  116  120  123  125  125  125  124  124  127  131  135  136
  138  138  136  128  118  108  100   95   92   89   86   86   86   87   86   81
   74   67   62   61   61   61   61   58   56   56   56   55   54   54   54   52
   50   48   48   48   48   48   48   48   51
    22.5-180.0 180.0   5.0 450.0                            LAT/LON1/LON2/DLON/H
   51   58   68   78   86   93   98  103  107  114  121  124  126  126  123  120
  118  116  115  113  113  115  120  125  129  133  134  137  140  145  148  149
  152  152  151  142  128  114  105   97   92   89   86   86   87   87   86   80
   72   63   59   59   59   59   59   56   54   54   54   53   52   51   51   50
   48   46   45   45   46   45   45   46   51
    20.0-180.0 180.0   5.0 450.0                            LAT/LON1/LON2/DLON/H
   49   58   71   83   93  101  108  113  118  125  132  137  138  137  133  130
  125  123  118  114  111  113  119  127  136  143  148  151  156  160  160  160
  163  166  163  153  138  121  108  100   93   88   85   86   87   87   83   76
   69   62   59   58   58   58   57   55   54   53   53   51   50   49   49   48
   45   44   43   42   42   43   42   44   49
    17.5-180.0 180.0   5.0 450.0                            LAT/LON1/LON2/DLON/H
   48   58   73   87   98  108  116  123  130  137  146  150  151  150  146  144
  138  132  125  118  114  115  122  133  146  155  161  166  172  174  173  170
  174  177  173  162  145  126  111  100   94   88   86   86   86   84   79   72
   65   61   59   58   59   58   57   55   53   53   52   50   49   47   46   45
   43   42   41   40   41   40   39   41   48
    15.0-180.0 180.0   5.0 450.0                            LAT/LON1/LON2/DLON/H
   47   59   75   91  104  113  123  132  141  149  159  165  167  165  163  160
  153  146  137  129  123  123  130  143  157  168  176  180  184  187  184  181
  183  185  180  168  150  130  114  103   95   91   87   86   84   80   75   68
   63   60   59   59   59   58   57   55   53   53   51   49   47   44   44   43
   41   40   40   40   40   39   39   40   47
    12.5-180.0 180.0   5.0 450.0                            LAT/LON1/LON2/DLON/H
   47   60   77   93  107  118  129  139  149  160  170  178  181  181  181  177
  171  164  154  146  141  140  146  157  170  182  190  194  196  196  193  191
  190  190  186  174  156  136  119  107  100   95   91   86   82   77   71   65
   61   60   60   59   58   57   56   53   53   52   50   48   45   42   42   40
   39   39   39   39   39   39   38   40   47
    10.0-180.0 180.0   5.0 450.0                            LAT/LON1/LON2/DLON/H
   49   62   79   95  110  122  132  144  156  168  179  189  194  197  199  195
  189  183  175  170  166  165  169  177  186  196  203  205  205  202  199  196
  195  194  190  179  163  146  131  118  108  101   95   88   81   74   68   63
   61   61   60   59   58   56   55   53   52   51   49   47   44   41   40   39
   37   38   39   40   40   39   39   41   49
     7.5-180.0 180.0   5.0 450.0                            LAT/LON1/LON2/DLON/H
   50   64   81   97  112  124  136  148  161  174  186  197  204  210  213  210
  204  200  197  197  196  196  197  200  203  209  213  214  212  209  205  203
  202  201  198  189  175  162  148  134  121  111   99   90   81   74   68   66
   66   66   65   63   60   57   56   54   53   52   51   48   45   42   40   37
   36   37   38   40   41   40   40   42   50
     5.0-180.0 180.0   5.0 450.0                            LAT/LON1/LON2/DLON/H
   54   67   84  101  114  127  139  151  165  179  191  203  212  219  223  222
  218  217  218  224  227  229  227  224  221  220  221  221  220  218  216  215
  215  213  210  203  193  181  168  152  136  121  106   94   85   78   75   75
   75   76   74   71   67   62   60   58   57   56   54   50   47   44   41   38
   37   37   39   41   42   41   41   45   54
     2.5-180.0 180.0   5.0 450.0                            LAT/LON1/LON2/DLON/H
   57   72   89  104  118  131  142  155  168  181  194  206  216  224  229  230
  229  231  237  247  255  259  254  246  237  231  228  230  231  232  233  234
  235  231  228  221  212  202  187  168  148  130  114  102   94   88   88   88
   89   89   88   84   78   71   68   64   62   60   57   54   51   47   44   41
   39   38   39   42   42   42   43   48   57
