DORISInput/IGSGIM/2019/igsg3560.19i
     1.0            IONOSPHERE MAPS     MIX                 IONEX VERSION / TYPE
cmpcmb v1.2          GRL/UWM            16-jan-20 11:37     PGM / RUN BY / DATE 
ionex file containing IGS COMBINED Ionosphere maps          COMMENT             
global ionosphere maps for day 356, 2019                    DESCRIPTION         
IONEX file containing the COMBINED IGS TEC MAPS and DCBs    DESCRIPTION         
      IONEX files of the following IAACs were combined: cod DESCRIPTION         
                                                        esa DESCRIPTION         
                                                        jpl DESCRIPTION         
                                                        upc DESCRIPTION         
Contact address: Andrzej Krankowski                         DESCRIPTION
                 Geodynamics Research Laboratory            DESCRIPTION
                 University of Warmia and Mazury (GRL/UWM)  DESCRIPTION
                 Oczapowski St. 1                           DESCRIPTION
                 10-957-Olsztyn, POLAND                     DESCRIPTION
                 e-mail:  kand@uwm.edu.pl                   DESCRIPTION
                                                            DESCRIPTION         
  2019    12    22     0     0     0                        EPOCH OF FIRST MAP  
  2019    12    23     0     0     0                        EPOCH OF LAST MAP   
  7200                                                      INTERVAL            
    13                                                      # OF MAPS IN FILE   
  COSZ                                                      MAPPING FUNCTION    
     0.0                                                    ELEVATION CUTOFF    
combined TEC calculated as weighted mean of input TEC valuesOBSERVABLES USED    
   389                                                      # OF STATIONS       
    32                                                      # OF SATELLITES     
  6371.0                                                    BASE RADIUS         
     2                                                      MAP DIMENSION       
   450.0 450.0   0.0                                        HGT1 / HGT2 / DHGT  
    87.5 -87.5  -2.5                                        LAT1 / LAT2 / DLAT  
  -180.0 180.0   5.0                                        LON1 / LON2 / DLON  
    -1                                                      EXPONENT            
TEC values in 0.1 tec units;  9999, if no value available   COMMENT             
DCB values in nanoseconds, reference is Sum_of_SatDCBs = 0  COMMENT             
                                                            END OF HEADER       
[from data line 858]
     3                                                      START OF TEC MAP    
  2019    12    22     4     0     0                        EPOCH OF CURRENT MAP
    87.5-180.0 180.0   5.0 450.0                            LAT/LON1/LON2/DLON/H
   23   22   22   22   23   22   22   23   23   23   23   23   23   23   22   22
   22   22   21   21   21   21   20   20   20   20   20   20   20   20   20   20
   20   20   20   20   20   20   20   21   21   21   21   21   21   21   21   21
   21   21   22   22   22   22   22   22   22   22   22   21   21   22   22   22
   21   21   22   22   22   22   22   22   23
    85.0-180.0 180.0   5.0 450.0                            LAT/LON1/LON2/DLON/H
   21   22   22   23   23   23   23   24   24   23   23   23   23   22   22   21
   21   20   20   20   19   18   18   17   17   17   17   17   17   17   17   17
   18   19   19   19   20   20   20   21   21   21   21   22   21   21   21   21
   21   21   20   20   20   20   20   20   19   19   19   19   19   19   19   19
   19   19   19   19   20   20   20   21   21
    82.5-180.0 180.0   5.0 450.0                            LAT/LON1/LON2/DLON/H
   20   21   21   22   23   24   24   25   25   25   25   25   23   23   21   21
   19   18   18   17   16   16   14   14   13   13   13   13   13   14   14   15
   16   16   17   18   18   19   19   20   20   20   20   21   21   20   20   20
   19   19   18   18   17   17   16   16   16   15   15   15   15   15   15   15
   15   15   15   16   17   18   18   19   20
    80.0-180.0 180.0   5.0 450.0                            LAT/LON1/LON2/DLON/H
   17   18   19   21   22   23   24   24   25   25   24   23   23   22   21   20
   18   17   15   14   13   12   11   10    9    8    9    9    9   11   11   12
   14   15   15   17   17   18   19   19   19   19   19   19   19   19   18   17
   17   16   15   15   14   14   13   13   13   13   12   12   12   12   12   12
   12   12   12   13   13   14   15   16   17
    77.5-180.0 180.0   5.0 450.0                            LAT/LON1/LON2/DLON/H
   14   14   16   17   19   20   21   21   22   23   23   23   22   21   20   18
   17   15   13   11   10    9    8    8    8    8    8    9    9    9   11   12
   13   14   15   16   16   17   17   18   18   18   18   18   17   16   16   15
   14   13   13   12   12   12   12   12   12   12   12   11   12   12   12   12
   12   11   11   12   12   13   12   13   14
    75.0-180.0 180.0   5.0 450.0                            LAT/LON1/LON2/DLON/H
   11   12   12   14   15   17   18   19   21   22   22   22   21   20   18   17
   15   13   13   11   10    9    9    8    8    8    8    9    9   10   10   11
   12   13   14   15   16   16   16   16   16   16   16   15   14   13   12   12
   12   11   11   10   11   11   12   13   13   14   14   14   15   16   16   15
   15   14   14   13   13   12   11   11   11
    72.5-180.0 180.0   5.0 450.0                            LAT/LON1/LON2/DLON/H
   11   11   11   12   13   14   16   17   19   19   19   19   19   18   17   15
   14   13   12   11   11   10   10   10   10   11   11   11   11   11   12   12
   12   13   13   14   14   14   14   14   14   13   13   13   12   11   10   10
   10   10   10   11   12   13   14   15   17   18   19   20   21   22   22   21
   21   19   19   17   15   14   12   12   11
    70.0-180.0 180.0   5.0 450.0                            LAT/LON1/LON2/DLON/H
   13   12   11   12   12   13   14   15   16   17   17   16   16   16   15   14
   13   12   12   13   12   12   12   13   13   14   14   14   14   14   13   13
   14   14   13   13   13   13   12   11   11   11   11   10   10   10    9    9
   10   10   11   13   14   16   18   20   22   25   27   28   30   30   31   30
   29   27   25   23   20   18   16   14   13
    67.5-180.0 180.0   5.0 450.0                            LAT/LON1/LON2/DLON/H
   17   16   14   13   13   13   13   13   14   14   14   14   13   13   12   12
   12   13   14   14   14   15   16   16   16   17   17   17   16   16   15   14
   14   14   13   12   11   11   10   10    9    9    9    9    9    9   10   10
   11   12   14   16   18   21   23   26   29   32   35   37   38   39   40   39
   37   36   33   31   28   25   23   20   17
    65.0-180.0 180.0   5.0 450.0                            LAT/LON1/LON2/DLON/H
   23   21   18   16   15   14   14   13   13   13   13   12   11   11   11   11
   12   13   15   15   16   17   18   19   18   19   18   18   18   18   17   15
   14   13   12   12   11   10    9    9    9    9    9    9   10   10   10   12
   13   15   19   21   24   27   30   33   36   39   41   44   45   47   47   47
   46   44   42   39   36   33   29   27   23
    62.5-180.0 180.0   5.0 450.0                            LAT/LON1/LON2/DLON/H
   30   26   24   21   18   17   16   15   14   13   12   11   10   10   11   11
   11   13   15   16   17   18   19   19   19   19   18   18   19   18   18   16
   14   14   13   12   11   10    9    9    9   10   10   10   11   12   13   15
   17   19   23   27   30   33   36   39   42   44   46   49   51   52   53   53
   52   50   48   46   43   40   36   33   30
    60.0-180.0 180.0   5.0 450.0                            LAT/LON1/LON2/DLON/H
   36   32   28   25   22   20   19   17   16   15   13   12   11   10   10   11
   11   13   15   16   17   18   18   17   17   18   18   18   18   18   19   18
   16   15   15   13   12   12   11   11   12   12   12   13   14   15   16   18
   22   25   29   33   36   39   42   44   47   49   50   53   54   56   56   56
   55   55   52   51   48   45   42   39   36
    57.5-180.0 180.0   5.0 450.0                            LAT/LON1/LON2/DLON/H
   39   36   32   29   26   23   21   20   18   17   15   13   12   11   11   11
   12   13   14   15   16   16   15   14   14   15   16   17   18   20   21   20
   19   18   18   17   16   16   16   16   17   17   17   18   18   19   20   23
   27   31   35   40   43   46   48   50   51   53   54   56   58   58   58   58
   58   57   56   53   51   49   46   43   39
    55.0-180.0 180.0   5.0 450.0                            LAT/LON1/LON2/DLON/H
   43   39   36   33   30   27   24   23   21   19   18   16   15   14   14   13
   14   14   15   15   14   13   12   12   13   15   17   19   20   22   24   24
   24   23   23   23   22   22   22   23   23   23   24   24   24   25   26   29
   33   37   41   46   50   52   55   56   57   58   59   59   60   60   60   60
   61   60   59   57   55   53   50   46   43
    52.5-180.0 180.0   5.0 450.0                            LAT/LON1/LON2/DLON/H
   46   43   39   36   33   30   28   25   24   22   21   19   19   17   17   16
   16   16   16   15   13   12   12   12   13   16   19   22   25   27   29   29
   30   29   30   30   30   30   30   30   30   30   30   30   30   31   33   35
   38   43   47   52   55   58   61   62   63   63   64   64   64   64   63   63
   64   64   63   61   59   57   53   49   46
    50.0-180.0 180.0   5.0 450.0                            LAT/LON1/LON2/DLON/H
   50   46   43   40   36   33   30   29   27   26   24   24   23   22   21   21
   20   20   19   17   15   13   13   13   15   20   24   28   32   34   35   35
   35   36   36   37   37   38   38   38   38   38   38   37   37   37   38   41
   44   48   52   57   60   64   66   68   68   69   70   69   68   68   68   68
   68   68   68   66   64   62   58   54   50
    47.5-180.0 180.0   5.0 450.0                            LAT/LON1/LON2/DLON/H
   55   51   47   43   40   37   35   32   31   30   29   28   28   27   26   26
   25   25   23   21   20   19   18   20   23   28   33   38   41   43   42   42
   42   42   43   44   45   46   46   46   45   45   44   43   42   43   44   47
   50   53   58   62   66   69   72   74   75   75   76   75   73   73   72   72
   72   72   72   71   69   67   63   59   55
    45.0-180.0 180.0   5.0 450.0                            LAT/LON1/LON2/DLON/H
   59   55   51   48   45   42   38   36   34   34   34   34   34   33   32   31
   31   31   31   30   29   28   29   31   35   40   45   50   51   51   49   47
   47   48   49   50   52   53   53   52   51   50   49   48   48   48   49   52
   55   58   62   66   70   74   78   80   82   82   81   80   78   77   76   76
   76   77   76   75   73   70   67   64   59
    42.5-180.0 180.0   5.0 450.0                            LAT/LON1/LON2/DLON/H
   63   59   55   52   49   46   42   39   38   38   39   39   40   39   38   37
   38   39   40   41   42   43   44   47   51   56   59   61   59   57   55   52
   51   51   53   55   57   58   58   57   55   54   53   52   52   53   54   57
   60   63   67   70   74   79   83   86   87   87   86   84   82   80   79   79
   79   80   81   80   77   74   71   68   63
    40.0-180.0 180.0   5.0 450.0                            LAT/LON1/LON2/DLON/H
   67   62   59   55   52   49   46   44   42   43   44   45   45   45   44   43
   45   48   51   54   56   59   61   64   67   71   72   71   66   62   59   56
   55   55   56   58   60   61   61   60   59   57   56   55   55   57   60   63
   66   69   71   74   78   83   87   91   92   92   90   87   84   82   81   81
   82   83   84   83   80   77   74   71   67
    37.5-180.0 180.0   5.0 450.0                            LAT/LON1/LON2/DLON/H
   69   65   60   57   54   52   50   47   46   47   49   51   51   51   50   50
   52   56   62   68   71   74   77   80   82   83   81   77   72   67   63   60
   58   58   59   61   62   62   62   61   60   59   58   57   58   61   64   68
   70   73   75   78   82   87   91   95   96   96   94   90   87   85   83   84
   85   86   86   85   83   80   77   74   69
    35.0-180.0 180.0   5.0 450.0                            LAT/LON1/LON2/DLON/H
   72   67   62   58   56   53   51   49   49   52   54   56   58   57   56   56
   58   64   72   79   83   86   88   90   91   91   87   81   75   70   66   64
   63   62   61   62   63   62   61   60   60   59   59   59   61   64   68   71
   74   76   78   80   84   89   94   98  100   99   98   95   92   89   88   89
   90   91   90   88   86   83   80   77   72
    32.5-180.0 180.0   5.0 450.0                            LAT/LON1/LON2/DLON/H
   75   69   64   59   57   54   51   50   50   53   57   60   62   62   62   63
   66   71   79   86   91   94   95   96   95   93   89   82   75   71   68   67
   66   65   64   64   63   61   59   59   59   59   59   60   62   66   70   73
   77   79   80   83   87   91   97  101  103  104  105  103  100   98   96   96
   98   98   97   94   90   87   84   81   75
    30.0-180.0 180.0   5.0 450.0                            LAT/LON1/LON2/DLON/H
   80   73   68   63   59   56   52   50   50   53   57   61   64   65   66   68
   71   77   83   89   94   97   97   95   93   89   84   77   72   69   68   68
   69   69   67   64   61   59   57   57   57   57   58   60   63   67   71   76
   80   81   83   86   90   95  101  106  109  112  114  114  113  111  109  109
  110  110  108  103   98   94   91   86   80
    27.5-180.0 180.0   5.0 450.0                            LAT/LON1/LON2/DLON/H
   87   80   74   69   63   59   54   51   50   52   57   60   63   66   67   70
   74   80   85   87   90   93   91   89   85   81   75   70   69   68   69   70
   71   71   68   63   59   56   54   54   54   54   55   58   61   66   72   77
   82   84   87   90   95  100  106  112  117  123  128  130  131  129  127  126
  126  125  123  117  111  106  101   95   87
    25.0-180.0 180.0   5.0 450.0                            LAT/LON1/LON2/DLON/H
   99   90   84   77   71   66   59   54   52   53   56   59   61   64   67   70
   74   79   83   83   83   83   82   80   76   71   66   65   66   68   70   72
   73   71   67   62   57   54   51   50   51   51   53   56   60   66   72   79
   84   88   92   95  100  106  113  120  127  136  144  149  152  152  148  147
  147  146  143  136  128  122  115  108   99
    22.5-180.0 180.0   5.0 450.0                            LAT/LON1/LON2/DLON/H
  113  103   95   89   82   74   67   60   57   56   57   58   59   61   65   69
   74   77   79   77   75   74   73   71   68   64   61   61   64   68   71   73
   72   70   65   60   55   51   48   47   46   48   50   54   59   65   73   81
   87   92   97  102  107  113  121  130  139  151  162  171  176  177  173  171
  171  170  164  156  148  140  132  124  113
    20.0-180.0 180.0   5.0 450.0                            LAT/LON1/LON2/DLON/H
  129  119  109  102   94   86   77   69   64   61   59   58   59   60   64   69
   72   74   73   71   69   69   69   67   64   60   59   60   64   68   71   71
   71   68   63   58   53   48   46   44   43   45   47   52   59   66   75   83
   91   98  104  111  116  123  132  141  154  169  183  193  201  201  197  195
  194  193  184  173  166  157  150  140  129
    17.5-180.0 180.0   5.0 450.0                            LAT/LON1/LON2/DLON/H
  143  133  124  117  108   98   89   79   72   67   64   61   60   61   65   70
   71   71   68   65   64   66   68   67   64   61   60   62   65   67   69   69
   68   65   61   56   51   47   44   42   41   42   45   51   58   68   77   86
   96  105  113  121  128  135  144  154  170  187  203  215  222  221  217  215
  212  210  201  189  178  171  164  154  143
    15.0-180.0 180.0   5.0 450.0                            LAT/LON1/LON2/DLON/H
  154  145  137  129  121  111  101   91   82   75   70   67   64   65   68   71
   72   69   66   63   62   65   68   69   67   64   63   64   66   67   67   67
   66   62   58   53   49   46   43   41   40   39   43   49   60   71   82   92
  102  113  122  131  138  146  156  167  182  201  218  231  236  236  232  229
  225  220  213  201  189  182  173  164  154
    12.5-180.0 180.0   5.0 450.0                            LAT/LON1/LON2/DLON/H
  165  155  147  141  133  123  113  102   93   85   79   74   70   70   72   72
   71   70   67   65   64   67   72   72   71   67   66   66   67   68   67   65
   63   60   55   52   49   47   43   41   39   39   43   50   62   74   86   98
  109  120  131  140  147  156  166  177  191  209  224  235  241  241  238  236
  233  227  219  208  197  190  183  173  165
    10.0-180.0 180.0   5.0 450.0                            LAT/LON1/LON2/DLON/H
  175  166  157  150  144  134  123  113  103   96   89   83   80   78   77   75
   73   72   70   69   69   72   76   77   76   72   70   69   69   69   67   63
   60   58   55   53   51   48   45   42   40   39   43   52   65   78   91  103
  114  126  136  146  154  163  172  182  195  209  222  232  239  240  239  237
  235  231  223  213  204  197  190  182  175
     7.5-180.0 180.0   5.0 450.0                            LAT/LON1/LON2/DLON/H
  185  178  169  161  154  144  133  123  115  108  100   96   91   88   85   80
   77   76   75   75   75   78   82   83   82   78   74   72   70   69   66   62
   59   57   56   54   53   51   48   45   41   41   45   55   68   82   95  106
  117  128  138  149  158  167  175  184  193  204  215  225  232  236  238  238
  238  234  226  217  209  203  197  192  185
     5.0-180.0 180.0   5.0 450.0                            LAT/LON1/LON2/DLON/H
  196  190  183  174  165  154  142  133  126  119  112  107  103   98   92   86
   83   83   83   84   83   84   86   88   88   84   80   75   71   69   65   62
   60   58   58   57   56   54   51   47   44   44   49   59   72   86   98  108
  119  129  139  149  158  167  175  183  191  199  208  217  226  234  238  241
  241  238  231  223  215  210  205  201  196
     2.5-180.0 180.0   5.0 450.0                            LAT/LON1/LON2/DLON/H
  210  206  200  191  178  165  152  142  134  127  121  116  111  106   99   94
   92   92   92   94   92   90   90   93   93   89   84   78   73   70   67   64
   62   61   61   60   59   56   53   49   46   47   53   62   75   89  100  110
  119  128  138  148  157  166  174  181  188  195  203  212  222  232  240  245
  246  243  238  230  223  219  216  213  210
