DORISInput/IGSGIM/2019/igsg3340.19i
     1.0            IONOSPHERE MAPS     MIX                 IONEX VERSION / TYPE
cmpcmb v1.2          GRL/UWM            20-dec-19 09:48     PGM / RUN BY / DATE 
ionex file containing IGS COMBINED Ionosphere maps          COMMENT             
global ionosphere maps for day 334, 2019                    DESCRIPTION         
IONEX file containing the COMBINED IGS TEC MAPS and DCBs    DESCRIPTION         
      IONEX files of the following IAACs were combined: cod DESCRIPTION         
                                                        esa DESCRIPTION         
                                                        jpl DESCRIPTION         
                                                        upc DESCRIPTION         
Contact address: Andrzej Krankowski                         DESCRIPTION
                 Geodynamics Research Laboratory            DESCRIPTION
                 University of Warmia and Mazury (GRL/UWM)  DESCRIPTION
                 Oczapowski St. 1                           DESCRIPTION
                 10-957-Olsztyn, POLAND                     DESCRIPTION
                 e-mail:  kand@uwm.edu.pl                   DESCRIPTION
                                                            DESCRIPTION         
  2019    11    30     0     0     0                        EPOCH OF FIRST MAP  
  2019    12     1     0     0     0                        EPOCH OF LAST MAP   
  7200                                                      INTERVAL            
    13                                                      # OF MAPS IN FILE   
  COSZ                                                      MAPPING FUNCTION    
     0.0                                                    ELEVATION CUTOFF    
combined TEC calculated as weighted mean of input TEC valuesOBSERVABLES USED    
   396                                                      # OF STATIONS       
    32                                                      # OF SATELLITES     
  6371.0                                                    BASE RADIUS         
     2                                                      MAP DIMENSION       
   450.0 450.0   0.0                                        HGT1 / HGT2 / DHGT  
    87.5 -87.5  -2.5                                        LAT1 / LAT2 / DLAT  
  -180.0 180.0   5.0                                        LON1 / LON2 / DLON  
    -1                                                      EXPONENT            
TEC values in 0.1 tec units;  9999, if no value available   COMMENT             
DCB values in nanoseconds, reference is Sum_of_SatDCBs = 0  COMMENT             
                                                            END OF HEADER       
[from data line 429]
     2                                                      START OF TEC MAP    
  2019    11    30     2     0     0                        EPOCH OF CURRENT MAP
    87.5-180.0 180.0   5.0 450.0                            LAT/LON1/LON2/DLON/H
   21   21   22   22   22   22   22   22   22   22   21   21   21   21   20   20
   20   19   19   18   18   17   17   17   16   16   16   16   15   15   15   14
   15   15   15   14   15   15   15   15   15   15   15   16   16   16   16   16
   17   17   17   17   17   17   18   18   18   19   19   19   19   19   20   20
   20   20   20   20   20   20   21   21   21
    85.0-180.0 180.0   5.0 450.0                            LAT/LON1/LON2/DLON/H
   25   25   26   27   28   28   29   29   29   29   28   28   27   27   26   25
   24   23   21   20   18   17   15   14   13   13   12   12   11   11   10   10
   10   10   10   10   10   11   12   12   13   13   14   14   15   15   15   15
   16   16   17   17   17   17   17   17   18   18   18   18   19   18   19   19
   19   20   21   22   22   23   23   24   25
    82.5-180.0 180.0   5.0 450.0                            LAT/LON1/LON2/DLON/H
   28   30   30   31   32   32   32   33   33   33   33   33   32   32   31   29
   28   26   24   23   20   17   14   12   11   10    9    9    8    9    8    9
    9    9    9    9   10   11   11   12   13   13   14   15   15   15   16   16
   16   16   16   16   16   16   15   16   16   16   16   17   17   16   17   18
   19   20   21   22   23   24   26   27   28
    80.0-180.0 180.0   5.0 450.0                            LAT/LON1/LON2/DLON/H
   28   29   30   31   32   34   35   36   36   37   37   36   36   34   33   32
   30   28   25   23   21   19   14   12   10    9    9    8    8    8    8    7
    8    8    8    9    9   10   12   13   14   15   16   16   17   17   16   17
   17   16   16   15   15   15   14   14   13   13   14   14   14   14   15   16
   17   18   20   20   22   23   24   26   28
    77.5-180.0 180.0   5.0 450.0                            LAT/LON1/LON2/DLON/H
   26   28   29   30   31   32   33   34   36   37   37   36   36   36   35   33
   31   29   26   23   21   17   15   13   10    9    8    8    7    7    7    6
    7    7    8   10   11   12   13   14   16   17   17   18   18   17   17   17
   16   15   15   14   14   13   13   12   12   12   12   12   13   14   14   15
   16   18   18   19   21   22   23   24   26
    75.0-180.0 180.0   5.0 450.0                            LAT/LON1/LON2/DLON/H
   25   26   26   27   28   29   30   31   32   33   34   35   36   35   34   33
   31   29   27   24   21   19   17   15   13   11   10    9    8    7    7    8
    7    9   10   11   12   13   14   15   16   17   18   18   18   17   17   16
   15   14   13   12   11   11   11   11   11   12   12   13   14   15   16   17
   18   19   20   20   21   22   23   24   25
    72.5-180.0 180.0   5.0 450.0                            LAT/LON1/LON2/DLON/H
   26   25   25   25   25   26   26   27   28   29   30   30   31   31   32   31
   31   29   27   25   23   21   20   17   16   14   13   12   10    9    9    9
   11   12   13   13   14   14   15   15   16   17   18   18   18   17   16   15
   14   12   11   10   10   10   11   11   12   13   14   16   17   19   20   22
   22   23   23   24   24   25   25   26   26
    70.0-180.0 180.0   5.0 450.0                            LAT/LON1/LON2/DLON/H
   29   28   26   25   24   23   23   22   22   23   24   24   25   26   27   28
   28   28   27   26   25   23   22   20   18   17   15   15   14   13   13   13
   14   14   15   15   15   14   14   15   16   16   17   17   16   16   15   14
   12   11   10    9    9   10   11   13   15   17   19   21   23   25   26   28
   29   29   30   30   30   30   30   30   29
    67.5-180.0 180.0   5.0 450.0                            LAT/LON1/LON2/DLON/H
   34   32   30   28   25   23   21   20   19   18   18   19   20   21   22   24
   24   25   25   25   24   24   23   22   20   19   18   17   16   15   15   16
   16   15   16   15   15   14   13   14   14   14   15   15   15   14   14   13
   10   10    8    8    9   10   13   16   19   23   25   28   30   33   34   35
   36   37   38   38   38   38   37   36   34
    65.0-180.0 180.0   5.0 450.0                            LAT/LON1/LON2/DLON/H
   41   39   36   32   29   25   22   20   17   16   15   15   15   16   17   19
   20   21   22   23   23   23   23   22   21   20   19   18   16   16   16   16
   17   17   16   15   15   14   13   12   13   13   14   14   14   14   13   12
   10    9    9    9   11   14   17   21   26   30   33   36   38   40   41   43
   44   44   46   46   46   46   44   43   41
    62.5-180.0 180.0   5.0 450.0                            LAT/LON1/LON2/DLON/H
   49   47   43   39   34   30   26   22   19   16   14   14   13   13   13   15
   17   18   19   20   21   22   21   20   20   19   18   17   16   16   16   16
   17   17   17   16   15   14   13   13   13   14   14   15   15   15   14   13
   12   11   10   12   14   18   22   27   32   38   41   44   46   48   49   50
   51   52   52   52   53   53   52   51   49
    60.0-180.0 180.0   5.0 450.0                            LAT/LON1/LON2/DLON/H
   55   53   51   46   41   36   31   27   22   18   15   14   13   12   12   13
   14   15   16   17   18   19   18   18   17   16   16   15   15   15   16   16
   18   19   19   19   18   17   16   15   15   16   17   18   18   18   17   16
   15   13   13   15   18   22   27   34   40   46   50   53   55   56   56   57
   58   58   58   58   58   58   57   57   55
    57.5-180.0 180.0   5.0 450.0                            LAT/LON1/LON2/DLON/H
   61   59   57   53   48   43   38   33   27   22   19   16   15   14   13   13
   14   14   15   15   16   15   15   15   14   14   15   15   16   16   17   18
   21   22   23   24   23   22   21   20   20   20   22   22   22   22   21   20
   18   18   18   20   23   28   34   41   47   53   58   60   62   62   63   63
   63   63   63   62   62   62   62   61   61
    55.0-180.0 180.0   5.0 450.0                            LAT/LON1/LON2/DLON/H
   64   63   61   59   55   50   45   39   33   28   23   20   17   16   15   15
   15   15   15   15   15   14   13   13   14   15   16   18   19   20   22   23
   26   28   30   30   30   29   28   27   27   26   27   27   27   27   26   25
   24   23   24   26   29   34   41   48   54   59   64   67   68   68   68   68
   68   67   67   66   67   66   65   64   64
    52.5-180.0 180.0   5.0 450.0                            LAT/LON1/LON2/DLON/H
   67   66   64   62   60   56   51   45   40   34   29   25   22   20   19   18
   18   17   16   16   15   13   13   13   15   17   20   23   26   28   29   31
   33   35   37   37   37   37   36   35   34   33   33   32   32   32   31   31
   30   30   30   32   36   41   48   55   60   65   69   72   73   74   73   73
   73   72   71   70   70   69   68   68   67
    50.0-180.0 180.0   5.0 450.0                            LAT/LON1/LON2/DLON/H
   69   68   66   66   65   62   58   52   46   39   35   31   28   25   24   22
   22   21   20   19   17   15   15   16   19   23   27   32   36   38   39   40
   41   43   43   44   44   44   43   43   41   40   38   37   37   37   36   36
   37   37   37   40   43   49   56   62   67   72   75   77   79   80   79   79
   78   77   76   74   72   71   70   69   69
    47.5-180.0 180.0   5.0 450.0                            LAT/LON1/LON2/DLON/H
   71   69   68   69   68   67   64   58   52   45   41   38   35   32   29   28
   26   26   25   24   23   22   22   24   28   34   40   44   48   49   50   48
   49   49   50   50   51   51   50   49   48   46   44   42   41   41   41   42
   42   43   44   47   50   56   62   68   74   79   82   84   86   87   86   85
   84   82   80   78   75   74   73   72   71
    45.0-180.0 180.0   5.0 450.0                            LAT/LON1/LON2/DLON/H
   72   70   70   71   73   72   69   64   57   52   48   45   42   39   36   33
   31   32   32   32   32   32   33   37   42   48   54   58   60   59   58   56
   55   55   55   55   55   55   55   55   53   51   48   46   44   45   45   47
   48   49   51   53   57   63   69   74   79   85   90   92   95   96   94   93
   90   87   85   82   80   77   76   74   72
    42.5-180.0 180.0   5.0 450.0                            LAT/LON1/LON2/DLON/H
   75   73   72   73   76   76   74   69   64   59   56   53   50   47   43   39
   38   38   39   42   43   46   48   52   57   63   68   72   71   68   64   61
   60   59   59   59   59   58   59   58   57   55   52   49   48   49   50   52
   53   55   58   60   64   70   75   80   86   92   98  102  104  104  103  101
   97   93   90   88   85   83   82   78   75
    40.0-180.0 180.0   5.0 450.0                            LAT/LON1/LON2/DLON/H
   82   77   74   74   76   77   77   74   69   66   63   61   58   54   50   46
   44   45   48   52   56   59   63   68   72   77   81   82   79   74   69   65
   64   62   61   61   61   60   61   61   60   59   56   53   52   52   54   56
   58   61   63   66   70   75   80   85   92   98  105  109  112  113  112  109
  104  100   96   94   92   91   89   86   82
    37.5-180.0 180.0   5.0 450.0                            LAT/LON1/LON2/DLON/H
   93   86   80   77   78   79   80   78   75   73   71   69   67   62   57   53
   51   52   56   61   67   71   77   82   85   88   89   88   83   77   72   68
   66   64   63   62   62   62   62   63   63   62   59   57   56   57   58   60
   62   64   67   70   74   79   84   90   97  103  110  116  119  120  119  116
  112  108  104  102  102  102  101   98   93
    35.0-180.0 180.0   5.0 450.0                            LAT/LON1/LON2/DLON/H
  108   99   90   83   81   81   82   81   79   78   77   76   74   70   65   61
   58   59   63   69   75   82   88   92   93   93   92   89   84   79   73   69
   67   66   65   64   63   63   63   64   64   64   63   61   60   60   61   62
   63   65   68   72   76   81   86   92   98  105  113  119  124  125  125  124
  121  118  116  114  115  116  117  115  108
    32.5-180.0 180.0   5.0 450.0                            LAT/LON1/LON2/DLON/H
  131  119  106   93   86   85   85   85   83   81   81   81   80   77   73   68
   65   65   68   74   81   88   93   96   95   92   90   87   82   77   73   69
   68   67   66   65   64   63   62   64   64   65   64   62   61   61   61   62
   62   64   68   73   77   82   86   92   99  106  114  121  126  128  130  131
  132  131  131  131  132  136  138  138  131
    30.0-180.0 180.0   5.0 450.0                            LAT/LON1/LON2/DLON/H
  159  145  129  111   98   92   90   88   86   84   84   84   83   82   79   75
   72   70   72   76   82   88   91   93   91   88   85   82   79   75   71   68
   68   68   68   67   64   62   61   62   63   64   64   62   61   60   60   59
   60   62   67   72   77   81   86   93   99  106  114  120  126  130  135  140
  146  148  151  153  157  165  168  167  159
    27.5-180.0 180.0   5.0 450.0                            LAT/LON1/LON2/DLON/H
  193  181  159  136  116  104   97   92   89   86   85   85   85   84   82   80
   77   75   75   77   80   83   86   86   85   80   79   76   75   72   70   67
   68   68   68   66   63   60   59   60   61   62   61   60   59   57   55   55
   56   59   65   71   76   81   86   93   99  107  114  120  126  132  141  152
  161  168  176  180  184  197  201  202  193
    25.0-180.0 180.0   5.0 450.0                            LAT/LON1/LON2/DLON/H
  232  218  194  167  144  125  110   99   93   88   86   84   84   84   83   82
   81   79   77   76   77   78   80   80   77   74   72   72   72   72   70   67
   67   67   66   64   61   58   56   57   58   58   57   56   54   53   51   50
   52   57   63   69   74   79   85   92   99  108  115  120  127  137  149  164
  177  189  201  208  214  223  233  238  232
    22.5-180.0 180.0   5.0 450.0                            LAT/LON1/LON2/DLON/H
  267  258  234  207  176  151  129  112  101   94   88   84   82   82   83   83
   82   80   78   75   73   73   74   75   73   70   68   70   71   71   70   67
   65   65   63   61   58   55   54   54   53   53   52   51   49   47   46   46
   49   55   61   67   74   80   86   93  100  109  117  123  131  143  158  176
  193  209  223  232  238  246  258  266  267
    20.0-180.0 180.0   5.0 450.0                            LAT/LON1/LON2/DLON/H
  291  292  275  248  214  182  154  133  116  103   93   87   83   81   81   83
   83   80   77   73   70   70   72   74   73   71   69   71   72   72   70   67
   64   62   60   58   55   53   51   50   49   47   46   45   43   42   42   43
   47   54   61   70   76   82   89   97  105  113  121  128  137  151  168  186
  206  225  238  248  254  262  273  284  291
    17.5-180.0 180.0   5.0 450.0                            LAT/LON1/LON2/DLON/H
  302  310  305  282  249  215  182  155  133  115  102   92   86   83   82   83
   83   80   77   73   69   69   72   75   76   76   75   75   75   74   70   66
   62   61   58   56   53   50   48   46   45   43   41   40   38   37   38   41
   48   56   65   74   81   87   96  104  113  121  130  138  147  161  178  196
  215  234  244  252  260  268  280  291  302
    15.0-180.0 180.0   5.0 450.0                            LAT/LON1/LON2/DLON/H
  302  315  313  301  275  241  208  178  153  130  114  101   92   87   84   83
   83   81   77   73   71   71   75   80   83   84   83   82   80   77   72   67
   62   59   57   54   51   49   46   44   41   39   38   37   36   35   37   42
   50   60   70   78   86   93  102  111  122  131  140  148  158  173  190  208
  221  235  243  249  257  265  275  288  302
    12.5-180.0 180.0   5.0 450.0                            LAT/LON1/LON2/DLON/H
  290  302  306  302  286  257  229  200  172  147  129  113  102   94   89   85
   83   81   79   76   74   75   80   86   91   94   91   88   84   80   74   68
   63   60   58   54   51   49   47   44   41   38   37   36   35   35   38   44
   53   64   74   82   90   99  108  118  129  138  147  156  167  182  200  215
  225  232  238  243  250  257  265  277  290
    10.0-180.0 180.0   5.0 450.0                            LAT/LON1/LON2/DLON/H
  270  281  286  289  283  264  239  214  189  165  143  127  114  104   96   89
   84   82   81   81   79   81   86   92   98  100   97   93   88   83   76   71
   65   62   59   56   53   52   49   47   43   40   39   38   37   37   40   47
   56   67   77   85   94  101  111  122  133  143  152  162  174  189  206  218
  225  228  231  236  241  246  252  261  270
     7.5-180.0 180.0   5.0 450.0                            LAT/LON1/LON2/DLON/H
  250  257  264  268  269  259  243  224  204  181  159  142  128  115  105   94
   87   84   84   85   86   87   92   98  103  104  101   97   93   88   81   75
   69   65   62   59   57   56   53   50   47   44   43   42   40   40   43   50
   60   70   80   87   96  104  113  125  137  147  156  166  179  195  209  218
  223  225  226  230  234  236  239  245  250
     5.0-180.0 180.0   5.0 450.0                            LAT/LON1/LON2/DLON/H
  236  240  245  249  252  249  240  229  213  193  172  156  141  127  114  101
   91   87   88   91   92   93   97  102  106  106  104  102   99   94   88   80
   74   69   65   63   61   60   58   54   51   49   48   46   45   44   46   53
   63   73   82   90   98  106  116  127  139  150  159  169  182  197  210  219
  223  225  226  230  234  235  235  235  236
     2.5-180.0 180.0   5.0 450.0                            LAT/LON1/LON2/DLON/H
  232  232  235  239  241  241  237  231  220  203  184  169  153  139  124  109
   97   92   93   97   99  100  102  105  108  108  108  108  105   99   93   83
   76   71   68   65   64   63   61   58   56   54   52   51   49   48   49   57
   68   76   84   91   99  107  117  128  140  150  159  169  182  197  210  219
  225  228  232  236  241  242  239  236  232
