DORISInput/IGSGIM/2019/igsg3410.19i
     1.0            IONOSPHERE MAPS     MIX                 IONEX VERSION / TYPE
cmpcmb v1.2          GRL/UWM            23-dec-19 15:10     PGM / RUN BY / DATE 
ionex file containing IGS COMBINED Ionosphere maps          COMMENT             
global ionosphere maps for day 341, 2019                    DESCRIPTION         
IONEX file containing the COMBINED IGS TEC MAPS and DCBs    DESCRIPTION         
      IONEX files of the following IAACs were combined: cod DESCRIPTION         
                                                        esa DESCRIPTION         
                                                        jpl DESCRIPTION         
                                                        upc DESCRIPTION         
Contact address: Andrzej Krankowski                         DESCRIPTION
                 Geodynamics Research Laboratory            DESCRIPTION
                 University of Warmia and Mazury (GRL/UWM)  DESCRIPTION
                 Oczapowski St. 1                           DESCRIPTION
                 10-957-Olsztyn, POLAND                     DESCRIPTION
                 e-mail:  kand@uwm.edu.pl                   DESCRIPTION
                                                            DESCRIPTION         
  2019    12     7     0     0     0                        EPOCH OF FIRST MAP  
  2019    12     8     0     0     0                        EPOCH OF LAST MAP   
  7200                                                      INTERVAL            
    13                                                      # OF MAPS IN FILE   
  COSZ                                                      MAPPING FUNCTION    
     0.0                                                    ELEVATION CUTOFF    
combined TEC calculated as weighted mean of input TEC valuesOBSERVABLES USED    
   393                                                      # OF STATIONS       
    32                                                      # OF SATELLITES     
  6371.0                                                    BASE RADIUS         
     2                                                      MAP DIMENSION       
   450.0 450.0   0.0                                        HGT1 / HGT2 / DHGT  
    87.5 -87.5  -2.5                                        LAT1 / LAT2 / DLAT  
  -180.0 180.0   5.0                                        LON1 / LON2 / DLON  
    -1                                                      EXPONENT            
TEC values in 0.1 tec units;  9999, if no value available   COMMENT             
DCB values in nanoseconds, reference is Sum_of_SatDCBs = 0  COMMENT             
                                                            END OF HEADER       
     1                                                      START OF TEC MAP    
  2019    12     7     0     0     0                        EPOCH OF CURRENT MAP
    87.5-180.0 180.0   5.0 450.0                            LAT/LON1/LON2/DLON/H
   18   18   18   17   17   17   17   17   17   17   17   17   16   15   15   15
   15   14   14   13   13   13   12   12   11   11   10   10   10    9   10    9
    9    9   10   10   10   10   10   10   11   11   11   11   11   11   12   12
   12   12   13   13   14   14   14   14   15   15   16   16   16   16   17   17
   17   17   17   17   17   17   18   18   18
    85.0-180.0 180.0   5.0 450.0                            LAT/LON1/LON2/DLON/H
   20   20   21   21   21   21   21   21   21   20   20   19   19   18   18   17
   16   15   14   13   13   12   11   11   10    9    9    8    9    9    9    9
    9    9    9    9    9    9    9    9    9   10   10   11   11   12   12   13
   13   13   14   14   14   14   15   15   15   16   17   17   17   17   17   17
   18   18   19   19   20   20   20   20   20
    82.5-180.0 180.0   5.0 450.0                            LAT/LON1/LON2/DLON/H
   21   22   23   24   24   24   25   25   24   24   24   24   23   22   21   20
   18   17   15   14   13   13   12   11    9    8    8    8    8    7    7    7
    7    7    7    8    8    8    8    8    9    9   10   11   11   12   12   13
   13   14   14   15   15   15   15   15   15   16   16   16   16   17   17   17
   17   18   18   19   19   20   20   21   21
    80.0-180.0 180.0   5.0 450.0                            LAT/LON1/LON2/DLON/H
   20   22   23   24   25   25   26   26   26   26   26   26   25   24   22   21
   20   18   16   15   14   13   12   10    9    8    8    8    8    8    7    7
    7    7    7    7    7    7    8    8    9    9   10   11   12   12   12   13
   13   14   15   15   15   15   15   15   15   15   15   15   14   14   14   15
   15   15   15   16   17   17   18   19   20
    77.5-180.0 180.0   5.0 450.0                            LAT/LON1/LON2/DLON/H
   18   19   20   22   23   24   25   26   26   27   27   27   27   26   25   23
   21   20   18   17   15   13   11   10    9    8    8    8    8    8    7    7
    8    8    8    9    9    8    9    9   10   10   11   11   11   13   13   14
   14   15   15   15   15   15   14   14   14   14   13   12   12   12   11   11
   11   11   12   13   13   14   15   16   18
    75.0-180.0 180.0   5.0 450.0                            LAT/LON1/LON2/DLON/H
   17   18   20   22   22   24   25   25   26   27   26   26   26   25   25   23
   22   21   20   19   16   15   13   11   10   10    9    9    9    9    9    9
    9   10   10   11   11   12   12   12   12   13   13   13   12   13   13   14
   15   15   16   16   15   14   14   13   13   13   12   11   10   10   10   10
   10   10   11   11   12   13   14   15   17
    72.5-180.0 180.0   5.0 450.0                            LAT/LON1/LON2/DLON/H
   20   21   22   23   24   24   25   26   26   26   26   25   25   24   23   24
   23   23   21   20   20   18   16   14   13   12   12   11   12   12   11   12
   13   14   14   15   15   15   14   14   14   14   14   14   13   13   14   14
   15   15   15   16   15   14   13   13   12   12   11   11   10   11   11   11
   11   12   13   14   14   16   17   19   20
    70.0-180.0 180.0   5.0 450.0                            LAT/LON1/LON2/DLON/H
   26   27   27   27   27   27   27   26   26   25   24   23   22   21   21   21
   21   21   21   22   21   20   20   18   17   15   15   15   16   16   14   15
   17   18   17   17   17   16   16   15   14   14   13   13   13   13   13   14
   14   15   15   15   14   13   13   13   12   12   12   12   12   12   13   14
   15   16   17   19   20   22   23   25   26
    67.5-180.0 180.0   5.0 450.0                            LAT/LON1/LON2/DLON/H
   34   35   35   34   33   32   30   28   26   24   22   21   18   18   17   17
   18   19   20   22   22   22   21   20   19   17   16   17   18   18   18   18
   19   19   19   18   18   16   15   14   13   13   12   12   13   13   13   13
   14   14   14   13   13   12   12   13   13   13   14   15   16   17   17   19
   22   23   25   27   28   30   31   32   34
    65.0-180.0 180.0   5.0 450.0                            LAT/LON1/LON2/DLON/H
   43   44   44   43   40   38   35   31   28   25   22   19   17   16   15   15
   15   17   19   21   21   21   21   20   19   18   17   17   18   19   19   19
   20   19   18   18   18   15   14   13   13   12   12   13   13   14   14   14
   15   14   14   13   13   13   13   14   15   16   17   18   19   21   23   26
   30   32   33   36   37   39   40   41   43
    62.5-180.0 180.0   5.0 450.0                            LAT/LON1/LON2/DLON/H
   51   52   52   51   48   45   41   36   32   28   24   21   18   16   14   13
   14   16   17   18   19   19   19   18   18   16   17   17   18   19   19   20
   20   19   18   17   17   16   14   13   13   14   14   15   16   16   17   17
   17   16   15   15   14   14   15   15   16   18   20   21   23   26   30   34
   38   41   43   46   47   48   49   50   51
    60.0-180.0 180.0   5.0 450.0                            LAT/LON1/LON2/DLON/H
   58   58   59   57   56   51   47   42   37   32   28   24   20   17   15   14
   15   15   16   16   16   16   16   16   16   15   17   17   18   19   20   20
   20   19   19   18   17   17   16   16   16   17   19   20   22   22   21   21
   20   20   19   17   16   17   18   17   19   21   24   26   29   33   36   41
   45   50   53   56   57   57   57   57   58
    57.5-180.0 180.0   5.0 450.0                            LAT/LON1/LON2/DLON/H
   63   64   64   63   61   57   53   48   43   38   33   28   24   21   18   17
   17   17   17   16   15   15   15   15   16   17   18   19   20   20   21   22
   23   23   24   23   22   22   21   21   21   23   25   26   27   27   27   26
   26   24   23   22   20   20   20   20   21   24   27   30   34   39   43   48
   53   58   61   63   65   65   64   64   63
    55.0-180.0 180.0   5.0 450.0                            LAT/LON1/LON2/DLON/H
   68   68   68   67   65   61   58   54   49   44   39   35   30   26   23   21
   20   19   18   17   16   15   15   16   17   19   22   23   23   25   26   28
   29   30   31   30   29   29   28   28   29   30   31   33   33   33   32   32
   31   30   28   26   25   24   24   24   25   27   30   34   39   44   49   55
   59   64   67   69   70   70   70   69   68
    52.5-180.0 180.0   5.0 450.0                            LAT/LON1/LON2/DLON/H
   71   71   71   71   69   66   62   60   56   51   46   41   36   32   28   26
   24   23   22   20   18   17   17   19   21   23   27   28   30   33   35   35
   38   40   40   39   38   38   37   37   37   38   39   39   39   39   39   38
   37   36   33   32   30   28   27   27   28   31   34   38   43   49   54   59
   64   68   71   72   73   74   73   72   71
    50.0-180.0 180.0   5.0 450.0                            LAT/LON1/LON2/DLON/H
   74   74   74   74   73   70   68   65   62   58   53   48   42   38   35   32
   30   29   27   25   23   22   22   24   28   31   34   38   41   45   45   45
   47   49   49   48   48   46   46   45   45   46   45   45   44   44   44   43
   42   41   40   38   35   33   31   30   31   34   38   43   48   54   58   63
   67   70   73   75   75   75   75   74   74
    47.5-180.0 180.0   5.0 450.0                            LAT/LON1/LON2/DLON/H
   77   78   78   78   77   75   72   70   68   64   61   55   50   45   41   39
   37   36   34   32   30   30   32   35   40   45   48   52   54   55   55   55
   56   57   56   56   55   54   54   53   52   52   50   49   48   47   48   47
   47   47   46   44   42   39   36   34   34   37   42   47   53   58   63   66
   69   72   74   75   76   76   77   77   77
    45.0-180.0 180.0   5.0 450.0                            LAT/LON1/LON2/DLON/H
   80   81   82   82   82   80   78   77   74   72   68   62   57   53   49   46
   44   43   42   41   40   42   46   50   56   61   64   66   66   65   63   63
   63   63   61   62   61   61   60   59   57   56   53   52   51   50   50   51
   51   53   52   51   48   45   41   38   39   42   47   52   58   62   66   69
   72   74   76   77   77   78   78   80   80
    42.5-180.0 180.0   5.0 450.0                            LAT/LON1/LON2/DLON/H
   83   85   86   87   86   85   84   82   81   78   75   70   64   60   57   53
   51   51   50   51   53   57   62   68   74   78   79   78   77   73   71   70
   68   67   66   66   66   65   63   62   60   58   55   53   52   52   53   54
   56   57   57   56   53   50   46   44   44   47   53   58   63   67   70   72
   74   77   79   79   79   79   81   82   83
    40.0-180.0 180.0   5.0 450.0                            LAT/LON1/LON2/DLON/H
   86   88   90   90   91   91   90   89   87   85   82   77   73   68   64   60
   57   59   60   63   67   72   78   85   91   94   92   88   85   80   77   74
   70   69   69   69   68   66   64   63   61   59   56   54   53   53   55   57
   59   60   59   59   57   54   51   49   49   53   59   65   69   72   74   75
   78   80   82   82   82   81   82   84   86
    37.5-180.0 180.0   5.0 450.0                            LAT/LON1/LON2/DLON/H
   88   90   92   94   94   95   94   94   93   91   88   84   79   75   71   67
   64   66   69   75   80   86   92   98  103  104  101   96   90   85   80   75
   71   71   71   70   69   67   64   62   61   60   58   56   55   55   56   58
   60   60   60   60   59   57   53   52   53   59   65   70   74   76   78   79
   81   84   86   87   86   85   85   86   88
    35.0-180.0 180.0   5.0 450.0                            LAT/LON1/LON2/DLON/H
   90   92   95   95   96   97   97   97   96   95   93   89   85   82   78   74
   71   72   76   85   90   96  102  107  111  110  105  100   92   86   80   77
   74   73   72   71   70   67   63   61   60   60   59   57   57   57   58   59
   59   59   59   59   59   57   55   55   58   64   70   75   78   80   81   83
   86   89   93   93   92   91   90   90   90
    32.5-180.0 180.0   5.0 450.0                            LAT/LON1/LON2/DLON/H
   94   95   96   96   97   97   98   98   98   98   97   93   91   90   86   80
   77   77   81   91   97  102  108  112  114  112  106   99   91   83   80   78
   76   75   74   73   71   67   63   61   61   60   60   59   59   59   58   58
   57   56   56   57   57   56   56   57   62   68   75   79   83   85   86   88
   92   96  100  101  100   99   97   95   94
    30.0-180.0 180.0   5.0 450.0                            LAT/LON1/LON2/DLON/H
  101  100   99   98   98   97   98   98   99   99   99   97   95   95   92   87
   83   82   85   92   98  105  111  113  113  110  102   94   88   82   81   80
   78   77   76   74   72   67   63   61   61   61   61   60   60   59   57   56
   54   52   52   52   53   54   55   58   64   71   78   84   87   90   92   95
   99  104  109  110  111  110  107  104  101
    27.5-180.0 180.0   5.0 450.0                            LAT/LON1/LON2/DLON/H
  113  109  106  103  100   99   99   99  100  100  100   99   98   98   95   91
   87   85   86   90   95  102  107  108  107  101   93   87   84   81   82   81
   80   79   78   75   73   69   65   62   61   61   60   60   59   58   56   53
   50   48   47   48   50   51   54   58   66   74   81   87   92   96   99  104
  108  113  118  121  123  123  121  117  113
    25.0-180.0 180.0   5.0 450.0                            LAT/LON1/LON2/DLON/H
  130  124  117  113  108  104  102  102  103  104  103  101  100   98   95   91
   88   85   85   86   89   94   99  100   98   91   85   80   79   80   82   82
   82   80   78   76   74   71   66   62   61   60   59   57   57   55   52   49
   46   44   43   44   45   48   51   57   67   76   84   90   97  102  108  114
  119  124  129  133  138  140  139  135  130
    22.5-180.0 180.0   5.0 450.0                            LAT/LON1/LON2/DLON/H
  149  142  134  127  119  114  110  109  109  109  108  106  103   99   95   90
   86   83   81   82   84   87   91   92   90   84   79   75   76   80   83   85
   83   80   78   76   74   71   66   62   60   59   57   55   53   50   48   45
   43   40   39   40   41   44   48   56   67   77   86   94  102  109  117  125
  131  137  142  148  153  158  160  157  149
    20.0-180.0 180.0   5.0 450.0                            LAT/LON1/LON2/DLON/H
  171  163  155  145  135  128  123  121  119  118  115  112  107  101   96   91
   86   81   79   78   81   84   88   88   86   82   78   75   76   81   85   87
   85   81   77   74   72   69   65   61   59   57   54   51   48   47   45   42
   40   37   37   36   37   41   47   57   69   79   89   98  108  118  127  136
  144  151  156  163  169  176  179  179  171
    17.5-180.0 180.0   5.0 450.0                            LAT/LON1/LON2/DLON/H
  193  183  177  165  153  143  137  135  133  131  127  121  113  105  100   95
   89   83   79   78   79   85   89   90   87   84   81   78   80   84   88   89
   86   80   75   71   69   67   64   60   57   54   50   47   44   43   42   40
   38   36   36   36   36   40   47   59   71   82   93  104  115  129  139  150
  157  164  169  176  183  192  199  200  193
    15.0-180.0 180.0   5.0 450.0                            LAT/LON1/LON2/DLON/H
  212  203  194  184  170  158  151  148  148  145  141  132  121  113  107  100
   93   87   81   80   82   88   93   94   92   89   87   85   86   90   92   91
   86   79   73   68   66   64   62   59   56   52   48   45   42   40   40   38
   37   37   37   36   36   41   49   61   74   87   99  110  123  138  150  162
  169  174  179  186  194  203  211  217  212
    12.5-180.0 180.0   5.0 450.0                            LAT/LON1/LON2/DLON/H
  220  214  207  198  187  174  165  162  163  161  156  146  133  122  113  105
   98   91   84   83   86   93   97   99   99   97   95   94   95   97   96   92
   86   78   71   67   65   64   61   59   56   52   47   44   42   40   39   38
   39   39   38   37   37   41   50   64   78   92  104  116  130  144  158  170
  177  182  187  192  201  210  218  224  220
    10.0-180.0 180.0   5.0 450.0                            LAT/LON1/LON2/DLON/H
  222  218  214  208  200  188  179  176  178  177  171  161  146  132  121  111
  103   95   88   86   90   98  103  107  108  107  106  105  104  104  102   96
   87   79   72   68   66   64   62   60   57   53   49   45   43   42   41   40
   40   40   39   38   38   42   52   67   82   95  107  120  134  149  162  174
  181  187  192  197  204  212  220  224  222
     7.5-180.0 180.0   5.0 450.0                            LAT/LON1/LON2/DLON/H
  220  220  218  215  208  200  193  190  191  191  185  175  160  145  132  121
  111  102   94   91   95  105  113  117  119  119  117  115  113  110  107  101
   92   82   75   71   69   67   65   62   58   55   50   48   46   44   43   41
   40   40   39   38   39   44   54   69   85   98  111  123  138  151  163  173
  182  189  193  199  204  210  216  219  220
     5.0-180.0 180.0   5.0 450.0                            LAT/LON1/LON2/DLON/H
  219  221  221  220  215  208  203  201  202  202  198  189  174  159  145  133
  122  110  103  101  104  113  124  129  131  130  129  125  120  115  110  104
   96   86   80   76   74   72   69   66   62   56   53   51   49   48   46   43
   41   41   40   39   41   46   58   72   88  101  113  127  139  151  162  171
  179  185  192  198  203  207  212  216  219
     2.5-180.0 180.0   5.0 450.0                            LAT/LON1/LON2/DLON/H
  220  224  224  224  221  216  213  211  211  211  209  202  188  175  162  150
  135  122  114  111  114  123  133  138  140  140  137  131  125  118  112  106
   99   91   85   82   81   78   74   69   63   59   56   54   53   52   49   47
   43   42   40   40   43   50   62   76   91  104  116  128  139  150  158  166
  174  182  189  196  201  204  209  214  220
