DORISInput/IGSGIM/2019/igsg3650.19i
     1.0            IONOSPHERE MAPS     MIX                 IONEX VERSION / TYPE
cmpcmb v1.2          GRL/UWM            16-jan-20 12:56     PGM / RUN BY / DATE 
ionex file containing IGS COMBINED Ionosphere maps          COMMENT             
global ionosphere maps for day 365, 2019                    DESCRIPTION         
IONEX file containing the COMBINED IGS TEC MAPS and DCBs    DESCRIPTION         
      IONEX files of the following IAACs were combined: cod DESCRIPTION         
                                                        esa DESCRIPTION         
                                                        jpl DESCRIPTION         
                                                        upc DESCRIPTION         
Contact address: Andrzej Krankowski                         DESCRIPTION
                 Geodynamics Research Laboratory            DESCRIPTION
                 University of Warmia and Mazury (GRL/UWM)  DESCRIPTION
                 Oczapowski St. 1                           DESCRIPTION
                 10-957-Olsztyn, POLAND                     DESCRIPTION
                 e-mail:  kand@uwm.edu.pl                   DESCRIPTION
                                                            DESCRIPTION         
  2019    12    31     0     0     0                        EPOCH OF FIRST MAP  
  2020     1     1     0     0     0                        EPOCH OF LAST MAP   
  7200                                                      INTERVAL            
    13                                                      # OF MAPS IN FILE   
  COSZ                                                      MAPPING FUNCTION    
     0.0                                                    ELEVATION CUTOFF    
combined TEC calculated as weighted mean of input TEC valuesOBSERVABLES USED    
   390                                                      # OF STATIONS       
    32                                                      # OF SATELLITES     
  6371.0                                                    BASE RADIUS         
     2                                                      MAP DIMENSION       
   450.0 450.0   0.0                                        HGT1 / HGT2 / DHGT  
    87.5 -87.5  -2.5                                        LAT1 / LAT2 / DLAT  
  -180.0 180.0   5.0                                        LON1 / LON2 / DLON  
    -1                                                      EXPONENT            
TEC values in 0.1 tec units;  9999, if no value available   COMMENT             
DCB values in nanoseconds, reference is Sum_of_SatDCBs = 0  COMMENT             
                                                            END OF HEADER       
[from data line 1287]
     4                                                      START OF TEC MAP    
  2019    12    31     6     0     0                        EPOCH OF CURRENT MAP
    87.5-180.0 180.0   5.0 450.0                            LAT/LON1/LON2/DLON/H
   22   22   22   22   22   22   21   21   21   21   21   20   20   20   19   19
   19   18   18   18   17   17   17   17   17   17   16   16   17   17   17   17
   17   18   18   18   18   18   18   19   19   19   19   19   19   19   19   19
   19   19   19   20   20   20   20   20   20   21   21   21   22   22   22   22
   22   22   22   22   22   22   22   22   22
    85.0-180.0 180.0   5.0 450.0                            LAT/LON1/LON2/DLON/H
   24   24   25   25   25   25   24   24   23   22   21   21   20   19   18   17
   16   15   14   14   13   13   12   11   12   12   12   13   13   14   15   15
   16   17   17   18   18   18   19   19   19   20   20   20   20   19   19   19
   19   18   18   18   18   18   18   18   19   19   19   20   21   21   21   21
   21   22   22   22   23   23   24   24   24
    82.5-180.0 180.0   5.0 450.0                            LAT/LON1/LON2/DLON/H
   25   26   26   27   27   27   27   27   25   24   23   22   19   18   16   15
   13   11   10    9    8    8    8    7    7    8    8    8   10   11   12   13
   14   16   17   18   19   19   19   19   19   19   19   19   18   18   18   18
   17   16   16   16   16   16   16   16   16   16   16   17   17   18   18   18
   19   19   20   21   22   22   23   24   25
    80.0-180.0 180.0   5.0 450.0                            LAT/LON1/LON2/DLON/H
   23   25   26   27   28   28   29   28   27   26   25   23   21   19   16   14
   11    9    8    7    6    6    6    6    6    6    7    7    8   10   11   13
   15   17   18   19   20   21   20   20   20   19   18   18   17   16   15   15
   15   14   14   15   15   15   14   14   14   14   14   14   14   15   15   15
   16   16   17   18   18   19   21   22   23
    77.5-180.0 180.0   5.0 450.0                            LAT/LON1/LON2/DLON/H
   20   22   24   26   27   28   29   30   30   28   27   24   22   19   17   14
   12    9    8    6    6    6    5    5    5    5    6    7    8   10   12   15
   17   18   20   20   21   21   21   20   19   18   17   16   15   14   14   13
   13   14   14   15   15   15   15   15   15   15   15   15   14   14   14   14
   14   14   14   14   15   16   17   18   20
    75.0-180.0 180.0   5.0 450.0                            LAT/LON1/LON2/DLON/H
   17   19   21   23   25   27   28   29   29   28   27   26   23   21   17   14
   11    9    8    6    6    6    6    6    6    7    7    9   11   13   15   17
   18   19   20   21   21   21   20   19   18   16   15   14   13   13   13   13
   14   15   16   17   19   19   20   19   19   19   18   17   17   16   15   14
   13   13   13   13   13   13   14   15   17
    72.5-180.0 180.0   5.0 450.0                            LAT/LON1/LON2/DLON/H
   15   16   18   20   22   23   25   27   27   27   26   25   23   21   18   16
   13   10    9    8    7    7    7    8    8    9   11   13   15   18   19   20
   20   20   19   19   19   18   17   16   15   15   13   12   12   12   13   14
   16   18   20   22   24   25   26   26   25   25   24   23   21   20   18   17
   16   14   14   13   13   13   13   14   15
    70.0-180.0 180.0   5.0 450.0                            LAT/LON1/LON2/DLON/H
   14   15   16   17   18   20   21   23   24   25   24   24   22   21   19   17
   15   13   13   12   11   11   12   13   14   14   16   18   19   19   20   21
   20   19   18   17   16   15   14   14   13   12   12   12   12   13   15   17
   20   23   27   29   32   33   34   34   33   32   30   29   27   25   23   21
   19   18   17   16   15   14   14   14   14
    67.5-180.0 180.0   5.0 450.0                            LAT/LON1/LON2/DLON/H
   14   14   14   15   16   17   18   19   20   21   22   21   21   20   19   19
   18   17   17   17   17   17   17   17   17   19   19   20   21   20   20   21
   19   16   15   14   13   12   11   11   11   11   12   12   14   16   19   22
   26   30   34   37   40   42   42   42   40   39   37   34   32   30   28   25
   24   22   21   20   19   17   16   15   14
    65.0-180.0 180.0   5.0 450.0                            LAT/LON1/LON2/DLON/H
   16   15   15   14   15   15   16   17   17   18   18   19   18   19   19   20
   20   20   21   21   21   21   20   20   19   20   20   21   21   20   19   18
   16   14   12   11   10   10   10   10   11   12   13   15   17   20   24   27
   32   37   41   45   47   48   49   47   46   44   42   39   37   34   32   30
   28   27   26   25   23   21   19   18   16
    62.5-180.0 180.0   5.0 450.0                            LAT/LON1/LON2/DLON/H
   19   17   16   15   15   15   15   16   16   16   16   16   16   17   19   19
   21   22   22   23   23   22   21   20   18   19   18   19   21   19   17   16
   14   12   10    9    9    9    9   11   12   14   16   19   22   26   29   34
   38   43   46   49   52   52   52   51   50   48   45   43   40   38   36   34
   33   32   31   29   27   25   23   21   19
    60.0-180.0 180.0   5.0 450.0                            LAT/LON1/LON2/DLON/H
   22   20   18   17   16   16   16   16   16   16   15   15   15   16   17   19
   20   21   22   22   21   20   19   17   15   15   16   16   20   19   17   16
   14   12   11   10    9   10   11   13   15   17   20   24   28   32   36   40
   44   48   51   53   55   55   55   54   53   51   49   47   45   43   42   39
   38   36   35   33   31   29   27   24   22
    57.5-180.0 180.0   5.0 450.0                            LAT/LON1/LON2/DLON/H
   26   23   22   20   20   19   19   19   18   17   16   15   15   16   17   19
   20   19   20   19   18   17   15   13   12   13   14   16   19   20   19   19
   16   15   13   12   11   12   14   16   19   22   26   30   34   39   42   46
   49   52   54   56   57   57   57   56   56   55   54   53   51   50   48   45
   43   41   38   37   35   32   30   28   26
    55.0-180.0 180.0   5.0 450.0                            LAT/LON1/LON2/DLON/H
   30   28   26   24   24   23   23   22   22   20   18   18   16   17   18   19
   19   19   18   17   15   14   13   13   13   14   16   19   23   25   24   24
   23   20   18   16   16   16   18   21   24   27   31   36   40   45   49   52
   55   57   58   59   59   59   59   60   60   60   60   59   58   56   54   51
   47   45   42   39   38   36   34   32   30
    52.5-180.0 180.0   5.0 450.0                            LAT/LON1/LON2/DLON/H
   34   32   30   29   29   28   28   27   26   24   22   20   19   19   19   19
   19   19   18   16   14   13   14   14   16   19   21   27   31   32   32   32
   31   27   24   22   21   22   23   26   29   33   37   42   46   51   54   58
   60   62   63   63   62   62   62   64   65   65   66   66   65   63   59   56
   52   49   45   43   41   39   38   36   34
    50.0-180.0 180.0   5.0 450.0                            LAT/LON1/LON2/DLON/H
   37   36   35   34   33   34   33   32   31   29   27   25   24   23   23   23
   22   21   21   19   18   17   17   19   23   27   32   38   43   44   43   42
   39   35   32   29   28   28   30   32   35   39   43   47   51   56   60   62
   65   67   68   67   66   66   66   68   69   71   72   71   70   68   64   60
   56   53   49   45   44   43   41   40   37
    47.5-180.0 180.0   5.0 450.0                            LAT/LON1/LON2/DLON/H
   42   40   39   39   38   38   38   38   37   35   33   31   30   29   29   29
   28   28   27   26   25   26   27   31   35   41   47   53   57   58   55   51
   49   43   39   36   35   35   36   38   41   45   48   52   57   60   64   67
   70   72   73   72   71   71   71   72   74   76   76   75   74   72   67   63
   59   55   51   48   46   45   44   43   42
    45.0-180.0 180.0   5.0 450.0                            LAT/LON1/LON2/DLON/H
   45   44   43   43   43   42   43   43   42   42   40   39   38   37   37   37
   37   37   38   38   38   40   42   46   51   57   62   68   70   69   64   60
   56   51   47   44   41   41   42   44   47   51   54   58   61   65   68   73
   76   79   80   79   77   76   75   76   78   79   79   78   76   74   70   66
   62   58   54   50   48   47   46   46   45
    42.5-180.0 180.0   5.0 450.0                            LAT/LON1/LON2/DLON/H
   46   46   46   46   46   46   46   46   47   47   47   46   46   46   46   47
   47   50   51   53   55   56   59   64   67   72   76   79   80   78   73   68
   63   57   53   50   48   47   47   49   53   57   60   62   66   69   73   78
   82   85   86   86   84   82   81   81   81   81   80   79   77   75   72   69
   65   62   57   53   51   49   48   47   46
    40.0-180.0 180.0   5.0 450.0                            LAT/LON1/LON2/DLON/H
   47   47   48   48   48   48   49   50   51   52   53   54   54   55   55   57
   59   62   66   69   71   73   75   78   81   84   86   88   86   82   78   73
   68   62   58   54   53   52   52   55   58   62   66   68   71   74   77   82
   87   91   93   92   90   88   86   85   84   83   81   79   78   77   76   74
   72   68   63   57   54   51   49   48   47
    37.5-180.0 180.0   5.0 450.0                            LAT/LON1/LON2/DLON/H
   47   47   48   49   49   50   51   53   54   57   60   62   63   64   65   67
   70   75   78   82   86   87   88   89   90   91   92   92   89   83   78   73
   69   65   61   59   56   55   57   59   64   68   72   74   76   79   82   86
   91   95   97   96   95   93   91   89   87   85   83   82   82   83   85   85
   82   77   71   64   58   53   50   48   47
    35.0-180.0 180.0   5.0 450.0                            LAT/LON1/LON2/DLON/H
   47   47   48   49   50   51   52   54   57   61   66   68   70   72   73   75
   79   83   87   92   95   96   96   94   93   93   93   91   88   82   76   72
   69   67   64   62   60   59   60   64   68   73   77   80   82   84   87   89
   93   96   99   99   98   97   96   94   92   90   89   90   93   97  100  102
   99   91   83   73   65   58   52   49   47
    32.5-180.0 180.0   5.0 450.0                            LAT/LON1/LON2/DLON/H
   48   47   48   49   50   52   53   55   59   65   70   73   76   77   79   81
   84   88   92   97   99   99   97   94   91   90   89   86   83   78   73   70
   69   67   65   63   62   61   62   66   72   77   81   85   87   89   91   92
   95   97  100  101  101  101  101  101  100  100  101  106  112  120  125  128
  123  113  100   87   76   66   59   52   48
    30.0-180.0 180.0   5.0 450.0                            LAT/LON1/LON2/DLON/H
   53   50   50   50   52   53   54   56   60   66   71   75   78   81   83   84
   87   90   93   95   97   96   93   88   85   81   81   79   76   72   70   69
   68   67   65   64   61   59   62   67   73   80   85   88   91   92   94   95
   96   98  100  102  103  105  108  111  113  116  120  129  140  151  157  161
  154  142  124  109   94   80   70   60   53
    27.5-180.0 180.0   5.0 450.0                            LAT/LON1/LON2/DLON/H
   62   56   54   53   54   55   56   57   60   65   71   76   78   81   84   85
   87   89   91   92   92   90   86   81   77   73   72   71   69   67   67   66
   67   66   63   60   57   56   59   66   73   81   87   91   94   96   97   98
   98  100  101  103  106  111  117  123  129  135  144  156  171  187  195  196
  188  172  153  135  117  102   88   73   62
    25.0-180.0 180.0   5.0 450.0                            LAT/LON1/LON2/DLON/H
   73   65   60   59   58   58   59   59   61   64   69   73   75   79   81   83
   84   85   86   86   84   82   78   72   68   65   65   66   63   63   64   64
   64   63   60   55   52   53   57   65   74   82   88   94   97   99  100  101
  101  102  103  106  110  117  126  136  146  155  168  183  201  219  229  228
  219  201  183  163  144  127  108   88   73
    22.5-180.0 180.0   5.0 450.0                            LAT/LON1/LON2/DLON/H
   89   76   69   66   65   64   64   63   63   65   67   70   73   75   76   78
   80   80   79   78   77   75   70   65   61   60   61   60   58   58   60   61
   61   59   54   50   47   49   55   65   74   84   91   97  101  104  106  106
  107  108  109  112  118  126  136  150  163  174  188  205  225  242  251  250
  239  222  205  187  170  152  131  108   89
    20.0-180.0 180.0   5.0 450.0                            LAT/LON1/LON2/DLON/H
  105   88   79   74   71   70   70   68   67   66   66   68   69   71   72   74
   75   74   73   72   71   68   65   60   57   56   57   57   55   55   57   58
   57   53   49   46   44   46   54   65   75   86   94  100  105  109  113  115
  116  117  118  122  128  138  149  164  178  189  203  219  238  251  258  256
  245  232  218  205  190  174  153  129  105
    17.5-180.0 180.0   5.0 450.0                            LAT/LON1/LON2/DLON/H
  121  101   88   82   78   77   75   74   72   69   67   67   67   68   68   70
   71   70   69   67   66   64   62   59   55   54   55   55   54   53   54   55
   53   50   45   43   42   45   54   65   77   87   96  104  110  116  123  127
  128  130  130  134  141  151  162  176  190  200  212  225  239  248  252  249
  240  229  220  211  202  189  171  148  121
    15.0-180.0 180.0   5.0 450.0                            LAT/LON1/LON2/DLON/H
  135  113   98   89   84   82   81   79   76   73   69   67   67   67   67   69
   67   67   66   64   64   63   62   59   56   54   54   54   54   53   54   53
   51   47   43   38   39   45   55   67   78   89   98  108  117  125  134  140
  142  144  145  148  154  164  174  186  197  207  216  225  233  237  237  233
  227  219  213  210  205  196  183  161  135
    12.5-180.0 180.0   5.0 450.0                            LAT/LON1/LON2/DLON/H
  144  122  106   95   89   86   85   83   80   77   73   70   69   68   68   69
   67   66   65   64   63   63   62   60   57   56   55   53   53   53   53   52
   49   44   39   36   38   46   57   70   81   91  103  112  122  132  144  152
  155  158  158  160  166  173  181  190  200  208  215  221  224  224  220  215
  211  207  204  204  202  197  186  169  144
    10.0-180.0 180.0   5.0 450.0                            LAT/LON1/LON2/DLON/H
  150  129  111  100   92   88   87   85   82   79   77   74   72   71   72   71
   68   67   67   65   64   64   63   61   59   57   53   51   50   50   51   49
   45   40   36   35   39   49   61   73   84   95  106  116  126  137  150  159
  164  167  168  170  173  178  184  191  199  206  212  215  214  210  205  200
  198  197  196  197  197  193  185  170  150
     7.5-180.0 180.0   5.0 450.0                            LAT/LON1/LON2/DLON/H
  153  134  116  102   93   89   86   84   82   80   79   77   75   74   75   73
   70   68   68   66   65   64   63   61   60   56   51   49   48   48   48   46
   41   37   35   36   43   53   64   75   86   97  107  117  127  138  150  161
  168  172  173  174  177  180  184  190  197  205  210  211  209  205  199  194
  193  193  193  193  193  190  183  170  153
     5.0-180.0 180.0   5.0 450.0                            LAT/LON1/LON2/DLON/H
  155  137  119  104   93   87   85   83   81   80   80   79   78   77   77   75
   71   69   69   68   67   65   63   61   58   54   50   49   47   46   45   43
   40   38   36   39   46   56   67   77   86   96  106  116  126  136  148  159
  167  171  173  175  178  180  185  190  197  205  211  213  213  209  204  200
  198  199  198  195  193  189  182  170  155
     2.5-180.0 180.0   5.0 450.0                            LAT/LON1/LON2/DLON/H
  158  140  122  105   92   85   82   80   79   78   78   78   79   78   77   75
   71   70   70   68   67   65   61   58   55   52   50   48   48   46   45   43
   41   39   39   42   49   59   69   77   86   95  104  113  124  134  145  155
  163  168  171  174  178  181  186  192  199  208  216  221  223  223  220  217
  215  214  212  206  200  194  186  174  158
