DORISInput/IGSGIM/2019/igsg3470.19i
     1.0            IONOSPHERE MAPS     MIX                 IONEX VERSION / TYPE
cmpcmb v1.2          GRL/UWM            27-dec-19 12:42     PGM / RUN BY / DATE 
ionex file containing IGS COMBINED Ionosphere maps          COMMENT             
global ionosphere maps for day 347, 2019                    DESCRIPTION         
IONEX file containing the COMBINED IGS TEC MAPS and DCBs    DESCRIPTION         
      IONEX files of the following IAACs were combined: cod DESCRIPTION         
                                                        esa DESCRIPTION         
                                                        jpl DESCRIPTION         
                                                        upc DESCRIPTION         
Contact address: Andrzej Krankowski                         DESCRIPTION
                 Geodynamics Research Laboratory            DESCRIPTION
                 University of Warmia and Mazury (GRL/UWM)  DESCRIPTION
                 Oczapowski St. 1                           DESCRIPTION
                 10-957-Olsztyn, POLAND                     DESCRIPTION
                 e-mail:  kand@uwm.edu.pl                   DESCRIPTION
                                                            DESCRIPTION         
  2019    12    13     0     0     0                        EPOCH OF FIRST MAP  
  2019    12    14     0     0     0                        EPOCH OF LAST MAP   
  7200                                                      INTERVAL            
    13                                                      # OF MAPS IN FILE   
  COSZ                                                      MAPPING FUNCTION    
     0.0                                                    ELEVATION CUTOFF    
combined TEC calculated as weighted mean of input TEC valuesOBSERVABLES USED    
   397                                                      # OF STATIONS       
    32                                                      # OF SATELLITES     
  6371.0                                                    BASE RADIUS         
     2                                                      MAP DIMENSION       
   450.0 450.0   0.0                                        HGT1 / HGT2 / DHGT  
    87.5 -87.5  -2.5                                        LAT1 / LAT2 / DLAT  
  -180.0 180.0   5.0                                        LON1 / LON2 / DLON  
    -1                                                      EXPONENT            
TEC values in 0.1 tec units;  9999, if no value available   COMMENT             
DCB values in nanoseconds, reference is Sum_of_SatDCBs = 0  COMMENT             
                                                            END OF HEADER       
[from data line 1716]
     5                                                      START OF TEC MAP    
  2019    12    13     8     0     0                        EPOCH OF CURRENT MAP
    87.5-180.0 180.0   5.0 450.0                            LAT/LON1/LON2/DLON/H
   24   24   24   24   23   23   23   23   23   23   22   22   21   21   21   21
   21   20   20   20   20   20   20   19   19   19   19   19   20   19   20   20
   20   20   20   21   21   21   21   21   22   22   22   22   23   23   23   23
   24   24   24   24   24   24   24   24   24   24   25   25   25   25   25   25
   25   25   25   25   25   25   25   24   24
    85.0-180.0 180.0   5.0 450.0                            LAT/LON1/LON2/DLON/H
   24   23   23   23   23   23   23   22   22   21   21   20   20   19   19   18
   18   17   16   16   16   15   15   15   16   16   15   16   15   16   16   16
   17   18   18   18   19   19   19   20   20   20   20   21   21   21   21   21
   22   22   22   23   23   23   23   23   22   23   22   23   23   23   23   23
   23   23   23   23   24   23   23   24   24
    82.5-180.0 180.0   5.0 450.0                            LAT/LON1/LON2/DLON/H
   23   24   23   23   23   23   23   22   21   21   20   20   19   17   16   15
   14   13   13   12   12   11   12   12   12   12   12   12   13   13   14   14
   14   15   16   16   17   18   18   18   18   19   19   19   19   20   20   19
   20   20   20   20   20   20   20   20   19   19   19   19   19   19   19   20
   20   20   20   21   21   22   22   23   23
    80.0-180.0 180.0   5.0 450.0                            LAT/LON1/LON2/DLON/H
   21   21   22   22   22   23   23   22   22   21   20   18   17   16   14   13
   12   11   10    9    9    8    9    9    9    9    9   10   10   11   12   12
   13   14   14   14   15   15   16   16   16   17   17   17   18   18   18   19
   19   19   19   19   18   18   18   18   17   16   16   15   15   15   15   16
   16   16   17   17   19   19   20   20   21
    77.5-180.0 180.0   5.0 450.0                            LAT/LON1/LON2/DLON/H
   18   19   19   21   22   22   22   22   21   21   19   18   16   14   13   12
   11   10    9    8    8    8    7    7    7    7    7    8    9   10   11   11
   12   13   13   13   14   14   14   14   14   15   15   16   16   17   18   19
   20   20   20   19   19   18   18   17   16   15   14   13   12   12   12   12
   12   13   13   14   15   16   16   17   18
    75.0-180.0 180.0   5.0 450.0                            LAT/LON1/LON2/DLON/H
   15   16   17   19   19   20   21   20   20   19   18   16   15   14   13   12
   11    9    9    9    8    8    8    7    7    7    8    9    9   10   10   11
   12   12   12   12   12   12   12   13   13   14   14   16   17   18   19   20
   22   23   23   22   22   20   19   18   17   15   14   13   12   12   11   11
   11   11   12   12   12   13   14   14   15
    72.5-180.0 180.0   5.0 450.0                            LAT/LON1/LON2/DLON/H
   13   14   16   17   17   18   18   19   18   17   16   15   14   14   13   12
   11   11   10   10   10   10   10   10   10   10   10   10   11   11   11   11
   11   11   11   11   11   11   11   12   13   14   15   16   18   20   22   24
   26   27   28   28   27   26   24   22   20   17   16   15   14   13   12   11
   12   11   11   11   12   11   12   12   13
    70.0-180.0 180.0   5.0 450.0                            LAT/LON1/LON2/DLON/H
   12   13   14   15   16   17   17   17   16   15   14   13   13   13   13   12
   12   12   12   13   13   13   13   13   13   12   13   12   12   13   12   11
   11   10   11   11   11   11   12   13   13   14   16   18   21   23   26   29
   32   33   34   34   34   32   30   27   25   22   20   18   17   16   15   15
   14   14   13   13   12   12   12   12   12
    67.5-180.0 180.0   5.0 450.0                            LAT/LON1/LON2/DLON/H
   13   13   14   14   15   15   15   15   14   13   12   12   12   12   12   12
   13   13   14   16   16   16   16   15   15   14   14   15   14   13   13   12
   11   11   11   11   11   12   13   14   16   18   20   22   25   29   32   35
   39   40   42   42   41   39   37   34   31   27   25   23   22   21   20   19
   19   18   17   16   15   14   13   13   13
    65.0-180.0 180.0   5.0 450.0                            LAT/LON1/LON2/DLON/H
   14   14   15   15   16   15   15   14   13   12   11   11   11   11   11   12
   13   14   15   16   17   16   17   16   16   15   15   14   15   14   14   13
   12   11   11   12   13   14   16   18   20   23   25   29   31   34   38   41
   45   47   49   49   47   45   42   39   36   33   29   28   25   24   23   23
   23   23   21   20   18   17   15   15   14
    62.5-180.0 180.0   5.0 450.0                            LAT/LON1/LON2/DLON/H
   17   17   18   18   18   17   16   15   14   12   11   11   10   11   11   12
   12   13   14   15   16   17   16   17   17   15   15   14   14   14   14   13
   13   12   12   13   15   18   20   24   27   30   33   36   39   41   44   47
   50   52   54   53   52   50   47   43   40   37   33   31   29   28   27   26
   26   25   24   23   21   19   18   17   17
    60.0-180.0 180.0   5.0 450.0                            LAT/LON1/LON2/DLON/H
   20   20   22   22   22   21   20   18   16   14   13   12   11   11   11   11
   11   12   13   14   15   16   16   16   16   15   14   14   13   13   13   14
   14   14   14   16   19   22   26   31   35   39   43   45   47   49   51   53
   54   56   57   57   55   54   51   48   44   40   37   34   33   31   30   29
   28   27   26   25   23   21   20   20   20
    57.5-180.0 180.0   5.0 450.0                            LAT/LON1/LON2/DLON/H
   24   25   26   27   27   26   24   23   20   17   15   14   13   12   12   11
   12   12   11   12   13   14   14   14   15   14   14   15   14   14   14   15
   16   17   18   21   24   27   33   38   44   48   52   55   57   58   58   59
   59   60   61   60   59   58   55   53   49   45   41   38   36   34   33   31
   30   29   28   26   25   24   23   23   24
    55.0-180.0 180.0   5.0 450.0                            LAT/LON1/LON2/DLON/H
   29   30   32   33   33   31   30   28   25   23   20   18   17   15   14   13
   12   12   11   12   13   14   14   15   15   15   16   16   15   16   17   18
   19   21   23   26   29   34   40   46   52   57   61   64   66   66   66   65
   65   64   65   64   64   62   60   58   54   51   47   43   40   37   35   33
   31   30   29   28   28   28   28   28   29
    52.5-180.0 180.0   5.0 450.0                            LAT/LON1/LON2/DLON/H
   34   36   38   39   39   38   37   35   33   30   27   24   23   20   19   17
   16   14   14   14   15   16   16   17   18   19   19   19   19   20   20   21
   23   25   28   31   36   41   47   53   60   65   70   73   74   74   73   72
   71   70   70   69   68   67   66   64   60   57   53   49   46   41   38   35
   33   32   32   32   32   32   32   33   34
    50.0-180.0 180.0   5.0 450.0                            LAT/LON1/LON2/DLON/H
   40   42   43   45   46   45   44   43   42   40   36   33   31   28   26   24
   21   20   19   19   20   20   21   22   23   24   24   23   24   24   24   25
   26   29   33   37   42   47   53   60   65   72   76   80   81   81   80   79
   78   77   76   75   74   73   72   70   67   63   60   55   51   46   41   38
   35   34   34   35   36   37   38   39   40
    47.5-180.0 180.0   5.0 450.0                            LAT/LON1/LON2/DLON/H
   45   47   49   51   52   52   52   51   51   50   48   44   41   38   35   33
   30   28   27   27   28   29   29   30   31   31   30   29   29   28   27   28
   30   34   39   44   49   55   61   66   71   76   81   84   86   87   86   86
   85   84   82   80   79   78   77   76   73   70   66   61   56   50   45   40
   37   37   38   39   41   43   43   44   45
    45.0-180.0 180.0   5.0 450.0                            LAT/LON1/LON2/DLON/H
   50   51   53   55   57   58   59   59   61   61   59   56   53   49   46   43
   41   40   38   39   39   40   40   40   39   38   36   34   33   32   31   32
   35   39   45   51   57   63   67   71   76   80   84   87   89   91   91   91
   91   90   88   86   84   83   83   82   80   77   72   67   61   54   48   44
   41   41   42   44   46   47   48   49   50
    42.5-180.0 180.0   5.0 450.0                            LAT/LON1/LON2/DLON/H
   52   53   55   57   59   61   64   66   69   71   69   67   64   61   57   55
   53   52   51   52   53   53   52   50   47   45   42   39   37   36   36   37
   40   45   51   58   65   70   75   78   81   83   87   90   92   94   95   96
   96   95   92   90   88   87   88   88   86   83   78   73   67   59   53   49
   46   45   46   48   50   51   51   51   52
    40.0-180.0 180.0   5.0 450.0                            LAT/LON1/LON2/DLON/H
   53   54   55   57   59   62   67   71   75   79   78   77   74   71   67   65
   64   64   64   65   66   65   63   59   54   51   47   44   41   40   40   42
   45   51   58   65   73   78   82   84   86   88   89   92   94   96   98   99
   99   98   96   94   92   91   92   92   91   88   83   78   72   65   58   53
   50   49   50   52   53   53   53   53   53
    37.5-180.0 180.0   5.0 450.0                            LAT/LON1/LON2/DLON/H
   52   52   53   55   57   61   66   71   78   83   85   84   82   78   75   73
   73   73   75   77   78   76   72   67   61   56   52   48   45   44   44   45
   50   56   65   73   80   85   88   90   92   93   94   95   97   99  100  102
  102  101   99   97   95   94   95   95   95   92   88   83   77   71   64   58
   54   53   53   54   54   54   53   52   52
    35.0-180.0 180.0   5.0 450.0                            LAT/LON1/LON2/DLON/H
   50   50   51   52   54   57   62   69   76   83   86   87   86   83   80   79
   79   81   84   87   87   85   80   72   65   59   54   51   48   47   46   49
   54   62   71   79   86   92   95   97   99   99   99  100  100  101  103  104
  105  104  103  101   99   98   99  100  100   98   94   89   84   78   71   65
   60   58   57   57   56   53   52   51   50
    32.5-180.0 180.0   5.0 450.0                            LAT/LON1/LON2/DLON/H
   49   49   49   49   50   53   57   64   72   79   85   87   86   84   82   81
   82   85   89   93   94   90   84   74   65   60   57   53   51   49   48   51
   58   67   76   85   91   97  100  103  105  106  107  106  105  106  107  108
  109  109  108  107  106  106  107  107  107  105  102   97   92   85   79   73
   68   66   63   61   58   55   52   50   49
    30.0-180.0 180.0   5.0 450.0                            LAT/LON1/LON2/DLON/H
   51   50   48   47   48   48   52   58   65   73   80   83   84   83   81   81
   83   86   91   95   96   92   85   74   65   60   57   54   52   50   50   54
   62   70   80   89   96  100  105  109  112  113  114  114  112  112  114  116
  117  119  119  119  119  118  118  118  117  115  112  108  103   96   90   84
   79   75   71   67   63   58   55   52   51
    27.5-180.0 180.0   5.0 450.0                            LAT/LON1/LON2/DLON/H
   55   54   52   49   47   47   48   52   58   66   71   76   78   79   79   80
   81   85   90   95   94   91   83   72   64   58   55   53   51   51   52   56
   64   73   83   91   97  103  108  114  119  121  123  123  123  122  125  127
  130  132  134  136  136  135  133  132  131  129  126  122  116  111  103   99
   93   88   83   77   71   64   60   57   55
    25.0-180.0 180.0   5.0 450.0                            LAT/LON1/LON2/DLON/H
   62   61   58   54   51   49   48   49   53   59   64   69   72   74   75   76
   79   83   88   92   91   87   80   71   62   55   52   51   50   50   53   58
   65   75   84   92   99  105  112  118  125  131  134  135  136  137  140  142
  146  150  153  156  156  155  151  150  148  147  143  138  133  128  121  116
  109  104   98   91   83   75   70   65   62
    22.5-180.0 180.0   5.0 450.0                            LAT/LON1/LON2/DLON/H
   70   69   66   62   58   54   51   50   51   55   60   64   67   70   71   73
   75   78   84   88   87   82   75   67   59   52   49   48   47   48   51   57
   66   76   86   94  101  108  115  124  133  142  147  149  151  153  157  161
  165  169  173  176  177  175  170  168  167  165  162  158  152  146  139  133
  128  121  113  106   96   87   80   74   70
    20.0-180.0 180.0   5.0 450.0                            LAT/LON1/LON2/DLON/H
   79   77   74   70   66   61   58   54   53   55   58   62   64   67   69   71
   73   75   79   83   82   78   71   63   56   50   46   44   43   45   49   57
   67   78   88   97  105  114  121  131  143  153  160  164  166  170  175  180
  184  188  191  195  196  195  188  185  183  181  179  176  170  163  156  150
  144  137  129  119  108   98   89   83   79
    17.5-180.0 180.0   5.0 450.0                            LAT/LON1/LON2/DLON/H
   86   82   80   77   73   68   65   61   58   58   60   62   64   66   68   70
   71   72   76   78   78   74   67   61   54   48   44   41   40   42   48   57
   69   80   93  102  110  119  130  141  152  163  172  179  183  186  191  195
  199  202  205  209  210  208  204  199  196  193  192  190  186  178  171  164
  158  150  142  131  118  107   97   91   86
    15.0-180.0 180.0   5.0 450.0                            LAT/LON1/LON2/DLON/H
   89   85   83   81   78   74   72   68   65   63   63   64   65   67   68   70
   71   71   72   74   74   71   66   59   53   47   42   39   38   41   49   59
   71   84   96  106  117  127  138  149  161  173  183  191  197  201  204  208
  209  211  213  215  216  215  211  207  203  201  201  200  197  191  183  177
  169  161  150  138  125  113  102   95   89
    12.5-180.0 180.0   5.0 450.0                            LAT/LON1/LON2/DLON/H
   89   84   82   81   80   78   76   74   70   67   66   67   67   68   70   72
   71   70   71   72   71   69   65   60   53   47   42   38   37   41   50   62
   74   87   99  111  124  134  145  157  170  181  192  201  208  212  215  216
  215  214  214  216  216  216  212  209  206  204  204  205  203  197  192  185
  177  168  155  142  127  115  105   95   89
    10.0-180.0 180.0   5.0 450.0                            LAT/LON1/LON2/DLON/H
   86   80   77   77   77   78   78   76   73   71   69   69   68   69   70   72
   71   70   69   70   69   67   65   60   54   48   42   38   38   42   52   64
   77   90  103  116  129  141  152  164  177  188  200  208  215  219  220  219
  217  214  212  212  213  213  210  207  204  202  204  206  205  202  197  192
  183  172  158  143  128  115  103   93   86
     7.5-180.0 180.0   5.0 450.0                            LAT/LON1/LON2/DLON/H
   82   75   71   69   71   74   75   75   72   71   70   69   69   68   69   70
   70   70   69   68   67   66   64   60   55   48   42   38   38   44   54   66
   80   94  107  121  134  146  158  170  181  192  202  210  217  220  221  220
  216  213  210  210  210  210  208  204  202  201  203  206  207  206  203  197
  188  177  161  144  129  114  101   90   82
     5.0-180.0 180.0   5.0 450.0                            LAT/LON1/LON2/DLON/H
   80   72   66   63   65   68   70   71   69   68   68   68   67   66   67   67
   68   67   67   66   65   64   62   59   55   48   43   40   41   47   58   70
   84   97  111  125  137  150  161  172  183  193  201  209  216  220  221  220
  217  212  209  209  210  210  208  205  203  203  206  210  212  213  211  205
  195  183  166  148  130  115  100   90   80
     2.5-180.0 180.0   5.0 450.0                            LAT/LON1/LON2/DLON/H
   84   75   67   62   61   62   64   65   64   63   63   64   64   63   63   63
   64   64   64   64   63   62   60   56   53   48   44   42   44   50   61   73
   86   99  112  126  138  150  161  171  182  191  200  208  215  220  222  221
  219  215  211  211  212  213  213  212  210  211  214  218  222  223  222  216
  206  192  175  155  136  119  104   93   84
