DORISInput/IGSGIM/2019/igsg3570.19i
     1.0            IONOSPHERE MAPS     MIX                 IONEX VERSION / TYPE
cmpcmb v1.2          GRL/UWM            16-jan-20 11:44     PGM / RUN BY / DATE 
ionex file containing IGS COMBINED Ionosphere maps          COMMENT             
global ionosphere maps for day 357, 2019                    DESCRIPTION         
IONEX file containing the COMBINED IGS TEC MAPS and DCBs    DESCRIPTION         
      IONEX files of the following IAACs were combined: cod DESCRIPTION         
                                                        esa DESCRIPTION         
                                                        jpl DESCRIPTION         
                                                        upc DESCRIPTION         
Contact address: Andrzej Krankowski                         DESCRIPTION
                 Geodynamics Research Laboratory            DESCRIPTION
                 University of Warmia and Mazury (GRL/UWM)  DESCRIPTION
                 Oczapowski St. 1                           DESCRIPTION
                 10-957-Olsztyn, POLAND                     DESCRIPTION
                 e-mail:  kand@uwm.edu.pl                   DESCRIPTION
                                                            DESCRIPTION         
  2019    12    23     0     0     0                        EPOCH OF FIRST MAP  
  2019    12    24     0     0     0                        EPOCH OF LAST MAP   
  7200                                                      INTERVAL            
    13                                                      # OF MAPS IN FILE   
  COSZ                                                      MAPPING FUNCTION    
     0.0                                                    ELEVATION CUTOFF    
combined TEC calculated as weighted mean of input TEC valuesOBSERVABLES USED    
   390                                                      # OF STATIONS       
    32                                                      # OF SATELLITES     
  6371.0                                                    BASE RADIUS         
     2                                                      MAP DIMENSION       
   450.0 450.0   0.0                                        HGT1 / HGT2 / DHGT  
    87.5 -87.5  -2.5                                        LAT1 / LAT2 / DLAT  
  -180.0 180.0   5.0                                        LON1 / LON2 / DLON  
    -1                                                      EXPONENT            
TEC values in 0.1 tec units;  9999, if no value available   COMMENT             
DCB values in nanoseconds, reference is Sum_of_SatDCBs = 0  COMMENT             
                                                            END OF HEADER       
[from data line 1716]
     5                                                      START OF TEC MAP    
  2019    12    23     8     0     0                        EPOCH OF CURRENT MAP
    87.5-180.0 180.0   5.0 450.0                            LAT/LON1/LON2/DLON/H
   26   26   26   26   26   25   25   25   25   25   25   24   24   24   24   23
   23   23   23   22   23   22   22   22   23   22   22   23   23   23   23   23
   23   23   23   24   24   24   24   24   25   25   25   25   25   25   25   25
   25   25   26   26   26   26   25   25   25   25   25   25   25   25   25   25
   25   25   26   26   26   26   26   26   26
    85.0-180.0 180.0   5.0 450.0                            LAT/LON1/LON2/DLON/H
   26   26   26   26   26   26   26   25   25   24   24   23   23   22   21   20
   20   19   19   19   18   17   18   18   18   18   18   18   19   19   19   20
   20   21   21   22   22   23   23   23   24   24   24   24   25   25   25   25
   24   24   23   23   23   23   23   23   23   23   23   22   22   23   23   23
   23   24   24   25   25   26   26   26   26
    82.5-180.0 180.0   5.0 450.0                            LAT/LON1/LON2/DLON/H
   25   26   26   26   27   27   26   26   25   24   23   22   21   20   18   17
   16   15   14   14   14   13   13   14   14   14   15   15   16   17   17   18
   19   20   20   21   22   22   22   22   22   22   22   21   21   21   21   21
   21   21   20   20   19   18   18   18   18   18   18   18   17   18   18   19
   20   21   21   22   23   23   24   24   25
    80.0-180.0 180.0   5.0 450.0                            LAT/LON1/LON2/DLON/H
   23   24   25   26   27   27   27   26   26   25   23   22   20   18   16   15
   13   13   12   12   11   11   11   12   12   13   13   13   14   14   15   16
   17   18   19   19   20   20   21   22   21   21   21   20   20   19   19   19
   19   18   18   17   16   15   15   14   14   13   13   13   13   13   13   14
   14   15   16   17   18   19   21   22   23
    77.5-180.0 180.0   5.0 450.0                            LAT/LON1/LON2/DLON/H
   20   21   23   24   25   26   26   26   25   24   22   20   18   16   14   13
   12   11   11   11   10   10   10   10    9   10   11   12   13   14   15   16
   16   17   17   18   19   19   19   19   20   20   19   20   20   20   19   18
   18   17   17   17   15   14   14   13   12   11   11   11   10   10   10   10
   10   10   11   12   13   15   16   18   20
    75.0-180.0 180.0   5.0 450.0                            LAT/LON1/LON2/DLON/H
   15   17   20   21   23   23   24   24   24   22   21   19   17   16   14   13
   12   11   11   11   10   10   11   11   12   12   13   13   14   14   15   16
   16   16   16   16   17   17   18   18   18   18   19   19   19   20   20   20
   19   19   19   19   18   17   15   14   13   12   11   11   10   10    9    9
    9    9    9    9    9   10   11   13   15
    72.5-180.0 180.0   5.0 450.0                            LAT/LON1/LON2/DLON/H
   11   13   16   18   19   21   22   22   22   21   20   19   18   16   15   13
   12   11   12   12   13   14   14   14   15   16   16   16   16   16   16   16
   16   16   15   15   15   16   16   17   17   18   18   19   21   22   23   24
   24   24   24   24   23   22   20   19   17   16   15   13   12   11   10   10
    9    9    9    9    9    9    9    9   11
    70.0-180.0 180.0   5.0 450.0                            LAT/LON1/LON2/DLON/H
    9   11   12   14   16   18   19   20   20   20   19   18   16   16   15   13
   13   14   14   15   16   17   18   18   19   20   18   18   18   17   16   15
   15   15   14   14   14   14   15   16   17   18   19   21   23   25   27   29
   31   31   32   31   30   29   27   26   24   22   21   19   18   16   14   13
   12   10    9    9    9    9    8    9    9
    67.5-180.0 180.0   5.0 450.0                            LAT/LON1/LON2/DLON/H
    9   10   11   13   14   15   16   17   18   18   17   16   16   16   15   14
   14   16   17   18   19   20   21   21   21   21   20   19   19   17   16   15
   14   14   13   13   13   14   15   16   17   19   22   24   27   29   33   35
   38   39   40   40   39   39   36   34   32   30   28   25   24   22   21   19
   18   15   13   11   10    9    9    9    9
    65.0-180.0 180.0   5.0 450.0                            LAT/LON1/LON2/DLON/H
   10   10   11   12   13   14   15   15   16   16   15   15   14   14   14   14
   15   16   17   18   19   20   21   21   21   21   20   20   19   17   15   14
   13   13   13   13   13   14   16   18   20   23   25   28   32   35   39   42
   45   47   48   48   47   47   44   42   39   36   34   32   30   28   27   25
   24   22   19   17   14   12   10   10   10
    62.5-180.0 180.0   5.0 450.0                            LAT/LON1/LON2/DLON/H
   13   12   13   14   14   15   15   14   14   14   14   14   13   13   13   13
   14   15   16   17   18   19   19   20   20   19   18   18   18   16   14   14
   13   13   12   13   15   17   19   22   25   28   30   34   37   41   45   48
   51   53   55   55   54   53   51   48   45   42   39   37   35   33   32   31
   29   28   26   22   19   17   15   13   13
    60.0-180.0 180.0   5.0 450.0                            LAT/LON1/LON2/DLON/H
   17   16   17   17   17   16   15   14   14   13   13   13   13   13   13   13
   14   14   15   15   16   15   16   16   16   16   16   15   16   15   15   14
   13   13   14   16   19   21   24   27   31   35   38   41   44   47   51   54
   56   58   60   60   59   58   56   52   50   47   44   42   39   37   36   35
   34   33   30   28   25   22   21   18   17
    57.5-180.0 180.0   5.0 450.0                            LAT/LON1/LON2/DLON/H
   22   21   22   21   20   19   17   16   14   14   13   13   13   12   13   13
   13   12   13   13   13   13   13   13   14   14   14   14   15   16   15   15
   15   15   17   20   23   27   30   35   39   43   47   50   52   54   56   58
   60   62   63   64   63   62   60   57   54   51   48   45   42   40   39   38
   38   36   35   32   30   27   26   23   22
    55.0-180.0 180.0   5.0 450.0                            LAT/LON1/LON2/DLON/H
   28   27   27   26   25   23   20   18   17   16   15   15   14   14   14   13
   13   12   12   12   12   12   12   12   13   14   14   14   15   17   18   17
   19   19   21   25   29   33   38   42   47   52   56   59   60   62   63   64
   65   66   66   67   66   66   64   62   59   57   54   50   46   44   42   41
   40   39   38   36   34   32   30   28   28
    52.5-180.0 180.0   5.0 450.0                            LAT/LON1/LON2/DLON/H
   32   32   32   31   30   28   25   23   21   20   19   18   17   17   16   15
   15   15   14   14   14   13   14   14   16   16   16   18   19   21   21   21
   22   24   27   31   35   39   45   50   56   61   66   69   70   70   71   70
   70   70   69   69   69   69   68   67   65   62   60   55   51   47   44   43
   42   41   40   39   38   36   34   33   32
    50.0-180.0 180.0   5.0 450.0                            LAT/LON1/LON2/DLON/H
   37   37   37   37   36   34   31   29   27   25   24   23   22   21   20   20
   19   20   20   20   20   20   20   22   22   23   23   24   25   26   26   26
   27   29   33   37   41   46   51   58   64   71   75   79   80   80   80   78
   76   74   73   72   73   73   72   71   70   68   65   61   56   52   47   44
   43   43   42   41   40   39   39   37   37
    47.5-180.0 180.0   5.0 450.0                            LAT/LON1/LON2/DLON/H
   41   41   41   41   40   39   37   35   33   32   30   29   27   27   26   26
   26   28   29   30   31   32   33   34   33   33   33   33   33   32   31   31
   32   35   38   43   48   52   58   64   71   78   84   89   91   91   89   87
   83   80   77   76   76   76   76   75   74   73   71   66   61   54   49   46
   45   44   44   43   42   42   42   41   41
    45.0-180.0 180.0   5.0 450.0                            LAT/LON1/LON2/DLON/H
   44   45   45   45   45   45   44   42   40   39   37   36   34   35   34   35
   35   38   39   42   44   46   47   48   47   45   43   43   41   39   38   37
   38   41   45   50   55   59   64   69   76   84   91   96  100  101   99   95
   90   85   82   81   80   80   79   79   77   76   74   70   65   59   53   50
   48   47   46   44   43   43   44   44   44
    42.5-180.0 180.0   5.0 450.0                            LAT/LON1/LON2/DLON/H
   47   47   47   48   49   49   49   48   47   46   45   43   42   42   43   44
   45   48   51   56   58   61   62   62   60   58   54   51   49   46   44   43
   44   48   52   58   62   65   68   72   79   87   95  102  107  109  108  103
   97   91   87   85   83   83   82   81   79   77   76   72   68   63   58   55
   52   51   49   48   46   46   46   47   47
    40.0-180.0 180.0   5.0 450.0                            LAT/LON1/LON2/DLON/H
   49   49   49   50   51   52   53   53   53   52   51   50   49   50   50   52
   54   58   63   68   72   74   75   74   71   67   63   58   55   52   49   49
   50   54   60   65   69   71   73   76   82   90   99  106  112  114  114  110
  103   97   91   88   86   85   84   83   80   79   77   75   71   67   62   59
   56   55   53   51   49   48   49   49   49
    37.5-180.0 180.0   5.0 450.0                            LAT/LON1/LON2/DLON/H
   50   50   50   50   52   53   55   56   57   58   57   56   55   56   57   58
   61   66   72   78   82   84   85   82   78   73   69   65   60   57   54   53
   55   60   67   73   76   77   78   80   86   93  101  109  115  118  119  115
  108  102   96   92   89   87   86   83   82   81   79   77   75   71   66   64
   61   58   56   53   51   50   50   50   50
    35.0-180.0 180.0   5.0 450.0                            LAT/LON1/LON2/DLON/H
   52   51   51   51   51   53   55   57   59   60   61   60   60   61   62   65
   68   73   79   85   88   89   88   86   82   76   71   68   63   59   56   56
   59   65   73   80   83   83   84   85   90   96  103  110  116  121  123  120
  114  108  102   98   94   92   90   87   86   85   83   81   79   75   71   68
   65   63   59   56   53   52   52   52   52
    32.5-180.0 180.0   5.0 450.0                            LAT/LON1/LON2/DLON/H
   53   52   52   51   51   52   54   56   59   61   62   62   62   64   66   69
   73   78   83   88   90   90   88   85   82   77   73   68   63   59   58   59
   62   68   77   85   89   89   89   91   95  100  105  112  117  122  125  123
  119  115  110  106  103  101  100   98   97   94   92   89   85   82   78   74
   71   66   63   59   55   54   53   53   53
    30.0-180.0 180.0   5.0 450.0                            LAT/LON1/LON2/DLON/H
   54   54   53   52   51   51   53   54   57   59   60   61   62   65   68   71
   74   78   83   86   89   87   85   82   79   75   71   66   61   58   59   60
   64   71   81   89   94   96   97   99  102  105  109  113  119  123  126  127
  126  124  121  119  118  116  116  116  113  110  106  101   96   92   86   82
   77   72   66   61   57   56   55   55   54
    27.5-180.0 180.0   5.0 450.0                            LAT/LON1/LON2/DLON/H
   57   56   55   54   53   52   52   53   54   56   58   59   61   63   66   68
   71   75   79   81   83   82   80   78   75   71   67   63   59   57   58   60
   64   73   83   93   99  102  104  108  111  113  114  117  121  126  129  132
  134  135  135  136  136  137  138  138  135  131  125  119  112  105   98   92
   85   78   71   65   61   58   57   57   57
    25.0-180.0 180.0   5.0 450.0                            LAT/LON1/LON2/DLON/H
   60   60   58   57   55   54   53   53   53   54   55   57   59   60   63   66
   68   71   74   75   76   76   74   72   69   66   63   59   57   55   56   59
   63   72   83   94  102  108  112  118  122  122  123  124  127  132  136  142
  146  150  153  155  158  160  163  163  160  155  149  142  131  122  113  106
   96   87   78   70   65   61   60   60   60
    22.5-180.0 180.0   5.0 450.0                            LAT/LON1/LON2/DLON/H
   64   64   63   62   60   57   55   53   53   53   54   55   57   59   60   63
   65   68   69   70   72   71   69   67   65   62   60   57   54   52   53   56
   62   71   82   94  104  112  120  128  133  135  135  135  137  141  147  154
  160  166  172  176  180  183  188  189  187  182  175  166  154  143  132  123
  110   98   86   76   70   66   64   64   64
    20.0-180.0 180.0   5.0 450.0                            LAT/LON1/LON2/DLON/H
   69   69   69   68   65   62   59   56   55   54   54   55   57   58   59   62
   63   66   67   68   68   68   66   65   63   61   58   55   51   49   50   54
   61   71   83   96  108  118  128  138  144  147  148  149  150  153  159  167
  175  182  190  196  201  205  210  211  209  205  198  190  179  167  154  142
  127  112   97   85   77   72   70   69   69
    17.5-180.0 180.0   5.0 450.0                            LAT/LON1/LON2/DLON/H
   74   74   74   73   70   67   64   60   58   56   56   56   57   58   59   61
   63   65   66   67   67   67   66   65   63   61   57   52   49   46   47   52
   61   73   86  100  112  124  136  146  154  158  161  162  164  167  173  178
  187  196  204  212  217  221  226  225  224  221  216  209  200  189  176  163
  146  128  111   96   85   79   76   75   74
    15.0-180.0 180.0   5.0 450.0                            LAT/LON1/LON2/DLON/H
   79   79   78   77   75   72   68   65   62   60   59   58   58   59   59   61
   62   64   66   67   68   68   67   67   64   60   55   50   46   43   46   53
   63   76   90  104  117  129  142  153  162  168  172  176  176  179  184  189
  197  205  214  221  226  229  232  231  231  229  225  220  215  206  194  181
  162  143  125  109   96   88   83   81   79
    12.5-180.0 180.0   5.0 450.0                            LAT/LON1/LON2/DLON/H
   85   83   82   80   78   76   73   69   66   64   63   61   60   60   59   60
   62   63   65   67   67   68   68   66   63   58   52   47   43   42   45   53
   64   78   93  108  121  134  146  158  168  176  183  186  187  189  193  196
  202  208  216  222  226  230  231  230  230  229  227  224  220  214  204  192
  175  156  138  121  107   97   91   86   85
    10.0-180.0 180.0   5.0 450.0                            LAT/LON1/LON2/DLON/H
   88   85   83   81   78   76   74   71   69   68   66   64   62   61   60   60
   61   61   63   64   65   66   66   64   60   55   49   43   40   40   45   54
   66   81   97  111  124  136  148  160  172  182  190  194  195  196  197  198
  201  207  213  218  222  225  225  224  224  223  222  221  220  216  208  196
  182  165  147  130  115  104   96   91   88
     7.5-180.0 180.0   5.0 450.0                            LAT/LON1/LON2/DLON/H
   90   86   83   80   77   73   71   71   70   69   68   66   64   62   60   60
   60   59   61   61   62   62   62   60   56   52   45   40   38   39   45   56
   69   85  100  113  126  136  148  160  172  184  193  198  200  200  199  198
  198  203  209  212  216  218  218  219  219  219  218  217  218  216  209  199
  185  169  153  136  120  107   98   93   90
     5.0-180.0 180.0   5.0 450.0                            LAT/LON1/LON2/DLON/H
   89   85   82   77   72   69   67   67   68   68   67   65   64   62   60   59
   59   58   58   58   58   57   57   55   52   48   43   39   38   40   46   59
   73   88  102  114  125  135  145  156  169  181  191  198  201  201  199  197
  197  201  205  209  213  215  216  218  220  220  218  218  218  217  212  202
  188  173  156  138  121  107   97   92   89
     2.5-180.0 180.0   5.0 450.0                            LAT/LON1/LON2/DLON/H
   87   84   79   74   68   64   62   62   62   63   63   63   62   61   60   58
   57   56   56   55   54   53   53   51   49   45   43   40   39   42   50   63
   77   91  102  112  121  131  140  151  163  176  188  195  199  200  199  198
  198  201  206  209  213  217  220  224  228  228  227  226  224  222  216  207
  193  176  158  139  120  105   96   91   87
