DORISInput/IGSGIM/2019/igsg3370.19i
     1.0            IONOSPHERE MAPS     MIX                 IONEX VERSION / TYPE
cmpcmb v1.2          GRL/UWM            23-dec-19 14:49     PGM / RUN BY / DATE 
ionex file containing IGS COMBINED Ionosphere maps          COMMENT             
global ionosphere maps for day 337, 2019                    DESCRIPTION         
IONEX file containing the COMBINED IGS TEC MAPS and DCBs    DESCRIPTION         
      IONEX files of the following IAACs were combined: cod DESCRIPTION         
                                                        esa DESCRIPTION         
                                                        jpl DESCRIPTION         
                                                        upc DESCRIPTION         
Contact address: Andrzej Krankowski                         DESCRIPTION
                 Geodynamics Research Laboratory            DESCRIPTION
                 University of Warmia and Mazury (GRL/UWM)  DESCRIPTION
                 Oczapowski St. 1                           DESCRIPTION
                 10-957-Olsztyn, POLAND                     DESCRIPTION
                 e-mail:  kand@uwm.edu.pl                   DESCRIPTION
                                                            DESCRIPTION         
  2019    12     3     0     0     0                        EPOCH OF FIRST MAP  
  2019    12     4     0     0     0                        EPOCH OF LAST MAP   
  7200                                                      INTERVAL            
    13                                                      # OF MAPS IN FILE   
  COSZ                                                      MAPPING FUNCTION    
     0.0                                                    ELEVATION CUTOFF    
combined TEC calculated as weighted mean of input TEC valuesOBSERVABLES USED    
   397                                                      # OF STATIONS       
    32                                                      # OF SATELLITES     
  6371.0                                                    BASE RADIUS         
     2                                                      MAP DIMENSION       
   450.0 450.0   0.0                                        HGT1 / HGT2 / DHGT  
    87.5 -87.5  -2.5                                        LAT1 / LAT2 / DLAT  
  -180.0 180.0   5.0                                        LON1 / LON2 / DLON  
    -1                                                      EXPONENT            
TEC values in 0.1 tec units;  9999, if no value available   COMMENT             
DCB values in nanoseconds, reference is Sum_of_SatDCBs = 0  COMMENT             
                                                            END OF HEADER       
[from data line 3432]
     9                                                      START OF TEC MAP    
  2019    12     3    16     0     0                        EPOCH OF CURRENT MAP
    87.5-180.0 180.0   5.0 450.0                            LAT/LON1/LON2/DLON/H
   20   20   20   20   20   20   20   20   20   20   20   19   19   19   19   19
   19   19   18   18   17   17   17   16   16   16   16   16   15   15   14   14
   14   14   14   14   14   14   14   14   14   14   14   14   14   14   14   14
   15   15   15   15   15   15   15   16   16   16   17   17   17   17   18   18
   18   19   19   19   19   19   19   20   20
    85.0-180.0 180.0   5.0 450.0                            LAT/LON1/LON2/DLON/H
   22   23   23   23   23   23   24   24   23   23   23   23   22   22   22   21
   21   20   20   19   18   18   17   17   16   15   15   14   13   12   12   12
   12   12   12   12   12   12   12   12   12   12   12   12   13   13   13   13
   14   14   15   15   15   16   16   16   16   17   17   17   17   18   19   20
   19   20   20   21   21   21   21   22   22
    82.5-180.0 180.0   5.0 450.0                            LAT/LON1/LON2/DLON/H
   24   24   25   25   26   26   26   26   26   26   26   25   25   25   24   24
   23   22   22   21   20   18   17   16   16   15   13   13   12   12   12   12
   12   11   11   11   11   11   11   11   12   12   12   12   12   13   13   13
   14   14   15   15   15   16   17   17   17   17   18   18   18   19   19   20
   20   21   21   22   22   22   23   24   24
    80.0-180.0 180.0   5.0 450.0                            LAT/LON1/LON2/DLON/H
   24   25   25   26   26   26   27   27   27   27   27   27   26   26   26   26
   25   24   23   22   21   20   18   18   17   15   14   13   12   12   12   12
   12   11   11   11   11   11   11   11   11   11   12   12   12   13   13   14
   14   14   15   15   16   16   17   17   18   18   18   19   19   19   19   19
   20   20   21   21   21   22   23   24   24
    77.5-180.0 180.0   5.0 450.0                            LAT/LON1/LON2/DLON/H
   23   23   23   24   25   25   25   26   26   27   27   27   27   27   27   26
   27   26   26   26   25   23   22   19   19   18   17   16   14   12   12   11
   11   11   10    9   10   10   10   10   11   11   11   12   12   13   13   13
   14   14   14   15   16   16   17   18   18   19   19   19   19   19   19   19
   19   19   19   19   20   21   22   22   23
    75.0-180.0 180.0   5.0 450.0                            LAT/LON1/LON2/DLON/H
   20   21   21   22   23   23   23   23   23   24   24   24   25   26   27   27
   28   28   28   28   28   27   26   24   22   21   20   18   16   15   13   12
   12   11   10   10    9    9    9   10   10   10   11   11   12   12   13   13
   13   14   14   15   15   16   17   18   19   19   19   19   19   19   18   17
   17   17   17   17   18   18   19   20   20
    72.5-180.0 180.0   5.0 450.0                            LAT/LON1/LON2/DLON/H
   18   19   19   19   20   20   19   19   19   18   19   20   21   23   24   27
   28   30   31   32   33   33   31   30   28   26   25   23   20   18   16   14
   13   11   11   10   10   10    9    9    9   10   10   10   11   11   11   11
   12   12   13   14   15   16   17   18   18   19   19   19   19   18   18   17
   16   16   16   15   15   16   17   17   18
    70.0-180.0 180.0   5.0 450.0                            LAT/LON1/LON2/DLON/H
   17   17   18   17   17   16   15   14   14   13   14   15   17   19   22   25
   28   31   34   36   37   38   37   37   35   33   31   29   26   23   20   18
   16   14   13   12   11   10    9    9    9    9    9   10   10   10   11   11
   11   12   12   14   15   16   17   18   19   19   20   20   20   19   18   17
   16   15   15   14   14   14   15   16   17
    67.5-180.0 180.0   5.0 450.0                            LAT/LON1/LON2/DLON/H
   18   18   17   17   16   15   13   12   10   10    9   11   13   16   20   24
   29   33   36   39   42   43   43   42   41   40   38   35   32   29   27   23
   21   18   16   13   12   11   10    9    9    9   10   10   11   11   11   11
   11   12   13   14   15   17   18   19   20   21   22   22   21   21   20   19
   18   17   15   15   15   15   16   17   18
    65.0-180.0 180.0   5.0 450.0                            LAT/LON1/LON2/DLON/H
   20   20   20   18   17   15   13   11    9    8    8   10   11   15   19   25
   30   35   40   43   45   47   47   46   46   44   43   41   38   36   33   29
   26   23   19   16   13   11   10    9    9   10   10   11   12   13   13   13
   13   14   15   16   18   20   21   22   23   24   24   25   25   23   23   22
   21   19   18   17   17   17   18   20   20
    62.5-180.0 180.0   5.0 450.0                            LAT/LON1/LON2/DLON/H
   24   24   23   22   21   19   16   13   11    9    9   10   13   16   21   28
   33   38   43   46   48   50   50   49   49   48   47   46   44   42   39   35
   31   27   23   19   15   13   11   10   11   11   12   14   16   17   18   17
   18   18   18   19   21   22   23   25   26   27   28   28   28   27   27   26
   25   23   21   20   20   21   22   23   24
    60.0-180.0 180.0   5.0 450.0                            LAT/LON1/LON2/DLON/H
   28   29   28   28   26   23   21   17   15   13   13   14   16   20   26   32
   37   42   46   49   51   51   51   51   50   51   50   50   49   48   45   41
   38   33   28   22   19   16   13   13   13   15   17   20   23   24   24   23
   23   23   23   23   24   25   26   28   30   32   32   33   33   33   32   31
   29   27   26   24   24   25   25   26   28
    57.5-180.0 180.0   5.0 450.0                            LAT/LON1/LON2/DLON/H
   32   33   34   33   32   29   26   24   21   20   19   20   23   27   32   37
   43   47   51   53   54   53   53   52   52   53   53   53   53   53   51   48
   44   39   32   27   23   19   18   18   19   21   25   28   31   32   32   31
   30   29   29   29   30   31   32   34   36   37   38   38   39   39   38   37
   35   33   31   29   28   28   28   30   32
    55.0-180.0 180.0   5.0 450.0                            LAT/LON1/LON2/DLON/H
   36   38   39   39   38   35   33   31   28   26   26   27   30   34   39   44
   49   53   55   57   56   56   55   54   54   54   55   56   57   57   56   54
   50   45   39   34   29   26   25   25   27   30   34   37   39   40   40   38
   37   37   37   37   37   39   40   41   42   44   45   45   46   46   45   44
   41   39   37   35   33   32   33   34   36
    52.5-180.0 180.0   5.0 450.0                            LAT/LON1/LON2/DLON/H
   41   42   43   44   43   41   39   37   35   34   34   35   38   41   45   50
   55   58   60   62   60   59   59   57   57   57   59   60   61   62   60   59
   55   51   46   41   37   34   33   34   36   39   43   46   48   49   48   46
   45   45   45   45   47   47   48   49   51   52   52   52   52   52   50   49
   46   44   41   39   37   37   37   39   41
    50.0-180.0 180.0   5.0 450.0                            LAT/LON1/LON2/DLON/H
   44   45   47   48   47   46   44   43   41   40   40   42   45   47   52   56
   60   63   65   66   66   65   64   63   62   62   63   64   65   66   65   63
   61   57   53   49   46   44   43   44   45   49   52   54   56   56   56   54
   53   52   53   54   55   55   56   57   58   59   59   58   58   56   55   52
   50   47   44   42   41   41   41   42   44
    47.5-180.0 180.0   5.0 450.0                            LAT/LON1/LON2/DLON/H
   46   47   49   50   49   49   48   47   46   46   46   48   51   53   57   60
   65   68   71   72   72   72   71   70   70   70   69   70   71   70   69   68
   65   63   60   57   55   54   53   54   55   57   59   62   63   63   62   61
   60   60   60   61   62   62   63   64   64   64   64   63   62   60   58   55
   51   49   46   44   43   43   44   45   46
    45.0-180.0 180.0   5.0 450.0                            LAT/LON1/LON2/DLON/H
   47   48   49   49   50   49   49   49   49   50   52   54   56   59   62   64
   68   72   75   77   79   80   80   80   79   79   78   77   77   75   74   71
   69   67   66   65   64   64   63   63   63   64   65   67   67   67   66   66
   65   66   66   67   68   68   70   69   69   68   68   66   65   63   60   57
   54   50   48   45   44   44   46   46   47
    42.5-180.0 180.0   5.0 450.0                            LAT/LON1/LON2/DLON/H
   47   47   48   48   48   49   49   50   52   55   57   59   62   64   67   69
   72   76   80   83   86   88   89   90   90   89   87   85   83   81   79   76
   73   72   72   73   73   73   72   70   68   68   68   69   70   70   70   69
   70   71   72   73   73   73   73   71   71   70   70   69   67   65   62   58
   55   52   49   47   46   46   46   47   47
    40.0-180.0 180.0   5.0 450.0                            LAT/LON1/LON2/DLON/H
   47   46   45   45   46   46   48   50   54   59   62   65   68   70   72   73
   75   79   83   88   92   95   97   99   99   98   96   93   91   87   84   81
   79   78   79   80   80   80   78   76   72   70   70   70   72   73   72   72
   73   74   74   74   74   73   73   72   72   72   71   70   69   66   63   59
   55   51   48   47   46   46   47   47   47
    37.5-180.0 180.0   5.0 450.0                            LAT/LON1/LON2/DLON/H
   46   44   43   42   43   43   45   49   55   62   67   71   74   76   77   78
   80   83   86   91   96  100  103  105  105  105  103  101   98   94   91   88
   87   87   87   87   88   87   84   80   76   72   71   72   74   75   74   74
   74   74   74   73   71   70   70   69   71   72   72   71   70   67   63   59
   55   50   47   46   45   46   46   47   46
    35.0-180.0 180.0   5.0 450.0                            LAT/LON1/LON2/DLON/H
   45   44   42   41   40   40   43   48   56   64   71   76   80   82   83   83
   85   87   90   94   98  103  106  108  109  109  108  107  104  102  100   97
   97   97   97   97   96   95   91   86   80   75   73   74   75   76   76   75
   74   73   72   70   69   68   67   67   68   70   72   72   71   67   64   60
   54   50   46   45   45   45   46   46   45
    32.5-180.0 180.0   5.0 450.0                            LAT/LON1/LON2/DLON/H
   44   43   42   40   39   39   41   47   56   66   74   80   85   88   89   89
   89   90   93   95   99  103  106  108  110  110  111  112  110  110  110  110
  110  111  110  108  107  105  101   93   87   80   76   76   78   79   78   77
   74   72   70   67   66   66   65   65   67   69   71   72   71   68   64   59
   54   50   46   44   44   45   46   45   44
    30.0-180.0 180.0   5.0 450.0                            LAT/LON1/LON2/DLON/H
   44   43   42   40   39   38   40   46   56   67   77   84   89   92   94   94
   93   93   94   96   99  102  104  105  107  109  112  116  118  121  123  124
  127  127  125  123  121  116  111  103   96   88   82   81   82   82   81   78
   75   72   68   66   65   65   64   65   67   70   72   72   72   69   64   59
   54   49   46   43   43   45   46   45   44
    27.5-180.0 180.0   5.0 450.0                            LAT/LON1/LON2/DLON/H
   44   44   43   42   40   39   40   47   58   68   78   85   91   95   97   98
   96   95   96   97   98  100  100  101  103  108  114  121  128  133  138  142
  145  145  143  141  136  131  124  115  106   98   91   89   88   87   85   82
   77   73   68   66   65   65   65   66   68   71   73   73   73   70   65   59
   54   50   46   44   44   45   46   46   44
    25.0-180.0 180.0   5.0 450.0                            LAT/LON1/LON2/DLON/H
   44   45   45   44   42   41   43   49   59   70   78   86   92   97   99  100
   99   97   97   98   99   99   98   98  101  108  118  129  138  147  154  160
  164  165  162  159  153  147  138  129  120  110  102   97   95   94   91   87
   80   74   70   67   66   66   67   67   69   72   73   74   73   69   64   58
   54   50   46   44   44   44   45   45   44
    22.5-180.0 180.0   5.0 450.0                            LAT/LON1/LON2/DLON/H
   44   45   47   46   45   44   46   52   62   71   80   86   92   97  100  102
  101  100   99  100  100  100   99  100  103  113  126  140  152  162  170  177
  182  182  180  177  170  164  154  145  136  125  115  108  104  100   97   91
   83   77   72   69   69   69   69   70   71   72   72   73   71   67   62   57
   53   49   46   45   44   44   44   44   44
    20.0-180.0 180.0   5.0 450.0                            LAT/LON1/LON2/DLON/H
   42   44   45   47   46   46   50   57   65   74   82   88   93   98  102  104
  103  103  102  103  104  104  104  106  112  123  138  154  168  179  187  193
  197  196  196  192  185  177  171  162  151  140  129  119  112  107  102   94
   86   80   75   73   73   73   73   73   72   71   70   69   67   63   59   55
   52   49   46   44   44   44   44   43   42
    17.5-180.0 180.0   5.0 450.0                            LAT/LON1/LON2/DLON/H
   41   41   43   45   46   48   53   62   71   78   85   90   96  101  105  107
  107  107  107  108  110  112  114  118  126  140  155  171  185  197  204  208
  209  208  206  202  196  188  182  175  167  154  142  130  121  113  105   97
   89   83   80   77   78   77   77   75   73   70   67   64   62   59   56   54
   51   48   47   45   44   44   43   42   41
    15.0-180.0 180.0   5.0 450.0                            LAT/LON1/LON2/DLON/H
   39   39   41   42   44   48   55   66   76   84   89   95  101  106  110  113
  114  114  114  117  119  123  127  134  145  159  175  189  202  213  217  218
  216  215  212  207  202  195  191  185  177  165  153  140  129  117  108   99
   92   87   85   83   83   81   81   77   73   69   64   61   59   55   54   52
   50   48   47   46   44   44   43   41   39
    12.5-180.0 180.0   5.0 450.0                            LAT/LON1/LON2/DLON/H
   38   38   38   39   41   47   56   68   80   88   95  101  107  113  118  121
  123  124  125  128  132  138  144  155  167  181  194  205  214  220  222  221
  219  217  214  210  206  201  198  193  185  174  162  149  134  121  110  100
   95   91   89   88   86   84   82   79   73   68   62   58   56   53   52   51
   49   48   47   46   46   45   43   40   38
    10.0-180.0 180.0   5.0 450.0                            LAT/LON1/LON2/DLON/H
   38   37   36   37   39   45   56   69   82   92  100  107  114  121  128  132
  134  137  139  142  147  154  164  177  189  202  211  217  220  221  221  220
  219  218  216  214  212  209  206  200  193  182  170  155  140  124  112  102
   97   95   93   92   89   86   83   80   75   69   63   57   55   52   52   51
   50   48   48   48   47   45   43   40   38
     7.5-180.0 180.0   5.0 450.0                            LAT/LON1/LON2/DLON/H
   38   36   36   36   37   44   55   69   83   95  105  113  122  130  138  143
  148  152  155  159  165  174  186  199  211  221  225  224  223  220  219  219
  221  221  223  223  221  219  216  210  201  191  179  163  145  129  116  106
  101   98   97   95   93   89   86   84   80   75   68   63   60   56   55   53
   51   49   48   48   47   45   43   40   38
     5.0-180.0 180.0   5.0 450.0                            LAT/LON1/LON2/DLON/H
   39   37   35   35   37   44   54   69   83   96  107  117  128  138  147  155
  161  167  172  176  183  193  206  220  231  235  232  227  223  220  218  220
  224  228  231  233  233  232  228  219  209  199  187  171  153  136  123  113
  107  104  102  100   98   95   94   92   89   85   79   73   68   62   59   56
   52   50   49   48   47   45   43   41   39
     2.5-180.0 180.0   5.0 450.0                            LAT/LON1/LON2/DLON/H
   40   38   36   35   38   44   56   69   83   96  108  120  133  144  155  164
  172  180  186  192  199  210  224  237  247  246  239  231  226  223  223  226
  232  238  242  246  247  245  239  230  219  208  196  180  163  147  135  124
  117  113  110  107  105  104  104  103  102   98   92   84   79   71   65   60
   55   51   49   48   47   45   43   41   40
