DORISInput/IGSGIM/2019/igsg3370.19i
     1.0            IONOSPHERE MAPS     MIX                 IONEX VERSION / TYPE
cmpcmb v1.2          GRL/UWM            23-dec-19 14:49     PGM / RUN BY / DATE 
ionex file containing IGS COMBINED Ionosphere maps          COMMENT             
global ionosphere maps for day 337, 2019                    DESCRIPTION         
IONEX file containing the COMBINED IGS TEC MAPS and DCBs    DESCRIPTION         
      IONEX files of the following IAACs were combined: cod DESCRIPTION         
                                                        esa DESCRIPTION         
                                                        jpl DESCRIPTION         
                                                        upc DESCRIPTION         
Contact address: Andrzej Krankowski                         DESCRIPTION
                 Geodynamics Research Laboratory            DESCRIPTION
                 University of Warmia and Mazury (GRL/UWM)  DESCRIPTION
                 Oczapowski St. 1                           DESCRIPTION
                 10-957-Olsztyn, POLAND                     DESCRIPTION
                 e-mail:  kand@uwm.edu.pl                   DESCRIPTION
                                                            DESCRIPTION         
  2019    12     3     0     0     0                        EPOCH OF FIRST MAP  
  2019    12     4     0     0     0                        EPOCH OF LAST MAP   
  7200                                                      INTERVAL            
    13                                                      # OF MAPS IN FILE   
  COSZ                                                      MAPPING FUNCTION    
     0.0                                                    ELEVATION CUTOFF    
combined TEC calculated as weighted mean of input TEC valuesOBSERVABLES USED    
   397                                                      # OF STATIONS       
    32                                                      # OF SATELLITES     
  6371.0                                                    BASE RADIUS         
     2                                                      MAP DIMENSION       
   450.0 450.0   0.0                                        HGT1 / HGT2 / DHGT  
    87.5 -87.5  -2.5                                        LAT1 / LAT2 / DLAT  
  -180.0 180.0   5.0                                        LON1 / LON2 / DLON  
    -1                                                      EXPONENT            
TEC values in 0.1 tec units;  9999, if no value available   COMMENT             
DCB values in nanoseconds, reference is Sum_of_SatDCBs = 0  COMMENT             
                                                            END OF HEADER       
[from data line 3003]
     8                                                      START OF TEC MAP    
  2019    12     3    14     0     0                        EPOCH OF CURRENT MAP
    87.5-180.0 180.0   5.0 450.0                            LAT/LON1/LON2/DLON/H
   14   14   14   15   15   15   14   14   14   14   14   14   13   13   13   13
   13   12   12   12   12   11   11   11   11   11   10   10   10   10   10   10
   10   10   10   10   10   10   10   10   10   10   11   11   11   11   11   11
   11   11   11   12   12   12   12   12   12   13   13   13   13   13   13   14
   14   14   14   14   14   15   15   15   14
    85.0-180.0 180.0   5.0 450.0                            LAT/LON1/LON2/DLON/H
   17   16   16   17   17   16   16   16   16   16   16   16   16   16   15   15
   14   14   13   13   12   11   11   11   10   10   10   10   10   10   10   10
   10   10   10   10   10   10   10   10   10   10   10   10   11   11   11   11
   12   12   12   13   13   13   13   13   14   13   14   14   14   14   15   15
   15   15   16   16   16   16   17   16   17
    82.5-180.0 180.0   5.0 450.0                            LAT/LON1/LON2/DLON/H
   18   18   19   19   19   19   19   19   20   19   19   19   19   18   18   17
   16   15   15   14   13   12   11   11   11   10   11   10   10   10   10    9
    9    9    9    9    9    9    9    9    9    9   10   10   10   11   11   11
   12   13   13   14   14   14   14   14   14   15   15   15   16   15   15   16
   16   16   16   17   17   18   18   18   18
    80.0-180.0 180.0   5.0 450.0                            LAT/LON1/LON2/DLON/H
   19   19   20   20   21   21   22   22   22   23   23   23   22   22   21   20
   19   17   17   15   14   13   12   12   12   11   12   11   11   11   11   10
   10    9    9    9    9    9    9    8    8    8    9    9    9   10   10   11
   11   12   12   13   14   14   15   15   15   15   16   16   16   16   16   16
   16   17   17   18   18   18   18   19   19
    77.5-180.0 180.0   5.0 450.0                            LAT/LON1/LON2/DLON/H
   19   20   20   21   22   23   23   24   25   25   25   25   24   24   23   22
   21   20   19   18   17   16   14   13   12   12   12   12   13   13   12   11
   12   12   11   11   10   10    9    9    8    8    7    8    8    9   10   10
   10   11   12   12   13   13   14   15   15   15   16   16   16   16   16   16
   16   16   17   17   17   17   18   18   19
    75.0-180.0 180.0   5.0 450.0                            LAT/LON1/LON2/DLON/H
   18   19   19   20   21   22   23   23   24   24   25   25   25   25   25   25
   23   23   22   21   20   19   17   16   15   15   16   16   15   16   17   16
   15   15   14   13   13   12   11   10    9    8    8    8    7    8    9    9
   10   10   11   12   12   13   13   14   14   14   15   15   15   15   15   16
   16   16   16   16   17   17   17   17   18
    72.5-180.0 180.0   5.0 450.0                            LAT/LON1/LON2/DLON/H
   17   18   18   19   20   21   21   21   22   23   24   25   25   26   26   25
   25   25   24   24   23   22   21   20   20   20   21   21   20   20   20   20
   20   20   19   17   16   15   13   11   10    8    8    8    8    8    8    9
   10   10   11   11   12   13   13   13   14   14   14   14   14   14   14   15
   14   15   15   15   16   15   16   16   17
    70.0-180.0 180.0   5.0 450.0                            LAT/LON1/LON2/DLON/H
   16   17   17   18   18   19   19   19   20   20   21   22   23   24   24   25
   25   25   25   26   26   26   25   26   25   25   26   26   25   25   25   25
   25   24   24   22   20   18   15   13   12   10   10    9    9    9    9    9
   10   11   12   13   13   14   14   14   15   15   15   14   14   14   14   14
   14   14   14   15   15   16   16   16   16
    67.5-180.0 180.0   5.0 450.0                            LAT/LON1/LON2/DLON/H
   17   17   17   17   17   17   17   17   17   17   18   18   19   20   21   22
   23   24   24   27   28   29   29   30   30   31   31   31   31   30   30   30
   29   29   28   26   24   21   18   16   14   13   12   11   11   11   11   11
   12   13   14   15   16   16   17   17   17   17   16   16   16   15   15   15
   15   15   16   16   17   17   17   17   17
    65.0-180.0 180.0   5.0 450.0                            LAT/LON1/LON2/DLON/H
   19   19   18   18   18   18   17   16   15   14   14   14   14   15   16   17
   19   21   23   25   28   31   31   34   35   36   36   37   35   35   35   34
   34   34   33   30   28   25   22   19   17   16   15   15   15   14   14   14
   15   16   18   19   19   19   20   20   19   19   19   18   18   17   17   17
   18   19   19   20   19   19   19   19   19
    62.5-180.0 180.0   5.0 450.0                            LAT/LON1/LON2/DLON/H
   23   22   22   22   21   21   19   17   15   14   12   12   11   12   12   14
   15   17   21   25   28   32   34   37   38   40   40   41   40   39   39   38
   38   37   37   34   32   29   26   23   22   20   20   20   20   19   19   19
   20   21   22   22   22   22   23   23   22   22   21   22   22   21   21   21
   22   23   23   23   23   23   23   23   23
    60.0-180.0 180.0   5.0 450.0                            LAT/LON1/LON2/DLON/H
   27   27   27   27   27   25   23   21   18   15   13   12   11   11   11   11
   14   16   20   24   28   32   36   40   42   44   45   45   44   44   43   42
   42   41   40   38   36   33   30   28   27   26   27   26   26   25   24   24
   25   26   26   26   26   26   26   26   26   25   25   26   26   26   25   26
   27   27   28   27   27   27   27   26   27
    57.5-180.0 180.0   5.0 450.0                            LAT/LON1/LON2/DLON/H
   31   32   33   33   33   31   29   26   22   19   17   15   13   12   11   12
   14   17   21   26   30   35   39   43   45   47   48   49   48   48   47   46
   46   45   44   42   40   37   36   34   34   34   34   34   33   31   30   30
   30   30   31   31   30   30   30   30   30   30   30   31   31   31   31   32
   32   33   33   32   31   31   30   30   31
    55.0-180.0 180.0   5.0 450.0                            LAT/LON1/LON2/DLON/H
   36   37   37   38   39   38   35   33   29   26   23   20   18   16   15   15
   17   20   24   29   34   38   42   46   48   51   52   53   53   53   52   51
   50   50   48   46   44   43   42   42   43   44   44   43   40   39   37   37
   36   36   36   36   36   35   36   36   36   36   38   38   38   38   38   38
   38   37   37   37   36   35   35   35   36
    52.5-180.0 180.0   5.0 450.0                            LAT/LON1/LON2/DLON/H
   40   41   43   44   44   44   42   40   37   34   30   27   24   22   20   20
   22   26   30   34   39   43   47   50   53   55   57   59   59   58   58   57
   56   54   53   51   49   49   49   52   53   54   53   52   49   47   45   44
   43   43   43   43   43   43   43   42   43   43   45   45   45   45   44   43
   42   42   41   40   40   39   39   39   40
    50.0-180.0 180.0   5.0 450.0                            LAT/LON1/LON2/DLON/H
   44   45   47   48   49   49   48   46   45   42   39   36   32   29   27   27
   29   33   37   42   46   49   52   56   58   61   63   65   65   65   64   63
   61   60   58   56   55   56   58   61   64   65   63   61   58   55   52   51
   50   51   51   51   50   50   50   50   50   50   51   52   52   51   50   49
   47   45   44   42   42   42   42   43   44
    47.5-180.0 180.0   5.0 450.0                            LAT/LON1/LON2/DLON/H
   46   48   50   51   53   53   52   52   51   50   47   44   40   36   34   34
   36   41   46   50   54   57   59   62   65   68   70   72   73   73   72   70
   67   66   64   62   62   64   67   70   74   75   73   70   67   62   59   56
   56   56   57   57   57   57   57   57   57   56   57   58   59   58   56   53
   50   47   46   44   43   43   43   44   46
    45.0-180.0 180.0   5.0 450.0                            LAT/LON1/LON2/DLON/H
   46   48   50   53   55   55   55   55   56   56   55   52   48   44   41   41
   44   49   55   59   62   65   67   69   72   76   77   80   80   79   78   75
   73   72   71   69   70   73   76   80   83   83   81   78   73   68   63   61
   60   61   62   63   63   63   63   63   63   62   63   64   64   63   61   57
   53   50   47   45   45   44   44   44   46
    42.5-180.0 180.0   5.0 450.0                            LAT/LON1/LON2/DLON/H
   45   47   49   52   55   56   57   57   59   60   60   57   53   49   47   48
   52   57   63   67   70   73   75   77   79   83   84   86   86   84   83   81
   80   79   78   79   80   82   86   89   91   90   88   84   79   73   68   65
   64   66   67   68   68   67   67   67   67   67   68   69   69   67   64   60
   55   51   48   46   45   44   44   45   45
    40.0-180.0 180.0   5.0 450.0                            LAT/LON1/LON2/DLON/H
   45   46   48   51   54   56   57   58   61   62   63   61   58   55   53   54
   58   64   70   74   77   79   82   84   86   89   89   91   90   88   88   87
   86   87   88   89   90   93   95   98   98   96   93   89   84   78   73   68
   68   69   70   71   71   69   69   70   70   70   69   70   70   68   64   61
   56   52   49   46   45   45   44   45   45
    37.5-180.0 180.0   5.0 450.0                            LAT/LON1/LON2/DLON/H
   45   46   48   50   52   54   55   57   59   63   64   64   62   59   59   60
   64   70   75   79   82   85   88   90   91   94   94   95   93   92   92   92
   94   95   98  100  102  104  106  106  105  103  100   95   90   83   77   71
   69   70   70   71   71   70   70   71   71   70   70   70   69   67   65   62
   57   53   50   47   45   45   45   45   45
    35.0-180.0 180.0   5.0 450.0                            LAT/LON1/LON2/DLON/H
   45   46   47   49   51   52   53   54   57   61   63   64   64   64   64   66
   69   74   79   83   86   90   93   94   95   96   96   96   97   97   96   98
  102  105  109  113  116  117  117  116  114  110  107  104   98   91   82   75
   71   70   70   71   71   70   70   70   70   69   70   69   69   66   64   61
   57   54   51   48   47   46   46   46   45
    32.5-180.0 180.0   5.0 450.0                            LAT/LON1/LON2/DLON/H
   46   46   47   49   50   51   51   51   54   58   61   63   65   67   69   72
   74   77   81   86   90   94   96   98   97   97   97   97   99  100  102  107
  111  117  122  127  129  129  129  126  124  121  117  114  107   99   90   81
   75   72   70   71   70   70   70   69   69   69   69   69   68   66   63   61
   58   55   52   49   48   47   46   46   46
    30.0-180.0 180.0   5.0 450.0                            LAT/LON1/LON2/DLON/H
   47   47   49   50   50   50   49   49   50   54   58   62   65   69   73   76
   78   79   82   87   92   96   99   99   98   97   98   99  101  105  110  117
  124  131  136  141  143  143  141  138  135  133  129  125  119  110  100   90
   83   78   75   74   73   71   70   71   71   70   70   69   68   66   64   61
   58   56   53   50   49   48   47   47   47
    27.5-180.0 180.0   5.0 450.0                            LAT/LON1/LON2/DLON/H
   49   50   51   52   52   50   48   47   48   50   54   59   64   70   76   80
   81   82   84   88   93   97  100  100   98   99  100  102  107  113  121  130
  140  146  151  154  156  155  152  149  148  146  144  141  134  124  114  104
   94   87   82   79   76   74   72   72   72   72   71   71   69   67   64   62
   59   57   55   51   50   48   48   49   49
    25.0-180.0 180.0   5.0 450.0                            LAT/LON1/LON2/DLON/H
   50   53   54   55   54   52   49   47   46   47   51   55   61   70   77   82
   84   84   86   90   94   98  100  100  100  101  104  109  116  124  134  145
  156  161  166  169  169  165  162  160  159  158  159  158  154  144  133  120
  108   98   91   85   80   77   74   74   74   74   74   73   70   68   65   63
   61   59   56   53   50   49   48   49   50
    22.5-180.0 180.0   5.0 450.0                            LAT/LON1/LON2/DLON/H
   51   54   56   57   56   54   50   47   45   46   49   52   59   68   77   83
   86   86   88   92   96  100  101  102  102  105  111  119  128  139  151  162
  174  180  181  182  181  175  171  170  170  171  173  174  172  164  151  136
  123  110  100   92   85   80   77   76   76   76   76   75   73   70   66   64
   61   60   57   54   50   48   48   49   51
    20.0-180.0 180.0   5.0 450.0                            LAT/LON1/LON2/DLON/H
   50   54   56   57   57   55   51   48   46   45   47   50   56   66   76   84
   87   89   92   96   99  102  103  105  107  112  121  131  145  158  170  180
  191  194  195  194  190  184  180  180  180  182  185  187  186  179  167  151
  139  125  111  100   91   85   81   79   79   78   78   77   75   71   68   64
   61   59   56   53   50   47   47   48   50
    17.5-180.0 180.0   5.0 450.0                            LAT/LON1/LON2/DLON/H
   49   52   55   56   55   54   51   49   47   45   46   49   55   65   75   84
   89   93   96  100  102  104  107  109  114  122  134  147  161  177  188  196
  204  205  202  199  193  188  186  187  189  191  195  198  197  191  180  165
  153  138  121  107   96   89   86   84   82   81   80   79   76   73   69   65
   60   57   54   52   49   48   47   47   49
    15.0-180.0 180.0   5.0 450.0                            LAT/LON1/LON2/DLON/H
   48   50   51   53   53   52   50   48   46   45   46   49   55   65   77   86
   92   98  102  105  107  108  111  116  124  135  149  164  178  192  200  207
  211  209  204  198  192  190  191  194  197  200  204  206  203  197  188  175
  162  147  129  113  101   93   90   89   86   83   82   80   78   74   70   65
   60   55   53   51   49   48   47   47   48
    12.5-180.0 180.0   5.0 450.0                            LAT/LON1/LON2/DLON/H
   47   48   48   49   49   48   46   45   45   45   46   50   57   68   79   88
   95  103  109  112  113  114  117  125  136  150  166  180  192  202  208  211
  211  207  202  197  194  195  198  202  205  207  209  209  206  200  192  181
  168  152  132  115  103   96   93   91   88   85   82   81   78   76   70   65
   59   54   52   50   50   49   48   47   47
    10.0-180.0 180.0   5.0 450.0                            LAT/LON1/LON2/DLON/H
   47   45   44   44   44   43   43   42   43   44   47   52   61   71   82   91
   99  108  114  118  120  121  126  136  151  166  180  192  201  206  210  210
  208  203  200  198  197  201  206  210  212  213  213  211  207  201  193  183
  170  153  134  117  104   98   95   94   91   87   84   82   79   76   71   64
   58   53   51   50   50   50   49   48   47
     7.5-180.0 180.0   5.0 450.0                            LAT/LON1/LON2/DLON/H
   46   44   41   40   39   39   39   39   40   42   47   54   63   75   86   95
  104  112  119  124  127  130  137  150  166  180  193  201  205  209  210  208
  205  202  203  203  205  209  214  217  218  218  215  212  206  200  194  185
  172  154  135  118  105   99   98   98   96   93   88   85   82   78   72   66
   59   53   51   50   51   51   50   48   46
     5.0-180.0 180.0   5.0 450.0                            LAT/LON1/LON2/DLON/H
   46   43   40   37   36   36   36   36   37   40   46   54   66   78   89   98
  107  116  123  129  135  141  150  164  181  194  203  207  209  210  210  208
  206  206  209  212  215  220  223  225  225  223  219  213  207  201  195  187
  175  157  139  123  111  106  105  106  103  100   95   91   88   83   77   70
   63   56   53   51   52   51   50   48   46
     2.5-180.0 180.0   5.0 450.0                            LAT/LON1/LON2/DLON/H
   45   43   39   36   34   33   33   34   35   39   44   54   66   79   91  101
  110  119  126  134  141  151  163  178  195  204  210  212  211  212  213  211
  211  214  219  224  228  232  234  234  232  229  223  217  211  205  200  193
  180  164  147  132  122  117  116  116  114  110  105  101   96   90   84   77
   68   60   55   53   52   51   50   48   45
