DORISInput/IGSGIM/2019/igsg3530.19i
     1.0            IONOSPHERE MAPS     MIX                 IONEX VERSION / TYPE
cmpcmb v1.2          GRL/UWM             4-jan-20 13:44     PGM / RUN BY / DATE 
ionex file containing IGS COMBINED Ionosphere maps          COMMENT             
global ionosphere maps for day 353, 2019                    DESCRIPTION         
IONEX file containing the COMBINED IGS TEC MAPS and DCBs    DESCRIPTION         
      IONEX files of the following IAACs were combined: cod DESCRIPTION         
                                                        esa DESCRIPTION         
                                                        jpl DESCRIPTION         
                                                        upc DESCRIPTION         
Contact address: Andrzej Krankowski                         DESCRIPTION
                 Geodynamics Research Laboratory            DESCRIPTION
                 University of Warmia and Mazury (GRL/UWM)  DESCRIPTION
                 Oczapowski St. 1                           DESCRIPTION
                 10-957-Olsztyn, POLAND                     DESCRIPTION
                 e-mail:  kand@uwm.edu.pl                   DESCRIPTION
                                                            DESCRIPTION         
  2019    12    19     0     0     0                        EPOCH OF FIRST MAP  
  2019    12    20     0     0     0                        EPOCH OF LAST MAP   
  7200                                                      INTERVAL            
    13                                                      # OF MAPS IN FILE   
  COSZ                                                      MAPPING FUNCTION    
     0.0                                                    ELEVATION CUTOFF    
combined TEC calculated as weighted mean of input TEC valuesOBSERVABLES USED    
   397                                                      # OF STATIONS       
    32                                                      # OF SATELLITES     
  6371.0                                                    BASE RADIUS         
     2                                                      MAP DIMENSION       
   450.0 450.0   0.0                                        HGT1 / HGT2 / DHGT  
    87.5 -87.5  -2.5                                        LAT1 / LAT2 / DLAT  
  -180.0 180.0   5.0                                        LON1 / LON2 / DLON  
    -1                                                      EXPONENT            
TEC values in 0.1 tec units;  9999, if no value available   COMMENT             
DCB values in nanoseconds, reference is Sum_of_SatDCBs = 0  COMMENT             
                                                            END OF HEADER       
[from data line 5148]
    13                                                      START OF TEC MAP    
  2019    12    20     0     0     0                        EPOCH OF CURRENT MAP
    87.5-180.0 180.0   5.0 450.0                            LAT/LON1/LON2/DLON/H
   25   25   25   25   25   24   24   24   24   25   24   24   24   24   23   23
   23   22   22   22   22   21   21   20   20   20   20   19   20   20   20   20
   20   20   20   20   21   21   21   21   21   22   22   22   22   23   23   23
   23   23   23   23   23   24   24   24   24   24   24   24   24   25   25   25
   25   25   25   25   25   25   25   25   25
    85.0-180.0 180.0   5.0 450.0                            LAT/LON1/LON2/DLON/H
   24   24   24   25   25   25   26   25   25   25   25   24   24   23   23   23
   22   21   20   20   18   18   17   16   16   16   15   15   15   15   15   16
   16   16   16   16   17   17   18   18   18   19   20   20   20   21   21   22
   22   22   22   22   22   22   22   22   22   22   22   22   22   22   22   22
   22   22   22   23   23   23   23   23   24
    82.5-180.0 180.0   5.0 450.0                            LAT/LON1/LON2/DLON/H
   22   23   23   25   25   26   26   26   27   27   26   26   25   25   23   22
   20   19   18   17   16   15   14   14   13   12   12   13   13   13   14   14
   14   15   15   15   15   16   16   17   17   18   18   19   19   19   20   20
   20   21   21   20   20   19   19   19   18   18   19   18   18   18   18   18
   19   19   19   19   20   20   21   21   22
    80.0-180.0 180.0   5.0 450.0                            LAT/LON1/LON2/DLON/H
   20   21   22   23   24   24   25   26   27   27   28   27   27   26   25   24
   23   21   19   18   15   12   12   12   12   12   12   12   12   12   12   13
   13   14   14   15   15   15   16   16   16   17   18   18   19   19   19   19
   19   19   19   18   17   17   16   16   15   15   15   15   14   15   15   15
   15   16   16   16   17   17   18   18   20
    77.5-180.0 180.0   5.0 450.0                            LAT/LON1/LON2/DLON/H
   19   19   20   21   22   23   24   26   27   27   27   28   28   27   26   24
   23   21   20   18   16   15   13   11   11   10   10   11   11   11   11   12
   13   13   13   13   13   15   15   16   17   17   17   18   18   18   18   18
   17   17   16   16   15   14   14   13   13   12   12   12   12   12   12   13
   13   14   14   15   15   15   16   18   19
    75.0-180.0 180.0   5.0 450.0                            LAT/LON1/LON2/DLON/H
   19   19   20   21   21   22   23   24   25   26   27   28   27   27   26   25
   24   22   21   18   17   14   13   11   11   10   10   10   10   11   13   13
   13   13   13   13   14   14   15   15   16   17   17   18   18   17   16   16
   15   14   13   13   13   12   12   12   11   12   11   11   11   11   12   13
   14   15   15   16   16   17   17   18   19
    72.5-180.0 180.0   5.0 450.0                            LAT/LON1/LON2/DLON/H
   22   22   22   22   22   22   23   24   24   25   26   27   28   27   26   24
   23   22   20   18   17   15   14   12   11   10   10   10   10   11   11   12
   13   14   13   13   13   12   13   14   14   15   16   16   16   16   15   13
   13   12   12   12   12   12   11   11   12   11   11   11   11   12   13   14
   15   17   18   19   20   21   22   22   22
    70.0-180.0 180.0   5.0 450.0                            LAT/LON1/LON2/DLON/H
   28   28   27   27   26   25   25   24   25   26   26   27   27   25   24   23
   22   20   19   18   17   16   15   14   13   12   11   10   10   11   12   12
   12   12   12   12   12   11   11   12   12   13   13   14   14   13   12   11
   11   11   11   11   11   11   12   12   12   13   13   13   13   14   16   18
   20   21   23   25   26   27   28   28   28
    67.5-180.0 180.0   5.0 450.0                            LAT/LON1/LON2/DLON/H
   37   36   35   33   32   30   28   27   27   27   27   26   25   24   22   21
   20   18   18   18   18   18   18   17   16   14   13   12   11   11   11   11
   12   11   11   11   10    9    9   10   10   11   11   11   11   11   10   10
   10   11   11   11   12   12   13   14   15   15   15   16   17   18   21   24
   26   29   31   33   35   36   37   37   37
    65.0-180.0 180.0   5.0 450.0                            LAT/LON1/LON2/DLON/H
   46   45   44   42   39   37   34   32   30   30   29   27   25   23   21   19
   18   17   17   17   18   19   18   18   17   16   14   13   11   10   10   10
   10   10    9    9    9    9    9    9    9    9   10   10   10   10   10   10
   11   12   12   13   13   14   15   16   16   17   18   20   22   24   27   30
   34   37   40   43   44   46   47   47   46
    62.5-180.0 180.0   5.0 450.0                            LAT/LON1/LON2/DLON/H
   56   55   53   51   48   44   41   38   37   36   33   30   27   25   22   19
   18   16   15   16   18   18   18   17   16   15   14   12   11   10    9    9
    9    9   10    9   10   10   10   10   10   10   10   11   11   12   13   13
   13   14   14   15   16   18   18   18   19   20   22   24   27   31   34   38
   42   45   50   52   54   56   56   56   56
    60.0-180.0 180.0   5.0 450.0                            LAT/LON1/LON2/DLON/H
   64   62   62   59   56   53   49   46   44   42   39   36   32   28   24   20
   19   17   16   16   17   18   17   16   15   14   13   11    9    9    8    9
    9   10   10   11   12   13   14   15   15   15   15   15   16   16   17   17
   17   17   18   19   20   21   20   21   23   24   26   29   34   37   42   46
   50   55   58   61   62   64   64   64   64
    57.5-180.0 180.0   5.0 450.0                            LAT/LON1/LON2/DLON/H
   71   70   69   67   65   61   57   54   51   47   45   41   37   32   28   24
   21   19   18   18   17   17   16   16   14   13   12   11   10    9   10   10
   11   12   13   14   16   18   21   22   23   22   22   22   22   22   22   22
   22   21   22   23   24   23   23   24   26   27   30   34   38   44   48   54
   58   62   65   67   70   71   71   71   71
    55.0-180.0 180.0   5.0 450.0                            LAT/LON1/LON2/DLON/H
   76   76   75   74   72   68   64   60   57   54   51   48   43   39   34   30
   25   24   21   19   18   16   15   14   14   12   11   11   11   12   13   14
   15   16   19   21   24   27   30   33   34   33   32   31   30   29   28   28
   28   27   28   27   27   26   26   27   28   29   32   36   42   49   54   60
   64   68   71   74   76   76   77   77   76
    52.5-180.0 180.0   5.0 450.0                            LAT/LON1/LON2/DLON/H
   83   82   82   81   80   76   72   67   64   61   58   55   51   45   41   36
   32   29   25   23   19   16   14   13   13   12   13   14   15   17   18   20
   21   24   27   30   33   37   40   44   45   43   41   39   37   36   34   34
   33   32   32   31   29   28   27   28   29   30   32   39   45   52   59   64
   69   73   77   80   82   82   82   82   83
    50.0-180.0 180.0   5.0 450.0                            LAT/LON1/LON2/DLON/H
   88   89   89   89   87   84   79   74   70   67   65   62   58   53   48   44
   39   35   31   26   22   18   15   14   15   16   17   20   23   24   26   29
   30   33   36   39   43   47   51   53   55   52   50   47   45   43   41   40
   38   37   36   34   32   30   28   29   30   32   35   42   48   55   62   67
   73   79   83   85   87   88   88   88   88
    47.5-180.0 180.0   5.0 450.0                            LAT/LON1/LON2/DLON/H
   95   96   97   96   95   92   87   81   76   73   71   69   66   61   56   52
   47   42   37   32   27   23   21   21   23   25   26   29   31   33   36   37
   39   42   44   48   52   55   59   62   63   61   58   55   52   50   48   45
   43   41   39   36   33   32   30   30   32   35   40   46   51   58   65   70
   76   83   88   91   93   94   94   95   95
    45.0-180.0 180.0   5.0 450.0                            LAT/LON1/LON2/DLON/H
  102  103  104  104  103  100   94   88   83   79   78   76   73   68   64   60
   55   51   46   41   36   33   31   31   33   35   37   39   41   42   44   46
   47   50   52   54   57   62   66   68   68   67   63   61   57   55   52   50
   46   44   42   38   36   34   33   33   35   38   44   51   56   62   68   73
   79   86   92   96   98   99  100  101  102
    42.5-180.0 180.0   5.0 450.0                            LAT/LON1/LON2/DLON/H
  108  110  111  111  110  107  102   95   88   85   83   82   79   76   71   68
   63   61   57   53   49   46   45   44   45   47   47   49   50   51   52   52
   54   56   57   59   61   65   69   71   71   69   66   63   60   58   55   53
   50   48   45   42   39   37   37   37   39   42   49   55   61   66   72   76
   82   90   95  100  103  104  105  106  108
    40.0-180.0 180.0   5.0 450.0                            LAT/LON1/LON2/DLON/H
  112  113  115  115  115  113  108  101   95   90   88   88   85   83   79   75
   71   69   68   65   63   61   60   59   58   59   58   59   58   57   57   57
   59   60   61   61   62   66   69   71   72   71   68   65   62   60   58   55
   52   50   48   46   44   42   41   42   44   48   54   61   66   71   75   80
   86   92   98  103  106  108  109  110  112
    37.5-180.0 180.0   5.0 450.0                            LAT/LON1/LON2/DLON/H
  114  115  116  116  117  116  112  106  100   95   93   92   91   89   86   82
   80   78   77   77   75   74   74   73   72   70   68   66   64   62   61   61
   62   62   63   63   64   66   68   70   72   72   70   68   66   63   60   57
   54   52   51   50   47   46   46   47   50   55   61   68   73   76   79   84
   90   95  100  104  108  110  112  113  114
    35.0-180.0 180.0   5.0 450.0                            LAT/LON1/LON2/DLON/H
  115  115  115  115  116  116  114  109  104  100   98   96   95   93   91   90
   89   87   84   86   87   86   86   85   82   78   74   70   67   65   63   63
   64   65   66   65   64   66   67   70   72   73   73   71   67   63   61   57
   54   53   52   51   49   48   49   50   54   60   68   74   79   82   84   88
   94   99  103  106  109  112  114  115  115
    32.5-180.0 180.0   5.0 450.0                            LAT/LON1/LON2/DLON/H
  117  116  113  112  113  115  114  111  107  104  102  100   99   97   96   97
   95   94   89   91   96   95   94   91   86   79   75   70   68   66   64   64
   66   67   68   68   66   67   68   70   72   73   73   70   66   62   58   55
   53   52   51   50   49   50   51   53   58   64   72   79   84   88   89   93
   98  103  107  109  111  114  117  118  117
    30.0-180.0 180.0   5.0 450.0                            LAT/LON1/LON2/DLON/H
  122  118  114  111  111  113  114  113  109  106  105  104  104  103  101   99
   98   96   94   95  100   99   96   90   84   77   71   68   67   65   65   65
   67   69   70   70   69   68   69   70   71   72   72   69   63   59   55   52
   50   50   49   48   48   49   51   55   60   67   75   83   89   92   94   97
  103  109  112  114  117  119  122  123  122
    27.5-180.0 180.0   5.0 450.0                            LAT/LON1/LON2/DLON/H
  131  126  120  115  113  114  116  115  112  108  107  108  108  107  105  102
   99   97   95   97  100   98   94   87   80   73   68   66   66   66   66   66
   68   71   73   73   71   70   69   70   70   71   69   66   61   56   53   49
   47   47   46   45   46   48   51   55   61   69   78   86   93   97   99  103
  110  116  120  124  126  128  131  133  131
    25.0-180.0 180.0   5.0 450.0                            LAT/LON1/LON2/DLON/H
  146  141  133  126  121  121  122  120  116  112  111  112  111  111  108  105
  101   99   96   95   97   94   90   83   76   70   66   65   67   68   68   67
   69   72   74   74   73   71   68   68   67   67   66   63   59   54   50   46
   44   43   43   43   44   46   49   53   61   71   80   88   95  100  104  109
  116  124  130  134  137  140  145  148  146
    22.5-180.0 180.0   5.0 450.0                            LAT/LON1/LON2/DLON/H
  166  162  154  146  139  135  134  131  125  119  116  116  115  114  112  108
  103   99   96   93   92   90   86   80   74   69   67   67   69   71   71   70
   71   73   74   74   72   69   66   64   63   63   61   58   54   50   45   42
   40   38   39   40   42   44   47   52   61   72   82   90   97  104  110  116
  123  130  138  145  150  156  161  165  166
    20.0-180.0 180.0   5.0 450.0                            LAT/LON1/LON2/DLON/H
  186  184  178  171  164  159  154  147  138  129  125  122  119  118  116  111
  105  100   97   93   89   88   84   80   76   72   72   73   74   76   75   73
   73   73   72   72   70   65   63   59   58   57   54   51   47   44   39   36
   35   34   35   37   39   41   45   52   62   73   84   93  101  109  116  123
  131  138  147  157  165  172  177  182  186
    17.5-180.0 180.0   5.0 450.0                            LAT/LON1/LON2/DLON/H
  204  205  200  196  191  185  179  167  154  142  135  131  127  123  119  115
  108  103   99   94   90   88   87   84   82   81   80   81   82   82   79   76
   74   73   70   68   66   62   59   55   53   51   48   45   42   38   35   33
   33   32   32   34   36   39   44   52   63   75   87   98  107  115  123  130
  138  147  157  171  180  187  192  199  204
    15.0-180.0 180.0   5.0 450.0                            LAT/LON1/LON2/DLON/H
  217  220  219  218  217  213  203  189  174  159  149  141  136  130  125  119
  113  108  103   97   94   93   93   93   92   93   92   92   91   90   86   81
   77   73   69   65   62   59   56   52   49   47   44   41   38   36   34   33
   32   32   32   33   35   38   45   53   65   79   90  102  113  122  130  137
  146  156  169  182  192  197  203  210  217
    12.5-180.0 180.0   5.0 450.0                            LAT/LON1/LON2/DLON/H
  224  228  230  233  236  234  224  210  195  179  165  154  146  138  132  126
  119  113  108  103  101  100  103  104  105  106  105  102  100   97   93   87
   82   75   68   64   61   57   54   51   48   45   42   40   37   35   33   33
   34   34   34   34   35   39   46   56   68   82   94  106  118  129  137  144
  154  165  178  191  200  205  210  217  224
    10.0-180.0 180.0   5.0 450.0                            LAT/LON1/LON2/DLON/H
  226  231  235  241  246  246  239  227  213  198  184  169  155  147  140  133
  126  120  115  112  110  110  113  115  118  118  114  110  106  102   98   92
   86   78   71   65   62   58   56   53   50   47   42   40   38   35   35   35
   37   36   35   33   35   39   47   58   71   84   97  110  122  133  142  150
  159  172  185  196  204  208  211  219  226
     7.5-180.0 180.0   5.0 450.0                            LAT/LON1/LON2/DLON/H
  225  231  236  242  248  249  245  237  227  216  202  184  167  157  148  142
  134  128  123  121  120  121  122  124  127  124  120  116  111  106  101   97
   90   83   76   70   67   64   62   58   56   52   46   43   39   37   36   37
   38   38   36   34   35   39   48   61   74   86   98  111  124  135  145  154
  163  174  186  197  205  208  212  218  225
     5.0-180.0 180.0   5.0 450.0                            LAT/LON1/LON2/DLON/H
  225  232  236  241  246  247  244  241  237  229  218  200  180  172  161  154
  146  139  134  131  130  131  132  132  131  126  121  119  116  111  107  101
   95   89   82   78   74   72   68   64   61   56   50   45   42   38   37   39
   40   40   38   36   36   41   51   64   77   88   99  110  123  135  146  155
  164  174  185  196  204  208  211  218  225
     2.5-180.0 180.0   5.0 450.0                            LAT/LON1/LON2/DLON/H
  232  237  241  243  246  246  243  241  243  240  230  213  196  184  175  167
  159  151  146  143  142  142  140  138  133  127  122  120  118  116  112  107
  102   95   89   85   81   78   74   69   65   59   53   47   43   39   38   40
   42   42   40   38   39   44   55   67   80   91  100  109  120  133  144  153
  162  172  183  193  202  209  214  223  232
