DORISInput/IGSGIM/2019/igsg3460.19i
     1.0            IONOSPHERE MAPS     MIX                 IONEX VERSION / TYPE
cmpcmb v1.2          GRL/UWM            27-dec-19 12:36     PGM / RUN BY / DATE 
ionex file containing IGS COMBINED Ionosphere maps          COMMENT             
global ionosphere maps for day 346, 2019                    DESCRIPTION         
IONEX file containing the COMBINED IGS TEC MAPS and DCBs    DESCRIPTION         
      IONEX files of the following IAACs were combined: cod DESCRIPTION         
                                                        esa DESCRIPTION         
                                                        jpl DESCRIPTION         
                                                        upc DESCRIPTION         
Contact address: Andrzej Krankowski                         DESCRIPTION
                 Geodynamics Research Laboratory            DESCRIPTION
                 University of Warmia and Mazury (GRL/UWM)  DESCRIPTION
                 Oczapowski St. 1                           DESCRIPTION
                 10-957-Olsztyn, POLAND                     DESCRIPTION
                 e-mail:  kand@uwm.edu.pl                   DESCRIPTION
                                                            DESCRIPTION         
  2019    12    12     0     0     0                        EPOCH OF FIRST MAP  
  2019    12    13     0     0     0                        EPOCH OF LAST MAP   
  7200                                                      INTERVAL            
    13                                                      # OF MAPS IN FILE   
  COSZ                                                      MAPPING FUNCTION    
     0.0                                                    ELEVATION CUTOFF    
combined TEC calculated as weighted mean of input TEC valuesOBSERVABLES USED    
   398                                                      # OF STATIONS       
    32                                                      # OF SATELLITES     
  6371.0                                                    BASE RADIUS         
     2                                                      MAP DIMENSION       
   450.0 450.0   0.0                                        HGT1 / HGT2 / DHGT  
    87.5 -87.5  -2.5                                        LAT1 / LAT2 / DLAT  
  -180.0 180.0   5.0                                        LON1 / LON2 / DLON  
    -1                                                      EXPONENT            
TEC values in 0.1 tec units;  9999, if no value available   COMMENT             
DCB values in nanoseconds, reference is Sum_of_SatDCBs = 0  COMMENT             
                                                            END OF HEADER       
[from data line 4719]
    12                                                      START OF TEC MAP    
  2019    12    12    22     0     0                        EPOCH OF CURRENT MAP
    87.5-180.0 180.0   5.0 450.0                            LAT/LON1/LON2/DLON/H
   17   18   18   18   18   18   18   19   19   19   19   19   19   19   19   19
   19   19   19   19   19   19   19   19   18   18   18   18   17   17   17   17
   16   16   16   16   16   16   16   16   16   15   15   15   15   15   15   15
   15   15   15   15   15   15   15   15   15   15   15   16   16   16   16   16
   16   16   17   17   17   17   17   18   17
    85.0-180.0 180.0   5.0 450.0                            LAT/LON1/LON2/DLON/H
   18   18   18   19   19   19   20   20   20   20   21   21   21   21   22   21
   21   21   21   21   21   21   21   20   19   19   18   18   17   17   17   16
   16   15   15   15   14   15   14   14   14   13   14   14   13   14   13   13
   13   14   14   14   14   14   14   14   14   14   14   15   14   15   15   15
   15   15   15   16   16   16   17   17   18
    82.5-180.0 180.0   5.0 450.0                            LAT/LON1/LON2/DLON/H
   14   15   16   16   17   18   19   20   20   21   22   22   23   23   23   23
   23   23   23   23   23   23   23   22   20   20   19   19   18   17   17   16
   15   14   14   14   13   13   13   13   13   13   13   13   13   13   13   13
   13   13   13   12   13   13   13   14   14   14   14   14   14   14   14   13
   13   13   14   14   14   14   14   14   14
    80.0-180.0 180.0   5.0 450.0                            LAT/LON1/LON2/DLON/H
   12   12   13   15   15   17   17   18   19   20   21   22   23   23   23   24
   24   24   25   25   24   24   25   23   21   20   19   18   17   16   15   14
   14   13   13   12   12   12   12   12   12   12   12   12   13   13   13   13
   13   13   12   12   13   13   13   13   13   13   14   13   13   13   12   12
   12   12   11   11   11   11   11   11   12
    77.5-180.0 180.0   5.0 450.0                            LAT/LON1/LON2/DLON/H
   11   12   13   14   15   16   17   18   19   20   21   22   24   24   25   26
   26   27   26   26   25   24   25   22   20   19   18   17   16   15   14   14
   13   13   13   13   12   12   12   11   11   11   12   12   12   13   14   14
   14   15   14   14   14   13   13   12   12   12   12   12   12   11   11   11
   10   10   10   10   10   10   10   11   11
    75.0-180.0 180.0   5.0 450.0                            LAT/LON1/LON2/DLON/H
   12   13   14   15   16   17   18   19   20   21   22   23   24   25   26   27
   27   27   26   26   26   26   24   23   21   20   18   17   15   14   13   13
   13   12   12   11   12   12   11   11   11   11   11   12   12   13   14   15
   15   16   16   15   15   13   13   12   12   11   11   10   10   10    9    9
    9    9    9    9   10   10   11   11   12
    72.5-180.0 180.0   5.0 450.0                            LAT/LON1/LON2/DLON/H
   15   16   17   18   19   20   21   22   22   24   25   25   26   27   26   25
   25   25   25   25   26   26   24   23   20   19   17   16   15   14   13   12
   11   11   11   11   11   11   10   11   11   10   10   11   12   13   14   14
   15   15   16   15   15   14   13   13   12   12   11   11   10   10    9    9
    9    9    9   10   10   11   12   14   15
    70.0-180.0 180.0   5.0 450.0                            LAT/LON1/LON2/DLON/H
   21   23   23   24   25   25   26   27   27   28   29   29   29   27   27   26
   24   25   24   25   26   24   23   22   19   18   16   15   14   14   13   11
   10   10   10   10   10   10   10    9    9    9   10   11   12   13   14   15
   15   16   16   16   15   15   15   15   14   14   14   13   13   13   12   11
   11   12   12   13   14   16   17   20   21
    67.5-180.0 180.0   5.0 450.0                            LAT/LON1/LON2/DLON/H
   28   30   31   31   32   32   33   33   34   35   34   33   32   31   28   26
   25   24   24   24   24   23   23   20   18   16   16   13   12   13   12   11
   10   10   10   10    9    9    9    8    8    8    9   10   12   13   15   16
   17   18   18   18   17   18   18   18   17   17   17   17   17   16   15   14
   15   15   16   18   20   22   24   27   28
    65.0-180.0 180.0   5.0 450.0                            LAT/LON1/LON2/DLON/H
   37   38   39   39   40   40   40   41   41   41   41   39   37   34   31   28
   26   24   23   23   22   22   22   19   16   15   14   12   11   11   11   10
   10   10   10   10    9    8    8    8    8    9   10   11   13   15   16   18
   19   21   22   22   22   22   22   21   21   20   21   20   20   19   18   17
   18   19   21   22   25   28   32   35   37
    62.5-180.0 180.0   5.0 450.0                            LAT/LON1/LON2/DLON/H
   45   46   47   48   47   47   48   48   48   48   48   46   43   40   36   32
   29   26   25   23   23   22   20   17   15   14   13   10   10   10   11   11
   11   11   10   10   10    9    9    9   10   11   12   14   16   18   20   21
   23   24   25   26   27   27   26   25   24   24   24   24   24   24   22   21
   22   23   24   26   29   34   38   42   45
    60.0-180.0 180.0   5.0 450.0                            LAT/LON1/LON2/DLON/H
   51   53   54   55   54   54   54   53   53   53   53   52   49   46   42   37
   33   30   28   26   24   21   18   16   13   12   12   11   11   12   13   13
   13   13   12   11   11   11   11   12   13   15   16   20   22   23   24   25
   26   28   29   31   31   31   30   29   29   28   28   29   29   29   27   25
   25   26   27   29   34   39   43   47   51
    57.5-180.0 180.0   5.0 450.0                            LAT/LON1/LON2/DLON/H
   56   58   60   62   61   61   60   60   59   58   59   57   56   52   49   44
   39   36   32   30   26   23   19   16   14   13   13   14   15   16   17   17
   17   16   16   15   15   15   16   18   20   22   24   27   28   29   29   31
   31   32   34   35   35   35   34   33   32   32   32   33   33   32   30   28
   28   27   29   33   37   42   47   52   56
    55.0-180.0 180.0   5.0 450.0                            LAT/LON1/LON2/DLON/H
   59   63   66   68   68   68   66   65   64   63   63   62   61   59   55   51
   47   42   38   34   30   25   20   18   15   15   16   18   20   22   23   22
   21   21   21   20   21   22   23   26   28   30   32   34   36   36   36   36
   37   38   40   41   41   40   38   37   36   36   36   36   36   34   32   30
   29   30   31   35   40   45   50   55   59
    52.5-180.0 180.0   5.0 450.0                            LAT/LON1/LON2/DLON/H
   63   67   71   74   76   76   74   71   69   68   66   66   65   64   61   58
   53   49   45   40   34   29   24   20   19   20   22   25   28   29   29   29
   28   27   27   27   27   29   31   34   36   39   41   42   42   43   43   43
   43   45   46   48   47   46   44   41   40   39   39   39   38   35   32   30
   30   32   34   38   43   48   53   58   63
    50.0-180.0 180.0   5.0 450.0                            LAT/LON1/LON2/DLON/H
   66   72   78   82   84   85   82   79   76   73   70   70   69   68   66   64
   60   56   51   46   40   34   29   26   24   27   30   34   36   38   36   34
   33   33   33   33   34   36   38   41   44   47   48   49   50   50   49   48
   48   50   51   53   53   51   48   45   42   41   40   40   37   36   33   31
   31   33   37   41   46   51   56   61   66
    47.5-180.0 180.0   5.0 450.0                            LAT/LON1/LON2/DLON/H
   69   77   83   89   93   94   92   89   84   80   76   75   74   72   71   69
   66   63   58   53   47   42   37   34   34   36   39   44   46   46   42   40
   38   38   39   39   41   43   45   48   51   53   55   56   56   55   54   53
   52   52   55   56   55   54   52   48   45   43   41   40   38   36   34   33
   34   36   39   44   48   53   59   63   69
    45.0-180.0 180.0   5.0 450.0                            LAT/LON1/LON2/DLON/H
   72   80   88   96  101  103  102   98   93   88   84   81   79   76   75   73
   71   69   66   61   56   51   47   45   45   47   50   53   53   52   47   44
   43   43   44   45   47   48   51   53   56   58   59   60   60   60   58   57
   56   57   57   58   58   57   55   51   47   45   43   42   40   38   36   36
   37   39   42   47   52   56   61   66   72
    42.5-180.0 180.0   5.0 450.0                            LAT/LON1/LON2/DLON/H
   75   83   92  100  106  110  110  106  102   96   92   88   84   81   79   77
   76   75   73   70   66   63   59   57   58   58   60   61   59   55   51   48
   47   48   49   50   51   53   55   57   59   61   62   63   64   64   63   62
   61   61   61   61   61   60   58   54   50   48   46   44   43   41   40   40
   41   44   47   51   55   60   64   68   75
    40.0-180.0 180.0   5.0 450.0                            LAT/LON1/LON2/DLON/H
   76   84   92  100  107  112  113  113  109  104  100   95   91   87   84   82
   82   81   80   79   76   73   70   68   69   68   68   67   63   58   54   52
   51   52   53   54   55   56   57   59   62   63   65   67   68   68   68   67
   65   64   63   63   62   61   59   56   53   51   49   48   46   45   44   44
   46   49   52   55   59   63   67   70   76
    37.5-180.0 180.0   5.0 450.0                            LAT/LON1/LON2/DLON/H
   77   82   88   95  102  108  111  113  113  111  107  102   98   94   90   88
   87   87   87   87   85   83   80   78   77   77   75   72   67   62   58   55
   55   56   57   58   58   59   60   62   64   67   68   70   71   72   71   69
   66   65   63   62   61   60   59   57   56   55   53   51   49   48   48   50
   51   55   57   60   64   67   70   73   77
    35.0-180.0 180.0   5.0 450.0                            LAT/LON1/LON2/DLON/H
   77   80   83   89   94  100  105  109  112  113  112  109  105  102   98   95
   93   92   93   94   93   92   90   87   84   82   79   75   70   66   61   60
   59   61   61   61   61   61   62   65   67   70   71   72   74   74   73   70
   67   64   61   60   59   58   57   57   57   57   55   53   52   52   53   55
   58   61   63   67   70   72   75   76   77
    32.5-180.0 180.0   5.0 450.0                            LAT/LON1/LON2/DLON/H
   79   79   79   82   86   91   96  102  108  112  114  115  113  110  106  102
  100   97   98   99  100   99   96   93   90   86   81   76   72   68   65   65
   65   65   65   65   64   64   65   67   71   73   74   75   75   75   73   70
   66   62   59   56   55   55   55   56   57   56   55   54   54   55   57   61
   64   67   70   73   76   79   80   81   79
    30.0-180.0 180.0   5.0 450.0                            LAT/LON1/LON2/DLON/H
   86   82   80   79   81   84   88   95  103  110  116  118  119  117  114  111
  107  103  101  103  103  102  100   96   92   88   83   78   74   71   71   70
   70   70   69   68   67   66   67   70   73   75   76   75   74   73   72   68
   63   59   55   53   52   51   52   53   54   54   54   53   54   57   60   65
   70   73   76   79   82   86   89   89   86
    27.5-180.0 180.0   5.0 450.0                            LAT/LON1/LON2/DLON/H
   98   95   90   86   85   85   88   94  102  111  118  123  125  124  122  119
  114  109  107  106  105  103  100   97   93   89   85   80   77   77   77   77
   76   75   73   71   70   69   69   72   74   75   75   73   72   71   69   65
   60   54   51   49   48   48   48   48   50   50   51   51   53   57   62   69
   74   79   83   86   91   96   99  100   98
    25.0-180.0 180.0   5.0 450.0                            LAT/LON1/LON2/DLON/H
  116  113  109  105  102   98   98  101  109  118  124  128  130  131  129  125
  120  115  111  108  106  103  100   97   93   88   86   83   82   83   84   83
   81   78   76   74   73   71   71   72   74   74   73   70   67   66   64   60
   55   50   47   46   45   44   43   44   45   47   48   48   50   56   63   71
   77   83   90   95  101  107  112  115  116
    22.5-180.0 180.0   5.0 450.0                            LAT/LON1/LON2/DLON/H
  136  139  138  138  134  127  122  122  127  134  136  138  137  138  136  131
  126  119  114  110  106  103  101   98   94   90   87   86   87   89   89   86
   83   80   77   76   76   73   70   71   71   70   69   66   63   61   58   55
   50   46   44   44   43   41   40   40   41   42   42   44   47   54   63   72
   80   88   96  104  112  119  126  132  136
    20.0-180.0 180.0   5.0 450.0                            LAT/LON1/LON2/DLON/H
  155  166  173  180  177  170  161  158  159  161  158  154  149  146  142  137
  132  123  118  113  107  103  101  101   98   94   91   90   93   94   92   88
   85   82   79   78   77   73   69   67   66   64   63   59   57   55   53   50
   46   44   42   43   42   40   39   38   38   38   38   40   44   52   62   73
   83   93  103  113  122  130  138  147  155
    17.5-180.0 180.0   5.0 450.0                            LAT/LON1/LON2/DLON/H
  172  188  205  222  226  221  211  207  204  201  191  179  166  157  150  143
  136  128  122  116  110  106  104  105  102   99   96   94   96   98   95   90
   87   83   80   79   76   71   66   63   60   57   56   53   52   51   50   47
   44   43   42   42   42   40   38   37   36   36   35   37   42   51   63   74
   85   97  110  122  132  140  148  159  172
    15.0-180.0 180.0   5.0 450.0                            LAT/LON1/LON2/DLON/H
  183  202  228  255  267  267  260  258  255  247  231  210  189  172  160  150
  141  133  126  120  115  111  110  110  109  105  103  100  101   99   95   90
   86   83   80   79   76   70   64   58   54   51   50   49   48   48   48   45
   43   43   42   42   42   41   38   37   37   35   34   36   42   52   64   76
   88  102  116  130  141  149  157  169  183
    12.5-180.0 180.0   5.0 450.0                            LAT/LON1/LON2/DLON/H
  188  207  236  267  287  294  295  295  297  290  272  242  213  189  171  159
  149  141  133  127  124  121  119  119  116  113  110  107  104   99   93   88
   85   83   81   79   76   71   64   57   52   48   47   46   46   46   46   46
   44   43   43   43   42   41   38   38   37   36   35   37   43   53   66   78
   90  106  122  137  148  156  164  175  188
    10.0-180.0 180.0   5.0 450.0                            LAT/LON1/LON2/DLON/H
  189  205  230  261  284  298  304  310  317  316  298  270  237  207  185  169
  158  149  141  136  134  132  130  129  126  122  117  112  106   97   88   85
   85   85   84   83   81   76   69   61   54   49   47   45   45   45   45   45
   44   43   43   42   41   39   39   38   38   37   36   38   46   57   69   81
   93  109  126  142  154  162  169  178  189
     7.5-180.0 180.0   5.0 450.0                            LAT/LON1/LON2/DLON/H
  189  201  219  243  264  279  289  302  314  321  311  287  254  223  199  181
  168  158  150  147  146  144  143  140  137  132  126  119  110   98   90   88
   90   91   92   92   90   85   78   68   59   52   48   45   44   44   45   45
   44   43   42   41   40   39   39   40   40   39   39   42   50   61   73   84
   96  111  128  143  156  166  173  181  189
     5.0-180.0 180.0   5.0 450.0                            LAT/LON1/LON2/DLON/H
  191  198  209  224  239  250  260  276  293  307  307  291  264  234  212  194
  179  168  161  158  158  157  156  153  149  145  138  130  118  106   99   97
  100  102  104  105  102   98   90   78   67   58   52   48   45   45   46   46
   46   45   43   41   40   40   41   43   43   43   43   46   54   66   77   87
   98  113  128  143  155  167  175  184  191
     2.5-180.0 180.0   5.0 450.0                            LAT/LON1/LON2/DLON/H
  194  198  204  212  219  223  230  243  262  281  290  282  263  241  222  205
  190  180  173  172  172  170  169  165  162  160  153  145  132  119  112  111
  116  117  118  119  116  112  102   90   77   66   58   51   49   48   49   49
   49   47   44   42   41   41   43   45   46   46   46   50   60   71   81   90
  100  112  125  139  153  166  178  187  194
