DORISInput/IGSGIM/2019/igsg3520.19i
     1.0            IONOSPHERE MAPS     MIX                 IONEX VERSION / TYPE
cmpcmb v1.2          GRL/UWM             4-jan-20 13:39     PGM / RUN BY / DATE 
ionex file containing IGS COMBINED Ionosphere maps          COMMENT             
global ionosphere maps for day 352, 2019                    DESCRIPTION         
IONEX file containing the COMBINED IGS TEC MAPS and DCBs    DESCRIPTION         
      IONEX files of the following IAACs were combined: cod DESCRIPTION         
                                                        esa DESCRIPTION         
                                                        jpl DESCRIPTION         
                                                        upc DESCRIPTION         
Contact address: Andrzej Krankowski                         DESCRIPTION
                 Geodynamics Research Laboratory            DESCRIPTION
                 University of Warmia and Mazury (GRL/UWM)  DESCRIPTION
                 Oczapowski St. 1                           DESCRIPTION
                 10-957-Olsztyn, POLAND                     DESCRIPTION
                 e-mail:  kand@uwm.edu.pl                   DESCRIPTION
                                                            DESCRIPTION         
  2019    12    18     0     0     0                        EPOCH OF FIRST MAP  
  2019    12    19     0     0     0                        EPOCH OF LAST MAP   
  7200                                                      INTERVAL            
    13                                                      # OF MAPS IN FILE   
  COSZ                                                      MAPPING FUNCTION    
     0.0                                                    ELEVATION CUTOFF    
combined TEC calculated as weighted mean of input TEC valuesOBSERVABLES USED    
   397                                                      # OF STATIONS       
    32                                                      # OF SATELLITES     
  6371.0                                                    BASE RADIUS         
     2                                                      MAP DIMENSION       
   450.0 450.0   0.0                                        HGT1 / HGT2 / DHGT  
    87.5 -87.5  -2.5                                        LAT1 / LAT2 / DLAT  
  -180.0 180.0   5.0                                        LON1 / LON2 / DLON  
    -1                                                      EXPONENT            
TEC values in 0.1 tec units;  9999, if no value available   COMMENT             
DCB values in nanoseconds, reference is Sum_of_SatDCBs = 0  COMMENT             
                                                            END OF HEADER       
[from data line 3003]
     8                                                      START OF TEC MAP    
  2019    12    18    14     0     0                        EPOCH OF CURRENT MAP
    87.5-180.0 180.0   5.0 450.0                            LAT/LON1/LON2/DLON/H
   32   32   32   32   31   31   31   31   31   30   30   30   30   30   29   29
   29   29   29   28   28   28   28   28   28   28   28   28   28   28   28   28
   28   28   28   29   29   29   29   29   30   30   30   30   30   31   31   31
   32   32   32   32   32   32   33   32   32   33   33   33   33   33   33   33
   33   33   33   33   33   33   32   32   32
    85.0-180.0 180.0   5.0 450.0                            LAT/LON1/LON2/DLON/H
   33   33   33   33   33   33   32   32   32   31   31   31   30   30   29   29
   28   28   27   27   26   26   26   26   26   26   26   25   25   25   25   26
   26   26   26   27   27   27   28   28   29   29   30   30   30   30   31   32
   32   32   33   33   33   34   34   33   34   34   34   34   34   34   34   34
   34   35   34   34   34   33   33   33   33
    82.5-180.0 180.0   5.0 450.0                            LAT/LON1/LON2/DLON/H
   33   32   33   33   33   33   33   33   32   32   31   31   30   29   29   28
   27   27   26   25   25   24   23   24   25   24   24   24   24   24   23   24
   24   24   24   24   24   24   24   25   25   26   26   26   27   27   28   29
   30   31   32   32   33   34   34   34   34   33   34   35   34   35   35   35
   35   34   34   33   33   33   33   33   33
    80.0-180.0 180.0   5.0 450.0                            LAT/LON1/LON2/DLON/H
   30   31   32   33   33   33   33   33   32   32   31   31   31   30   29   28
   28   27   26   25   24   23   23   24   24   24   24   24   24   24   24   25
   25   25   25   24   23   22   21   21   21   21   22   22   23   24   25   26
   27   28   29   30   31   32   33   34   33   33   34   34   35   35   35   34
   33   32   31   31   31   31   31   30   30
    77.5-180.0 180.0   5.0 450.0                            LAT/LON1/LON2/DLON/H
   30   31   32   32   33   33   33   34   33   33   33   32   31   30   29   29
   28   27   26   25   25   25   25   26   25   26   27   27   28   28   28   27
   26   25   24   24   23   22   21   20   20   19   19   19   20   20   21   22
   23   25   26   27   28   29   31   32   32   32   33   33   33   33   32   32
   30   30   29   29   29   29   29   29   30
    75.0-180.0 180.0   5.0 450.0                            LAT/LON1/LON2/DLON/H
   29   31   31   32   33   34   34   34   35   34   33   32   32   32   32   30
   28   28   28   27   28   27   28   28   30   30   31   32   32   32   31   31
   30   29   27   26   24   23   21   20   19   18   17   16   16   16   17   18
   19   21   23   24   26   27   29   30   31   30   30   30   30   30   30   29
   29   29   28   28   28   28   28   28   29
    72.5-180.0 180.0   5.0 450.0                            LAT/LON1/LON2/DLON/H
   30   30   31   33   33   34   34   34   34   34   34   33   34   34   32   31
   32   30   30   31   30   31   31   33   36   37   38   38   39   38   38   37
   35   33   31   28   26   24   22   20   18   17   15   14   13   13   14   14
   15   17   19   21   23   24   26   27   28   28   28   28   29   29   29   29
   29   29   28   28   28   28   28   29   30
    70.0-180.0 180.0   5.0 450.0                            LAT/LON1/LON2/DLON/H
   30   32   33   34   34   33   33   33   33   33   34   34   34   34   34   34
   33   33   33   33   33   34   36   38   42   43   45   47   48   47   45   44
   42   40   37   33   29   25   23   21   18   16   15   14   13   12   12   13
   15   15   16   19   21   22   24   25   26   27   27   28   28   29   30   30
   31   29   29   29   29   29   29   30   30
    67.5-180.0 180.0   5.0 450.0                            LAT/LON1/LON2/DLON/H
   32   34   35   34   34   34   33   33   32   32   32   33   33   34   35   35
   34   35   35   35   35   37   40   43   46   49   52   54   56   57   56   52
   50   48   44   39   33   30   26   23   20   18   17   16   15   14   13   13
   15   16   16   18   20   21   22   24   24   25   26   27   28   29   30   32
   32   31   31   31   30   31   30   31   32
    65.0-180.0 180.0   5.0 450.0                            LAT/LON1/LON2/DLON/H
   34   35   36   36   35   34   33   32   31   31   31   31   32   34   34   34
   34   34   34   35   36   39   42   46   50   54   58   62   64   67   67   62
   60   56   52   46   40   35   31   28   25   23   21   20   19   17   16   16
   15   17   18   19   20   21   22   23   23   24   25   25   26   27   30   32
   32   33   33   32   32   31   32   33   34
    62.5-180.0 180.0   5.0 450.0                            LAT/LON1/LON2/DLON/H
   36   36   37   38   36   34   33   31   30   29   29   29   31   32   33   33
   33   33   33   34   36   39   43   48   53   58   62   68   71   74   74   71
   68   65   60   54   48   42   38   34   32   30   28   27   25   23   21   20
   19   19   19   20   20   20   21   21   23   22   23   24   26   28   31   32
   33   33   33   33   33   33   33   34   36
    60.0-180.0 180.0   5.0 450.0                            LAT/LON1/LON2/DLON/H
   37   38   39   39   38   36   33   31   29   27   26   27   28   29   30   30
   31   31   32   34   37   40   44   50   56   62   68   73   76   78   79   78
   76   72   67   62   56   51   46   42   40   38   36   35   32   30   28   26
   24   23   22   22   22   22   22   22   23   23   23   25   28   30   32   33
   34   35   35   35   34   34   35   36   37
    57.5-180.0 180.0   5.0 450.0                            LAT/LON1/LON2/DLON/H
   38   40   41   41   40   38   35   32   29   27   26   25   25   26   27   28
   29   30   32   34   38   42   47   53   59   66   72   77   81   83   84   83
   82   79   75   70   65   59   55   51   49   47   45   43   41   38   35   32
   30   28   27   26   26   25   25   25   25   25   26   27   29   31   33   35
   36   37   37   37   36   35   36   37   38
    55.0-180.0 180.0   5.0 450.0                            LAT/LON1/LON2/DLON/H
   39   41   42   43   42   40   38   35   32   28   26   25   24   24   25   26
   28   30   34   36   40   45   50   56   63   71   77   82   86   88   88   87
   86   85   82   78   73   69   65   62   59   56   55   53   49   46   42   39
   36   33   31   30   30   30   30   30   29   29   30   31   32   33   35   37
   37   38   38   38   37   37   37   38   39
    52.5-180.0 180.0   5.0 450.0                            LAT/LON1/LON2/DLON/H
   42   43   45   46   46   44   43   40   36   32   29   27   25   24   25   26
   29   32   37   40   45   49   55   61   68   77   83   88   92   93   92   90
   89   89   87   85   82   78   75   72   68   66   65   61   58   55   49   45
   42   39   37   36   35   36   35   35   35   35   35   35   36   36   37   38
   39   39   38   39   39   39   39   40   42
    50.0-180.0 180.0   5.0 450.0                            LAT/LON1/LON2/DLON/H
   44   45   47   48   49   49   48   45   43   39   35   32   29   27   27   28
   32   37   42   47   52   55   61   68   77   85   90   95   98   98   95   93
   91   90   89   89   88   87   85   82   79   76   73   70   66   62   57   53
   48   46   43   43   41   42   42   41   40   40   40   40   40   40   39   40
   40   40   39   40   40   41   41   43   44
    47.5-180.0 180.0   5.0 450.0                            LAT/LON1/LON2/DLON/H
   46   47   48   50   52   52   53   51   49   47   43   38   35   32   32   34
   38   43   50   55   59   64   70   78   86   94  100  104  105  102   97   94
   91   90   91   92   93   95   94   92   89   86   82   78   74   70   64   60
   55   52   50   49   49   49   48   47   46   46   45   45   44   43   42   42
   42   41   40   40   41   42   44   45   46
    45.0-180.0 180.0   5.0 450.0                            LAT/LON1/LON2/DLON/H
   47   48   49   51   52   54   56   56   55   53   50   46   42   39   39   42
   46   52   59   64   69   74   80   88   97  104  109  112  110  106  100   94
   91   90   91   94   98  102  103  102   99   96   91   86   81   76   70   66
   62   59   58   57   57   56   55   53   53   51   50   49   48   46   45   45
   44   43   42   42   43   44   46   47   47
    42.5-180.0 180.0   5.0 450.0                            LAT/LON1/LON2/DLON/H
   49   50   50   51   53   55   57   58   59   58   57   53   50   48   48   50
   55   62   68   75   80   84   91   98  107  113  117  117  114  109  102   96
   92   90   92   97  103  109  112  111  109  105  100   94   88   82   76   72
   68   66   64   64   64   63   61   59   58   56   55   53   51   49   47   47
   47   46   45   45   45   46   48   49   49
    40.0-180.0 180.0   5.0 450.0                            LAT/LON1/LON2/DLON/H
   50   51   50   50   51   54   56   58   60   61   61   60   57   56   56   60
   66   72   78   84   89   94   99  107  115  120  122  121  117  111  105   99
   95   94   96  102  110  116  120  120  118  114  108  101   94   88   82   78
   74   71   69   69   69   68   66   64   62   60   58   56   54   52   50   49
   48   48   47   47   46   48   50   50   50
    37.5-180.0 180.0   5.0 450.0                            LAT/LON1/LON2/DLON/H
   51   51   49   49   50   51   53   56   58   62   64   64   63   63   64   68
   74   80   86   92   97  102  107  113  118  123  124  123  120  115  108  105
  102  102  104  111  119  125  128  129  127  123  116  109  101   94   88   83
   78   75   73   73   72   70   67   66   65   63   60   59   56   54   52   51
   50   50   49   47   48   49   50   51   51
    35.0-180.0 180.0   5.0 450.0                            LAT/LON1/LON2/DLON/H
   50   50   49   48   48   49   50   52   56   61   64   67   67   68   71   76
   81   88   93   98  102  107  111  115  120  124  126  124  122  119  115  114
  115  116  120  124  131  136  139  139  137  132  125  117  108  100   93   87
   81   78   75   74   73   71   69   67   66   64   62   60   57   55   54   53
   53   51   50   48   47   48   49   50   50
    32.5-180.0 180.0   5.0 450.0                            LAT/LON1/LON2/DLON/H
   50   50   49   48   47   47   47   49   53   58   63   66   68   71   76   81
   87   93   98  102  106  109  112  115  120  123  125  124  124  124  124  128
  132  135  139  143  146  151  151  150  146  141  134  126  116  107   99   91
   84   79   75   74   72   70   69   68   66   65   63   61   59   57   56   55
   55   53   51   49   47   47   48   49   50
    30.0-180.0 180.0   5.0 450.0                            LAT/LON1/LON2/DLON/H
   51   51   50   49   48   46   45   46   50   55   60   64   67   72   78   85
   91   96   99  102  106  109  111  114  118  121  122  124  127  130  137  145
  153  157  160  167  168  166  165  162  158  150  143  136  126  115  106   97
   89   82   77   74   72   70   69   67   66   65   64   62   61   59   58   58
   57   55   52   49   47   46   47   49   51
    27.5-180.0 180.0   5.0 450.0                            LAT/LON1/LON2/DLON/H
   51   53   53   51   49   47   45   45   47   52   56   61   65   71   79   88
   93   97  100  102  105  108  111  113  115  117  120  126  134  142  153  166
  176  182  184  191  191  185  182  178  171  162  155  147  138  126  116  105
   96   87   80   76   72   68   67   66   66   65   64   63   62   62   61   60
   58   56   54   50   47   46   46   48   51
    25.0-180.0 180.0   5.0 450.0                            LAT/LON1/LON2/DLON/H
   52   55   56   54   51   49   46   45   46   49   53   57   62   69   78   88
   94   97  100  102  104  107  111  113  114  117  122  131  143  158  174  191
  200  204  205  212  211  205  199  191  181  172  166  159  150  139  128  116
  105   93   83   77   72   68   66   65   65   64   64   64   64   64   63   62
   60   57   55   51   48   46   46   48   52
    22.5-180.0 180.0   5.0 450.0                            LAT/LON1/LON2/DLON/H
   52   56   57   56   54   51   48   46   46   48   50   53   59   67   77   88
   94   98  100  102  105  109  112  114  116  119  127  139  157  178  197  213
  220  223  221  224  222  218  207  197  187  180  177  171  162  152  141  128
  114  101   89   80   74   69   66   65   65   64   65   65   66   65   64   62
   60   58   56   53   49   47   46   48   52
    20.0-180.0 180.0   5.0 450.0                            LAT/LON1/LON2/DLON/H
   52   56   57   57   55   53   50   49   48   48   50   52   56   65   77   87
   95   99  101  104  108  112  116  118  120  125  134  149  173  198  216  229
  235  233  230  228  226  220  209  198  192  187  186  184  175  165  155  142
  125  111   96   85   77   71   68   67   66   66   67   67   67   67   65   62
   59   58   57   54   52   49   48   49   52
    17.5-180.0 180.0   5.0 450.0                            LAT/LON1/LON2/DLON/H
   51   53   55   55   54   52   50   49   48   48   49   51   56   65   77   88
   95   99  103  107  113  118  121  124  127  134  144  161  188  210  224  234
  241  237  232  229  225  218  207  199  194  193  196  194  188  178  168  156
  138  122  107   93   83   76   72   71   70   70   70   69   68   67   64   62
   59   57   57   55   53   51   50   50   51
    15.0-180.0 180.0   5.0 450.0                            LAT/LON1/LON2/DLON/H
   51   51   51   50   50   49   49   49   48   48   49   52   56   65   77   88
   96  102  106  112  119  124  128  131  136  144  155  171  197  215  225  234
  239  235  229  228  221  214  206  201  198  201  205  204  199  190  180  168
  152  133  117  101   90   81   77   75   75   74   73   72   70   68   64   61
   58   57   58   57   56   53   52   50   51
    12.5-180.0 180.0   5.0 450.0                            LAT/LON1/LON2/DLON/H
   49   49   47   46   46   46   46   46   46   47   48   51   57   66   77   88
   97  104  110  117  124  131  136  140  147  156  166  181  202  216  225  231
  232  227  224  224  218  214  208  205  206  209  213  212  206  199  189  177
  161  143  125  109   95   86   82   80   79   78   77   74   71   67   63   59
   57   56   58   58   57   55   52   50   49
    10.0-180.0 180.0   5.0 450.0                            LAT/LON1/LON2/DLON/H
   47   46   44   42   41   41   42   42   43   45   47   51   58   67   77   87
   97  106  113  121  128  136  142  148  157  166  175  188  203  214  220  224
  225  222  221  222  220  218  216  215  217  220  221  219  211  204  195  183
  168  150  132  115  101   91   86   85   84   83   81   77   73   68   64   60
   56   56   57   58   58   55   52   49   47
     7.5-180.0 180.0   5.0 450.0                            LAT/LON1/LON2/DLON/H
   45   42   40   37   37   37   37   38   39   41   44   50   58   68   77   87
   97  107  115  123  131  138  146  154  164  173  182  192  202  211  215  218
  220  222  224  226  228  230  230  231  231  231  230  225  215  207  199  186
  171  154  137  121  108   97   92   91   90   89   86   82   78   73   68   62
   58   57   57   58   57   55   51   48   45
     5.0-180.0 180.0   5.0 450.0                            LAT/LON1/LON2/DLON/H
   43   40   37   34   33   33   33   33   35   37   42   48   57   67   77   87
   96  106  116  124  132  140  149  158  169  177  186  194  203  208  212  216
  221  227  233  238  243  247  248  248  247  243  238  230  221  212  203  191
  177  159  141  127  115  106  100   98   97   97   94   90   86   81   74   68
   62   60   59   58   57   55   51   47   43
     2.5-180.0 180.0   5.0 450.0                            LAT/LON1/LON2/DLON/H
   43   40   36   33   31   30   30   29   31   33   38   46   56   66   76   87
   96  106  116  125  133  141  151  161  171  180  189  196  203  208  213  220
  229  238  246  255  261  265  267  266  262  255  246  238  229  221  211  200
  183  163  147  134  124  115  110  106  107  106  103   98   94   89   82   75
   68   64   62   59   57   54   51   48   43
