DORISInput/IGSGIM/2019/igsg3520.19i
     1.0            IONOSPHERE MAPS     MIX                 IONEX VERSION / TYPE
cmpcmb v1.2          GRL/UWM             4-jan-20 13:39     PGM / RUN BY / DATE 
ionex file containing IGS COMBINED Ionosphere maps          COMMENT             
global ionosphere maps for day 352, 2019                    DESCRIPTION         
IONEX file containing the COMBINED IGS TEC MAPS and DCBs    DESCRIPTION         
      IONEX files of the following IAACs were combined: cod DESCRIPTION         
                                                        esa DESCRIPTION         
                                                        jpl DESCRIPTION         
                                                        upc DESCRIPTION         
Contact address: Andrzej Krankowski                         DESCRIPTION
                 Geodynamics Research Laboratory            DESCRIPTION
                 University of Warmia and Mazury (GRL/UWM)  DESCRIPTION
                 Oczapowski St. 1                           DESCRIPTION
                 10-957-Olsztyn, POLAND                     DESCRIPTION
                 e-mail:  kand@uwm.edu.pl                   DESCRIPTION
                                                            DESCRIPTION         
  2019    12    18     0     0     0                        EPOCH OF FIRST MAP  
  2019    12    19     0     0     0                        EPOCH OF LAST MAP   
  7200                                                      INTERVAL            
    13                                                      # OF MAPS IN FILE   
  COSZ                                                      MAPPING FUNCTION    
     0.0                                                    ELEVATION CUTOFF    
combined TEC calculated as weighted mean of input TEC valuesOBSERVABLES USED    
   397                                                      # OF STATIONS       
    32                                                      # OF SATELLITES     
  6371.0                                                    BASE RADIUS         
     2                                                      MAP DIMENSION       
   450.0 450.0   0.0                                        HGT1 / HGT2 / DHGT  
    87.5 -87.5  -2.5                                        LAT1 / LAT2 / DLAT  
  -180.0 180.0   5.0                                        LON1 / LON2 / DLON  
    -1                                                      EXPONENT            
TEC values in 0.1 tec units;  9999, if no value available   COMMENT             
DCB values in nanoseconds, reference is Sum_of_SatDCBs = 0  COMMENT             
                                                            END OF HEADER       
[from data line 3432]
     9                                                      START OF TEC MAP    
  2019    12    18    16     0     0                        EPOCH OF CURRENT MAP
    87.5-180.0 180.0   5.0 450.0                            LAT/LON1/LON2/DLON/H
   26   26   26   26   26   26   26   27   27   26   26   26   26   26   26   26
   26   26   25   25   25   25   25   25   25   25   25   24   24   24   24   24
   23   23   24   23   23   23   23   23   23   23   23   23   23   23   23   23
   23   23   23   23   23   23   23   23   23   23   23   23   24   24   24   24
   24   24   25   25   25   25   25   26   26
    85.0-180.0 180.0   5.0 450.0                            LAT/LON1/LON2/DLON/H
   27   27   27   28   28   28   29   29   29   29   29   29   29   28   28   28
   28   28   27   27   26   26   25   25   25   25   24   23   23   22   22   22
   22   22   22   22   22   22   22   22   22   22   22   22   22   23   23   23
   23   23   23   23   22   22   23   22   23   23   23   23   23   23   23   24
   24   24   24   25   25   25   26   26   27
    82.5-180.0 180.0   5.0 450.0                            LAT/LON1/LON2/DLON/H
   28   28   29   29   30   30   31   31   32   32   32   32   32   32   32   31
   31   30   29   28   27   26   25   25   24   24   23   22   22   22   22   22
   22   22   22   22   23   23   23   23   24   23   24   24   24   24   23   24
   24   24   24   24   23   23   23   23   23   23   24   24   23   23   23   24
   24   24   25   25   26   26   26   28   28
    80.0-180.0 180.0   5.0 450.0                            LAT/LON1/LON2/DLON/H
   29   29   30   31   32   32   33   33   33   33   34   34   34   34   33   33
   32   31   29   28   27   28   26   25   24   23   22   22   21   21   21   22
   22   22   23   23   24   24   24   24   24   25   25   25   25   25   25   25
   25   26   26   26   26   25   25   25   25   25   25   25   25   25   25   25
   25   25   25   26   26   27   27   28   29
    77.5-180.0 180.0   5.0 450.0                            LAT/LON1/LON2/DLON/H
   28   29   31   31   32   32   33   33   34   35   35   35   34   33   33   33
   33   31   30   30   29   29   28   27   27   25   24   24   23   24   24   23
   23   23   23   23   23   24   25   25   25   25   25   25   26   26   26   26
   27   28   29   29   29   28   28   28   28   28   28   27   26   26   27   27
   26   25   25   26   26   27   27   27   28
    75.0-180.0 180.0   5.0 450.0                            LAT/LON1/LON2/DLON/H
   27   28   29   30   30   31   32   33   34   34   33   34   34   34   34   33
   33   33   33   32   32   32   32   31   30   29   28   27   26   25   25   26
   26   25   24   22   22   23   23   23   24   24   24   24   24   25   25   26
   27   28   30   31   31   31   31   31   31   31   30   29   29   28   28   28
   27   26   26   26   27   27   27   27   27
    72.5-180.0 180.0   5.0 450.0                            LAT/LON1/LON2/DLON/H
   26   27   27   28   29   30   31   31   31   32   32   33   33   32   33   32
   33   34   34   35   36   36   38   37   36   35   33   32   32   30   28   27
   27   26   26   24   22   21   21   21   21   21   22   22   22   22   24   25
   25   27   28   30   32   33   33   34   34   34   33   32   31   31   30   30
   29   28   28   28   28   27   27   26   26
    70.0-180.0 180.0   5.0 450.0                            LAT/LON1/LON2/DLON/H
   26   26   26   26   27   28   28   29   29   30   30   30   30   30   30   31
   32   34   36   39   41   43   44   44   43   41   39   37   37   35   32   30
   28   26   24   23   22   20   19   18   18   18   18   18   18   19   20   21
   23   24   27   29   31   34   35   36   37   36   36   35   34   33   33   32
   31   30   30   30   29   29   27   26   26
    67.5-180.0 180.0   5.0 450.0                            LAT/LON1/LON2/DLON/H
   26   25   25   25   25   26   26   27   27   27   27   27   27   27   27   29
   32   35   39   43   47   50   52   52   51   50   47   43   41   39   36   33
   29   26   24   22   20   17   16   15   15   16   15   15   15   15   16   18
   20   22   24   27   30   33   35   36   37   37   37   36   36   35   35   33
   33   33   32   32   32   30   28   27   26
    65.0-180.0 180.0   5.0 450.0                            LAT/LON1/LON2/DLON/H
   27   26   25   25   25   25   26   26   26   25   25   24   24   25   26   29
   32   36   41   47   53   57   59   60   60   58   55   51   47   45   41   36
   32   28   24   21   18   16   15   14   15   15   14   14   14   14   15   16
   18   21   24   26   28   30   32   34   34   34   35   35   35   35   35   34
   34   34   34   34   33   32   30   29   27
    62.5-180.0 180.0   5.0 450.0                            LAT/LON1/LON2/DLON/H
   29   28   27   27   27   26   26   26   25   23   23   22   23   24   26   30
   34   40   46   53   59   64   66   68   69   67   64   60   55   53   48   41
   36   30   26   22   18   17   16   16   16   16   16   16   15   16   17   18
   20   22   23   24   25   27   29   30   31   31   33   34   34   34   34   34
   34   34   35   35   34   34   32   31   29
    60.0-180.0 180.0   5.0 450.0                            LAT/LON1/LON2/DLON/H
   32   31   31   30   30   29   28   27   26   24   23   22   23   25   28   32
   38   45   52   59   65   70   73   73   75   73   71   69   65   61   56   50
   43   36   30   25   22   20   19   20   20   20   21   21   20   20   20   21
   23   24   24   24   25   25   27   28   29   30   32   33   34   34   34   33
   34   34   35   35   35   35   34   33   32
    57.5-180.0 180.0   5.0 450.0                            LAT/LON1/LON2/DLON/H
   36   35   35   35   34   33   32   30   28   26   24   24   26   29   33   38
   44   50   58   64   70   74   77   77   78   77   76   76   73   70   65   59
   52   44   37   31   28   26   26   27   28   29   29   28   27   26   27   27
   27   27   27   26   26   26   27   28   30   31   33   34   34   34   34   34
   34   34   35   36   37   37   36   36   36
    55.0-180.0 180.0   5.0 450.0                            LAT/LON1/LON2/DLON/H
   40   40   40   41   40   39   37   34   32   29   29   29   32   35   41   46
   52   58   64   70   74   77   78   79   80   80   80   81   80   79   75   69
   63   54   47   40   36   34   35   37   38   39   39   38   37   36   35   35
   34   33   33   31   30   29   29   31   33   34   35   37   36   36   36   35
   35   35   36   37   38   39   40   40   40
    52.5-180.0 180.0   5.0 450.0                            LAT/LON1/LON2/DLON/H
   44   44   45   46   46   45   43   39   36   34   34   35   39   43   49   54
   60   65   70   74   78   79   80   80   82   83   84   87   88   89   86   81
   74   64   56   49   45   43   44   47   49   49   50   48   47   45   44   44
   43   42   40   38   35   34   34   35   37   39   39   40   39   39   38   37
   37   36   37   39   40   42   43   43   44
    50.0-180.0 180.0   5.0 450.0                            LAT/LON1/LON2/DLON/H
   47   48   49   50   51   49   47   44   42   41   41   44   48   52   58   63
   69   73   77   80   82   83   82   82   84   86   88   91   94   96   95   91
   83   75   66   59   55   53   55   56   58   60   60   59   57   55   54   53
   51   50   48   45   43   41   41   41   43   44   44   44   43   42   41   39
   38   38   39   40   42   44   45   46   47
    47.5-180.0 180.0   5.0 450.0                            LAT/LON1/LON2/DLON/H
   49   50   51   53   53   53   51   48   48   48   50   53   57   61   66   72
   76   80   84   86   87   88   87   88   89   90   93   96  100  102  102   98
   91   83   76   70   65   63   64   66   68   69   69   68   66   64   61   60
   59   58   56   53   51   49   48   48   49   50   49   48   47   45   44   42
   41   40   41   42   44   46   47   48   49
    45.0-180.0 180.0   5.0 450.0                            LAT/LON1/LON2/DLON/H
   48   49   51   53   54   54   53   52   53   55   59   63   67   71   76   80
   84   88   91   94   94   95   95   95   97   98  101  103  105  106  105  102
   97   91   86   80   75   73   73   75   75   76   76   75   73   71   68   68
   67   65   63   61   58   57   56   54   54   55   54   52   51   49   47   45
   43   42   42   44   46   47   47   48   48
    42.5-180.0 180.0   5.0 450.0                            LAT/LON1/LON2/DLON/H
   47   48   49   51   53   53   53   54   56   62   67   72   76   80   83   88
   91   95   98  101  103  104  105  106  107  109  110  111  110  108  106  103
  101   97   94   90   86   83   82   81   82   82   82   81   80   78   76   75
   74   72   70   67   65   64   62   59   58   58   56   55   54   51   49   47
   45   45   45   46   48   48   48   47   47
    40.0-180.0 180.0   5.0 450.0                            LAT/LON1/LON2/DLON/H
   46   46   47   49   50   51   52   54   59   67   75   81   85   88   91   94
   97  100  104  108  111  114  116  119  120  120  120  118  114  110  106  105
  104  103  102  100   98   94   91   88   87   86   86   86   85   84   82   80
   78   77   75   73   71   69   67   64   62   60   58   57   55   53   51   49
   47   46   46   48   49   49   49   48   46
    37.5-180.0 180.0   5.0 450.0                            LAT/LON1/LON2/DLON/H
   45   44   44   46   47   48   49   53   60   71   81   89   93   97   98  101
  103  106  110  114  118  123  127  130  131  131  129  124  117  111  108  108
  109  110  111  112  110  106  100   96   92   90   89   90   89   87   85   82
   81   79   78   76   74   72   69   67   64   61   59   57   56   54   52   50
   48   47   48   49   50   50   49   47   45
    35.0-180.0 180.0   5.0 450.0                            LAT/LON1/LON2/DLON/H
   45   43   43   43   44   44   46   51   60   73   85   95  100  103  105  107
  109  111  115  119  125  132  135  138  140  139  136  130  121  114  114  114
  116  119  123  125  125  120  111  104   99   95   93   93   92   90   86   83
   81   79   78   76   74   72   70   67   65   62   60   59   57   55   53   51
   49   48   49   49   50   50   49   47   45
    32.5-180.0 180.0   5.0 450.0                            LAT/LON1/LON2/DLON/H
   45   43   42   42   42   41   43   48   59   74   88   99  106  109  111  112
  114  115  119  124  130  137  140  142  144  143  141  135  128  122  123  124
  127  132  138  142  141  135  124  114  105  100   96   96   94   91   87   82
   80   78   76   75   73   71   69   67   65   63   61   60   59   56   54   51
   49   49   49   50   51   50   49   47   45
    30.0-180.0 180.0   5.0 450.0                            LAT/LON1/LON2/DLON/H
   45   43   43   42   41   40   42   47   58   74   89  101  109  114  117  118
  119  120  122  127  132  137  140  142  143  145  144  141  138  136  136  139
  145  151  156  161  159  151  137  124  113  105  101   99   95   91   86   82
   79   77   75   73   72   70   68   67   65   64   63   62   60   58   55   52
   50   50   51   51   51   50   48   47   45
    27.5-180.0 180.0   5.0 450.0                            LAT/LON1/LON2/DLON/H
   45   44   44   43   42   41   42   46   57   72   89  102  111  118  121  124
  124  125  126  129  133  135  137  138  141  144  147  149  151  153  156  160
  167  173  179  182  178  167  152  135  121  112  106  102   96   91   87   82
   79   76   75   72   70   68   66   65   65   65   64   64   62   59   55   53
   51   51   52   52   51   49   48   46   45
    25.0-180.0 180.0   5.0 450.0                            LAT/LON1/LON2/DLON/H
   45   45   46   45   44   43   44   48   57   72   88  101  112  119  125  129
  130  131  131  133  133  134  134  135  139  145  152  160  166  172  181  185
  193  198  203  203  195  182  166  147  130  119  113  107  100   94   87   81
   77   76   74   71   67   64   63   63   64   65   65   65   63   60   56   53
   52   52   53   53   51   49   47   45   45
    22.5-180.0 180.0   5.0 450.0                            LAT/LON1/LON2/DLON/H
   45   46   46   47   46   46   47   52   60   72   87  100  111  120  128  134
  136  137  137  136  135  133  132  135  141  149  160  172  183  195  207  212
  219  223  224  219  211  197  181  159  140  127  119  113  105   97   89   82
   78   75   73   68   65   62   61   62   64   64   65   64   63   59   56   53
   52   52   52   52   50   47   45   45   45
    20.0-180.0 180.0   5.0 450.0                            LAT/LON1/LON2/DLON/H
   43   44   45   46   47   49   51   56   64   75   88  100  110  120  130  139
  143  145  144  142  139  135  134  138  147  158  172  188  201  215  228  234
  237  239  236  230  221  207  190  167  148  136  128  120  111  102   93   84
   78   75   72   68   65   62   62   63   63   64   64   64   62   59   56   53
   52   52   52   51   48   45   43   43   43
    17.5-180.0 180.0   5.0 450.0                            LAT/LON1/LON2/DLON/H
   42   42   42   44   47   49   53   59   67   77   89  100  111  122  133  144
  149  152  151  149  145  141  139  146  157  171  187  204  218  230  238  243
  245  244  241  232  221  208  191  171  155  145  137  129  118  108   98   88
   81   78   74   71   67   64   63   64   64   64   64   63   62   58   55   53
   52   51   51   50   47   43   41   41   42
    15.0-180.0 180.0   5.0 450.0                            LAT/LON1/LON2/DLON/H
   39   39   39   41   44   48   53   61   70   80   91  102  113  124  136  148
  155  159  159  157  153  149  150  158  169  186  203  219  232  239  242  244
  245  244  237  227  216  204  189  176  164  154  147  138  127  115  103   93
   85   80   77   74   70   68   66   65   65   65   64   63   61   58   55   52
   51   50   50   49   46   42   40   40   39
    12.5-180.0 180.0   5.0 450.0                            LAT/LON1/LON2/DLON/H
   38   36   36   38   41   45   52   62   72   81   92  103  114  127  138  151
  160  165  167  167  164  161  163  172  185  203  218  232  239  243  243  242
  241  239  230  219  209  200  190  180  172  165  158  148  136  122  109   97
   88   83   80   77   74   71   69   67   66   65   63   61   60   58   55   52
   50   49   47   46   44   41   40   39   38
    10.0-180.0 180.0   5.0 450.0                            LAT/LON1/LON2/DLON/H
   36   34   33   34   37   42   51   62   73   83   94  105  116  128  140  152
  162  169  174  176  175  174  178  189  203  220  232  240  243  242  240  237
  236  233  225  216  208  201  195  187  182  176  168  157  143  127  112  100
   91   86   82   80   78   75   73   70   68   66   64   62   60   58   55   52
   50   47   45   43   42   40   39   38   36
     7.5-180.0 180.0   5.0 450.0                            LAT/LON1/LON2/DLON/H
   35   33   31   30   33   39   49   61   73   84   96  106  118  130  142  153
  163  172  179  183  185  188  194  206  221  234  241  244  243  239  236  234
  235  233  228  221  215  210  205  199  193  186  177  163  146  130  116  103
   94   88   84   82   81   80   78   75   73   70   67   65   63   60   57   53
   50   46   44   41   40   40   38   37   35
     5.0-180.0 180.0   5.0 450.0                            LAT/LON1/LON2/DLON/H
   35   32   29   27   30   37   46   59   73   86   97  108  119  131  143  154
  164  174  183  188  193  199  209  222  235  244  246  245  242  238  236  237
  241  242  239  234  230  225  220  213  204  194  181  164  148  133  120  106
   98   92   88   86   85   85   84   82   80   77   73   70   67   64   61   56
   51   47   44   41   40   39   38   37   35
     2.5-180.0 180.0   5.0 450.0                            LAT/LON1/LON2/DLON/H
   36   33   29   26   28   35   45   59   73   86   99  110  121  132  143  154
  165  176  185  193  199  208  220  234  245  249  248  245  242  240  242  248
  255  258  258  254  249  244  236  226  215  200  184  166  150  136  125  113
  104   97   92   91   90   91   91   90   87   84   81   77   74   70   66   61
   54   48   44   42   40   39   38   37   36
