DORISInput/IGSGIM/2019/igsg3530.19i
     1.0            IONOSPHERE MAPS     MIX                 IONEX VERSION / TYPE
cmpcmb v1.2          GRL/UWM             4-jan-20 13:44     PGM / RUN BY / DATE 
ionex file containing IGS COMBINED Ionosphere maps          COMMENT             
global ionosphere maps for day 353, 2019                    DESCRIPTION         
IONEX file containing the COMBINED IGS TEC MAPS and DCBs    DESCRIPTION         
      IONEX files of the following IAACs were combined: cod DESCRIPTION         
                                                        esa DESCRIPTION         
                                                        jpl DESCRIPTION         
                                                        upc DESCRIPTION         
Contact address: Andrzej Krankowski                         DESCRIPTION
                 Geodynamics Research Laboratory            DESCRIPTION
                 University of Warmia and Mazury (GRL/UWM)  DESCRIPTION
                 Oczapowski St. 1                           DESCRIPTION
                 10-957-Olsztyn, POLAND                     DESCRIPTION
                 e-mail:  kand@uwm.edu.pl                   DESCRIPTION
                                                            DESCRIPTION         
  2019    12    19     0     0     0                        EPOCH OF FIRST MAP  
  2019    12    20     0     0     0                        EPOCH OF LAST MAP   
  7200                                                      INTERVAL            
    13                                                      # OF MAPS IN FILE   
  COSZ                                                      MAPPING FUNCTION    
     0.0                                                    ELEVATION CUTOFF    
combined TEC calculated as weighted mean of input TEC valuesOBSERVABLES USED    
   397                                                      # OF STATIONS       
    32                                                      # OF SATELLITES     
  6371.0                                                    BASE RADIUS         
     2                                                      MAP DIMENSION       
   450.0 450.0   0.0                                        HGT1 / HGT2 / DHGT  
    87.5 -87.5  -2.5                                        LAT1 / LAT2 / DLAT  
  -180.0 180.0   5.0                                        LON1 / LON2 / DLON  
    -1                                                      EXPONENT            
TEC values in 0.1 tec units;  9999, if no value available   COMMENT             
DCB values in nanoseconds, reference is Sum_of_SatDCBs = 0  COMMENT             
                                                            END OF HEADER       
[from data line 858]
     3                                                      START OF TEC MAP    
  2019    12    19     4     0     0                        EPOCH OF CURRENT MAP
    87.5-180.0 180.0   5.0 450.0                            LAT/LON1/LON2/DLON/H
   27   27   27   27   27   27   27   27   27   27   26   26   26   25   25   25
   25   24   24   24   24   24   24   24   24   24   24   24   24   24   25   25
   25   25   25   26   26   26   26   27   27   28   28   28   28   28   28   28
   28   28   28   28   28   28   28   28   28   28   28   27   27   27   27   27
   27   27   27   27   27   27   27   27   27
    85.0-180.0 180.0   5.0 450.0                            LAT/LON1/LON2/DLON/H
   27   27   27   28   28   28   28   28   28   27   26   26   25   24   24   23
   22   21   20   20   20   19   19   19   19   19   19   19   20   20   21   21
   22   23   24   24   25   26   26   27   28   28   28   29   29   29   28   28
   28   27   27   27   26   26   26   25   25   25   25   25   24   24   24   24
   24   25   25   25   26   26   27   27   27
    82.5-180.0 180.0   5.0 450.0                            LAT/LON1/LON2/DLON/H
   27   28   29   29   30   30   30   30   29   28   27   26   25   24   23   21
   20   18   17   16   15   14   14   14   14   14   14   15   15   16   17   18
   19   21   22   23   24   25   26   26   27   27   28   28   28   28   28   27
   27   26   25   24   23   23   22   21   21   21   21   20   20   20   20   20
   21   21   22   23   23   24   26   26   27
    80.0-180.0 180.0   5.0 450.0                            LAT/LON1/LON2/DLON/H
   26   27   29   30   31   31   32   32   31   31   30   28   26   24   21   19
   17   15   14   13   12   11   11   12   12   11   12   12   13   15   16   18
   19   21   22   23   25   25   26   27   28   29   28   28   27   27   26   26
   25   23   22   21   20   19   18   17   17   17   17   16   16   16   17   17
   17   18   19   20   21   22   24   25   26
    77.5-180.0 180.0   5.0 450.0                            LAT/LON1/LON2/DLON/H
   24   25   27   28   30   32   32   32   32   30   29   27   25   23   21   18
   15   13   12   11   11   10   11   10   10   10   10   11   12   13   15   17
   19   21   22   24   25   26   27   27   27   27   28   28   26   25   24   23
   22   20   19   18   17   16   16   15   15   15   15   15   15   15   16   16
   17   17   17   18   19   20   21   22   24
    75.0-180.0 180.0   5.0 450.0                            LAT/LON1/LON2/DLON/H
   21   23   23   26   28   29   31   30   31   31   30   27   25   22   19   17
   15   13   12   11   12   12   12   12   12   12   13   13   14   15   16   17
   19   20   21   23   24   24   25   26   26   26   26   25   23   22   20   19
   18   16   15   15   15   15   15   15   16   16   17   17   18   18   18   19
   19   19   19   19   19   20   20   21   21
    72.5-180.0 180.0   5.0 450.0                            LAT/LON1/LON2/DLON/H
   20   20   21   22   24   26   27   29   30   29   28   26   24   22   20   17
   15   13   13   13   13   14   14   15   16   17   18   18   18   19   19   20
   20   21   22   22   23   23   23   23   23   23   22   21   19   18   17   15
   14   14   14   14   15   16   17   19   20   20   22   23   23   24   24   25
   25   24   24   23   22   21   21   20   20
    70.0-180.0 180.0   5.0 450.0                            LAT/LON1/LON2/DLON/H
   20   19   19   19   21   22   24   26   27   27   27   25   24   21   19   18
   16   15   15   15   16   17   18   19   20   22   23   23   23   22   22   23
   22   22   22   22   21   20   20   20   20   19   18   17   15   14   13   12
   12   12   13   15   17   19   22   24   26   28   29   30   31   32   32   33
   33   32   31   31   28   26   24   22   20
    67.5-180.0 180.0   5.0 450.0                            LAT/LON1/LON2/DLON/H
   22   20   18   17   18   19   21   23   24   25   25   24   23   21   19   19
   17   16   17   18   19   21   22   23   24   26   26   27   26   25   24   23
   23   23   22   20   19   17   17   17   16   15   14   13   12   11   11   11
   12   13   15   19   21   25   28   31   33   35   36   38   39   40   40   41
   41   41   40   39   36   33   30   26   22
    65.0-180.0 180.0   5.0 450.0                            LAT/LON1/LON2/DLON/H
   27   23   20   17   17   17   19   20   21   22   23   22   21   20   20   19
   18   18   19   20   21   23   24   25   26   26   27   27   27   26   25   24
   23   22   20   18   16   15   14   13   13   13   12   11   11   10   10   11
   13   15   20   24   28   32   36   39   41   42   43   44   45   46   47   47
   48   48   48   46   44   41   36   32   27
    62.5-180.0 180.0   5.0 450.0                            LAT/LON1/LON2/DLON/H
   33   27   23   19   18   17   18   20   20   21   21   20   20   20   20   19
   19   19   20   21   22   22   22   22   23   24   25   26   26   25   25   25
   23   21   19   17   14   13   12   12   13   13   12   12   11   11   12   13
   17   21   26   31   36   40   44   47   48   49   50   50   50   51   51   52
   53   54   54   54   52   49   44   39   33
    60.0-180.0 180.0   5.0 450.0                            LAT/LON1/LON2/DLON/H
   39   33   28   24   21   20   21   21   21   21   20   20   20   20   21   20
   21   20   20   21   20   19   19   19   20   21   22   24   24   24   25   25
   23   21   19   17   14   12   12   12   14   15   15   15   15   15   16   18
   23   28   33   39   44   49   51   54   55   55   56   56   55   55   55   56
   57   58   59   60   58   56   51   45   39
    57.5-180.0 180.0   5.0 450.0                            LAT/LON1/LON2/DLON/H
   47   41   35   31   28   26   25   25   24   23   22   20   21   21   21   21
   21   21   20   20   18   17   15   16   16   19   20   22   22   23   25   25
   24   23   21   18   16   15   14   15   17   19   21   21   21   21   22   25
   30   36   42   48   53   58   60   61   62   62   61   61   60   59   59   59
   61   62   64   65   64   62   58   53   47
    55.0-180.0 180.0   5.0 450.0                            LAT/LON1/LON2/DLON/H
   54   48   43   39   36   33   32   31   29   27   25   23   22   22   22   23
   22   22   21   19   17   15   14   15   17   20   22   23   24   26   28   28
   28   26   25   22   20   18   18   20   23   25   27   28   28   28   29   32
   37   44   52   58   63   66   68   69   69   69   68   67   66   65   64   65
   65   67   68   70   70   68   65   59   54
    52.5-180.0 180.0   5.0 450.0                            LAT/LON1/LON2/DLON/H
   61   56   51   48   44   42   40   37   35   32   30   27   26   25   25   25
   25   23   23   21   19   17   16   18   20   24   26   28   30   31   33   34
   33   32   30   28   25   24   24   26   29   32   34   36   35   36   37   40
   46   53   60   67   72   74   76   77   78   77   76   75   73   72   71   71
   71   72   74   75   75   73   70   66   61
    50.0-180.0 180.0   5.0 450.0                            LAT/LON1/LON2/DLON/H
   67   63   59   55   53   50   48   45   42   39   37   35   32   31   30   29
   28   27   26   24   23   23   24   25   28   32   35   38   39   40   41   40
   40   38   37   35   32   30   31   33   36   40   42   43   43   44   45   48
   54   62   68   75   79   81   83   84   85   84   84   83   81   80   79   78
   77   78   80   81   81   78   75   70   67
    47.5-180.0 180.0   5.0 450.0                            LAT/LON1/LON2/DLON/H
   71   69   66   63   61   58   55   52   50   48   45   43   41   38   36   35
   34   33   33   32   32   33   36   39   43   46   48   50   51   51   50   48
   47   45   44   42   40   38   38   40   43   47   49   50   50   50   52   56
   62   68   76   82   86   87   89   90   91   91   90   90   89   87   85   85
   84   84   85   86   85   82   79   75   71
    45.0-180.0 180.0   5.0 450.0                            LAT/LON1/LON2/DLON/H
   75   72   70   69   66   63   61   59   57   57   55   53   51   47   44   43
   42   42   43   44   45   48   52   56   59   63   63   64   62   60   58   55
   52   51   50   48   47   46   46   46   50   52   55   56   57   57   59   63
   68   75   81   88   91   93   94   95   97   97   96   95   94   93   91   90
   89   89   89   89   88   85   81   78   75
    42.5-180.0 180.0   5.0 450.0                            LAT/LON1/LON2/DLON/H
   76   74   74   72   69   67   65   63   63   64   64   63   60   57   53   51
   52   54   55   57   60   65   69   74   77   79   78   76   72   66   63   60
   57   56   55   54   53   52   52   52   54   57   59   61   62   64   67   70
   75   81   88   92   95   97   98   99  100  100   99   98   97   95   94   93
   93   94   94   93   91   87   83   79   76
    40.0-180.0 180.0   5.0 450.0                            LAT/LON1/LON2/DLON/H
   78   76   75   73   71   69   67   65   67   69   71   72   70   67   63   62
   62   65   68   71   75   79   84   88   90   91   88   83   77   70   66   63
   60   60   59   59   58   57   57   57   58   61   63   65   68   71   75   78
   83   87   92   95   98   99  101  102  103  102  101   98   97   96   95   96
   97   98   98   96   94   90   84   80   78
    37.5-180.0 180.0   5.0 450.0                            LAT/LON1/LON2/DLON/H
   79   77   76   74   72   69   67   66   68   73   78   79   79   77   73   71
   72   76   79   83   86   90   94   97   98   96   92   86   79   73   68   65
   63   62   62   62   62   61   60   60   62   64   67   70   74   78   82   85
   89   91   94   97   99  100  102  104  105  104  102   99   98   98   99  100
  102  103  103  101   97   92   87   83   79
    35.0-180.0 180.0   5.0 450.0                            LAT/LON1/LON2/DLON/H
   82   79   78   75   72   69   67   66   69   75   81   86   87   85   82   80
   81   85   88   91   94   98  100  101  100   96   91   85   78   73   69   66
   65   64   64   64   64   63   62   62   63   66   70   74   78   83   88   90
   93   94   95   95   98  101  103  105  107  107  105  104  103  104  106  108
  110  111  110  106  102   96   91   86   82
    32.5-180.0 180.0   5.0 450.0                            LAT/LON1/LON2/DLON/H
   87   83   81   77   74   70   68   67   70   76   83   88   91   91   90   88
   88   91   94   97  100  101  102   99   96   91   86   81   76   72   69   66
   66   66   66   66   64   62   61   61   63   67   71   76   81   87   91   93
   94   95   95   95   98  101  104  109  112  113  113  114  114  116  119  122
  125  125  123  117  111  104   98   92   87
    30.0-180.0 180.0   5.0 450.0                            LAT/LON1/LON2/DLON/H
   95   90   85   81   77   73   69   67   69   75   83   89   93   95   94   93
   93   95   97   99  100  100   97   92   88   83   79   75   72   69   68   67
   67   68   67   66   63   60   58   58   60   65   70   76   82   87   91   93
   95   97   97   98  102  105  111  117  120  123  126  130  133  136  140  145
  146  146  143  134  124  116  107  101   95
    27.5-180.0 180.0   5.0 450.0                            LAT/LON1/LON2/DLON/H
  107   99   94   89   84   78   73   69   68   72   80   87   92   94   95   95
   96   97   98   97   96   94   90   85   80   75   71   69   68   68   68   68
   69   68   67   63   59   56   54   54   56   62   67   73   78   84   88   92
   96   99  102  105  109  114  121  128  133  138  145  153  158  164  168  174
  175  173  169  157  145  132  122  115  107
    25.0-180.0 180.0   5.0 450.0                            LAT/LON1/LON2/DLON/H
  124  114  105   99   93   87   81   73   69   70   76   83   87   90   93   94
   95   95   94   93   91   88   83   78   73   68   65   64   66   67   68   68
   68   68   64   60   55   51   48   48   51   57   62   69   74   80   85   91
   96  102  107  112  118  125  133  142  150  158  168  180  189  198  202  207
  207  206  198  183  170  154  142  133  124
    22.5-180.0 180.0   5.0 450.0                            LAT/LON1/LON2/DLON/H
  145  132  121  113  106   99   90   80   73   70   73   77   81   84   87   89
   91   92   90   88   85   81   77   73   69   65   62   62   63   66   67   67
   66   65   61   55   50   46   44   43   46   50   56   63   69   76   82   89
   97  105  113  121  130  139  150  162  172  181  193  208  220  233  237  241
  240  238  227  212  196  178  165  155  145
    20.0-180.0 180.0   5.0 450.0                            LAT/LON1/LON2/DLON/H
  169  156  139  130  122  113  103   91   80   74   73   74   76   78   81   84
   86   87   85   82   79   77   74   72   69   65   62   61   63   65   66   65
   64   61   57   53   47   43   40   39   41   44   50   57   65   72   80   88
   99  110  122  133  145  156  169  181  193  204  217  233  247  258  262  264
  264  263  251  237  218  202  191  180  169
    17.5-180.0 180.0   5.0 450.0                            LAT/LON1/LON2/DLON/H
  194  180  161  148  139  130  117  104   90   81   76   74   74   75   77   81
   82   82   80   77   75   74   74   73   72   68   64   61   61   62   63   62
   61   58   55   50   45   40   38   37   38   40   45   53   62   70   79   89
  103  117  132  146  160  172  185  199  211  222  235  248  261  270  273  274
  274  273  266  253  237  224  211  202  194
    15.0-180.0 180.0   5.0 450.0                            LAT/LON1/LON2/DLON/H
  213  196  179  167  156  145  132  116  101   90   83   79   76   76   77   79
   80   80   77   75   74   75   76   77   77   72   67   63   61   61   60   60
   58   55   52   48   44   41   38   36   36   38   44   52   62   72   82   94
  109  126  142  158  172  185  199  211  222  232  241  253  264  271  272  273
  273  272  268  260  248  236  226  218  213
    12.5-180.0 180.0   5.0 450.0                            LAT/LON1/LON2/DLON/H
  222  208  191  181  171  159  143  127  112   99   92   86   82   80   80   80
   80   80   78   76   75   77   80   82   82   77   70   65   62   60   59   58
   55   52   49   47   45   42   40   38   37   40   46   54   66   77   88  101
  116  133  151  166  181  195  206  216  225  232  239  248  257  263  264  264
  265  265  264  258  250  241  235  229  222
    10.0-180.0 180.0   5.0 450.0                            LAT/LON1/LON2/DLON/H
  227  215  203  194  186  173  156  137  122  109  100   94   90   87   85   84
   83   82   81   80   80   83   86   88   87   82   73   67   63   60   58   57
   54   51   48   48   47   46   43   41   40   43   50   60   72   83   95  108
  123  139  156  170  185  198  207  215  221  226  231  237  245  250  251  251
  253  255  256  255  250  244  239  234  227
     7.5-180.0 180.0   5.0 450.0                            LAT/LON1/LON2/DLON/H
  232  223  213  204  195  183  166  147  132  119  108  103  100   96   93   90
   87   85   85   86   87   89   91   92   90   84   75   68   63   61   59   56
   53   51   50   50   51   51   48   46   44   47   56   66   78   90  102  114
  128  142  156  169  183  195  204  211  216  219  222  228  234  238  240  241
  244  248  251  252  250  247  243  238  232
     5.0-180.0 180.0   5.0 450.0                            LAT/LON1/LON2/DLON/H
  239  232  223  214  203  190  175  156  140  127  117  111  108  104  101   97
   93   90   91   93   95   96   96   95   93   85   77   69   64   62   60   57
   55   54   53   54   55   56   54   50   48   51   60   71   84   97  108  119
  130  141  153  164  177  189  199  207  212  214  217  222  227  232  236  239
  241  246  250  253  253  250  247  244  239
     2.5-180.0 180.0   5.0 450.0                            LAT/LON1/LON2/DLON/H
  248  242  234  224  211  196  180  162  147  134  125  118  114  111  108  104
   99   96   97  101  102  101   99   97   93   85   77   71   66   64   62   59
   58   56   56   57   59   60   58   53   52   54   64   76   89  103  113  123
  131  140  149  159  170  181  192  200  207  210  215  220  226  233  240  243
  245  249  254  258  259  258  256  252  248
