DORISInput/IGSGIM/2024/IGS0OPSFIN_20241300000_01D_02H_GIM.INX
     1.0            IONOSPHERE MAPS     MIX                 IONEX VERSION / TYPE
cmpcmb v1.2          GRL/UWM            28-may-24 16:20     PGM / RUN BY / DATE 
ionex file containing IGS COMBINED Ionosphere maps          COMMENT             
global ionosphere maps for day 130, 2024                    DESCRIPTION         
IONEX file containing the COMBINED IGS TEC MAPS and DCBs    DESCRIPTION         
      IONEX files of the following IAACs were combined: cod DESCRIPTION         
                                                        jpl DESCRIPTION         
                                                        upc DESCRIPTION         
Contact address: Andrzej Krankowski                         DESCRIPTION
                 Geodynamics Research Laboratory            DESCRIPTION
                 University of Warmia and Mazury (GRL/UWM)  DESCRIPTION
                 Oczapowski St. 1                           DESCRIPTION
                 10-957-Olsztyn, POLAND                     DESCRIPTION
                 e-mail:  kand@uwm.edu.pl                   DESCRIPTION
                                                            DESCRIPTION         
  2024     5     9     0     0     0                        EPOCH OF FIRST MAP  
  2024     5    10     0     0     0                        EPOCH OF LAST MAP   
  7200                                                      INTERVAL            
    13                                                      # OF MAPS IN FILE   
  COSZ                                                      MAPPING FUNCTION    
     0.0                                                    ELEVATION CUTOFF    
combined TEC calculated as weighted mean of input TEC valuesOBSERVABLES USED    
   337                                                      # OF STATIONS       
    32                                                      # OF SATELLITES     
  6371.0                                                    BASE RADIUS         
     2                                                      MAP DIMENSION       
   450.0 450.0   0.0                                        HGT1 / HGT2 / DHGT  
    87.5 -87.5  -2.5                                        LAT1 / LAT2 / DLAT  
  -180.0 180.0   5.0                                        LON1 / LON2 / DLON  
    -1                                                      EXPONENT            
TEC values in 0.1 tec units;  9999, if no value available   COMMENT             
DCB values in nanoseconds, reference is Sum_of_SatDCBs = 0  COMMENT             
                                                            END OF HEADER       
[from data line 4290]
    11                                                      START OF TEC MAP    
  2024     5     9    20     0     0                        EPOCH OF CURRENT MAP
    87.5-180.0 180.0   5.0 450.0                            LAT/LON1/LON2/DLON/H
  282  283  283  283  283  284  284  284  284  284  284  284  284  284  284  283
  283  282  281  281  280  279  278  278  277  276  275  275  274  273  272  271
  271  270  268  268  267  267  267  267  267  267  267  268  269  269  271  272
  272  273  274  275  275  276  277  278  278  279  280  281  281  281  281  282
  282  282  282  282  282  282  282  282  282
    85.0-180.0 180.0   5.0 450.0                            LAT/LON1/LON2/DLON/H
  275  276  276  276  277  278  279  281  281  283  284  285  286  287  287  287
  287  287  286  284  282  280  277  276  274  271  269  267  264  262  261  259
  258  257  256  254  254  253  253  252  252  252  253  254  255  256  259  260
  263  265  267  270  271  273  274  275  276  277  278  279  278  278  278  278
  278  278  277  276  276  276  276  275  275
    82.5-180.0 180.0   5.0 450.0                            LAT/LON1/LON2/DLON/H
  264  265  265  267  269  270  273  275  278  279  282  284  286  287  289  289
  289  288  287  286  283  281  277  274  270  266  264  261  259  256  254  251
  249  247  246  244  243  242  241  241  241  242  243  243  245  247  249  252
  254  258  261  264  266  269  270  271  272  272  272  272  271  271  271  270
  270  268  268  267  266  265  264  264  264
    80.0-180.0 180.0   5.0 450.0                            LAT/LON1/LON2/DLON/H
  254  255  255  256  256  258  260  264  268  271  276  281  284  287  289  290
  290  290  288  287  285  281  276  269  265  261  257  253  250  247  245  242
  241  239  237  235  234  233  233  233  233  233  234  235  237  239  242  245
  248  251  255  258  261  264  266  267  269  268  267  266  264  263  262  261
  260  259  258  256  255  253  252  253  254
    77.5-180.0 180.0   5.0 450.0                            LAT/LON1/LON2/DLON/H
  245  246  245  245  246  249  253  257  261  267  273  279  283  287  289  292
  293  292  291  289  284  280  273  270  264  260  256  252  248  245  241  239
  238  235  234  232  230  229  229  228  228  228  229  229  231  232  235  238
  242  245  248  252  255  258  261  263  263  262  261  259  258  256  257  255
  253  251  249  248  246  246  245  246  245
    75.0-180.0 180.0   5.0 450.0                            LAT/LON1/LON2/DLON/H
  243  243  242  241  245  247  251  257  263  268  274  279  283  288  292  292
  292  292  289  286  283  280  273  269  265  260  257  253  250  247  245  242
  238  236  235  235  232  231  230  229  228  228  228  228  228  228  230  232
  235  237  240  245  248  251  254  256  256  255  254  253  253  251  250  248
  247  245  244  243  243  242  243  243  243
    72.5-180.0 180.0   5.0 450.0                            LAT/LON1/LON2/DLON/H
  251  250  249  251  251  255  257  261  267  272  277  283  289  292  293  293
  293  292  289  287  284  280  275  271  267  263  259  256  253  251  249  246
  245  243  240  240  239  238  237  236  234  233  232  230  228  228  227  227
  229  230  233  236  239  241  243  245  246  246  245  245  244  243  242  243
  242  242  242  243  245  246  248  249  251
    70.0-180.0 180.0   5.0 450.0                            LAT/LON1/LON2/DLON/H
  265  266  265  264  264  263  264  267  271  277  284  288  294  296  298  298
  298  296  293  290  286  282  279  275  271  268  265  260  259  256  254  253
  252  250  249  248  247  247  247  246  243  240  237  234  231  228  225  224
  224  223  225  226  228  229  231  232  232  232  232  233  233  233  235  237
  240  243  246  251  254  258  260  264  265
    67.5-180.0 180.0   5.0 450.0                            LAT/LON1/LON2/DLON/H
  284  285  284  281  279  276  275  276  280  286  290  296  302  305  306  305
  305  302  300  295  291  288  287  284  278  276  274  270  267  265  262  261
  260  260  259  258  256  256  255  255  252  248  244  239  234  229  225  221
  219  216  215  215  215  215  215  215  216  217  218  219  221  224  228  233
  241  247  255  263  269  274  278  282  284
    65.0-180.0 180.0   5.0 450.0                            LAT/LON1/LON2/DLON/H
  303  304  302  298  293  290  286  285  288  294  298  305  311  316  315  315
  313  310  308  305  303  300  300  297  293  289  287  283  278  275  272  270
  269  269  266  264  263  263  262  260  257  253  249  242  236  229  222  217
  214  208  205  203  202  200  200  198  199  201  202  206  209  215  222  231
  242  253  266  276  284  291  296  301  303
    62.5-180.0 180.0   5.0 450.0                            LAT/LON1/LON2/DLON/H
  319  320  318  313  307  302  297  294  296  301  308  317  323  327  327  324
  321  319  316  316  315  314  314  312  308  304  299  294  288  286  282  279
  278  276  272  269  268  267  266  263  261  257  251  244  235  227  219  211
  207  200  195  192  189  186  185  184  184  186  190  195  201  209  219  232
  247  264  277  290  298  306  311  315  319
    60.0-180.0 180.0   5.0 450.0                            LAT/LON1/LON2/DLON/H
  331  332  330  326  318  311  306  305  306  312  321  332  337  340  340  336
  331  328  326  325  327  327  327  325  321  316  310  304  300  297  293  290
  287  283  279  276  273  271  269  267  265  260  252  244  234  224  214  206
  201  193  188  183  180  175  173  172  173  177  182  189  197  207  220  236
  253  272  289  301  311  318  322  327  331
    57.5-180.0 180.0   5.0 450.0                            LAT/LON1/LON2/DLON/H
  340  341  340  336  330  322  319  319  322  329  342  350  356  358  355  350
  345  340  337  337  338  338  338  336  331  326  319  314  310  307  305  301
  299  293  289  285  280  277  275  273  269  262  254  244  233  222  213  202
  197  190  184  180  175  169  166  166  167  173  178  186  196  209  226  244
  264  282  299  312  321  327  331  335  340
    55.0-180.0 180.0   5.0 450.0                            LAT/LON1/LON2/DLON/H
  346  347  348  347  341  335  333  337  342  351  363  373  378  379  376  369
  361  355  352  349  349  348  347  345  341  336  328  324  321  320  317  314
  311  306  301  295  290  286  284  281  275  266  257  246  235  224  213  204
  198  190  185  179  173  170  166  166  168  174  179  188  199  214  234  255
  275  296  310  324  332  337  340  341  346
    52.5-180.0 180.0   5.0 450.0                            LAT/LON1/LON2/DLON/H
  351  355  356  355  354  351  351  359  367  379  390  398  403  402  397  390
  381  373  366  362  359  357  355  352  348  344  339  337  335  333  331  329
  326  320  314  307  301  297  294  290  283  274  264  252  240  228  217  207
  202  193  189  184  181  178  176  176  177  180  185  193  205  221  243  266
  287  308  324  336  345  348  349  349  351
    50.0-180.0 180.0   5.0 450.0                            LAT/LON1/LON2/DLON/H
  363  367  367  369  370  370  374  385  397  411  421  428  432  430  424  415
  404  393  382  375  369  365  362  358  355  353  351  352  351  348  346  342
  337  332  325  318  312  308  305  300  293  283  272  259  246  235  222  212
  208  201  197  194  192  191  189  189  188  191  195  201  212  229  251  277
  299  320  339  348  356  360  361  361  363
    47.5-180.0 180.0   5.0 450.0                            LAT/LON1/LON2/DLON/H
  383  385  386  386  389  394  402  414  429  441  452  459  462  459  452  443
  430  415  401  389  380  375  371  368  366  367  367  368  367  363  359  351
  344  339  332  325  322  320  317  311  304  293  280  267  255  243  231  221
  217  212  210  208  206  204  202  201  200  202  204  210  220  235  258  285
  311  333  352  364  370  375  377  379  383
    45.0-180.0 180.0   5.0 450.0                            LAT/LON1/LON2/DLON/H
  406  408  409  410  412  420  431  445  458  473  483  489  491  489  482  472
  455  440  422  407  396  388  384  382  383  384  384  384  381  374  367  357
  348  343  337  333  333  332  329  323  314  303  289  275  264  253  242  235
  232  225  224  223  221  219  215  213  212  211  212  217  227  243  265  294
  324  346  366  380  388  393  399  403  406
    42.5-180.0 180.0   5.0 450.0                            LAT/LON1/LON2/DLON/H
  433  435  436  435  439  446  459  472  488  504  513  515  517  518  513  503
  486  467  446  430  416  407  402  401  402  405  403  399  393  383  373  362
  353  348  345  344  346  346  342  336  326  314  300  286  275  265  256  250
  247  241  241  241  238  234  227  224  222  220  220  223  233  250  272  301
  333  360  380  397  409  416  426  431  433
    40.0-180.0 180.0   5.0 450.0                            LAT/LON1/LON2/DLON/H
  459  461  461  461  463  470  483  497  516  529  539  542  543  545  542  535
  518  498  474  457  442  432  427  426  426  428  425  418  407  394  383  373
  364  360  360  361  365  365  360  352  341  329  315  301  293  281  275  267
  265  261  260  260  256  248  240  232  230  229  229  230  239  257  279  309
  343  373  395  412  428  440  450  456  459
    37.5-180.0 180.0   5.0 450.0                            LAT/LON1/LON2/DLON/H
  480  485  486  485  486  494  506  520  538  552  563  566  570  572  572  567
  552  529  506  490  473  464  457  455  452  452  448  441  427  413  401  391
  386  384  387  389  392  391  386  375  363  350  335  325  318  308  298  288
  286  283  280  281  276  264  252  242  237  237  240  241  249  265  288  317
  353  385  406  423  441  455  467  476  480
    35.0-180.0 180.0   5.0 450.0                            LAT/LON1/LON2/DLON/H
  495  502  507  509  509  517  527  541  560  578  588  595  600  605  605  600
  586  565  540  524  509  500  493  487  481  478  473  466  453  440  431  425
  423  425  426  430  431  428  417  407  395  382  367  360  348  336  324  311
  309  303  301  301  295  282  267  255  247  248  253  255  261  274  296  326
  359  393  415  433  447  460  475  486  495
    32.5-180.0 180.0   5.0 450.0                            LAT/LON1/LON2/DLON/H
  503  515  527  531  533  538  548  564  582  602  615  625  632  639  642  638
  622  600  576  561  546  539  530  518  510  506  497  491  484  475  472  474
  476  478  478  480  477  470  455  444  432  416  406  395  377  361  348  338
  335  326  324  324  317  302  287  273  264  263  267  270  274  285  307  334
  364  395  416  432  445  459  474  489  503
    30.0-180.0 180.0   5.0 450.0                            LAT/LON1/LON2/DLON/H
  506  524  541  550  554  560  572  589  609  630  647  657  665  674  678  675
  661  637  614  596  584  577  566  549  536  530  522  518  520  521  527  534
  538  541  537  536  526  511  492  478  461  446  437  421  400  385  368  358
  355  351  351  349  341  326  310  296  286  284  285  286  289  298  317  339
  367  392  411  426  437  452  469  488  506
    27.5-180.0 180.0   5.0 450.0                            LAT/LON1/LON2/DLON/H
  507  530  553  565  573  581  594  613  637  660  679  691  701  713  716  713
  700  677  651  632  620  612  598  578  559  551  547  551  563  575  590  599
  611  608  601  592  569  542  517  498  479  470  456  439  420  399  382  375
  372  376  378  372  365  349  334  319  308  305  304  304  304  309  320  337
  361  383  401  415  426  441  460  482  507
    25.0-180.0 180.0   5.0 450.0                            LAT/LON1/LON2/DLON/H
  505  536  560  579  590  600  616  637  661  687  710  725  738  752  757  751
  736  714  689  667  653  643  626  605  583  574  575  590  615  635  655  667
  679  669  657  636  605  561  532  498  487  485  468  450  430  403  389  387
  383  392  394  394  383  367  350  334  325  322  321  319  316  316  319  328
  347  369  384  400  414  430  450  474  505
    22.5-180.0 180.0   5.0 450.0                            LAT/LON1/LON2/DLON/H
  499  534  563  585  603  617  634  655  681  708  735  754  775  792  797  795
  775  755  729  703  686  672  655  635  612  603  609  630  667  689  712  724
  726  704  681  639  600  562  526  482  475  487  473  454  428  398  387  390
  388  394  400  401  387  372  354  341  337  334  331  328  322  317  313  314
  327  346  363  382  398  420  442  467  499
    20.0-180.0 180.0   5.0 450.0                            LAT/LON1/LON2/DLON/H
  497  531  562  586  607  627  645  669  695  724  753  778  801  820  829  831
  816  794  768  741  718  701  683  664  644  638  645  668  701  730  748  752
  740  704  661  590  542  520  472  431  442  471  466  446  414  385  377  378
  377  386  389  387  372  359  345  339  338  334  330  326  319  310  301  297
  304  321  346  367  385  411  439  466  497
    17.5-180.0 180.0   5.0 450.0                            LAT/LON1/LON2/DLON/H
  499  530  559  582  604  627  648  672  700  731  762  791  817  838  850  859
  851  831  808  777  749  728  708  692  675  671  679  701  727  751  755  745
  724  670  602  513  451  428  383  365  393  436  442  423  392  363  352  352
  352  362  360  352  342  335  329  328  327  324  319  315  307  296  285  277
  281  297  324  351  377  410  439  470  499
    15.0-180.0 180.0   5.0 450.0                            LAT/LON1/LON2/DLON/H
  507  533  558  580  600  622  644  668  696  728  762  795  825  848  863  878
  876  861  837  804  776  754  735  719  704  702  709  729  747  755  745  720
  681  623  538  447  372  329  302  305  339  384  398  388  357  330  314  312
  314  327  324  316  311  310  308  309  309  308  303  298  287  275  264  254
  256  272  303  337  371  406  442  476  507
    12.5-180.0 180.0   5.0 450.0                            LAT/LON1/LON2/DLON/H
  514  541  563  583  602  619  640  664  691  722  757  793  824  852  867  886
  892  878  854  825  798  776  760  745  732  731  735  746  751  746  726  693
  647  579  494  403  327  277  263  271  300  332  349  343  315  290  275  275
  279  293  292  287  285  287  287  286  289  287  280  273  261  250  240  229
  232  249  283  323  364  405  445  484  514
    10.0-180.0 180.0   5.0 450.0                            LAT/LON1/LON2/DLON/H
  522  550  573  593  611  628  646  665  690  720  753  788  821  847  864  885
  896  887  868  845  818  799  784  771  759  755  755  754  746  731  707  673
  621  554  475  388  314  274  266  273  282  297  314  303  278  260  251  254
  260  270  273  271  270  271  271  268  269  263  253  240  232  224  214  205
  209  229  266  310  357  403  448  489  522
     7.5-180.0 180.0   5.0 450.0                            LAT/LON1/LON2/DLON/H
  529  559  586  608  629  645  661  678  699  725  756  785  813  838  856  875
  890  890  881  863  840  824  810  799  788  778  771  760  741  719  695  666
  621  558  484  407  347  316  312  312  298  300  297  281  264  249  245  252
  259  268  274  274  270  265  261  258  254  244  228  213  205  197  191  185
  189  212  252  300  350  399  448  493  529
     5.0-180.0 180.0   5.0 450.0                            LAT/LON1/LON2/DLON/H
  534  570  601  628  654  672  687  701  719  740  764  788  809  828  845  863
  880  888  886  872  857  846  834  825  813  802  788  766  739  715  695  672
  637  583  522  460  413  389  384  379  355  328  309  294  278  264  266  271
  277  286  290  287  281  269  259  255  247  230  208  190  180  176  174  171
  176  200  244  292  343  392  443  492  534
     2.5-180.0 180.0   5.0 450.0                            LAT/LON1/LON2/DLON/H
  535  577  616  655  683  704  720  732  746  762  779  795  808  819  831  848
  864  873  875  867  861  856  849  842  833  820  799  770  741  720  704  688
  663  618  573  529  507  477  465  446  404  369  349  327  313  307  309  307
  308  315  312  306  290  275  264  255  240  218  193  173  163  161  161  162
  169  196  238  289  338  384  436  487  535
