DORISInput/IGSGIM/2024/IGS0OPSFIN_20241360000_01D_02H_GIM.INX
     1.0            IONOSPHERE MAPS     MIX                 IONEX VERSION / TYPE
cmpcmb v1.2          GRL/UWM            28-may-24 18:25     PGM / RUN BY / DATE 
ionex file containing IGS COMBINED Ionosphere maps          COMMENT             
global ionosphere maps for day 136, 2024                    DESCRIPTION         
IONEX file containing the COMBINED IGS TEC MAPS and DCBs    DESCRIPTION         
      IONEX files of the following IAACs were combined: cod DESCRIPTION         
                                                        jpl DESCRIPTION         
                                                        upc DESCRIPTION         
Contact address: Andrzej Krankowski                         DESCRIPTION
                 Geodynamics Research Laboratory            DESCRIPTION
                 University of Warmia and Mazury (GRL/UWM)  DESCRIPTION
                 Oczapowski St. 1                           DESCRIPTION
                 10-957-Olsztyn, POLAND                     DESCRIPTION
                 e-mail:  kand@uwm.edu.pl                   DESCRIPTION
                                                            DESCRIPTION         
  2024     5    15     0     0     0                        EPOCH OF FIRST MAP  
  2024     5    16     0     0     0                        EPOCH OF LAST MAP   
  7200                                                      INTERVAL            
    13                                                      # OF MAPS IN FILE   
  COSZ                                                      MAPPING FUNCTION    
     0.0                                                    ELEVATION CUTOFF    
combined TEC calculated as weighted mean of input TEC valuesOBSERVABLES USED    
   337                                                      # OF STATIONS       
    32                                                      # OF SATELLITES     
  6371.0                                                    BASE RADIUS         
     2                                                      MAP DIMENSION       
   450.0 450.0   0.0                                        HGT1 / HGT2 / DHGT  
    87.5 -87.5  -2.5                                        LAT1 / LAT2 / DLAT  
  -180.0 180.0   5.0                                        LON1 / LON2 / DLON  
    -1                                                      EXPONENT            
TEC values in 0.1 tec units;  9999, if no value available   COMMENT             
DCB values in nanoseconds, reference is Sum_of_SatDCBs = 0  COMMENT             
                                                            END OF HEADER       
[from data line 2574]
     7                                                      START OF TEC MAP    
  2024     5    15    12     0     0                        EPOCH OF CURRENT MAP
    87.5-180.0 180.0   5.0 450.0                            LAT/LON1/LON2/DLON/H
  290  291  292  293  294  295  296  297  298  299  300  301  302  303  304  305
  305  306  308  308  308  309  308  308  308  308  307  307  306  305  305  304
  303  302  300  300  298  297  296  295  293  292  291  290  289  288  287  286
  286  285  284  284  283  282  282  282  282  281  281  282  282  282  283  283
  283  284  285  286  286  288  288  289  290
    85.0-180.0 180.0   5.0 450.0                            LAT/LON1/LON2/DLON/H
  287  288  289  290  292  293  295  297  299  301  303  305  307  308  310  312
  313  315  317  318  319  320  319  319  319  319  319  318  317  317  315  314
  313  310  308  306  304  302  300  297  295  292  290  288  286  284  283  282
  281  281  280  280  280  280  279  280  279  279  279  279  279  279  280  280
  281  281  282  283  283  284  285  285  287
    82.5-180.0 180.0   5.0 450.0                            LAT/LON1/LON2/DLON/H
  282  283  285  286  288  290  291  293  294  296  298  301  304  306  310  312
  315  317  318  320  322  324  324  324  326  326  325  325  324  324  322  320
  318  316  314  311  309  305  302  298  295  293  290  288  286  285  284  283
  282  282  283  283  283  285  285  286  286  286  287  287  286  286  285  285
  284  283  283  282  282  281  280  281  282
    80.0-180.0 180.0   5.0 450.0                            LAT/LON1/LON2/DLON/H
  279  280  280  281  282  284  286  288  290  292  294  297  299  301  304  306
  308  310  312  313  317  320  320  323  322  321  322  322  321  321  320  320
  318  317  316  314  313  310  309  305  301  297  294  292  290  289  288  288
  288  289  291  293  294  296  298  299  301  302  303  303  302  301  298  297
  294  291  289  286  284  281  281  280  279
    77.5-180.0 180.0   5.0 450.0                            LAT/LON1/LON2/DLON/H
  277  275  275  277  279  280  280  281  281  283  285  288  288  291  292  294
  295  298  300  301  304  303  304  306  310  310  312  314  318  320  321  321
  323  323  323  321  321  320  318  315  310  306  302  299  298  297  297  297
  300  303  306  309  313  316  319  322  324  326  326  326  324  321  317  313
  308  303  298  293  288  285  281  279  277
    75.0-180.0 180.0   5.0 450.0                            LAT/LON1/LON2/DLON/H
  273  272  272  273  272  272  271  270  271  273  271  271  273  274  275  275
  276  278  278  280  281  281  285  286  292  295  300  304  309  314  318  322
  326  329  332  333  332  330  328  324  321  317  312  310  309  309  310  312
  316  320  326  331  336  341  344  347  350  351  351  350  347  343  337  331
  323  315  307  299  292  287  281  276  273
    72.5-180.0 180.0   5.0 450.0                            LAT/LON1/LON2/DLON/H
  264  264  264  263  264  263  261  260  261  261  261  261  259  257  257  257
  259  256  256  256  258  259  263  266  273  280  286  293  299  306  315  321
  326  334  337  341  343  341  338  335  333  328  326  323  323  325  327  331
  335  340  346  352  358  363  367  371  372  373  372  369  365  360  353  344
  335  324  314  303  293  284  275  268  264
    70.0-180.0 180.0   5.0 450.0                            LAT/LON1/LON2/DLON/H
  250  249  251  251  252  251  250  252  254  254  253  250  249  248  246  247
  245  240  237  238  239  240  244  250  258  266  275  285  294  301  310  320
  327  335  343  349  352  352  350  347  345  341  339  336  337  339  341  346
  351  356  362  369  374  378  382  386  387  386  385  381  377  370  361  352
  342  328  316  303  288  275  264  255  250
    67.5-180.0 180.0   5.0 450.0                            LAT/LON1/LON2/DLON/H
  235  234  235  235  235  238  241  246  245  245  243  242  242  240  240  239
  236  231  229  229  227  229  233  242  252  261  273  284  293  302  310  321
  330  338  347  356  361  362  361  359  356  353  349  347  348  349  353  356
  362  367  372  377  381  385  387  389  390  389  387  384  378  370  362  352
  339  327  314  299  282  265  251  241  235
    65.0-180.0 180.0   5.0 450.0                            LAT/LON1/LON2/DLON/H
  224  219  217  217  218  222  228  232  233  234  235  236  238  237  237  236
  234  230  228  227  227  229  235  244  255  267  279  291  300  308  315  325
  335  346  355  362  369  371  370  368  365  362  359  356  356  358  361  364
  368  372  375  378  379  380  381  383  383  382  381  377  372  362  353  343
  332  318  306  293  274  260  242  230  224
    62.5-180.0 180.0   5.0 450.0                            LAT/LON1/LON2/DLON/H
  214  206  201  199  201  203  208  214  219  222  226  231  234  235  235  236
  235  233  230  230  231  235  243  251  261  275  287  300  309  317  325  334
  345  355  363  370  377  380  379  377  376  372  368  367  365  366  368  370
  372  373  374  373  371  371  371  372  373  372  371  366  360  350  340  329
  319  307  296  283  269  254  237  220  214
    60.0-180.0 180.0   5.0 450.0                            LAT/LON1/LON2/DLON/H
  209  197  191  186  185  186  189  195  202  209  214  220  227  233  236  238
  239  238  235  235  237  242  250  259  270  283  295  307  318  328  336  346
  356  366  374  381  385  389  390  389  386  382  379  377  375  374  375  375
  376  374  372  368  364  362  361  363  364  364  362  357  350  340  330  319
  308  299  288  277  264  249  232  215  209
    57.5-180.0 180.0   5.0 450.0                            LAT/LON1/LON2/DLON/H
  210  195  186  179  174  171  170  175  182  191  198  207  218  228  235  240
  242  242  242  242  244  248  256  265  277  291  303  317  327  338  347  359
  369  379  388  395  400  402  404  403  401  396  393  389  385  384  383  383
  381  378  373  368  361  357  357  359  361  362  361  355  348  338  327  317
  306  297  287  276  263  246  231  216  210
    55.0-180.0 180.0   5.0 450.0                            LAT/LON1/LON2/DLON/H
  214  200  188  178  169  162  158  158  162  170  181  190  205  219  230  238
  243  245  245  245  246  252  260  270  284  297  310  324  337  346  358  372
  383  395  405  411  417  419  421  420  417  413  409  404  399  398  396  394
  390  384  378  373  366  362  361  363  367  370  369  364  356  346  335  324
  312  302  294  282  269  252  236  221  214
    52.5-180.0 180.0   5.0 450.0                            LAT/LON1/LON2/DLON/H
  226  210  196  182  170  158  150  147  148  154  162  174  189  207  221  232
  240  243  244  244  246  252  262  274  289  304  318  332  345  357  371  387
  402  414  425  431  435  439  441  441  438  434  430  421  417  413  411  407
  402  394  388  382  378  375  375  378  383  386  385  381  372  362  350  338
  328  318  310  298  281  264  248  234  226
    50.0-180.0 180.0   5.0 450.0                            LAT/LON1/LON2/DLON/H
  238  220  206  191  176  161  150  142  141  145  151  162  177  194  210  224
  233  239  242  243  246  253  264  279  296  313  327  341  355  368  386  403
  419  435  447  454  458  463  464  465  463  460  453  446  438  435  427  423
  419  412  403  397  393  393  394  397  401  403  403  399  390  380  367  355
  348  340  330  317  298  279  262  247  238
    47.5-180.0 180.0   5.0 450.0                            LAT/LON1/LON2/DLON/H
  250  233  217  200  183  167  153  144  141  143  147  157  170  185  202  217
  228  235  240  243  246  255  268  286  306  325  341  354  367  383  401  423
  441  458  469  477  484  489  492  491  491  488  480  472  464  457  450  445
  439  432  423  417  414  414  414  416  417  418  416  411  403  395  384  373
  366  360  349  333  314  295  276  260  250
    45.0-180.0 180.0   5.0 450.0                            LAT/LON1/LON2/DLON/H
  262  244  228  211  193  175  159  149  145  145  147  155  168  182  200  214
  227  235  241  246  250  261  275  295  317  340  357  371  382  398  418  441
  462  482  495  503  511  517  521  523  520  518  508  500  491  482  475  472
  463  455  448  442  438  437  434  433  430  427  422  416  409  402  396  388
  379  373  362  346  326  308  289  272  262
    42.5-180.0 180.0   5.0 450.0                            LAT/LON1/LON2/DLON/H
  272  253  237  220  203  183  168  158  153  152  152  159  171  184  199  215
  229  239  248  254  260  272  287  308  332  359  378  390  399  413  436  462
  485  507  521  531  541  547  549  552  552  550  544  533  522  513  506  500
  491  481  474  469  465  460  453  447  439  430  421  413  407  403  399  393
  386  377  366  352  333  314  297  281  272
    40.0-180.0 180.0   5.0 450.0                            LAT/LON1/LON2/DLON/H
  279  262  246  229  210  192  178  170  165  163  163  167  177  189  203  219
  233  246  258  266  275  286  301  324  350  378  400  412  420  431  456  482
  506  530  549  561  572  578  581  584  585  583  578  567  560  549  543  533
  522  514  504  501  495  487  476  464  450  433  420  410  404  403  400  395
  386  376  364  350  333  316  300  288  279
    37.5-180.0 180.0   5.0 450.0                            LAT/LON1/LON2/DLON/H
  283  269  253  237  221  204  191  183  178  175  175  178  187  198  211  225
  239  255  269  281  291  303  319  342  368  395  417  430  442  455  475  499
  526  553  576  592  603  610  616  617  620  619  614  607  602  595  583  573
  563  551  542  539  532  520  506  491  471  448  433  420  412  409  405  399
  388  374  359  346  332  319  305  291  283
    35.0-180.0 180.0   5.0 450.0                            LAT/LON1/LON2/DLON/H
  296  276  260  246  232  217  204  196  191  189  188  190  198  207  217  230
  246  265  283  298  311  324  339  361  385  410  432  447  457  470  492  519
  546  574  599  621  635  643  649  653  655  656  652  651  644  640  629  622
  609  598  589  586  578  566  553  535  511  484  465  447  434  426  417  408
  395  379  361  345  334  324  313  303  296
    32.5-180.0 180.0   5.0 450.0                            LAT/LON1/LON2/DLON/H
  311  289  272  258  244  229  217  208  202  200  198  202  207  214  222  236
  254  274  296  315  332  346  360  379  400  424  446  461  470  482  506  534
  564  594  622  646  663  675  681  687  692  696  695  696  691  688  680  673
  665  657  649  646  640  627  616  600  576  547  519  495  475  459  443  428
  412  394  374  356  343  334  328  320  311
    30.0-180.0 180.0   5.0 450.0                            LAT/LON1/LON2/DLON/H
  333  311  291  275  259  244  230  220  212  208  207  211  216  222  228  240
  256  279  306  333  353  367  379  393  411  433  454  468  479  494  516  547
  580  613  644  671  691  708  716  722  726  734  737  739  739  733  732  730
  728  726  722  721  718  704  697  682  656  625  592  559  531  506  482  460
  440  418  396  374  360  353  350  344  333
    27.5-180.0 180.0   5.0 450.0                            LAT/LON1/LON2/DLON/H
  360  339  318  297  277  261  245  230  219  214  216  221  224  229  235  242
  256  281  312  344  369  384  395  405  419  438  457  474  490  508  532  563
  598  633  665  695  719  743  752  758  761  769  772  774  772  775  779  789
  796  804  810  802  801  790  788  774  745  712  671  628  592  560  527  499
  471  446  424  402  387  380  379  374  360
    25.0-180.0 180.0   5.0 450.0                            LAT/LON1/LON2/DLON/H
  392  368  346  322  300  280  260  242  228  224  230  232  233  235  237  240
  255  280  314  348  377  395  406  414  426  442  460  482  503  526  553  584
  619  653  687  719  746  769  787  789  786  791  793  794  798  810  820  846
  868  887  897  894  887  875  873  860  828  787  742  690  646  607  569  535
  498  470  451  432  417  411  411  408  392
    22.5-180.0 180.0   5.0 450.0                            LAT/LON1/LON2/DLON/H
  419  398  371  346  320  296  275  254  241  239  245  245  243  243  238  237
  250  276  311  347  378  398  412  420  432  449  469  494  521  548  581  614
  648  679  708  736  762  786  805  804  795  800  802  804  820  840  858  893
  927  950  968  964  951  939  928  910  872  824  773  720  672  628  588  556
  520  491  470  453  443  437  437  436  419
    20.0-180.0 180.0   5.0 450.0                            LAT/LON1/LON2/DLON/H
  441  418  396  367  338  311  288  270  258  260  259  257  253  250  240  234
  242  268  303  340  372  393  410  422  439  461  485  513  543  580  616  649
  681  708  731  754  777  797  812  807  794  800  808  817  838  861  886  914
  950  984  998  983  962  948  928  902  861  808  749  696  648  604  569  542
  521  497  477  461  457  454  456  456  441
    17.5-180.0 180.0   5.0 450.0                            LAT/LON1/LON2/DLON/H
  455  427  414  388  352  319  293  276  268  273  273  269  264  256  241  231
  238  258  292  327  360  384  404  423  447  475  503  535  571  617  657  687
  714  737  756  774  795  809  818  813  805  811  822  832  852  875  900  922
  951  979  980  954  929  910  884  852  809  750  686  634  587  549  522  501
  492  480  469  459  455  458  467  466  455
    15.0-180.0 180.0   5.0 450.0                            LAT/LON1/LON2/DLON/H
  450  430  425  407  365  323  292  275  272  279  285  283  276  261  242  226
  229  245  276  310  344  370  395  424  457  490  524  560  601  650  690  720
  743  763  780  799  819  829  833  829  823  828  839  848  863  881  901  920
  939  947  933  903  876  855  826  786  736  671  610  557  522  493  474  459
  451  446  444  440  442  448  456  455  450
    12.5-180.0 180.0   5.0 450.0                            LAT/LON1/LON2/DLON/H
  434  430  430  416  369  321  288  270  271  281  290  292  285  264  241  221
  217  229  257  289  323  354  389  427  467  508  548  589  633  680  718  744
  764  785  807  829  846  856  861  851  841  844  853  861  870  881  895  906
  912  904  880  849  823  804  776  728  669  599  544  502  475  454  440  424
  415  410  412  413  419  425  432  434  434
    10.0-180.0 180.0   5.0 450.0                            LAT/LON1/LON2/DLON/H
  414  420  421  409  366  319  284  267  268  281  290  295  286  265  239  217
  209  217  241  272  306  342  385  432  480  529  573  619  664  709  743  767
  789  808  832  856  877  887  889  880  867  866  869  872  875  880  887  885
  880  862  837  808  785  770  746  695  630  561  511  481  467  453  437  412
  398  389  390  394  400  406  411  413  414
     7.5-180.0 180.0   5.0 450.0                            LAT/LON1/LON2/DLON/H
  400  403  406  396  362  319  284  266  264  274  285  289  282  263  237  213
  204  211  233  264  298  337  386  441  498  551  599  647  690  733  767  787
  808  830  857  884  906  917  915  907  899  892  885  880  878  877  877  867
  855  834  814  793  774  762  739  692  630  564  518  502  502  497  475  445
  414  396  394  400  402  404  404  401  400
     5.0-180.0 180.0   5.0 450.0                            LAT/LON1/LON2/DLON/H
  396  392  390  382  355  316  282  264  261  268  275  278  274  258  233  211
  202  209  231  262  297  339  392  456  520  575  623  669  711  751  783  798
  815  840  871  903  925  933  931  928  927  909  892  881  873  869  868  859
  845  830  815  801  792  783  762  722  661  602  564  559  575  581  549  510
  468  437  430  431  432  429  417  404  396
     2.5-180.0 180.0   5.0 450.0                            LAT/LON1/LON2/DLON/H
  406  388  377  364  342  310  279  262  255  259  263  264  261  248  227  208
  201  207  229  262  300  348  406  473  538  595  641  684  722  759  785  795
  809  834  865  898  922  932  933  929  925  907  885  870  859  855  857  854
  847  838  831  826  821  818  806  766  715  666  635  637  675  681  648  591
  537  497  479  474  481  476  450  424  406
