DORISInput/IGSGIM/2024/IGS0OPSFIN_20241520000_01D_02H_GIM.INX
     1.0            IONOSPHERE MAPS     MIX                 IONEX VERSION / TYPE
cmpcmb v1.2          GRL/UWM            12-jun-24 16:27     PGM / RUN BY / DATE 
ionex file containing IGS COMBINED Ionosphere maps          COMMENT             
global ionosphere maps for day 152, 2024                    DESCRIPTION         
IONEX file containing the COMBINED IGS TEC MAPS and DCBs    DESCRIPTION         
      IONEX files of the following IAACs were combined: cod DESCRIPTION         
                                                        jpl DESCRIPTION         
                                                        upc DESCRIPTION         
Contact address: Andrzej Krankowski                         DESCRIPTION
                 Geodynamics Research Laboratory            DESCRIPTION
                 University of Warmia and Mazury (GRL/UWM)  DESCRIPTION
                 Oczapowski St. 1                           DESCRIPTION
                 10-957-Olsztyn, POLAND                     DESCRIPTION
                 e-mail:  kand@uwm.edu.pl                   DESCRIPTION
                                                            DESCRIPTION         
  2024     5    31     0     0     0                        EPOCH OF FIRST MAP  
  2024     6     1     0     0     0                        EPOCH OF LAST MAP   
  7200                                                      INTERVAL            
    13                                                      # OF MAPS IN FILE   
  COSZ                                                      MAPPING FUNCTION    
     0.0                                                    ELEVATION CUTOFF    
combined TEC calculated as weighted mean of input TEC valuesOBSERVABLES USED    
   334                                                      # OF STATIONS       
    32                                                      # OF SATELLITES     
  6371.0                                                    BASE RADIUS         
     2                                                      MAP DIMENSION       
   450.0 450.0   0.0                                        HGT1 / HGT2 / DHGT  
    87.5 -87.5  -2.5                                        LAT1 / LAT2 / DLAT  
  -180.0 180.0   5.0                                        LON1 / LON2 / DLON  
    -1                                                      EXPONENT            
TEC values in 0.1 tec units;  9999, if no value available   COMMENT             
DCB values in nanoseconds, reference is Sum_of_SatDCBs = 0  COMMENT             
                                                            END OF HEADER       
[from data line 4719]
    12                                                      START OF TEC MAP    
  2024     5    31    22     0     0                        EPOCH OF CURRENT MAP
    87.5-180.0 180.0   5.0 450.0                            LAT/LON1/LON2/DLON/H
  156  157  157  159  160  160  161  162  162  163  163  164  164  165  165  166
  166  166  165  165  165  164  164  164  162  161  160  159  157  155  154  152
  150  149  147  145  144  143  142  141  139  138  138  137  136  136  136  136
  136  136  136  137  137  137  139  139  141  141  143  144  145  145  146  147
  148  149  150  151  152  153  154  155  156
    85.0-180.0 180.0   5.0 450.0                            LAT/LON1/LON2/DLON/H
  161  163  165  167  168  170  172  174  175  177  178  179  179  180  181  180
  180  179  178  178  178  179  179  178  177  175  172  167  165  162  158  156
  153  150  147  144  141  139  137  135  133  132  130  129  128  128  128  127
  127  128  129  130  131  133  135  138  139  141  144  145  146  148  149  150
  151  152  153  155  155  156  158  160  161
    82.5-180.0 180.0   5.0 450.0                            LAT/LON1/LON2/DLON/H
  167  170  172  175  177  180  181  184  186  188  191  193  194  196  197  198
  198  198  196  194  191  190  192  194  189  185  181  179  175  170  167  162
  159  154  151  146  143  138  135  132  130  127  126  124  123  123  123  124
  125  126  128  130  133  136  139  142  145  148  151  153  154  155  156  157
  158  159  161  161  162  163  165  166  167
    80.0-180.0 180.0   5.0 450.0                            LAT/LON1/LON2/DLON/H
  171  173  176  179  183  185  187  188  190  194  198  202  204  207  209  210
  212  214  214  215  214  206  201  203  197  194  192  189  185  182  178  174
  171  166  162  158  153  146  142  136  132  129  127  125  124  124  125  126
  128  130  132  135  138  142  146  150  155  159  161  163  164  165  166  167
  168  168  167  168  168  168  168  169  171
    77.5-180.0 180.0   5.0 450.0                            LAT/LON1/LON2/DLON/H
  171  174  179  183  186  187  189  192  199  204  208  212  216  217  219  220
  220  221  222  216  213  213  209  209  203  200  196  193  190  185  181  177
  172  168  164  160  157  154  149  144  139  135  134  131  131  130  131  132
  134  137  140  142  146  150  154  159  164  168  171  173  174  176  176  176
  176  176  174  174  172  171  170  170  171
    75.0-180.0 180.0   5.0 450.0                            LAT/LON1/LON2/DLON/H
  172  175  180  184  188  191  196  204  210  215  220  223  224  224  226  227
  224  221  219  218  215  212  209  207  205  202  198  194  191  187  182  178
  174  171  168  166  162  159  156  152  147  143  141  139  139  139  139  141
  142  145  148  150  154  158  162  166  171  175  178  181  183  184  184  185
  185  183  181  178  176  174  171  170  172
    72.5-180.0 180.0   5.0 450.0                            LAT/LON1/LON2/DLON/H
  175  177  181  185  190  196  203  211  219  225  229  232  236  235  232  226
  223  221  218  215  212  211  206  204  201  198  195  192  188  186  182  178
  175  174  171  168  167  166  163  160  156  152  150  148  147  148  148  150
  151  152  155  158  160  163  167  171  175  178  183  186  188  190  192  192
  192  189  187  185  181  178  177  174  175
    70.0-180.0 180.0   5.0 450.0                            LAT/LON1/LON2/DLON/H
  180  180  183  188  194  201  210  218  226  232  239  243  242  238  235  231
  226  222  217  214  211  209  203  201  199  195  191  189  185  183  180  178
  175  173  172  170  169  169  169  166  163  160  159  156  156  156  156  157
  158  158  159  161  163  165  167  172  176  180  185  188  192  196  198  199
  199  197  196  193  191  188  185  182  180
    67.5-180.0 180.0   5.0 450.0                            LAT/LON1/LON2/DLON/H
  189  188  188  193  199  207  215  223  231  237  243  247  247  245  241  236
  231  225  222  217  213  210  203  201  198  194  192  188  185  183  181  178
  175  173  171  170  168  168  169  167  166  163  162  161  160  159  159  160
  160  159  158  159  160  163  165  169  174  179  185  190  195  200  204  207
  208  207  206  205  202  199  195  192  189
    65.0-180.0 180.0   5.0 450.0                            LAT/LON1/LON2/DLON/H
  200  198  198  201  205  212  219  227  233  240  245  250  251  250  246  243
  238  234  230  225  219  214  209  206  202  197  195  193  190  189  186  182
  178  175  172  169  169  168  167  164  162  161  159  158  157  157  156  157
  156  155  153  153  155  156  160  163  170  176  184  191  199  205  210  214
  217  218  218  217  215  212  208  203  200
    62.5-180.0 180.0   5.0 450.0                            LAT/LON1/LON2/DLON/H
  213  210  210  211  214  218  223  229  234  239  244  249  252  254  254  250
  249  245  242  235  229  224  220  216  212  208  205  205  202  200  197  191
  186  180  176  170  168  168  166  163  160  158  156  153  152  150  149  150
  149  148  146  146  148  150  153  158  167  175  184  193  202  210  216  222
  226  229  231  231  230  226  221  217  213
    60.0-180.0 180.0   5.0 450.0                            LAT/LON1/LON2/DLON/H
  228  225  223  223  224  225  227  230  233  238  242  247  252  256  258  257
  257  255  253  247  241  238  235  231  228  224  221  221  217  214  209  202
  194  187  181  176  172  169  167  163  160  157  155  150  146  145  144  144
  143  141  141  141  142  144  149  156  165  176  189  200  210  218  225  231
  235  240  244  246  244  240  236  232  228
    57.5-180.0 180.0   5.0 450.0                            LAT/LON1/LON2/DLON/H
  244  242  239  238  236  235  234  233  234  237  240  246  251  256  258  261
  262  262  261  258  255  253  250  248  245  243  238  235  233  229  224  215
  205  196  189  183  178  174  171  167  163  159  157  150  146  144  142  140
  139  138  138  137  138  141  146  156  168  183  200  212  223  229  236  241
  244  249  253  256  255  253  251  247  244
    55.0-180.0 180.0   5.0 450.0                            LAT/LON1/LON2/DLON/H
  257  254  253  251  249  246  244  242  240  241  243  247  252  256  260  262
  264  265  265  265  265  264  263  261  259  257  251  249  246  242  236  227
  216  206  198  192  187  183  178  175  171  166  162  156  151  147  143  140
  139  137  135  135  137  142  149  162  176  195  215  229  240  246  249  251
  252  255  259  262  263  261  261  258  257
    52.5-180.0 180.0   5.0 450.0                            LAT/LON1/LON2/DLON/H
  265  265  264  265  263  261  258  256  253  250  250  251  254  258  260  264
  265  265  265  267  269  270  270  270  267  265  261  261  259  250  244  234
  225  215  207  201  195  192  188  185  181  177  174  165  159  153  149  146
  144  141  138  138  142  149  159  173  191  214  235  250  261  265  264  262
  259  258  262  264  267  267  267  266  265
    50.0-180.0 180.0   5.0 450.0                            LAT/LON1/LON2/DLON/H
  272  271  272  274  277  275  274  275  272  267  263  261  262  262  263  265
  266  267  267  269  271  274  276  276  275  272  270  271  269  256  249  240
  230  221  213  208  204  201  200  198  194  189  185  176  168  160  157  154
  152  150  149  148  152  159  171  189  209  234  257  272  282  284  278  271
  264  261  263  266  270  272  273  271  272
    47.5-180.0 180.0   5.0 450.0                            LAT/LON1/LON2/DLON/H
  276  277  279  283  288  290  292  295  293  288  282  277  273  270  269  270
  270  270  270  272  275  279  283  284  283  282  279  279  275  264  254  243
  233  226  219  214  212  212  212  211  208  203  197  185  175  169  165  162
  160  161  162  162  166  173  186  204  225  249  273  288  298  296  288  279
  271  265  265  268  272  275  276  276  276
    45.0-180.0 180.0   5.0 450.0                            LAT/LON1/LON2/DLON/H
  281  283  287  292  300  304  307  315  317  313  306  296  288  283  280  278
  278  278  278  279  282  286  290  292  292  291  289  286  281  269  258  249
  238  230  224  221  221  223  225  225  222  214  207  194  184  177  174  172
  172  176  178  180  183  189  198  216  236  260  282  297  306  303  296  287
  278  271  270  271  276  280  282  281  281
    42.5-180.0 180.0   5.0 450.0                            LAT/LON1/LON2/DLON/H
  291  293  296  302  310  318  322  332  337  336  330  320  307  298  292  292
  292  292  291  291  293  297  302  303  301  300  298  294  287  275  263  253
  243  237  231  230  233  237  240  239  235  225  216  203  194  187  185  186
  188  194  197  200  201  203  209  223  243  266  288  305  314  313  306  297
  288  282  280  280  284  289  291  291  291
    40.0-180.0 180.0   5.0 450.0                            LAT/LON1/LON2/DLON/H
  307  309  312  316  324  333  339  349  356  358  354  343  330  317  310  310
  311  312  310  308  309  312  317  319  316  312  308  301  293  280  267  257
  250  245  242  244  249  254  256  255  249  239  229  214  207  203  201  204
  208  215  218  218  214  212  215  225  242  265  290  308  319  323  319  311
  303  296  294  293  298  303  306  307  307
    37.5-180.0 180.0   5.0 450.0                            LAT/LON1/LON2/DLON/H
  331  332  335  338  342  350  357  366  375  382  380  369  353  340  331  331
  333  334  332  329  328  330  335  338  337  329  320  310  299  285  270  262
  257  256  257  261  267  272  273  271  264  253  243  231  228  223  223  226
  230  233  235  232  225  218  218  223  237  259  285  307  322  331  332  327
  321  315  311  310  316  321  326  329  331
    35.0-180.0 180.0   5.0 450.0                            LAT/LON1/LON2/DLON/H
  361  364  369  368  368  371  378  387  398  408  411  399  382  367  355  352
  356  358  356  352  349  349  357  360  360  350  338  326  309  290  275  267
  266  268  273  278  284  289  288  285  278  267  260  254  252  247  246  248
  249  248  247  242  233  224  220  221  232  252  277  301  321  335  341  342
  340  334  331  329  334  341  348  355  361
    32.5-180.0 180.0   5.0 450.0                            LAT/LON1/LON2/DLON/H
  394  402  409  406  402  401  407  418  431  444  449  437  418  399  382  379
  380  382  379  374  369  369  377  382  383  372  359  341  320  297  280  273
  274  279  285  293  299  301  300  296  291  283  280  279  277  274  270  269
  266  263  258  250  240  230  222  221  227  244  268  294  316  336  348  353
  354  351  350  348  353  360  371  385  394
    30.0-180.0 180.0   5.0 450.0                            LAT/LON1/LON2/DLON/H
  430  449  454  450  443  440  444  454  470  486  493  481  462  436  416  409
  408  407  401  393  387  388  397  404  405  389  373  354  329  304  285  276
  279  286  293  298  302  305  304  303  300  299  299  298  298  297  291  286
  280  274  267  259  247  235  227  222  224  237  258  283  309  334  350  359
  364  365  364  361  366  375  392  416  430
    27.5-180.0 180.0   5.0 450.0                            LAT/LON1/LON2/DLON/H
  465  487  498  498  492  486  489  496  510  529  541  530  514  486  457  447
  442  436  424  413  405  407  416  423  421  401  382  365  336  306  286  274
  276  286  292  294  298  300  302  305  304  306  311  310  312  310  304  298
  292  283  274  265  251  238  228  220  218  227  244  270  300  327  347  359
  367  371  371  370  376  385  406  438  465
    25.0-180.0 180.0   5.0 450.0                            LAT/LON1/LON2/DLON/H
  488  519  536  545  542  538  535  541  553  576  590  588  574  545  508  492
  480  471  454  438  427  427  434  440  430  413  394  376  340  304  280  265
  266  277  284  283  282  286  293  299  300  301  306  308  311  309  305  300
  294  283  274  263  249  236  225  215  210  214  229  254  287  318  343  358
  367  372  374  375  381  392  415  451  488
    22.5-180.0 180.0   5.0 450.0                            LAT/LON1/LON2/DLON/H
  499  535  562  578  584  585  584  592  602  624  644  648  635  609  570  547
  527  514  490  468  454  448  450  451  439  426  406  378  335  293  266  251
  255  263  268  267  262  269  280  285  284  284  288  290  293  294  290  285
  279  269  261  251  238  228  216  205  198  199  213  241  277  310  339  357
  367  374  377  380  385  397  420  460  499
    20.0-180.0 180.0   5.0 450.0                            LAT/LON1/LON2/DLON/H
  503  539  571  595  611  620  625  635  648  669  696  703  692  669  635  608
  584  561  531  504  485  470  465  463  449  431  403  368  320  278  250  240
  249  252  249  241  240  252  264  265  262  260  260  261  262  264  261  255
  250  243  236  232  223  215  204  193  186  187  201  229  266  305  334  355
  368  377  383  387  393  405  429  462  503
    17.5-180.0 180.0   5.0 450.0                            LAT/LON1/LON2/DLON/H
  504  540  571  599  623  640  653  667  682  705  734  747  742  726  696  670
  643  614  577  545  518  495  489  481  457  425  392  349  301  263  241  239
  245  241  237  222  220  236  249  249  241  234  229  226  224  228  225  220
  215  213  210  209  206  200  193  184  177  177  190  219  256  298  332  357
  373  385  392  400  407  419  439  471  504
    15.0-180.0 180.0   5.0 450.0                            LAT/LON1/LON2/DLON/H
  510  541  572  600  627  651  670  686  704  729  759  776  778  768  754  731
  703  669  627  587  553  521  507  493  459  418  379  333  285  253  237  239
  241  236  236  221  223  239  245  240  227  213  202  191  190  192  190  188
  184  184  186  188  188  186  184  178  170  168  182  210  249  293  333  363
  382  396  407  418  427  439  456  481  510
    12.5-180.0 180.0   5.0 450.0                            LAT/LON1/LON2/DLON/H
  523  548  575  603  629  655  678  696  717  743  770  791  797  797  793  781
  756  722  674  628  581  543  515  490  453  412  368  319  279  252  237  242
  247  245  242  236  248  260  256  244  228  205  188  169  171  169  165  162
  158  160  165  170  173  176  178  173  165  163  173  201  242  289  332  366
  390  408  422  435  449  462  478  499  523
    10.0-180.0 180.0   5.0 450.0                            LAT/LON1/LON2/DLON/H
  542  563  584  610  635  658  680  700  721  747  774  793  799  804  811  811
  796  766  716  663  607  559  519  482  442  403  360  317  282  257  247  258
  268  266  261  262  274  286  279  260  242  214  194  170  165  160  154  148
  141  143  151  159  163  168  171  170  162  157  165  191  231  282  328  366
  395  418  433  450  464  482  500  524  542
     7.5-180.0 180.0   5.0 450.0                            LAT/LON1/LON2/DLON/H
  567  583  600  623  645  666  684  703  722  746  769  782  787  795  807  817
  814  791  743  683  623  567  519  477  435  396  358  321  289  268  271  287
  295  295  290  290  303  314  309  284  270  242  219  184  178  170  161  152
  141  141  148  153  156  162  168  166  158  151  156  178  219  272  324  364
  398  420  435  453  475  499  521  548  567
     5.0-180.0 180.0   5.0 450.0                            LAT/LON1/LON2/DLON/H
  591  607  626  644  664  680  695  710  726  745  761  767  767  773  788  805
  810  792  751  690  629  568  517  474  432  393  360  329  301  287  311  329
  323  324  322  324  336  347  348  324  300  265  240  216  207  194  186  176
  159  155  155  157  158  161  165  160  151  142  146  168  207  261  318  363
  394  418  433  449  475  507  539  567  591
     2.5-180.0 180.0   5.0 450.0                            LAT/LON1/LON2/DLON/H
  612  634  654  673  690  704  714  723  735  748  754  750  745  743  758  774
  785  772  737  682  621  562  510  469  430  394  365  337  313  301  328  349
  337  336  334  348  362  376  400  376  333  288  265  253  241  229  227  216
  195  184  173  170  164  161  158  150  141  132  136  158  198  251  309  357
  388  407  422  436  463  505  547  579  612
