DORISInput/IGSGIM/2024/IGS0OPSFIN_20241390000_01D_02H_GIM.INX
     1.0            IONOSPHERE MAPS     MIX                 IONEX VERSION / TYPE
cmpcmb v1.2          GRL/UWM            28-may-24 18:42     PGM / RUN BY / DATE 
ionex file containing IGS COMBINED Ionosphere maps          COMMENT             
global ionosphere maps for day 139, 2024                    DESCRIPTION         
IONEX file containing the COMBINED IGS TEC MAPS and DCBs    DESCRIPTION         
      IONEX files of the following IAACs were combined: cod DESCRIPTION         
                                                        jpl DESCRIPTION         
                                                        upc DESCRIPTION         
Contact address: Andrzej Krankowski                         DESCRIPTION
                 Geodynamics Research Laboratory            DESCRIPTION
                 University of Warmia and Mazury (GRL/UWM)  DESCRIPTION
                 Oczapowski St. 1                           DESCRIPTION
                 10-957-Olsztyn, POLAND                     DESCRIPTION
                 e-mail:  kand@uwm.edu.pl                   DESCRIPTION
                                                            DESCRIPTION         
  2024     5    18     0     0     0                        EPOCH OF FIRST MAP  
  2024     5    19     0     0     0                        EPOCH OF LAST MAP   
  7200                                                      INTERVAL            
    13                                                      # OF MAPS IN FILE   
  COSZ                                                      MAPPING FUNCTION    
     0.0                                                    ELEVATION CUTOFF    
combined TEC calculated as weighted mean of input TEC valuesOBSERVABLES USED    
   335                                                      # OF STATIONS       
    32                                                      # OF SATELLITES     
  6371.0                                                    BASE RADIUS         
     2                                                      MAP DIMENSION       
   450.0 450.0   0.0                                        HGT1 / HGT2 / DHGT  
    87.5 -87.5  -2.5                                        LAT1 / LAT2 / DLAT  
  -180.0 180.0   5.0                                        LON1 / LON2 / DLON  
    -1                                                      EXPONENT            
TEC values in 0.1 tec units;  9999, if no value available   COMMENT             
DCB values in nanoseconds, reference is Sum_of_SatDCBs = 0  COMMENT             
                                                            END OF HEADER       
[from data line 3003]
     8                                                      START OF TEC MAP    
  2024     5    18    14     0     0                        EPOCH OF CURRENT MAP
    87.5-180.0 180.0   5.0 450.0                            LAT/LON1/LON2/DLON/H
  197  198  199  200  200  202  203  204  205  206  207  208  209  210  210  211
  211  211  211  212  212  212  211  211  210  209  209  208  207  206  205  204
  203  202  201  201  200  199  198  198  197  197  196  196  196  195  195  194
  194  194  194  194  193  193  193  193  193  193  192  192  192  193  193  193
  193  193  194  194  194  195  195  196  197
    85.0-180.0 180.0   5.0 450.0                            LAT/LON1/LON2/DLON/H
  198  199  201  202  204  206  208  210  212  214  216  218  220  222  224  226
  227  229  229  229  229  228  227  225  223  221  219  216  215  213  211  208
  206  204  202  200  198  196  196  195  194  194  194  195  195  196  196  197
  197  197  197  197  197  197  196  196  196  196  196  196  196  195  195  195
  195  194  194  194  195  195  196  197  198
    82.5-180.0 180.0   5.0 450.0                            LAT/LON1/LON2/DLON/H
  196  194  195  195  197  199  201  204  207  209  214  217  223  225  230  233
  236  238  240  241  242  242  239  236  233  231  229  228  224  221  218  215
  211  209  206  203  201  199  197  196  196  196  197  198  200  202  204  206
  207  209  210  211  211  211  211  210  210  209  209  208  208  206  205  204
  202  201  200  199  199  198  197  197  196
    80.0-180.0 180.0   5.0 450.0                            LAT/LON1/LON2/DLON/H
  191  190  189  190  191  193  197  200  205  209  214  219  222  226  230  233
  237  240  242  243  244  248  246  241  241  238  236  233  229  225  221  217
  214  210  206  204  201  200  199  199  200  201  203  206  209  212  217  221
  224  227  229  231  233  233  234  233  233  232  230  229  227  224  222  219
  216  214  211  208  205  201  196  192  191
    77.5-180.0 180.0   5.0 450.0                            LAT/LON1/LON2/DLON/H
  191  188  188  188  188  188  189  192  193  195  199  205  211  216  221  224
  226  231  234  233  237  240  246  235  239  239  237  233  229  226  223  220
  217  214  211  208  205  204  203  203  205  207  210  214  220  226  234  240
  245  250  254  257  260  261  262  260  259  256  255  252  249  246  241  237
  233  228  223  219  213  206  199  194  191
    75.0-180.0 180.0   5.0 450.0                            LAT/LON1/LON2/DLON/H
  193  188  186  184  179  176  176  177  181  185  189  192  195  199  201  204
  208  212  217  223  226  229  235  233  232  235  235  234  231  229  228  226
  224  222  219  216  214  212  211  211  212  214  218  223  230  238  247  256
  264  271  277  281  285  286  286  286  283  279  276  273  269  263  258  252
  246  241  235  227  220  212  204  198  193
    72.5-180.0 180.0   5.0 450.0                            LAT/LON1/LON2/DLON/H
  195  189  184  179  173  170  170  172  173  175  177  179  180  184  185  186
  188  194  199  203  208  213  220  223  225  229  234  234  234  234  232  232
  233  231  229  227  226  223  221  220  220  221  225  231  238  247  257  267
  277  286  293  297  301  303  302  301  298  293  288  284  279  272  265  259
  254  248  242  234  226  218  210  202  195
    70.0-180.0 180.0   5.0 450.0                            LAT/LON1/LON2/DLON/H
  195  188  183  177  172  169  169  169  170  170  170  169  170  171  171  172
  174  177  181  185  190  198  204  209  213  219  226  231  234  236  238  240
  241  242  242  241  238  235  233  231  229  229  233  238  246  254  263  274
  283  292  299  303  305  307  306  302  298  293  288  282  276  267  261  256
  251  246  241  234  227  219  210  201  195
    67.5-180.0 180.0   5.0 450.0                            LAT/LON1/LON2/DLON/H
  192  186  182  177  173  171  170  168  169  169  168  166  165  165  165  166
  167  169  170  175  182  187  193  199  205  211  217  223  228  233  237  241
  245  248  250  251  250  247  244  241  239  238  241  246  252  259  267  274
  283  290  295  298  299  298  295  291  285  280  274  268  261  254  247  242
  238  235  232  225  219  213  206  198  192
    65.0-180.0 180.0   5.0 450.0                            LAT/LON1/LON2/DLON/H
  186  184  181  178  176  175  173  172  173  172  170  168  166  165  166  166
  166  168  169  174  179  185  190  196  202  206  210  214  219  225  229  236
  243  248  253  256  257  255  251  248  247  247  249  254  259  264  270  275
  280  284  286  285  284  282  277  272  266  260  253  247  239  232  227  222
  219  216  215  210  207  199  195  190  186
    62.5-180.0 180.0   5.0 450.0                            LAT/LON1/LON2/DLON/H
  177  178  179  180  180  182  181  180  179  177  175  174  172  170  170  170
  169  171  174  177  181  187  192  198  202  204  205  207  211  215  221  229
  237  245  252  256  257  257  254  253  254  255  258  262  267  272  277  278
  280  279  277  274  269  266  259  255  248  241  234  226  218  211  204  201
  197  194  196  192  188  183  179  176  177
    60.0-180.0 180.0   5.0 450.0                            LAT/LON1/LON2/DLON/H
  164  168  173  177  183  186  187  187  185  183  182  181  179  178  177  176
  175  177  179  181  185  190  194  199  202  202  202  202  205  209  214  223
  232  240  248  252  254  255  256  257  260  263  267  272  278  282  286  285
  284  280  275  269  263  258  251  246  239  233  224  215  206  199  190  186
  182  181  183  178  174  168  165  164  164
    57.5-180.0 180.0   5.0 450.0                            LAT/LON1/LON2/DLON/H
  153  155  160  167  176  184  189  191  191  190  190  191  188  187  186  183
  182  182  184  185  188  191  195  198  200  199  199  199  200  204  210  219
  227  236  244  248  252  254  257  261  265  271  277  285  290  296  299  298
  293  287  280  272  266  262  256  250  244  236  228  219  209  199  189  182
  177  173  174  170  166  160  156  153  153
    55.0-180.0 180.0   5.0 450.0                            LAT/LON1/LON2/DLON/H
  147  146  149  157  166  176  184  188  193  196  198  200  200  198  194  190
  187  186  185  185  188  191  194  197  198  199  199  200  201  205  212  220
  228  235  242  247  251  255  260  265  273  280  289  299  306  313  315  314
  309  301  292  284  279  276  273  268  262  256  249  240  228  216  204  193
  186  179  179  173  166  159  154  148  147
    52.5-180.0 180.0   5.0 450.0                            LAT/LON1/LON2/DLON/H
  145  143  144  149  157  166  174  181  187  194  201  205  206  204  198  193
  189  185  184  184  186  189  193  198  200  202  204  205  207  211  218  225
  232  238  245  251  255  261  266  273  282  292  304  315  324  332  335  333
  327  320  312  305  301  300  299  296  293  288  281  272  260  244  231  217
  207  198  195  185  176  166  158  150  145
    50.0-180.0 180.0   5.0 450.0                            LAT/LON1/LON2/DLON/H
  150  145  143  145  151  158  166  172  179  189  199  206  208  207  201  195
  189  186  184  184  186  190  197  202  207  211  213  215  217  222  228  235
  241  247  253  259  263  269  276  285  294  306  321  333  345  352  355  354
  351  344  337  333  330  328  327  325  323  319  313  305  294  279  263  247
  233  224  218  204  194  182  169  158  150
    47.5-180.0 180.0   5.0 450.0                            LAT/LON1/LON2/DLON/H
  159  152  146  145  148  152  158  166  174  186  197  205  209  208  203  197
  193  191  190  191  195  201  209  216  221  226  227  230  233  238  242  248
  253  259  265  269  275  281  289  296  307  322  336  350  363  372  375  377
  375  370  365  361  358  354  351  348  345  342  336  330  321  309  294  276
  261  250  242  228  215  202  187  171  159
    45.0-180.0 180.0   5.0 450.0                            LAT/LON1/LON2/DLON/H
  174  163  154  148  148  148  152  159  172  186  200  210  214  214  209  205
  204  205  208  212  217  224  233  239  244  248  247  249  252  256  260  265
  269  275  279  283  289  295  302  311  323  338  353  368  381  390  396  399
  397  395  388  383  379  372  365  358  354  349  343  339  335  326  312  298
  284  272  264  251  238  223  208  190  174
    42.5-180.0 180.0   5.0 450.0                            LAT/LON1/LON2/DLON/H
  192  178  165  157  151  149  149  156  171  188  205  221  226  226  222  223
  226  233  241  249  256  262  270  274  277  276  272  272  273  278  280  284
  286  291  296  299  304  310  318  326  339  354  369  386  401  411  417  420
  418  415  407  400  390  379  368  357  348  341  336  335  334  329  319  308
  299  289  282  270  258  245  227  210  192
    40.0-180.0 180.0   5.0 450.0                            LAT/LON1/LON2/DLON/H
  210  194  179  168  159  154  151  158  174  194  215  233  244  245  247  252
  260  276  288  301  310  315  320  321  317  310  300  297  298  300  303  306
  308  310  311  315  320  327  333  344  356  372  387  405  422  433  438  441
  439  435  425  413  398  383  367  353  338  329  324  326  328  326  320  311
  305  298  292  280  273  264  248  229  210
    37.5-180.0 180.0   5.0 450.0                            LAT/LON1/LON2/DLON/H
  227  209  193  182  170  161  157  162  179  204  230  250  264  272  278  289
  307  329  347  365  373  377  378  374  363  349  333  325  326  326  329  334
  333  331  331  332  337  343  351  363  377  393  411  428  446  455  464  467
  465  458  445  430  412  392  371  354  337  328  325  326  328  328  325  317
  312  306  299  289  283  277  265  248  227
    35.0-180.0 180.0   5.0 450.0                            LAT/LON1/LON2/DLON/H
  243  226  210  197  183  171  165  170  186  214  245  270  288  301  314  331
  357  387  410  431  438  440  437  427  409  389  370  360  358  356  361  360
  361  356  353  352  357  365  373  386  402  418  436  454  471  484  495  500
  499  494  475  459  439  417  395  377  361  352  349  347  346  344  340  333
  329  321  312  301  293  286  277  261  243
    32.5-180.0 180.0   5.0 450.0                            LAT/LON1/LON2/DLON/H
  258  242  227  214  200  187  178  179  194  222  257  287  312  334  352  380
  408  442  472  492  499  497  491  479  454  434  413  401  396  394  397  392
  391  388  381  381  386  392  402  417  435  447  466  489  507  524  533  543
  544  538  523  506  486  468  448  433  419  409  402  397  388  380  372  365
  357  346  333  320  311  300  287  273  258
    30.0-180.0 180.0   5.0 450.0                            LAT/LON1/LON2/DLON/H
  271  260  246  233  219  205  194  191  202  227  265  300  332  363  391  423
  455  493  526  544  549  544  537  526  498  486  469  452  443  439  436  431
  432  430  423  421  422  426  437  452  470  488  503  530  552  571  584  594
  600  599  587  574  558  544  527  518  504  491  481  472  457  441  425  415
  400  383  364  344  328  315  300  286  271
    27.5-180.0 180.0   5.0 450.0                            LAT/LON1/LON2/DLON/H
  284  273  263  252  239  225  213  206  211  231  268  310  349  386  422  458
  495  532  565  584  587  582  578  570  545  539  530  515  500  491  495  490
  488  486  477  475  473  472  482  498  516  534  550  578  602  625  647  663
  670  676  668  660  647  635  625  616  603  589  575  562  542  515  490  475
  450  426  400  370  347  329  313  298  284
    25.0-180.0 180.0   5.0 450.0                            LAT/LON1/LON2/DLON/H
  294  286  276  269  258  245  232  222  222  238  272  314  358  401  445  488
  522  558  588  609  613  612  615  610  597  596  594  584  566  560  563  559
  560  556  546  540  538  537  537  553  572  589  607  635  655  684  716  736
  749  762  757  754  744  720  716  712  700  686  672  653  624  591  558  536
  503  470  440  396  368  344  323  306  294
    22.5-180.0 180.0   5.0 450.0                            LAT/LON1/LON2/DLON/H
  297  290  283  278  272  262  249  238  233  244  273  315  362  412  460  503
  541  574  599  619  626  634  641  643  647  655  659  659  648  642  645  639
  645  635  637  618  610  601  601  618  637  645  665  697  723  749  786  810
  828  843  845  828  812  785  776  766  755  743  733  706  671  644  609  583
  548  510  479  420  382  352  328  306  297
    20.0-180.0 180.0   5.0 450.0                            LAT/LON1/LON2/DLON/H
  293  286  281  279  277  272  262  251  242  248  273  313  363  418  467  510
  550  578  601  620  632  645  656  669  689  706  719  730  734  729  728  722
  728  725  720  696  676  663  662  680  696  708  733  767  795  817  853  877
  892  899  891  864  825  788  760  737  728  722  717  700  674  643  620  591
  558  523  494  432  388  353  324  304  293
    17.5-180.0 180.0   5.0 450.0                            LAT/LON1/LON2/DLON/H
  290  279  274  273  273  272  268  260  250  251  271  310  359  419  470  514
  550  575  598  617  633  652  670  692  723  752  772  794  805  806  808  801
  804  801  786  762  738  723  725  737  755  774  800  833  859  878  906  921
  926  917  892  844  780  731  686  654  644  644  648  645  632  611  592  562
  534  503  480  433  392  356  328  305  290
    15.0-180.0 180.0   5.0 450.0                            LAT/LON1/LON2/DLON/H
  295  276  270  265  264  264  262  259  251  251  267  304  357  416  471  515
  547  570  592  613  633  657  683  713  750  789  820  842  859  866  873  868
  863  848  829  807  783  772  778  789  805  828  854  884  904  916  930  936
  933  911  860  787  711  651  598  560  550  554  566  576  577  570  551  525
  500  472  456  429  398  367  339  317  295
    12.5-180.0 180.0   5.0 450.0                            LAT/LON1/LON2/DLON/H
  307  282  270  260  253  254  256  255  248  250  266  300  352  413  471  516
  546  565  586  608  633  658  690  729  772  817  854  881  898  908  912  911
  900  882  860  836  815  807  817  830  846  869  898  920  931  936  935  935
  921  883  814  727  647  582  524  484  473  478  497  520  533  531  517  488
  460  441  432  422  407  385  358  333  307
    10.0-180.0 180.0   5.0 450.0                            LAT/LON1/LON2/DLON/H
  323  294  276  261  250  249  251  250  245  247  263  297  348  409  469  516
  547  566  585  607  634  660  694  740  789  837  875  905  923  929  929  931
  922  902  879  852  834  832  840  853  869  893  920  934  942  942  935  927
  904  855  777  691  611  547  495  455  440  446  470  504  524  520  501  469
  438  423  417  423  420  407  382  354  323
     7.5-180.0 180.0   5.0 450.0                            LAT/LON1/LON2/DLON/H
  347  313  288  270  260  255  253  251  247  249  263  294  342  403  464  513
  548  571  593  616  641  669  705  750  801  850  889  918  934  936  933  934
  927  906  881  854  840  838  844  857  878  900  920  931  939  937  929  918
  892  842  766  686  615  560  519  485  467  471  497  531  551  543  521  487
  449  433  426  438  442  434  407  382  347
     5.0-180.0 180.0   5.0 450.0                            LAT/LON1/LON2/DLON/H
  375  341  313  292  283  274  266  261  256  255  266  292  338  398  461  513
  551  581  603  626  652  681  718  761  812  862  900  926  937  934  929  927
  919  898  871  847  834  831  836  849  868  888  907  920  927  927  924  911
  890  844  776  711  659  619  588  564  549  545  568  594  604  594  570  532
  491  471  460  462  469  463  441  411  375
     2.5-180.0 180.0   5.0 450.0                            LAT/LON1/LON2/DLON/H
  405  372  338  318  307  298  286  279  271  267  273  298  338  398  462  518
  559  591  615  640  666  694  731  774  824  870  906  929  936  930  922  916
  905  883  855  831  818  815  819  832  849  867  886  901  908  914  919  913
  896  854  799  755  723  704  685  675  664  655  666  677  672  661  636  590
  552  527  513  497  497  491  471  439  405
