DORISInput/IGSGIM/2024/IGS0OPSFIN_20241400000_01D_02H_GIM.INX
     1.0            IONOSPHERE MAPS     MIX                 IONEX VERSION / TYPE
cmpcmb v1.2          GRL/UWM             5-jun-24 16:17     PGM / RUN BY / DATE 
ionex file containing IGS COMBINED Ionosphere maps          COMMENT             
global ionosphere maps for day 140, 2024                    DESCRIPTION         
IONEX file containing the COMBINED IGS TEC MAPS and DCBs    DESCRIPTION         
      IONEX files of the following IAACs were combined: cod DESCRIPTION         
                                                        jpl DESCRIPTION         
                                                        upc DESCRIPTION         
Contact address: Andrzej Krankowski                         DESCRIPTION
                 Geodynamics Research Laboratory            DESCRIPTION
                 University of Warmia and Mazury (GRL/UWM)  DESCRIPTION
                 Oczapowski St. 1                           DESCRIPTION
                 10-957-Olsztyn, POLAND                     DESCRIPTION
                 e-mail:  kand@uwm.edu.pl                   DESCRIPTION
                                                            DESCRIPTION         
  2024     5    19     0     0     0                        EPOCH OF FIRST MAP  
  2024     5    20     0     0     0                        EPOCH OF LAST MAP   
  7200                                                      INTERVAL            
    13                                                      # OF MAPS IN FILE   
  COSZ                                                      MAPPING FUNCTION    
     0.0                                                    ELEVATION CUTOFF    
combined TEC calculated as weighted mean of input TEC valuesOBSERVABLES USED    
   336                                                      # OF STATIONS       
    32                                                      # OF SATELLITES     
  6371.0                                                    BASE RADIUS         
     2                                                      MAP DIMENSION       
   450.0 450.0   0.0                                        HGT1 / HGT2 / DHGT  
    87.5 -87.5  -2.5                                        LAT1 / LAT2 / DLAT  
  -180.0 180.0   5.0                                        LON1 / LON2 / DLON  
    -1                                                      EXPONENT            
TEC values in 0.1 tec units;  9999, if no value available   COMMENT             
DCB values in nanoseconds, reference is Sum_of_SatDCBs = 0  COMMENT             
                                                            END OF HEADER       
[from data line 3432]
     9                                                      START OF TEC MAP    
  2024     5    19    16     0     0                        EPOCH OF CURRENT MAP
    87.5-180.0 180.0   5.0 450.0                            LAT/LON1/LON2/DLON/H
  277  278  279  280  281  282  283  283  284  284  285  285  285  285  285  284
  284  283  282  281  280  278  276  275  274  272  271  270  269  268  267  266
  267  265  265  265  265  264  264  264  265  265  266  266  267  267  268  268
  269  269  269  271  271  271  271  271  272  271  272  271  272  272  272  272
  272  272  272  273  273  274  275  276  277
    85.0-180.0 180.0   5.0 450.0                            LAT/LON1/LON2/DLON/H
  267  269  272  275  278  281  284  287  290  291  293  294  294  294  293  292
  290  287  285  283  280  277  273  270  268  266  264  261  259  257  255  253
  251  250  249  248  248  248  248  249  250  250  252  253  255  258  261  263
  265  267  269  270  271  272  272  271  271  270  269  268  267  265  264  263
  262  261  261  262  262  262  264  265  267
    82.5-180.0 180.0   5.0 450.0                            LAT/LON1/LON2/DLON/H
  248  253  258  263  269  275  282  287  292  296  300  302  303  303  301  300
  295  290  285  279  274  269  265  262  259  254  248  243  240  236  232  229
  227  225  224  225  225  227  228  230  232  235  239  244  247  251  255  259
  263  267  270  272  274  276  276  276  274  272  268  265  262  257  254  251
  248  246  244  243  242  242  243  245  248
    80.0-180.0 180.0   5.0 450.0                            LAT/LON1/LON2/DLON/H
  227  232  238  246  255  265  272  280  287  292  298  303  304  304  301  299
  294  288  282  276  270  261  256  250  244  239  235  231  226  221  216  213
  210  207  205  204  205  206  210  213  218  222  228  235  242  249  255  260
  266  271  275  278  280  283  284  283  280  276  270  264  258  251  245  239
  235  231  227  223  221  220  221  224  227
    77.5-180.0 180.0   5.0 450.0                            LAT/LON1/LON2/DLON/H
  209  213  220  227  236  245  254  264  276  286  294  300  302  303  298  292
  287  282  275  270  265  255  248  242  239  234  231  226  221  218  215  212
  209  206  204  201  200  200  201  204  209  215  222  230  238  248  256  264
  271  277  283  287  289  290  291  290  287  281  273  265  257  249  241  233
  227  221  215  211  206  204  204  205  209
    75.0-180.0 180.0   5.0 450.0                            LAT/LON1/LON2/DLON/H
  195  200  204  210  218  229  241  257  271  280  286  292  293  290  286  282
  278  274  271  262  257  251  247  244  241  240  240  237  232  231  228  225
  221  218  214  211  209  206  205  205  209  214  221  229  239  248  258  266
  274  281  287  292  295  296  297  294  290  283  275  266  257  248  240  231
  223  217  210  204  197  194  192  193  195
    72.5-180.0 180.0   5.0 450.0                            LAT/LON1/LON2/DLON/H
  190  193  196  201  210  221  235  250  260  267  276  280  282  280  278  277
  272  267  263  260  255  253  253  254  256  256  259  260  259  259  255  253
  247  242  237  231  226  222  219  218  220  223  229  237  244  252  261  269
  276  282  287  291  294  295  295  292  288  281  273  264  255  246  238  229
  222  217  210  203  198  193  190  189  190
    70.0-180.0 180.0   5.0 450.0                            LAT/LON1/LON2/DLON/H
  194  194  196  200  209  218  229  239  249  257  264  270  271  269  268  263
  260  258  258  257  256  258  264  271  279  285  288  292  296  291  291  289
  284  277  270  264  255  247  244  242  240  241  247  252  258  263  268  274
  278  281  284  287  288  289  288  285  280  273  265  255  246  237  230  225
  220  216  213  207  204  199  196  194  194
    67.5-180.0 180.0   5.0 450.0                            LAT/LON1/LON2/DLON/H
  201  200  200  204  210  217  225  232  239  247  254  258  257  257  255  252
  249  251  251  251  257  264  276  290  305  316  323  328  331  331  331  330
  323  317  311  300  291  282  275  270  268  270  272  273  277  279  281  280
  282  281  282  281  280  280  277  273  267  260  250  240  233  224  219  216
  214  214  213  212  211  208  205  202  201
    65.0-180.0 180.0   5.0 450.0                            LAT/LON1/LON2/DLON/H
  207  207  208  211  215  220  224  228  233  238  242  245  246  245  244  243
  242  244  245  249  259  270  287  303  321  336  346  352  355  358  362  360
  358  354  347  337  327  316  308  301  300  300  302  301  302  300  297  292
  288  284  281  277  273  270  265  259  252  243  232  222  215  207  203  202
  203  205  208  210  210  209  208  206  207
    62.5-180.0 180.0   5.0 450.0                            LAT/LON1/LON2/DLON/H
  207  210  216  220  224  228  229  230  231  232  234  236  238  239  240  239
  240  241  244  250  261  274  292  309  326  339  351  356  363  369  376  380
  380  378  372  366  357  347  337  333  332  330  331  330  326  322  316  306
  299  291  282  276  267  262  254  248  238  229  218  205  198  190  186  185
  187  191  194  197  198  199  201  203  207
    60.0-180.0 180.0   5.0 450.0                            LAT/LON1/LON2/DLON/H
  199  208  218  226  232  236  238  236  233  232  232  234  237  239  242  242
  242  243  247  252  262  275  290  305  321  332  343  350  360  369  378  387
  391  391  388  383  378  369  363  360  359  359  358  355  350  342  333  322
  310  300  291  281  271  262  253  242  231  221  210  200  192  180  174  172
  172  174  176  177  179  182  185  191  199
    57.5-180.0 180.0   5.0 450.0                            LAT/LON1/LON2/DLON/H
  185  198  210  224  235  242  243  241  237  235  235  237  240  244  246  247
  247  247  249  252  260  270  283  296  309  319  330  339  350  363  374  385
  393  398  398  396  393  389  384  382  381  380  379  377  369  361  349  337
  324  314  303  293  283  271  259  245  233  224  213  203  195  180  172  167
  163  161  160  159  159  160  166  174  185
    55.0-180.0 180.0   5.0 450.0                            LAT/LON1/LON2/DLON/H
  171  186  203  220  233  243  246  244  241  239  239  241  245  250  253  254
  252  250  250  250  254  261  271  282  292  303  315  325  340  357  370  384
  396  403  405  405  403  401  399  398  398  398  398  396  388  379  365  353
  340  329  320  311  299  285  273  258  247  237  227  217  209  194  184  174
  166  159  153  148  144  145  149  159  171
    52.5-180.0 180.0   5.0 450.0                            LAT/LON1/LON2/DLON/H
  164  179  197  215  231  243  247  247  245  243  242  245  251  257  260  261
  257  253  249  247  248  251  258  267  276  290  303  317  333  353  370  387
  401  409  413  414  413  412  411  412  412  414  415  412  405  395  383  369
  357  345  336  327  315  303  289  275  266  257  248  241  233  219  206  192
  180  168  158  150  143  141  144  151  164
    50.0-180.0 180.0   5.0 450.0                            LAT/LON1/LON2/DLON/H
  164  178  196  215  232  246  251  252  250  246  246  250  257  264  268  269
  265  258  252  247  244  244  249  256  267  282  298  315  333  357  376  394
  407  417  422  425  424  424  424  425  427  429  429  426  419  409  397  383
  370  358  350  341  329  317  304  291  282  276  272  267  261  246  232  216
  200  186  174  162  154  150  150  154  164
    47.5-180.0 180.0   5.0 450.0                            LAT/LON1/LON2/DLON/H
  173  182  198  216  235  251  259  260  255  251  251  256  265  273  279  280
  275  268  259  251  245  244  248  254  266  282  300  319  340  363  386  406
  419  429  434  437  437  438  440  440  442  443  441  437  430  421  406  392
  378  368  358  348  338  326  313  301  295  292  290  288  283  269  257  240
  223  208  194  182  174  168  166  167  173
    45.0-180.0 180.0   5.0 450.0                            LAT/LON1/LON2/DLON/H
  186  193  204  220  240  258  268  269  264  259  257  262  274  285  293  295
  290  282  271  262  256  254  257  263  275  292  312  333  354  378  400  420
  433  444  451  454  456  458  459  460  460  459  455  449  442  430  414  399
  384  372  360  349  338  326  313  305  300  300  300  298  296  283  272  260
  244  229  217  205  197  190  187  185  186
    42.5-180.0 180.0   5.0 450.0                            LAT/LON1/LON2/DLON/H
  201  203  211  225  246  265  277  280  276  271  269  275  287  301  311  314
  310  302  290  281  275  273  278  285  296  312  332  357  378  398  420  438
  451  465  473  477  482  484  486  485  484  480  473  465  455  441  424  409
  391  376  360  347  334  321  309  303  300  300  300  299  296  287  279  271
  259  245  234  224  217  211  206  203  201
    40.0-180.0 180.0   5.0 450.0                            LAT/LON1/LON2/DLON/H
  212  210  215  229  250  272  289  294  292  288  286  292  308  324  335  340
  337  329  317  309  303  303  310  318  328  341  359  384  405  423  444  461
  475  490  501  511  517  521  520  519  517  508  500  487  475  459  440  421
  401  381  364  348  332  318  309  304  302  302  300  296  293  287  281  276
  267  255  245  236  230  225  221  217  212
    37.5-180.0 180.0   5.0 450.0                            LAT/LON1/LON2/DLON/H
  218  213  216  229  252  279  300  310  311  311  311  319  336  354  367  374
  371  364  352  344  341  343  352  358  365  376  390  414  434  452  472  490
  509  528  546  555  563  567  567  564  557  545  532  516  504  483  464  441
  419  396  376  359  341  328  320  317  316  314  310  305  300  294  289  283
  276  265  255  243  237  231  228  224  218
    35.0-180.0 180.0   5.0 450.0                            LAT/LON1/LON2/DLON/H
  218  213  214  227  254  283  312  328  333  338  343  355  372  392  406  416
  415  407  395  390  389  392  399  403  408  416  425  447  468  486  508  528
  555  580  601  611  622  627  628  618  608  590  572  558  542  521  500  474
  453  429  406  387  370  357  351  351  351  347  342  335  327  318  311  304
  296  283  269  253  241  233  229  225  218
    32.5-180.0 180.0   5.0 450.0                            LAT/LON1/LON2/DLON/H
  217  211  212  226  253  289  324  346  358  368  380  394  412  434  452  462
  463  457  446  443  445  448  452  452  451  457  465  485  508  533  557  581
  614  644  665  685  694  691  690  684  668  648  624  611  589  567  539  514
  493  469  448  432  422  411  408  410  412  407  399  390  379  365  356  346
  331  312  293  269  250  236  229  224  217
    30.0-180.0 180.0   5.0 450.0                            LAT/LON1/LON2/DLON/H
  218  211  212  225  254  293  333  362  381  398  415  431  453  477  498  513
  513  510  503  501  504  507  506  500  495  497  507  529  554  583  614  649
  685  721  745  765  772  765  759  750  729  706  681  662  634  606  573  552
  532  512  498  493  490  484  485  492  494  489  478  467  453  437  425  410
  385  358  331  297  269  246  233  225  218
    27.5-180.0 180.0   5.0 450.0                            LAT/LON1/LON2/DLON/H
  225  216  213  225  255  296  340  375  400  424  446  467  493  519  540  556
  561  562  555  557  563  565  558  544  535  539  551  577  608  642  683  718
  763  805  828  848  849  839  820  805  786  756  731  711  676  644  611  588
  572  563  558  562  569  562  570  581  583  577  566  552  538  520  503  482
  450  418  382  337  301  268  248  235  225
    25.0-180.0 180.0   5.0 450.0                            LAT/LON1/LON2/DLON/H
  239  226  219  227  256  299  342  382  415  446  471  499  525  551  574  591
  597  605  605  609  616  617  603  584  574  581  599  633  670  711  753  789
  843  884  905  921  913  896  869  843  824  789  767  763  733  677  647  628
  620  619  620  631  638  635  645  657  658  651  639  624  612  592  572  549
  513  478  436  381  341  301  272  253  239
    22.5-180.0 180.0   5.0 450.0                            LAT/LON1/LON2/DLON/H
  259  240  227  228  250  292  338  382  421  458  490  520  548  574  596  614
  623  637  643  652  658  657  644  623  613  621  646  693  737  778  820  859
  905  938  965  969  948  927  902  865  843  816  797  793  775  712  676  660
  654  654  663  666  672  670  677  690  696  687  674  663  654  635  615  592
  556  524  479  427  378  334  303  279  259
    20.0-180.0 180.0   5.0 450.0                            LAT/LON1/LON2/DLON/H
  283  257  237  229  243  279  326  373  416  458  498  529  557  585  607  627
  642  656  668  682  690  688  677  657  647  660  691  744  797  836  875  907
  942  967  986  981  946  920  898  868  853  842  830  814  790  731  689  662
  647  640  649  654  646  642  643  656  667  663  659  656  651  638  618  593
  562  530  494  451  405  364  333  308  283
    17.5-180.0 180.0   5.0 450.0                            LAT/LON1/LON2/DLON/H
  304  272  245  230  235  264  309  356  404  449  493  526  555  583  607  630
  648  664  681  699  710  709  701  685  681  701  738  792  847  884  911  930
  952  965  976  958  911  878  863  846  852  857  847  821  785  726  672  626
  593  585  582  578  567  565  562  575  590  602  609  615  612  595  576  545
  516  485  464  441  415  383  357  334  304
    15.0-180.0 180.0   5.0 450.0                            LAT/LON1/LON2/DLON/H
  319  283  250  229  228  252  289  337  387  434  477  516  546  572  600  625
  644  663  684  706  719  722  718  710  716  740  782  831  878  912  923  934
  944  944  945  922  877  842  827  825  841  851  843  816  768  698  623  568
  520  500  494  484  475  473  470  483  507  532  550  557  556  536  512  468
  443  420  411  406  401  384  372  351  319
    12.5-180.0 180.0   5.0 450.0                            LAT/LON1/LON2/DLON/H
  325  288  252  228  220  236  273  318  367  416  461  499  531  560  589  616
  637  658  683  708  724  732  732  733  747  776  820  864  900  920  918  919
  920  918  916  892  854  820  808  813  827  835  830  796  744  659  573  502
  447  422  415  405  397  396  394  412  441  473  500  507  504  485  451  404
  373  357  355  358  367  369  371  357  325
    10.0-180.0 180.0   5.0 450.0                            LAT/LON1/LON2/DLON/H
  321  287  255  229  216  226  257  301  347  397  443  484  519  551  582  609
  632  657  683  710  728  741  748  758  776  810  851  888  915  921  911  901
  899  899  898  879  847  818  806  810  819  824  815  779  710  622  537  460
  404  379  372  368  362  360  363  385  419  450  479  490  482  450  413  362
  319  305  302  313  328  342  355  350  321
     7.5-180.0 180.0   5.0 450.0                            LAT/LON1/LON2/DLON/H
  314  284  254  229  216  223  250  290  335  384  431  475  514  549  581  609
  635  661  688  715  737  753  768  784  808  843  879  908  925  922  906  890
  886  891  892  881  858  836  823  822  824  827  812  767  692  607  526  456
  409  390  389  393  388  385  393  414  448  474  494  499  487  446  401  348
  299  277  272  281  295  312  330  331  314
     5.0-180.0 180.0   5.0 450.0                            LAT/LON1/LON2/DLON/H
  295  273  247  225  215  224  250  287  331  379  428  474  517  555  588  618
  644  672  700  727  748  768  789  810  839  874  906  926  934  926  912  894
  893  901  909  907  893  874  854  846  846  843  820  771  696  618  547  498
  465  461  467  472  465  465  472  491  519  535  538  532  515  471  417  363
  311  277  264  266  276  289  303  304  295
     2.5-180.0 180.0   5.0 450.0                            LAT/LON1/LON2/DLON/H
  267  249  231  216  212  223  252  291  334  380  431  481  526  568  605  636
  659  687  714  740  762  787  812  839  871  902  928  944  945  937  926  914
  916  926  939  948  939  918  892  880  873  859  831  783  715  647  599  575
  566  575  590  579  578  567  568  582  599  605  594  575  556  516  459  398
  346  297  274  268  267  269  274  276  267
