DORISInput/IGSGIM/2024/IGS0OPSFIN_20241410000_01D_02H_GIM.INX
     1.0            IONOSPHERE MAPS     MIX                 IONEX VERSION / TYPE
cmpcmb v1.2          GRL/UWM             5-jun-24 16:22     PGM / RUN BY / DATE 
ionex file containing IGS COMBINED Ionosphere maps          COMMENT             
global ionosphere maps for day 141, 2024                    DESCRIPTION         
IONEX file containing the COMBINED IGS TEC MAPS and DCBs    DESCRIPTION         
      IONEX files of the following IAACs were combined: cod DESCRIPTION         
                                                        jpl DESCRIPTION         
                                                        upc DESCRIPTION         
Contact address: Andrzej Krankowski                         DESCRIPTION
                 Geodynamics Research Laboratory            DESCRIPTION
                 University of Warmia and Mazury (GRL/UWM)  DESCRIPTION
                 Oczapowski St. 1                           DESCRIPTION
                 10-957-Olsztyn, POLAND                     DESCRIPTION
                 e-mail:  kand@uwm.edu.pl                   DESCRIPTION
                                                            DESCRIPTION         
  2024     5    20     0     0     0                        EPOCH OF FIRST MAP  
  2024     5    21     0     0     0                        EPOCH OF LAST MAP   
  7200                                                      INTERVAL            
    13                                                      # OF MAPS IN FILE   
  COSZ                                                      MAPPING FUNCTION    
     0.0                                                    ELEVATION CUTOFF    
combined TEC calculated as weighted mean of input TEC valuesOBSERVABLES USED    
   338                                                      # OF STATIONS       
    32                                                      # OF SATELLITES     
  6371.0                                                    BASE RADIUS         
     2                                                      MAP DIMENSION       
   450.0 450.0   0.0                                        HGT1 / HGT2 / DHGT  
    87.5 -87.5  -2.5                                        LAT1 / LAT2 / DLAT  
  -180.0 180.0   5.0                                        LON1 / LON2 / DLON  
    -1                                                      EXPONENT            
TEC values in 0.1 tec units;  9999, if no value available   COMMENT             
DCB values in nanoseconds, reference is Sum_of_SatDCBs = 0  COMMENT             
                                                            END OF HEADER       
[from data line 858]
     3                                                      START OF TEC MAP    
  2024     5    20     4     0     0                        EPOCH OF CURRENT MAP
    87.5-180.0 180.0   5.0 450.0                            LAT/LON1/LON2/DLON/H
  235  236  236  236  236  237  237  237  237  237  237  237  236  236  236  235
  235  234  233  232  231  229  227  226  225  223  222  221  220  220  218  218
  217  216  216  215  215  214  214  214  214  214  214  214  215  215  215  215
  216  217  217  218  219  220  221  221  223  224  225  225  227  228  229  230
  231  231  232  233  233  234  234  235  235
    85.0-180.0 180.0   5.0 450.0                            LAT/LON1/LON2/DLON/H
  242  242  243  243  244  245  245  246  246  247  248  248  248  248  247  245
  244  243  241  239  236  234  230  228  226  223  221  218  216  214  213  211
  210  209  208  208  207  207  207  207  208  208  210  211  211  213  214  214
  214  215  216  217  219  221  222  223  225  226  228  230  231  233  234  236
  236  238  238  239  240  240  241  241  242
    82.5-180.0 180.0   5.0 450.0                            LAT/LON1/LON2/DLON/H
  245  245  245  246  247  248  250  252  253  254  254  255  255  254  253  253
  250  249  247  244  241  237  232  228  225  222  218  215  212  210  208  207
  206  205  204  205  205  205  206  207  208  209  209  210  212  213  215  217
  219  220  221  222  224  226  228  230  231  233  235  237  239  240  241  243
  244  245  246  246  246  246  246  245  245
    80.0-180.0 180.0   5.0 450.0                            LAT/LON1/LON2/DLON/H
  248  247  247  247  248  249  251  252  253  254  254  254  254  254  253  252
  250  247  245  243  240  238  233  225  221  216  214  211  208  206  204  203
  203  203  204  206  207  210  211  212  214  216  217  219  220  223  225  227
  228  230  231  232  234  236  238  239  241  243  245  247  248  250  251  252
  253  253  253  253  252  251  250  249  248
    77.5-180.0 180.0   5.0 450.0                            LAT/LON1/LON2/DLON/H
  250  248  246  246  247  247  248  249  251  251  251  252  252  253  251  249
  246  244  242  238  234  230  225  220  216  214  211  208  205  203  201  202
  203  204  206  209  212  214  218  222  225  227  229  231  232  234  237  239
  240  241  242  243  244  245  247  248  250  253  255  257  259  259  260  260
  260  260  260  259  258  256  254  252  250
    75.0-180.0 180.0   5.0 450.0                            LAT/LON1/LON2/DLON/H
  253  250  247  247  246  246  248  248  248  248  247  247  246  244  241  240
  235  233  231  228  226  224  220  214  212  210  208  205  202  200  200  201
  202  205  210  214  218  223  227  231  235  238  240  243  244  246  247  249
  250  250  250  251  252  253  254  255  257  259  262  265  267  267  268  269
  268  268  267  266  264  262  259  256  253
    72.5-180.0 180.0   5.0 450.0                            LAT/LON1/LON2/DLON/H
  257  253  250  248  248  246  246  245  245  245  244  243  240  236  233  228
  224  223  219  217  216  214  213  209  207  203  202  201  199  198  199  202
  207  212  215  222  227  233  236  240  243  245  247  249  252  255  256  258
  259  258  258  258  258  258  258  260  261  263  266  269  270  272  274  274
  274  274  274  272  271  268  264  261  257
    70.0-180.0 180.0   5.0 450.0                            LAT/LON1/LON2/DLON/H
  262  257  254  250  247  246  244  245  245  246  244  240  236  232  226  220
  218  212  209  206  206  205  206  203  202  198  198  197  197  197  200  203
  206  214  221  228  233  238  243  246  247  249  250  252  254  257  260  262
  264  264  264  263  261  260  260  261  262  264  267  269  271  273  275  275
  276  276  276  275  275  273  270  266  262
    67.5-180.0 180.0   5.0 450.0                            LAT/LON1/LON2/DLON/H
  266  261  255  251  247  245  245  245  247  248  245  242  238  233  225  218
  213  206  204  199  198  199  200  200  199  194  193  192  192  193  197  202
  205  212  221  229  234  240  244  245  245  246  247  249  251  255  260  264
  267  267  268  266  264  263  261  261  262  262  264  266  268  270  270  272
  272  273  274  274  275  274  273  269  266
    65.0-180.0 180.0   5.0 450.0                            LAT/LON1/LON2/DLON/H
  267  261  255  250  246  243  243  244  246  249  248  247  244  236  227  219
  212  207  200  197  196  197  197  198  196  191  189  187  186  188  189  196
  200  207  215  224  232  236  239  241  240  240  242  244  248  253  260  265
  270  272  273  271  267  264  261  261  260  259  259  259  260  262  261  262
  262  263  266  268  270  272  271  270  267
    62.5-180.0 180.0   5.0 450.0                            LAT/LON1/LON2/DLON/H
  265  260  254  248  242  239  238  240  244  249  252  253  249  242  233  224
  217  210  202  200  199  201  199  196  192  187  184  182  181  180  181  185
  190  197  206  216  224  230  234  237  238  239  240  243  248  254  262  269
  275  278  279  277  272  268  263  260  258  255  253  250  251  250  250  249
  249  250  252  256  260  264  266  267  265
    60.0-180.0 180.0   5.0 450.0                            LAT/LON1/LON2/DLON/H
  260  257  252  244  238  233  233  235  240  246  252  255  253  248  240  231
  224  216  209  207  206  206  202  197  193  186  182  178  175  173  172  174
  177  184  193  205  216  226  233  238  242  243  246  250  253  261  271  278
  285  289  291  288  281  274  267  262  258  251  247  243  243  242  239  237
  235  236  239  243  248  254  258  261  260
    57.5-180.0 180.0   5.0 450.0                            LAT/LON1/LON2/DLON/H
  256  254  249  242  235  229  228  229  234  242  250  254  256  252  245  237
  232  225  221  218  216  213  209  202  197  188  182  178  173  169  166  165
  166  172  182  196  211  226  238  248  255  259  263  266  269  277  286  294
  303  309  311  307  296  287  278  270  262  253  247  241  240  238  235  231
  228  227  229  232  238  244  250  255  256
    55.0-180.0 180.0   5.0 450.0                            LAT/LON1/LON2/DLON/H
  254  254  250  243  236  229  226  226  231  238  246  253  255  252  247  240
  235  231  228  227  225  221  216  208  202  193  187  181  175  170  165  161
  161  165  176  192  212  231  250  267  276  284  290  294  295  302  310  318
  329  336  335  329  320  310  298  286  276  268  258  249  245  243  238  234
  230  227  227  230  234  240  246  251  254
    52.5-180.0 180.0   5.0 450.0                            LAT/LON1/LON2/DLON/H
  256  258  257  251  245  237  231  229  232  237  243  250  253  251  246  240
  234  231  230  229  228  226  220  212  207  201  193  188  182  176  169  163
  162  165  176  194  217  242  267  290  307  317  325  329  329  333  339  350
  361  368  367  361  353  343  327  314  299  290  278  266  259  254  249  247
  244  239  237  236  238  243  247  252  256
    50.0-180.0 180.0   5.0 450.0                            LAT/LON1/LON2/DLON/H
  265  269  271  269  264  255  246  241  240  242  245  249  251  249  244  237
  231  227  226  227  227  226  223  217  214  209  203  199  193  185  177  171
  168  171  182  198  223  252  283  309  333  349  359  366  367  371  377  388
  397  409  413  413  401  385  365  349  330  316  302  288  280  273  266  263
  262  259  254  251  251  252  256  260  265
    47.5-180.0 180.0   5.0 450.0                            LAT/LON1/LON2/DLON/H
  281  287  292  293  291  281  270  261  255  251  250  251  250  247  242  234
  226  220  219  221  223  225  225  223  222  220  216  212  205  197  189  182
  180  184  193  208  231  260  293  326  353  374  390  397  404  409  417  431
  442  455  465  464  453  434  412  390  367  345  327  311  300  291  284  280
  279  277  274  272  271  271  272  275  281
    45.0-180.0 180.0   5.0 450.0                            LAT/LON1/LON2/DLON/H
  302  310  316  321  319  310  297  286  274  265  260  257  254  249  241  231
  221  213  212  215  221  225  228  230  231  232  229  224  218  210  204  199
  197  201  208  219  238  266  298  332  361  389  411  425  436  446  457  474
  488  502  509  513  502  485  462  438  409  380  354  334  317  309  303  299
  297  295  296  295  294  293  294  296  302
    42.5-180.0 180.0   5.0 450.0                            LAT/LON1/LON2/DLON/H
  326  333  341  348  345  337  323  309  295  283  276  268  262  254  244  230
  218  209  208  212  220  228  233  238  241  245  244  240  234  229  223  219
  218  222  225  231  243  263  292  327  360  394  423  444  461  475  493  512
  531  545  552  555  548  531  511  489  455  421  385  356  337  326  319  316
  313  312  316  318  317  317  319  321  326
    40.0-180.0 180.0   5.0 450.0                            LAT/LON1/LON2/DLON/H
  351  356  364  367  365  356  342  328  314  303  291  281  272  263  250  233
  219  211  209  214  224  235  242  249  254  262  262  260  255  249  245  243
  244  245  245  244  248  262  287  319  354  392  427  453  474  497  519  543
  561  577  586  590  586  571  557  535  498  459  418  384  363  348  336  332
  327  326  332  338  341  343  346  346  351
    37.5-180.0 180.0   5.0 450.0                            LAT/LON1/LON2/DLON/H
  377  383  383  381  375  364  352  338  327  317  307  295  284  272  257  241
  226  216  216  224  236  248  256  265  272  282  285  285  282  274  273  272
  271  272  266  260  256  263  282  308  343  381  422  454  482  507  533  561
  580  596  608  613  612  605  597  579  544  503  458  424  400  381  363  353
  345  344  351  357  363  367  370  374  377
    35.0-180.0 180.0   5.0 450.0                            LAT/LON1/LON2/DLON/H
  407  413  404  393  380  365  354  342  334  328  321  309  296  281  267  250
  235  227  229  239  254  266  277  288  295  310  316  316  313  304  307  305
  302  299  289  278  268  265  277  301  331  373  415  452  481  507  534  561
  586  604  616  622  626  629  632  619  592  558  514  478  452  427  404  386
  373  370  375  381  390  395  401  408  407
    32.5-180.0 180.0   5.0 450.0                            LAT/LON1/LON2/DLON/H
  452  449  434  412  390  372  356  344  337  337  332  320  308  294  279  261
  246  241  245  257  274  290  303  317  326  343  348  349  347  338  338  336
  332  325  312  297  280  271  276  295  324  366  409  444  473  499  527  556
  579  596  609  619  632  647  662  657  641  615  580  546  518  490  456  436
  416  409  408  413  425  433  441  450  452
    30.0-180.0 180.0   5.0 450.0                            LAT/LON1/LON2/DLON/H
  511  507  488  452  418  388  367  351  346  344  343  334  323  310  291  273
  259  255  259  275  298  316  330  348  358  376  381  380  379  371  367  362
  356  345  330  311  292  278  279  293  321  360  399  431  458  489  514  540
  562  579  594  610  632  659  686  695  687  671  648  620  595  566  528  503
  478  464  458  460  469  483  495  507  511
    27.5-180.0 180.0   5.0 450.0                            LAT/LON1/LON2/DLON/H
  590  588  565  522  475  433  396  377  368  364  364  354  343  328  309  288
  272  268  272  291  321  341  357  377  388  404  409  406  402  394  389  379
  369  356  339  319  300  285  280  289  311  348  384  414  442  470  496  521
  541  560  577  600  632  669  708  729  734  728  714  693  674  651  615  584
  556  534  526  526  529  546  569  585  590
    25.0-180.0 180.0   5.0 450.0                            LAT/LON1/LON2/DLON/H
  695  697  674  623  563  507  461  425  411  404  397  385  370  353  328  306
  290  283  287  306  340  364  382  403  413  425  428  422  412  403  396  384
  370  357  339  320  302  286  277  280  300  333  365  396  424  451  475  501
  521  542  565  594  634  682  729  762  777  776  773  761  750  733  710  681
  651  616  607  607  610  631  652  679  695
    22.5-180.0 180.0   5.0 450.0                            LAT/LON1/LON2/DLON/H
  819  828  816  760  687  614  552  502  475  462  443  428  406  383  355  330
  311  302  303  325  357  384  402  421  428  433  431  419  404  391  384  374
  361  348  331  313  296  280  267  266  281  311  345  375  405  432  457  482
  505  530  557  592  637  692  746  787  803  807  815  817  813  801  794  772
  732  699  704  693  696  721  745  789  819
    20.0-180.0 180.0   5.0 450.0                            LAT/LON1/LON2/DLON/H
  928  961  948  909  832  743  680  604  560  530  503  480  454  424  393  361
  339  326  323  340  369  393  411  424  426  423  411  391  373  359  352  345
  338  327  314  298  281  266  250  242  254  284  322  355  387  418  444  471
  497  525  559  601  649  705  758  795  815  827  840  850  853  853  856  842
  803  774  772  764  771  800  829  877  928
    17.5-180.0 180.0   5.0 450.0                            LAT/LON1/LON2/DLON/H
  998 1057 1075 1056  987  895  806  733  665  619  578  548  515  478  438  405
  377  358  346  355  376  395  404  407  403  390  367  336  319  305  303  302
  295  297  285  274  257  240  222  212  222  254  294  332  374  408  440  470
  499  532  572  620  672  723  768  800  819  840  856  868  878  891  900  890
  858  834  821  808  822  855  889  933  998
    15.0-180.0 180.0   5.0 450.0                            LAT/LON1/LON2/DLON/H
 1013 1088 1137 1137 1089 1014  929  844  760  701  662  629  584  541  493  457
  424  395  375  372  382  390  386  376  363  341  309  272  255  241  244  250
  251  261  255  248  232  210  189  178  190  224  268  316  364  405  441  476
  511  551  596  646  699  747  782  806  826  847  865  881  899  919  935  926
  899  875  856  844  854  879  911  947 1013
    12.5-180.0 180.0   5.0 450.0                            LAT/LON1/LON2/DLON/H
  983 1057 1119 1135 1114 1063  994  907  822  764  731  704  657  611  558  519
  477  442  410  394  388  382  366  342  319  283  247  213  196  185  191  201
  209  224  224  220  206  184  163  150  161  197  249  304  358  404  445  486
  528  574  624  673  727  768  800  818  835  853  872  892  913  935  958  949
  924  902  883  872  873  884  904  928  983
    10.0-180.0 180.0   5.0 450.0                            LAT/LON1/LON2/DLON/H
  941  998 1044 1065 1060 1031  979  901  830  788  767  751  717  674  619  579
  539  501  457  426  401  380  351  311  279  228  195  167  152  147  153  167
  182  197  202  202  188  166  145  132  141  179  234  295  352  402  449  496
  542  592  647  697  750  791  819  840  853  869  886  906  926  946  963  953
  932  910  895  886  885  885  890  905  941
     7.5-180.0 180.0   5.0 450.0                            LAT/LON1/LON2/DLON/H
  904  931  957  975  970  944  908  839  780  753  747  752  735  700  660  626
  598  568  513  471  429  387  340  286  247  193  159  139  127  125  134  151
  170  185  192  190  176  154  133  121  131  168  224  286  343  395  447  495
  547  600  657  714  768  813  847  875  889  903  914  928  945  959  965  952
  933  913  900  894  895  891  884  885  904
     5.0-180.0 180.0   5.0 450.0                            LAT/LON1/LON2/DLON/H
  886  889  889  886  872  843  799  745  686  669  684  700  702  684  661  643
  631  617  567  521  460  396  333  270  226  173  141  124  116  119  130  149
  166  179  185  182  167  146  126  116  126  160  214  273  330  384  433  489
  541  601  662  721  780  835  883  921  940  951  956  959  971  979  973  958
  937  917  910  907  905  898  887  880  886
     2.5-180.0 180.0   5.0 450.0                            LAT/LON1/LON2/DLON/H
  889  880  861  832  804  767  717  655  595  573  585  605  621  621  618  622
  623  618  594  554  482  401  331  263  216  169  141  125  123  128  138  154
  168  176  178  173  160  142  125  115  124  154  199  256  316  368  420  474
  534  596  659  722  785  852  916  964  989 1001  999  990  996 1002  987  967
  939  920  918  918  915  909  897  890  889
