DORISInput/IGSGIM/2024/IGS0OPSFIN_20241350000_01D_02H_GIM.INX
     1.0            IONOSPHERE MAPS     MIX                 IONEX VERSION / TYPE
cmpcmb v1.2          GRL/UWM            28-may-24 18:20     PGM / RUN BY / DATE 
ionex file containing IGS COMBINED Ionosphere maps          COMMENT             
global ionosphere maps for day 135, 2024                    DESCRIPTION         
IONEX file containing the COMBINED IGS TEC MAPS and DCBs    DESCRIPTION         
      IONEX files of the following IAACs were combined: cod DESCRIPTION         
                                                        jpl DESCRIPTION         
                                                        upc DESCRIPTION         
Contact address: Andrzej Krankowski                         DESCRIPTION
                 Geodynamics Research Laboratory            DESCRIPTION
                 University of Warmia and Mazury (GRL/UWM)  DESCRIPTION
                 Oczapowski St. 1                           DESCRIPTION
                 10-957-Olsztyn, POLAND                     DESCRIPTION
                 e-mail:  kand@uwm.edu.pl                   DESCRIPTION
                                                            DESCRIPTION         
  2024     5    14     0     0     0                        EPOCH OF FIRST MAP  
  2024     5    15     0     0     0                        EPOCH OF LAST MAP   
  7200                                                      INTERVAL            
    13                                                      # OF MAPS IN FILE   
  COSZ                                                      MAPPING FUNCTION    
     0.0                                                    ELEVATION CUTOFF    
combined TEC calculated as weighted mean of input TEC valuesOBSERVABLES USED    
   334                                                      # OF STATIONS       
    32                                                      # OF SATELLITES     
  6371.0                                                    BASE RADIUS         
     2                                                      MAP DIMENSION       
   450.0 450.0   0.0                                        HGT1 / HGT2 / DHGT  
    87.5 -87.5  -2.5                                        LAT1 / LAT2 / DLAT  
  -180.0 180.0   5.0                                        LON1 / LON2 / DLON  
    -1                                                      EXPONENT            
TEC values in 0.1 tec units;  9999, if no value available   COMMENT             
DCB values in nanoseconds, reference is Sum_of_SatDCBs = 0  COMMENT             
                                                            END OF HEADER       
[from data line 4719]
    12                                                      START OF TEC MAP    
  2024     5    14    22     0     0                        EPOCH OF CURRENT MAP
    87.5-180.0 180.0   5.0 450.0                            LAT/LON1/LON2/DLON/H
  278  278  278  278  278  278  278  278  278  277  277  277  277  277  277  277
  277  277  277  277  276  276  276  275  274  273  272  272  271  271  271  271
  271  271  271  271  271  271  272  272  272  272  273  273  273  273  274  275
  275  275  276  276  277  277  277  278  278  279  279  279  279  279  279  279
  279  279  279  279  279  278  278  278  278
    85.0-180.0 180.0   5.0 450.0                            LAT/LON1/LON2/DLON/H
  278  278  278  278  278  278  278  278  278  278  278  278  278  279  279  279
  278  278  277  277  276  276  275  274  272  272  271  271  270  269  268  268
  268  268  268  269  269  269  269  270  270  271  271  272  273  273  274  275
  276  277  278  279  279  280  281  282  283  283  283  284  283  283  283  283
  282  281  281  280  279  279  278  278  278
    82.5-180.0 180.0   5.0 450.0                            LAT/LON1/LON2/DLON/H
  277  277  275  275  275  275  274  274  274  275  275  277  278  279  279  280
  280  280  280  279  278  277  276  277  277  274  273  270  269  266  265  265
  265  265  265  266  266  268  268  269  269  270  270  271  271  272  274  275
  276  278  280  281  283  284  286  287  288  289  289  290  290  289  288  287
  286  285  284  282  281  281  280  279  277
    80.0-180.0 180.0   5.0 450.0                            LAT/LON1/LON2/DLON/H
  275  274  271  269  267  267  268  269  271  273  275  276  278  279  281  282
  283  283  283  283  281  280  281  279  275  273  273  272  273  275  275  275
  273  274  272  271  272  271  270  269  270  271  271  271  271  272  272  274
  276  279  281  283  285  287  289  291  292  293  294  294  294  294  293  292
  290  289  287  286  285  283  280  278  275
    77.5-180.0 180.0   5.0 450.0                            LAT/LON1/LON2/DLON/H
  275  271  267  265  263  263  265  267  269  271  273  276  281  285  289  292
  293  294  293  291  290  290  285  283  280  279  277  277  278  280  282  284
  283  283  283  282  281  279  278  276  274  273  272  272  271  271  271  272
  274  278  282  284  287  289  291  293  294  295  296  297  297  297  296  295
  294  293  291  289  287  284  281  278  275
    75.0-180.0 180.0   5.0 450.0                            LAT/LON1/LON2/DLON/H
  279  274  271  267  265  264  264  265  267  270  275  281  290  296  299  299
  299  301  301  300  297  295  291  290  288  286  284  284  284  285  287  290
  291  291  291  290  289  287  284  281  278  274  273  271  270  270  270  272
  274  278  281  284  287  289  291  293  294  295  296  297  297  297  298  298
  299  298  297  295  293  290  288  283  279
    72.5-180.0 180.0   5.0 450.0                            LAT/LON1/LON2/DLON/H
  291  286  281  276  271  268  267  267  269  275  281  289  296  303  305  306
  310  310  308  305  304  304  300  298  296  293  292  291  292  293  292  293
  295  296  295  295  293  291  289  285  279  275  272  270  269  269  269  271
  274  277  279  282  284  286  288  289  291  293  294  296  298  298  300  302
  303  303  303  302  301  299  297  295  291
    70.0-180.0 180.0   5.0 450.0                            LAT/LON1/LON2/DLON/H
  306  301  296  289  282  276  273  272  273  278  285  292  300  306  308  312
  314  314  313  311  311  309  308  307  305  304  301  301  300  299  298  297
  298  298  296  295  293  291  287  283  278  272  269  266  264  264  264  266
  269  272  275  277  279  280  282  284  286  289  292  295  298  300  302  305
  307  309  311  312  312  313  312  311  306
    67.5-180.0 180.0   5.0 450.0                            LAT/LON1/LON2/DLON/H
  323  318  311  303  294  286  280  277  277  281  286  293  300  306  308  310
  313  314  316  315  315  316  317  316  315  313  310  308  305  303  301  299
  298  298  296  293  290  287  281  277  271  265  262  258  255  255  255  257
  259  264  266  268  270  270  273  275  279  283  288  294  298  303  306  309
  314  317  319  323  325  329  329  328  323
    65.0-180.0 180.0   5.0 450.0                            LAT/LON1/LON2/DLON/H
  338  333  326  316  305  295  288  283  282  284  287  293  299  303  305  308
  310  314  317  319  321  325  327  326  326  322  318  313  309  306  302  299
  298  296  294  289  284  279  275  268  262  257  253  248  246  245  244  244
  247  250  252  253  256  257  260  263  270  276  284  293  300  307  311  316
  321  324  327  331  336  341  343  342  338
    62.5-180.0 180.0   5.0 450.0                            LAT/LON1/LON2/DLON/H
  347  342  337  326  315  304  295  288  285  286  288  292  296  299  301  303
  305  310  316  321  327  335  338  338  335  332  326  321  315  312  307  304
  300  296  291  285  279  273  267  261  254  248  245  240  237  235  232  231
  232  233  235  236  239  241  247  252  261  271  282  294  304  313  318  323
  327  330  333  337  341  346  349  350  347
    60.0-180.0 180.0   5.0 450.0                            LAT/LON1/LON2/DLON/H
  349  345  340  332  321  310  301  292  288  287  288  291  294  297  298  299
  302  307  313  322  330  339  345  347  345  341  335  330  325  321  316  310
  305  298  290  283  277  270  262  255  248  242  239  233  228  224  220  219
  217  216  217  219  222  226  233  242  254  268  285  299  314  323  329  333
  336  337  339  341  342  345  348  350  349
    57.5-180.0 180.0   5.0 450.0                            LAT/LON1/LON2/DLON/H
  347  343  340  333  323  314  305  296  290  288  289  293  295  297  298  299
  302  306  313  322  332  342  348  352  351  350  345  341  337  333  327  321
  314  304  295  287  279  271  262  253  246  240  236  228  223  216  210  206
  202  200  200  204  207  213  221  235  250  268  288  306  324  335  342  346
  347  347  347  345  344  344  345  347  347
    55.0-180.0 180.0   5.0 450.0                            LAT/LON1/LON2/DLON/H
  345  340  337  330  324  317  309  301  294  292  293  296  299  302  302  302
  304  308  314  322  332  342  350  354  357  357  355  353  351  350  342  334
  326  315  304  295  286  275  264  254  246  240  236  227  219  211  203  196
  192  188  189  191  196  203  213  230  246  269  292  315  335  347  356  361
  363  365  362  356  351  347  346  347  345
    52.5-180.0 180.0   5.0 450.0                            LAT/LON1/LON2/DLON/H
  347  343  340  334  327  322  316  308  303  300  301  303  308  309  310  310
  311  313  317  324  333  343  351  356  361  364  366  368  368  369  360  348
  337  326  315  304  292  280  268  258  250  242  238  228  219  209  199  191
  185  183  184  186  191  198  210  228  246  271  299  323  345  360  371  380
  383  384  382  374  365  358  353  351  347
    50.0-180.0 180.0   5.0 450.0                            LAT/LON1/LON2/DLON/H
  364  357  350  344  339  333  328  322  317  313  311  314  319  322  322  322
  321  321  323  329  335  344  353  361  368  375  380  385  387  387  377  360
  345  334  322  310  297  285  273  263  254  246  241  229  220  210  200  190
  186  185  185  187  192  198  210  228  248  276  305  332  356  375  387  400
  407  406  405  397  387  377  370  366  364
    47.5-180.0 180.0   5.0 450.0                            LAT/LON1/LON2/DLON/H
  390  385  376  369  364  357  350  343  336  333  329  329  335  339  339  337
  334  332  332  337  343  350  360  370  380  391  397  403  402  398  388  365
  348  335  324  312  301  289  278  267  257  249  243  231  222  214  204  197
  193  192  192  193  197  203  214  232  254  282  313  341  367  389  404  419
  426  427  428  423  414  405  398  395  390
    45.0-180.0 180.0   5.0 450.0                            LAT/LON1/LON2/DLON/H
  432  428  416  409  403  394  383  373  364  360  355  354  359  362  361  358
  351  347  345  350  355  362  373  384  396  408  413  416  410  401  388  368
  347  334  323  314  305  294  283  271  261  252  246  236  228  220  213  207
  204  205  205  205  207  211  221  235  259  290  321  352  379  404  420  436
  444  448  452  451  446  439  436  434  432
    42.5-180.0 180.0   5.0 450.0                            LAT/LON1/LON2/DLON/H
  480  479  469  459  451  444  430  413  404  395  389  391  392  394  389  383
  373  366  365  369  373  381  392  404  417  427  428  426  416  401  383  365
  347  336  326  319  312  303  292  278  268  259  253  245  238  232  226  222
  220  221  220  220  219  221  228  240  264  296  330  360  390  414  433  447
  458  466  473  474  475  475  476  479  480
    40.0-180.0 180.0   5.0 450.0                            LAT/LON1/LON2/DLON/H
  529  532  527  519  511  503  486  466  451  443  436  435  439  434  424  413
  400  391  390  394  400  408  418  429  438  446  445  436  422  404  388  370
  356  348  341  338  332  323  308  292  282  273  269  260  255  249  243  241
  239  239  238  234  230  229  233  243  264  300  337  366  396  420  439  453
  465  475  484  490  497  503  512  524  529
    37.5-180.0 180.0   5.0 450.0                            LAT/LON1/LON2/DLON/H
  576  581  584  579  573  566  548  527  512  505  495  490  492  483  468  450
  434  423  420  425  432  440  449  456  462  467  463  452  434  417  404  391
  381  378  377  373  367  353  335  319  307  298  294  286  280  273  268  264
  261  258  253  246  238  234  235  243  264  299  340  372  401  423  441  454
  465  476  486  496  509  522  540  560  576
    35.0-180.0 180.0   5.0 450.0                            LAT/LON1/LON2/DLON/H
  612  627  637  635  628  628  610  593  577  577  563  556  550  540  517  494
  471  458  454  462  469  475  481  484  487  487  481  469  455  443  436  429
  429  431  430  424  416  399  379  360  347  335  331  321  314  306  296  289
  282  274  267  256  245  238  237  245  263  297  339  374  402  424  440  451
  460  470  481  494  512  532  559  587  612
    32.5-180.0 180.0   5.0 450.0                            LAT/LON1/LON2/DLON/H
  637  662  677  679  681  679  670  656  647  644  643  632  620  604  572  539
  513  497  492  499  505  508  511  510  509  506  499  490  485  483  485  486
  493  496  495  494  481  456  433  416  402  388  384  364  351  336  322  311
  300  288  277  264  251  244  241  248  264  295  334  371  400  422  437  446
  453  461  471  486  508  535  567  605  637
    30.0-180.0 180.0   5.0 450.0                            LAT/LON1/LON2/DLON/H
  654  684  707  715  719  726  723  714  712  716  721  712  696  670  625  589
  556  537  530  533  535  536  535  533  529  524  519  515  515  526  543  561
  568  574  571  570  552  528  506  482  456  444  436  406  384  363  344  328
  315  300  286  272  261  251  248  251  264  290  327  364  395  416  432  439
  445  451  459  476  502  533  573  615  654
    27.5-180.0 180.0   5.0 450.0                            LAT/LON1/LON2/DLON/H
  664  700  726  743  751  762  766  764  770  782  795  788  765  730  682  638
  598  574  563  563  562  559  556  551  547  544  540  539  548  578  607  628
  638  638  625  626  614  608  587  545  511  492  481  437  410  384  363  343
  327  312  295  281  271  260  256  254  263  286  319  355  387  410  426  433
  436  441  450  468  495  530  574  621  664
    25.0-180.0 180.0   5.0 450.0                            LAT/LON1/LON2/DLON/H
  665  705  736  760  776  789  799  806  819  836  854  856  834  792  735  683
  636  607  595  595  590  582  579  572  571  570  565  566  582  627  654  666
  664  640  616  622  612  626  627  578  557  516  503  460  428  398  376  354
  335  321  304  290  280  270  261  256  263  281  310  345  377  403  421  429
  431  438  450  469  496  530  574  621  665
    22.5-180.0 180.0   5.0 450.0                            LAT/LON1/LON2/DLON/H
  663  702  736  766  790  810  826  842  859  880  902  913  896  849  782  724
  675  644  631  629  622  609  607  600  598  599  591  592  610  636  638  642
  624  595  561  549  553  584  592  549  555  515  501  471  435  400  376  353
  337  324  310  295  285  277  265  257  261  275  298  330  364  393  416  427
  431  441  456  477  504  538  578  621  663
    20.0-180.0 180.0   5.0 450.0                            LAT/LON1/LON2/DLON/H
  663  697  731  763  794  821  847  871  890  912  934  949  938  892  823  763
  710  684  669  667  657  640  635  627  623  624  618  608  609  599  572  569
  542  507  480  460  452  499  492  464  485  476  466  450  418  385  362  344
  330  320  308  294  286  279  266  256  257  265  281  309  343  377  406  425
  436  450  470  496  525  558  594  630  663
    17.5-180.0 180.0   5.0 450.0                            LAT/LON1/LON2/DLON/H
  673  698  729  761  793  825  859  889  911  933  957  970  964  925  850  792
  747  721  708  703  693  675  666  657  648  642  631  605  575  534  488  479
  448  416  393  373  364  383  376  373  394  397  392  397  374  352  335  329
  320  309  299  291  286  279  265  253  248  252  263  288  322  360  395  421
  443  465  492  525  555  588  619  647  673
    15.0-180.0 180.0   5.0 450.0                            LAT/LON1/LON2/DLON/H
  693  715  738  766  795  828  864  898  922  943  967  982  978  948  881  816
  776  756  746  739  730  720  704  689  674  655  627  580  522  448  392  374
  346  316  310  301  293  294  287  292  307  314  316  332  320  305  300  305
  302  297  293  291  287  279  265  249  239  239  246  269  306  346  387  422
  452  484  518  556  591  621  648  671  693
    12.5-180.0 180.0   5.0 450.0                            LAT/LON1/LON2/DLON/H
  723  740  760  781  806  838  872  904  927  947  968  982  982  960  908  841
  805  790  785  782  775  767  743  720  694  660  613  548  469  381  314  276
  257  235  245  245  240  236  230  233  241  256  262  274  269  268  272  280
  283  285  288  291  286  276  259  243  229  225  230  249  287  332  380  422
  463  502  541  583  621  653  680  703  723
    10.0-180.0 180.0   5.0 450.0                            LAT/LON1/LON2/DLON/H
  758  776  792  806  824  848  878  909  931  945  961  975  975  959  921  870
  839  829  828  830  823  807  777  742  704  658  598  520  430  342  270  236
  223  206  213  216  217  214  207  206  210  218  224  227  234  243  253  261
  268  273  279  282  278  266  247  230  216  211  216  235  271  320  371  420
  469  517  560  604  643  679  708  736  758
     7.5-180.0 180.0   5.0 450.0                            LAT/LON1/LON2/DLON/H
  794  815  831  842  852  866  887  912  930  942  953  964  965  953  926  895
  876  872  870  870  860  836  801  754  704  648  582  500  409  332  278  251
  242  235  235  235  235  232  229  225  215  208  209  212  224  234  245  253
  257  259  265  266  261  251  231  214  200  196  203  222  260  308  362  416
  474  529  575  620  660  699  733  766  794
     5.0-180.0 180.0   5.0 450.0                            LAT/LON1/LON2/DLON/H
  827  852  869  880  885  892  903  917  928  939  947  952  954  947  930  914
  907  908  905  900  881  848  805  751  694  633  567  491  416  360  333  324
  326  320  307  302  300  297  295  276  249  227  219  221  231  243  251  254
  250  248  249  243  235  225  211  196  186  182  189  209  246  297  358  415
  477  531  580  626  666  710  751  792  827
     2.5-180.0 180.0   5.0 450.0                            LAT/LON1/LON2/DLON/H
  846  879  897  916  922  925  928  929  933  938  942  942  943  938  930  924
  925  927  921  906  878  837  784  728  672  618  561  505  453  423  428  446
  463  437  415  406  393  393  388  350  304  268  251  251  260  267  267  260
  250  240  231  219  204  198  190  178  170  169  175  193  230  287  351  413
  474  527  579  624  664  710  758  802  846
