DORISInput/IGSGIM/2024/IGS0OPSFIN_20241290000_01D_02H_GIM.INX
     1.0            IONOSPHERE MAPS     MIX                 IONEX VERSION / TYPE
cmpcmb v1.2          GRL/UWM            28-may-24 16:14     PGM / RUN BY / DATE 
ionex file containing IGS COMBINED Ionosphere maps          COMMENT             
global ionosphere maps for day 129, 2024                    DESCRIPTION         
IONEX file containing the COMBINED IGS TEC MAPS and DCBs    DESCRIPTION         
      IONEX files of the following IAACs were combined: cod DESCRIPTION         
                                                        jpl DESCRIPTION         
                                                        upc DESCRIPTION         
Contact address: Andrzej Krankowski                         DESCRIPTION
                 Geodynamics Research Laboratory            DESCRIPTION
                 University of Warmia and Mazury (GRL/UWM)  DESCRIPTION
                 Oczapowski St. 1                           DESCRIPTION
                 10-957-Olsztyn, POLAND                     DESCRIPTION
                 e-mail:  kand@uwm.edu.pl                   DESCRIPTION
                                                            DESCRIPTION         
  2024     5     8     0     0     0                        EPOCH OF FIRST MAP  
  2024     5     9     0     0     0                        EPOCH OF LAST MAP   
  7200                                                      INTERVAL            
    13                                                      # OF MAPS IN FILE   
  COSZ                                                      MAPPING FUNCTION    
     0.0                                                    ELEVATION CUTOFF    
combined TEC calculated as weighted mean of input TEC valuesOBSERVABLES USED    
   338                                                      # OF STATIONS       
    32                                                      # OF SATELLITES     
  6371.0                                                    BASE RADIUS         
     2                                                      MAP DIMENSION       
   450.0 450.0   0.0                                        HGT1 / HGT2 / DHGT  
    87.5 -87.5  -2.5                                        LAT1 / LAT2 / DLAT  
  -180.0 180.0   5.0                                        LON1 / LON2 / DLON  
    -1                                                      EXPONENT            
TEC values in 0.1 tec units;  9999, if no value available   COMMENT             
DCB values in nanoseconds, reference is Sum_of_SatDCBs = 0  COMMENT             
                                                            END OF HEADER       
[from data line 2574]
     7                                                      START OF TEC MAP    
  2024     5     8    12     0     0                        EPOCH OF CURRENT MAP
    87.5-180.0 180.0   5.0 450.0                            LAT/LON1/LON2/DLON/H
  247  248  249  250  252  252  253  254  256  257  258  259  261  262  262  264
  265  265  265  265  266  266  265  265  265  265  265  265  266  266  265  265
  265  264  265  264  263  262  260  259  258  257  256  255  253  251  250  249
  247  245  245  244  242  242  240  240  239  239  239  239  240  240  240  241
  242  242  243  243  244  245  245  246  247
    85.0-180.0 180.0   5.0 450.0                            LAT/LON1/LON2/DLON/H
  242  243  244  245  247  249  249  252  254  256  258  260  262  264  265  269
  271  272  273  275  276  276  275  275  274  274  275  277  277  277  277  275
  274  273  271  270  267  265  263  260  258  257  255  252  251  249  247  245
  243  242  240  239  238  237  236  236  235  234  235  235  236  236  237  237
  237  237  238  238  239  239  240  241  242
    82.5-180.0 180.0   5.0 450.0                            LAT/LON1/LON2/DLON/H
  239  238  239  239  241  242  245  247  249  251  254  256  259  262  264  267
  270  272  274  276  276  277  277  271  275  279  280  277  278  278  277  278
  277  277  276  276  274  273  270  266  263  259  255  251  249  246  244  242
  240  239  239  239  239  239  240  240  240  240  241  241  242  242  241  242
  241  241  240  240  240  239  238  238  239
    80.0-180.0 180.0   5.0 450.0                            LAT/LON1/LON2/DLON/H
  238  237  237  237  237  238  240  242  245  247  249  252  254  257  260  262
  264  266  267  269  271  275  272  270  272  275  276  276  277  278  278  279
  279  279  279  278  277  276  273  271  268  264  260  256  252  249  246  244
  243  242  243  245  247  249  252  253  255  256  258  258  258  258  257  255
  253  252  250  247  245  243  241  239  238
    77.5-180.0 180.0   5.0 450.0                            LAT/LON1/LON2/DLON/H
  240  236  235  234  234  235  236  237  236  237  239  241  242  246  248  248
  248  251  253  254  255  256  254  255  255  257  260  262  265  267  270  273
  274  276  277  278  280  279  278  276  273  270  266  263  260  258  255  254
  253  254  255  259  264  268  272  276  278  281  282  282  281  280  278  275
  272  268  263  259  254  250  246  243  240
    75.0-180.0 180.0   5.0 450.0                            LAT/LON1/LON2/DLON/H
  239  235  232  231  230  231  229  224  224  226  228  229  230  231  231  234
  237  236  236  236  235  235  235  237  237  239  240  244  246  250  254  260
  265  269  273  276  278  281  282  282  281  280  277  275  274  273  272  272
  272  274  277  281  286  293  297  302  306  308  309  308  307  305  302  297
  291  285  277  270  264  258  251  244  239
    72.5-180.0 180.0   5.0 450.0                            LAT/LON1/LON2/DLON/H
  234  230  228  226  225  222  219  217  218  219  220  219  219  220  222  222
  222  221  218  216  218  216  216  219  217  221  221  226  231  235  240  246
  253  259  266  271  276  280  284  287  288  289  290  291  291  291  291  293
  293  296  301  305  310  317  322  326  330  333  334  332  330  325  319  312
  305  296  287  278  269  260  249  240  234
    70.0-180.0 180.0   5.0 450.0                            LAT/LON1/LON2/DLON/H
  225  220  219  218  218  216  214  212  212  213  213  213  213  213  213  214
  214  206  205  204  204  202  203  205  205  208  211  213  217  223  227  234
  243  250  258  265  272  279  284  290  295  298  302  304  306  307  308  311
  313  315  320  325  329  334  338  342  345  347  348  345  342  336  327  318
  309  298  288  276  264  252  242  231  225
    67.5-180.0 180.0   5.0 450.0                            LAT/LON1/LON2/DLON/H
  211  206  206  207  208  207  207  206  207  207  207  208  209  209  209  208
  206  202  199  198  197  195  196  198  200  203  205  208  211  215  220  225
  232  242  251  260  269  278  287  293  300  305  309  313  317  319  322  323
  327  329  332  335  338  341  343  346  348  349  348  344  338  330  320  310
  299  288  277  265  252  239  227  216  211
    65.0-180.0 180.0   5.0 450.0                            LAT/LON1/LON2/DLON/H
  198  191  190  192  195  194  195  197  198  198  201  203  206  208  207  205
  203  201  197  196  195  195  196  197  200  203  205  207  209  213  217  221
  228  239  248  258  270  281  290  298  305  311  316  320  324  328  331  332
  334  335  337  337  337  338  338  341  341  340  336  330  322  311  300  289
  279  267  257  247  234  223  212  202  198
    62.5-180.0 180.0   5.0 450.0                            LAT/LON1/LON2/DLON/H
  187  177  175  176  178  177  179  181  183  188  191  196  199  201  202  202
  202  201  199  197  196  197  198  200  203  206  209  210  211  214  217  221
  229  239  250  260  272  284  294  302  309  316  322  327  331  334  336  336
  337  336  335  332  330  329  329  330  329  326  320  312  301  288  275  263
  253  243  235  225  216  207  198  190  187
    60.0-180.0 180.0   5.0 450.0                            LAT/LON1/LON2/DLON/H
  175  167  164  163  162  162  162  163  168  173  178  183  187  192  196  198
  201  201  199  198  198  199  201  204  208  213  215  217  217  218  220  224
  232  242  255  266  279  290  300  309  317  324  330  334  338  340  340  339
  337  334  331  326  322  319  318  318  317  314  307  297  283  269  254  242
  231  224  216  209  201  193  185  176  175
    57.5-180.0 180.0   5.0 450.0                            LAT/LON1/LON2/DLON/H
  172  163  159  156  152  150  148  148  150  155  161  164  171  179  186  191
  196  199  200  199  200  201  204  210  215  222  225  227  227  226  227  230
  238  248  260  274  288  302  312  321  329  335  340  345  345  346  344  343
  339  334  329  324  319  315  313  313  312  309  303  292  278  263  247  235
  224  216  209  201  194  186  180  174  172
    55.0-180.0 180.0   5.0 450.0                            LAT/LON1/LON2/DLON/H
  173  166  162  157  152  146  141  137  136  138  143  146  154  163  173  182
  190  197  200  202  203  205  210  217  224  232  236  239  240  237  236  239
  247  258  270  284  301  314  326  336  345  351  356  358  357  356  354  350
  346  339  333  328  323  320  318  318  318  315  312  303  290  275  257  242
  231  222  214  206  198  191  183  175  173
    52.5-180.0 180.0   5.0 450.0                            LAT/LON1/LON2/DLON/H
  186  178  173  167  159  149  140  133  129  129  131  135  140  150  162  173
  186  196  203  207  210  213  218  227  237  247  252  256  255  250  247  248
  257  268  282  297  314  329  344  356  364  371  375  376  373  370  366  361
  356  350  345  339  335  333  332  333  333  332  332  326  314  299  281  263
  251  240  231  222  213  204  196  188  186
    50.0-180.0 180.0   5.0 450.0                            LAT/LON1/LON2/DLON/H
  202  194  188  181  171  159  147  136  130  128  127  129  134  142  154  169
  185  200  210  218  222  226  233  242  254  265  272  276  273  266  261  259
  265  278  294  312  329  347  363  377  386  394  397  395  392  386  381  376
  371  367  362  356  352  350  349  350  352  354  354  350  341  327  309  291
  276  265  255  245  234  224  215  206  202
    47.5-180.0 180.0   5.0 450.0                            LAT/LON1/LON2/DLON/H
  221  213  206  197  185  172  158  146  139  135  132  132  135  141  154  171
  191  209  223  234  240  246  253  263  275  288  295  297  293  284  276  271
  276  289  306  324  346  366  386  398  412  419  421  419  414  407  399  395
  391  388  382  377  372  369  368  369  370  372  372  369  361  349  334  317
  301  289  277  266  254  244  234  224  221
    45.0-180.0 180.0   5.0 450.0                            LAT/LON1/LON2/DLON/H
  237  229  221  212  201  187  173  161  152  147  142  140  141  146  158  178
  201  223  240  255  264  271  279  289  300  313  319  320  314  305  294  286
  290  303  320  340  365  389  409  424  438  445  447  442  438  430  421  419
  414  411  404  400  393  389  386  385  384  384  382  378  371  361  349  334
  319  305  293  280  268  258  249  241  237
    42.5-180.0 180.0   5.0 450.0                            LAT/LON1/LON2/DLON/H
  246  238  230  223  212  201  187  174  167  161  155  152  150  155  167  187
  213  240  261  279  292  300  308  317  325  336  342  341  333  323  313  306
  308  320  338  362  390  416  439  457  469  477  475  472  466  457  450  446
  441  437  430  422  414  407  402  399  394  389  384  376  369  361  350  339
  326  312  299  286  274  265  257  250  246
    40.0-180.0 180.0   5.0 450.0                            LAT/LON1/LON2/DLON/H
  247  240  234  227  218  208  194  184  179  173  168  164  161  165  177  197
  224  254  279  301  318  328  335  341  347  356  361  358  350  341  334  331
  332  343  365  391  423  451  473  492  507  513  514  508  502  490  484  479
  473  468  457  446  435  427  419  414  404  393  383  374  365  358  349  341
  328  313  299  286  274  265  256  250  247
    37.5-180.0 180.0   5.0 450.0                            LAT/LON1/LON2/DLON/H
  242  235  230  225  218  209  198  191  187  184  180  176  173  175  184  204
  232  265  292  318  339  351  356  360  364  371  373  370  364  358  356  355
  363  375  401  431  465  495  516  537  553  559  559  556  551  535  528  520
  511  505  489  473  460  452  444  438  425  408  393  380  370  363  356  348
  335  320  301  284  272  262  252  244  242
    35.0-180.0 180.0   5.0 450.0                            LAT/LON1/LON2/DLON/H
  236  227  222  218  214  206  198  193  192  190  189  186  182  182  189  208
  238  268  298  328  352  365  370  372  376  380  381  379  378  379  379  382
  393  413  441  477  514  546  572  589  609  615  610  611  605  598  581  571
  560  548  530  512  496  488  485  479  463  443  423  405  392  385  378  370
  359  340  319  296  280  266  252  241  236
    32.5-180.0 180.0   5.0 450.0                            LAT/LON1/LON2/DLON/H
  238  223  216  213  209  202  196  194  193  192  194  192  188  186  190  208
  234  265  297  331  356  371  377  377  380  384  386  388  390  395  402  412
  429  454  485  526  567  596  625  648  665  676  676  676  668  660  645  630
  615  602  582  563  547  542  542  539  525  503  479  456  440  431  423  413
  402  380  355  325  303  284  267  247  238
    30.0-180.0 180.0   5.0 450.0                            LAT/LON1/LON2/DLON/H
  253  231  220  214  208  201  194  192  192  193  194  192  188  187  191  206
  227  257  291  326  353  370  375  375  380  384  388  394  402  410  425  445
  468  499  533  578  618  659  689  711  723  748  745  738  727  717  708  698
  682  668  647  629  620  614  622  621  607  582  555  530  508  498  489  481
  465  439  410  376  347  322  294  269  253
    27.5-180.0 180.0   5.0 450.0                            LAT/LON1/LON2/DLON/H
  287  253  238  226  216  207  197  192  191  191  193  192  188  187  190  201
  219  248  283  317  345  363  370  371  377  383  393  402  416  430  448  478
  509  546  583  629  672  716  750  769  781  811  806  793  778  768  763  754
  747  739  719  704  703  704  714  713  697  668  639  611  586  572  561  555
  536  507  479  442  415  378  343  310  287
    25.0-180.0 180.0   5.0 450.0                            LAT/LON1/LON2/DLON/H
  335  294  268  251  236  224  209  199  193  193  193  193  190  188  190  198
  214  243  274  305  332  351  360  364  374  384  399  415  433  453  479  511
  550  589  632  673  717  758  792  807  818  840  844  834  821  814  814  809
  808  807  795  777  785  791  803  805  786  752  719  691  661  639  626  624
  604  578  546  513  487  445  403  363  335
    22.5-180.0 180.0   5.0 450.0                            LAT/LON1/LON2/DLON/H
  389  341  312  290  267  247  228  215  205  199  197  196  194  192  193  198
  211  239  266  293  320  337  348  356  369  387  408  430  455  481  512  549
  591  631  670  708  743  776  802  813  820  843  854  854  851  848  853  859
  859  861  856  849  855  861  877  877  852  810  769  739  707  678  664  660
  645  625  598  570  553  511  464  420  389
    20.0-180.0 180.0   5.0 450.0                            LAT/LON1/LON2/DLON/H
  441  389  358  333  305  279  254  235  220  213  207  203  200  199  198  202
  214  237  261  283  309  324  336  348  367  393  419  451  481  511  548  588
  631  670  703  731  753  776  787  794  808  830  848  863  865  864  873  887
  889  888  892  893  896  900  910  901  865  817  763  721  690  661  648  637
  634  628  618  602  590  554  514  469  441
    17.5-180.0 180.0   5.0 450.0                            LAT/LON1/LON2/DLON/H
  474  435  404  373  343  312  280  255  238  228  221  215  209  206  204  207
  217  232  254  275  298  314  328  345  369  400  435  472  513  547  587  626
  667  701  724  739  747  758  762  771  793  819  839  860  864  865  873  886
  892  897  900  898  897  897  896  877  834  776  710  660  624  599  581  567
  573  581  587  582  585  564  528  495  474
    15.0-180.0 180.0   5.0 450.0                            LAT/LON1/LON2/DLON/H
  477  455  434  402  375  342  306  275  254  242  235  226  219  213  208  209
  215  225  245  268  289  307  323  344  372  409  452  497  540  584  624  659
  693  718  733  739  740  740  740  751  774  804  828  848  853  853  856  867
  879  887  885  878  873  871  860  835  785  712  637  586  550  526  500  482
  489  503  520  522  534  523  504  487  477
    12.5-180.0 180.0   5.0 450.0                            LAT/LON1/LON2/DLON/H
  449  448  435  415  397  364  326  297  267  255  244  235  224  215  209  205
  207  215  234  259  280  301  319  344  377  419  469  521  569  615  652  686
  713  731  743  743  741  733  732  736  754  785  815  831  835  832  831  841
  853  861  860  850  842  838  822  789  730  649  575  525  494  460  439  412
  410  424  444  450  460  457  449  449  449
    10.0-180.0 180.0   5.0 450.0                            LAT/LON1/LON2/DLON/H
  398  408  416  413  404  379  343  307  280  264  251  239  226  215  206  198
  196  205  226  250  273  296  318  346  383  431  485  541  595  643  680  708
  730  745  755  755  749  741  738  739  750  781  804  814  816  812  811  818
  829  837  838  828  820  815  796  756  693  616  550  504  475  447  415  379
  366  373  386  391  394  392  391  394  398
     7.5-180.0 180.0   5.0 450.0                            LAT/LON1/LON2/DLON/H
  352  364  380  392  391  373  344  312  287  271  255  240  226  212  199  189
  185  195  218  243  268  295  320  352  392  443  501  561  616  665  701  729
  749  763  772  773  769  765  762  762  769  789  801  806  805  801  802  809
  822  832  833  827  817  810  793  752  691  623  566  531  510  482  443  401
  378  374  371  365  361  354  350  348  352
     5.0-180.0 180.0   5.0 450.0                            LAT/LON1/LON2/DLON/H
  325  335  344  356  359  349  331  307  288  273  255  238  222  206  192  179
  175  186  209  235  266  296  325  361  404  454  514  576  632  679  715  742
  762  776  786  793  794  795  795  798  801  808  809  810  807  804  808  819
  835  847  847  842  831  824  814  778  725  662  615  592  580  560  514  470
  435  415  402  387  372  354  341  328  325
     2.5-180.0 180.0   5.0 450.0                            LAT/LON1/LON2/DLON/H
  325  319  316  321  319  318  309  295  279  267  248  230  214  199  183  169
  164  177  200  228  263  298  331  370  414  464  522  583  637  682  716  740
  758  776  791  805  812  820  826  832  836  830  825  821  818  820  827  840
  860  869  867  861  850  844  841  815  772  722  686  673  670  660  620  574
  529  493  459  439  411  387  362  338  325
