DORISInput/IGSGIM/2024/IGS0OPSFIN_20241470000_01D_02H_GIM.INX
     1.0            IONOSPHERE MAPS     MIX                 IONEX VERSION / TYPE
cmpcmb v1.2          GRL/UWM            12-jun-24 16:02     PGM / RUN BY / DATE 
ionex file containing IGS COMBINED Ionosphere maps          COMMENT             
global ionosphere maps for day 147, 2024                    DESCRIPTION         
IONEX file containing the COMBINED IGS TEC MAPS and DCBs    DESCRIPTION         
      IONEX files of the following IAACs were combined: cod DESCRIPTION         
                                                        jpl DESCRIPTION         
                                                        upc DESCRIPTION         
Contact address: Andrzej Krankowski                         DESCRIPTION
                 Geodynamics Research Laboratory            DESCRIPTION
                 University of Warmia and Mazury (GRL/UWM)  DESCRIPTION
                 Oczapowski St. 1                           DESCRIPTION
                 10-957-Olsztyn, POLAND                     DESCRIPTION
                 e-mail:  kand@uwm.edu.pl                   DESCRIPTION
                                                            DESCRIPTION         
  2024     5    26     0     0     0                        EPOCH OF FIRST MAP  
  2024     5    27     0     0     0                        EPOCH OF LAST MAP   
  7200                                                      INTERVAL            
    13                                                      # OF MAPS IN FILE   
  COSZ                                                      MAPPING FUNCTION    
     0.0                                                    ELEVATION CUTOFF    
combined TEC calculated as weighted mean of input TEC valuesOBSERVABLES USED    
   335                                                      # OF STATIONS       
    32                                                      # OF SATELLITES     
  6371.0                                                    BASE RADIUS         
     2                                                      MAP DIMENSION       
   450.0 450.0   0.0                                        HGT1 / HGT2 / DHGT  
    87.5 -87.5  -2.5                                        LAT1 / LAT2 / DLAT  
  -180.0 180.0   5.0                                        LON1 / LON2 / DLON  
    -1                                                      EXPONENT            
TEC values in 0.1 tec units;  9999, if no value available   COMMENT             
DCB values in nanoseconds, reference is Sum_of_SatDCBs = 0  COMMENT             
                                                            END OF HEADER       
[from data line 429]
     2                                                      START OF TEC MAP    
  2024     5    26     2     0     0                        EPOCH OF CURRENT MAP
    87.5-180.0 180.0   5.0 450.0                            LAT/LON1/LON2/DLON/H
  200  199  199  199  200  199  199  199  199  198  198  197  197  197  196  195
  194  195  194  193  193  191  191  189  189  188  187  187  186  185  184  184
  183  183  183  182  182  182  183  182  183  183  183  183  183  185  185  186
  186  187  188  188  189  190  191  192  193  194  194  195  195  196  196  197
  197  198  198  198  198  198  199  200  200
    85.0-180.0 180.0   5.0 450.0                            LAT/LON1/LON2/DLON/H
  216  216  215  216  215  215  215  214  214  212  212  211  209  210  209  207
  206  204  202  200  198  197  196  193  191  188  186  184  183  180  179  177
  175  174  173  173  173  172  173  173  175  176  177  179  181  182  183  185
  186  188  190  192  194  196  198  200  202  204  206  207  208  209  209  209
  210  211  211  213  213  214  213  215  216
    82.5-180.0 180.0   5.0 450.0                            LAT/LON1/LON2/DLON/H
  230  231  230  230  227  226  225  224  223  223  222  222  222  222  222  221
  220  219  216  214  210  206  203  199  194  191  188  184  182  178  175  173
  171  170  169  169  169  169  170  170  172  174  176  179  182  186  188  191
  194  196  198  201  204  207  210  213  216  219  222  223  225  226  226  226
  226  227  229  228  229  230  230  229  230
    80.0-180.0 180.0   5.0 450.0                            LAT/LON1/LON2/DLON/H
  243  243  241  238  235  233  231  229  227  226  226  227  227  228  227  228
  227  226  224  224  222  218  212  204  199  193  188  184  180  175  172  170
  169  168  168  168  169  171  173  174  177  179  181  185  188  192  196  199
  203  206  209  212  216  219  222  226  229  232  236  239  241  241  241  240
  241  242  242  242  242  242  243  243  243
    77.5-180.0 180.0   5.0 450.0                            LAT/LON1/LON2/DLON/H
  252  249  247  245  242  240  237  234  232  230  229  229  229  229  231  230
  229  228  227  226  224  225  220  214  203  196  190  184  181  177  174  171
  169  169  169  172  174  177  179  181  183  186  189  193  196  199  203  206
  210  215  218  222  225  228  231  235  237  241  245  248  250  250  250  251
  252  252  252  252  251  250  252  252  252
    75.0-180.0 180.0   5.0 450.0                            LAT/LON1/LON2/DLON/H
  256  255  254  253  252  250  246  242  239  237  236  235  233  232  232  232
  232  231  231  232  229  224  219  215  209  201  193  184  180  175  172  169
  170  172  173  176  179  183  187  189  192  194  197  200  203  206  209  211
  216  220  224  227  231  233  236  239  241  244  248  250  252  253  253  255
  256  257  257  257  257  257  257  257  256
    72.5-180.0 180.0   5.0 450.0                            LAT/LON1/LON2/DLON/H
  259  260  260  260  260  259  257  253  250  247  243  240  238  235  234  232
  231  230  231  227  223  217  215  212  205  200  191  185  177  174  172  171
  173  174  178  182  186  191  195  199  202  203  204  207  210  211  213  215
  218  223  226  230  232  235  237  239  241  243  245  248  249  250  252  254
  255  257  258  259  260  259  259  259  259
    70.0-180.0 180.0   5.0 450.0                            LAT/LON1/LON2/DLON/H
  261  261  262  262  262  265  264  263  259  256  252  247  242  237  234  230
  228  227  223  221  218  212  209  207  202  196  189  184  178  173  172  172
  176  178  182  188  194  199  203  207  209  210  210  211  212  214  215  218
  221  224  228  231  233  235  237  238  239  240  241  242  243  245  247  249
  252  254  256  258  260  261  260  261  261
    67.5-180.0 180.0   5.0 450.0                            LAT/LON1/LON2/DLON/H
  260  261  262  261  261  264  267  268  268  267  262  256  249  241  234  229
  225  221  217  216  214  209  206  204  199  193  189  183  179  176  175  174
  178  182  187  192  197  203  208  211  213  214  214  214  214  215  217  220
  223  226  229  231  233  234  235  236  236  236  236  236  237  239  241  244
  246  249  252  255  256  258  259  260  260
    65.0-180.0 180.0   5.0 450.0                            LAT/LON1/LON2/DLON/H
  256  256  257  257  258  261  266  270  273  275  271  266  257  247  237  231
  223  218  216  213  212  208  206  204  199  194  189  185  182  181  180  180
  182  186  189  194  197  203  207  210  213  214  215  215  216  217  220  222
  225  227  229  232  233  234  235  235  234  233  232  232  233  234  236  239
  241  244  247  250  251  254  255  256  256
    62.5-180.0 180.0   5.0 450.0                            LAT/LON1/LON2/DLON/H
  250  250  251  251  252  256  261  268  274  277  277  275  267  258  246  237
  229  222  219  216  212  210  207  205  202  196  192  191  189  188  187  186
  186  187  189  191  194  198  202  206  209  211  213  214  216  218  221  224
  227  229  231  233  236  237  236  236  234  232  232  231  232  233  236  238
  240  241  243  246  247  249  249  250  250
    60.0-180.0 180.0   5.0 450.0                            LAT/LON1/LON2/DLON/H
  246  245  245  244  245  248  253  261  269  275  280  282  279  271  261  251
  241  234  229  224  219  216  211  208  204  201  200  201  200  198  196  193
  190  188  187  187  189  191  195  199  202  206  209  211  215  218  222  226
  229  232  234  237  240  240  239  238  237  236  236  236  237  238  240  241
  242  242  244  244  244  245  245  245  246
    57.5-180.0 180.0   5.0 450.0                            LAT/LON1/LON2/DLON/H
  245  244  241  240  240  242  247  254  263  272  281  287  287  283  279  270
  260  253  247  238  232  226  219  217  212  211  212  214  212  210  206  201
  194  189  186  184  184  186  189  192  196  200  205  209  214  219  225  229
  233  237  240  242  243  244  244  244  244  244  244  245  246  248  249  250
  249  249  249  247  246  244  244  244  245
    55.0-180.0 180.0   5.0 450.0                            LAT/LON1/LON2/DLON/H
  248  246  243  241  239  240  243  251  259  270  281  289  294  296  295  290
  283  275  267  258  249  241  234  231  226  224  226  230  228  222  217  207
  198  191  186  183  182  183  185  187  191  196  202  208  214  221  227  233
  238  242  245  246  247  249  250  252  254  255  256  258  259  261  261  262
  260  260  258  255  252  250  249  249  248
    52.5-180.0 180.0   5.0 450.0                            LAT/LON1/LON2/DLON/H
  260  256  253  251  248  246  247  252  258  269  280  290  300  305  309  307
  303  296  286  277  267  258  248  244  239  239  241  244  241  234  227  214
  203  195  189  185  184  184  185  187  190  195  200  207  215  223  230  237
  241  246  249  251  253  256  257  261  265  268  271  273  275  275  275  276
  277  275  274  269  266  263  262  261  260
    50.0-180.0 180.0   5.0 450.0                            LAT/LON1/LON2/DLON/H
  282  277  273  270  266  262  260  260  264  271  279  291  302  312  318  321
  320  313  305  295  283  272  261  256  252  252  253  254  251  243  233  219
  208  200  195  192  189  189  188  189  191  194  200  207  216  225  234  240
  246  250  254  257  261  264  268  274  278  283  286  289  289  290  289  292
  293  292  292  289  286  285  286  283  282
    47.5-180.0 180.0   5.0 450.0                            LAT/LON1/LON2/DLON/H
  309  306  301  298  295  289  283  278  276  277  283  294  306  317  326  331
  331  326  318  308  295  285  275  269  264  265  265  264  260  248  238  223
  213  207  204  201  199  197  195  194  193  196  201  208  218  228  238  245
  251  255  260  265  271  276  283  289  295  299  301  303  302  302  301  305
  308  310  312  312  312  312  317  314  309
    45.0-180.0 180.0   5.0 450.0                            LAT/LON1/LON2/DLON/H
  344  340  335  331  329  323  314  303  296  290  291  299  310  322  331  338
  337  333  326  316  305  296  286  281  277  277  276  273  266  254  243  229
  220  217  216  214  212  209  205  201  198  198  203  211  221  232  243  252
  258  263  269  278  287  295  300  308  313  316  316  313  311  310  311  315
  321  328  336  340  342  346  350  349  344
    42.5-180.0 180.0   5.0 450.0                            LAT/LON1/LON2/DLON/H
  381  377  371  368  364  360  349  335  321  309  303  307  314  325  335  342
  341  337  330  321  312  306  298  293  291  289  288  280  271  259  249  240
  234  232  230  229  227  223  217  210  205  204  208  215  226  238  250  260
  267  275  283  295  304  314  320  327  331  332  329  323  318  316  319  326
  335  348  363  371  377  381  385  385  381
    40.0-180.0 180.0   5.0 450.0                            LAT/LON1/LON2/DLON/H
  419  415  407  402  399  395  384  367  349  331  319  315  322  329  339  345
  344  340  333  326  319  314  310  307  305  303  299  287  276  267  260  254
  251  251  250  249  245  239  230  222  217  214  215  222  233  245  258  269
  279  290  299  310  322  332  339  346  348  346  340  332  326  325  329  339
  352  369  390  403  413  419  423  424  419
    37.5-180.0 180.0   5.0 450.0                            LAT/LON1/LON2/DLON/H
  459  450  444  435  432  428  415  397  377  356  338  329  331  336  343  348
  347  344  339  332  328  325  323  322  321  318  311  298  289  281  276  275
  274  275  273  271  265  256  246  238  231  226  225  230  240  251  265  279
  292  302  314  326  337  347  354  360  361  359  351  343  338  339  346  360
  376  395  420  434  448  457  466  464  459
    35.0-180.0 180.0   5.0 450.0                            LAT/LON1/LON2/DLON/H
  499  491  482  471  463  453  442  424  403  378  359  347  343  347  352  353
  352  349  346  342  338  337  337  338  338  334  325  316  309  305  302  300
  302  301  299  292  283  273  262  253  244  239  236  239  245  256  270  286
  300  312  323  336  347  356  364  370  371  367  362  358  355  359  370  388
  407  426  453  469  483  496  505  506  499
    32.5-180.0 180.0   5.0 450.0                            LAT/LON1/LON2/DLON/H
  547  541  528  513  499  482  470  449  426  402  381  366  361  363  366  365
  361  356  355  354  352  352  354  356  356  349  341  337  335  332  331  329
  328  326  318  310  297  286  276  266  257  250  246  244  248  259  273  290
  303  315  328  340  352  361  368  374  376  374  373  374  377  386  402  423
  444  467  492  506  524  534  544  550  547
    30.0-180.0 180.0   5.0 450.0                            LAT/LON1/LON2/DLON/H
  608  606  586  566  542  518  500  475  450  427  409  391  383  382  382  380
  374  369  367  367  367  370  371  373  372  365  359  359  357  354  353  351
  348  341  330  317  304  291  281  271  264  258  253  246  246  255  271  288
  304  316  329  340  351  359  367  374  378  380  384  392  404  419  441  466
  491  515  535  546  563  574  588  604  608
    27.5-180.0 180.0   5.0 450.0                            LAT/LON1/LON2/DLON/H
  668  667  650  631  600  572  542  510  483  464  443  424  412  410  403  398
  392  387  384  381  382  387  385  387  386  381  377  376  372  367  364  360
  353  340  326  312  298  287  276  268  264  258  251  244  241  247  263  281
  300  314  328  337  345  352  362  370  378  387  397  412  432  456  483  514
  542  566  582  589  606  618  637  656  668
    25.0-180.0 180.0   5.0 450.0                            LAT/LON1/LON2/DLON/H
  731  739  730  713  677  636  592  559  530  509  489  473  454  447  433  423
  413  411  404  399  399  400  397  397  397  395  389  381  372  365  359  351
  338  320  306  292  282  274  266  259  255  250  244  235  231  236  251  271
  293  311  324  331  338  346  357  366  378  394  412  434  462  492  526  563
  593  615  626  635  650  666  689  713  731
    22.5-180.0 180.0   5.0 450.0                            LAT/LON1/LON2/DLON/H
  797  815  821  801  762  718  668  627  591  569  551  533  509  494  474  457
  441  435  428  421  416  413  410  408  405  399  389  372  357  347  337  325
  304  287  272  262  258  255  250  245  243  238  232  223  219  224  237  259
  284  303  317  326  333  342  354  367  383  404  429  456  488  527  564  605
  635  655  665  675  687  707  740  771  797
    20.0-180.0 180.0   5.0 450.0                            LAT/LON1/LON2/DLON/H
  853  883  900  887  851  807  756  708  667  641  625  601  575  549  520  495
  474  463  452  443  435  428  421  415  405  390  375  350  328  315  303  286
  266  251  236  228  232  235  233  231  229  226  221  214  209  213  225  246
  273  295  311  322  330  342  356  375  397  423  451  480  514  555  593  633
  660  681  693  706  721  742  777  814  853
    17.5-180.0 180.0   5.0 450.0                            LAT/LON1/LON2/DLON/H
  886  921  949  951  926  889  851  799  754  723  701  673  637  604  569  535
  511  493  476  463  452  441  425  412  395  370  344  312  283  270  258  242
  224  211  202  198  208  216  218  218  218  217  212  207  203  204  214  234
  259  285  306  320  333  348  368  393  419  449  480  509  543  582  619  653
  674  695  713  728  744  760  792  837  886
    15.0-180.0 180.0   5.0 450.0                            LAT/LON1/LON2/DLON/H
  881  925  960  976  969  945  919  879  836  799  775  740  699  656  617  579
  550  523  499  479  465  448  424  400  373  338  301  258  226  215  208  198
  189  179  175  179  195  204  209  211  213  213  208  205  201  197  203  221
  248  276  300  320  340  361  387  417  447  480  511  541  575  610  641  668
  686  701  721  740  755  768  791  832  881
    12.5-180.0 180.0   5.0 450.0                            LAT/LON1/LON2/DLON/H
  850  893  930  953  967  966  956  932  903  867  834  799  753  705  661  617
  585  552  523  496  473  448  416  380  340  294  250  210  179  167  166  167
  166  162  162  172  188  200  207  210  212  213  210  206  199  190  189  207
  234  265  294  320  346  374  407  442  477  511  543  574  607  639  664  682
  694  706  720  740  758  768  781  810  850
    10.0-180.0 180.0   5.0 450.0                            LAT/LON1/LON2/DLON/H
  810  844  872  893  915  931  938  938  924  898  868  834  789  738  691  647
  612  580  548  511  476  442  401  355  302  249  205  170  148  140  149  154
  162  162  164  176  191  204  212  213  212  211  212  208  197  182  176  189
  218  253  287  318  350  383  422  466  507  542  576  609  644  673  693  701
  704  711  724  743  755  764  770  784  810
     7.5-180.0 180.0   5.0 450.0                            LAT/LON1/LON2/DLON/H
  778  798  813  824  841  861  878  888  895  885  865  836  796  745  698  659
  627  596  564  521  477  431  383  328  268  211  168  141  129  130  147  160
  173  176  182  190  202  214  221  219  214  211  211  205  191  174  164  172
  202  240  278  315  350  388  435  486  534  571  609  647  687  717  730  727
  725  729  739  752  760  764  763  766  778
     5.0-180.0 180.0   5.0 450.0                            LAT/LON1/LON2/DLON/H
  766  773  775  773  777  792  809  822  834  838  827  803  772  723  683  643
  620  591  560  517  468  416  359  297  235  182  144  126  127  140  163  178
  192  200  206  212  219  228  232  227  217  211  208  199  183  163  150  155
  184  225  268  308  348  393  446  502  555  596  635  680  730  767  777  761
  755  759  765  772  776  776  766  763  766
     2.5-180.0 180.0   5.0 450.0                            LAT/LON1/LON2/DLON/H
  781  780  769  752  742  743  754  762  770  776  766  748  720  677  640  606
  584  564  536  495  447  392  330  268  209  165  139  130  140  163  188  210
  225  227  227  231  236  239  237  226  212  204  198  187  170  149  135  139
  166  208  255  297  342  392  451  513  565  607  650  702  763  810  824  807
  790  791  793  798  799  799  789  781  781
