DORISInput/IGSGIM/2024/IGS0OPSFIN_20241440000_01D_02H_GIM.INX
     1.0            IONOSPHERE MAPS     MIX                 IONEX VERSION / TYPE
cmpcmb v1.2          GRL/UWM             5-jun-24 16:39     PGM / RUN BY / DATE 
ionex file containing IGS COMBINED Ionosphere maps          COMMENT             
global ionosphere maps for day 144, 2024                    DESCRIPTION         
IONEX file containing the COMBINED IGS TEC MAPS and DCBs    DESCRIPTION         
      IONEX files of the following IAACs were combined: cod DESCRIPTION         
                                                        jpl DESCRIPTION         
                                                        upc DESCRIPTION         
Contact address: Andrzej Krankowski                         DESCRIPTION
                 Geodynamics Research Laboratory            DESCRIPTION
                 University of Warmia and Mazury (GRL/UWM)  DESCRIPTION
                 Oczapowski St. 1                           DESCRIPTION
                 10-957-Olsztyn, POLAND                     DESCRIPTION
                 e-mail:  kand@uwm.edu.pl                   DESCRIPTION
                                                            DESCRIPTION         
  2024     5    23     0     0     0                        EPOCH OF FIRST MAP  
  2024     5    24     0     0     0                        EPOCH OF LAST MAP   
  7200                                                      INTERVAL            
    13                                                      # OF MAPS IN FILE   
  COSZ                                                      MAPPING FUNCTION    
     0.0                                                    ELEVATION CUTOFF    
combined TEC calculated as weighted mean of input TEC valuesOBSERVABLES USED    
   335                                                      # OF STATIONS       
    32                                                      # OF SATELLITES     
  6371.0                                                    BASE RADIUS         
     2                                                      MAP DIMENSION       
   450.0 450.0   0.0                                        HGT1 / HGT2 / DHGT  
    87.5 -87.5  -2.5                                        LAT1 / LAT2 / DLAT  
  -180.0 180.0   5.0                                        LON1 / LON2 / DLON  
    -1                                                      EXPONENT            
TEC values in 0.1 tec units;  9999, if no value available   COMMENT             
DCB values in nanoseconds, reference is Sum_of_SatDCBs = 0  COMMENT             
                                                            END OF HEADER       
[from data line 858]
     3                                                      START OF TEC MAP    
  2024     5    23     4     0     0                        EPOCH OF CURRENT MAP
    87.5-180.0 180.0   5.0 450.0                            LAT/LON1/LON2/DLON/H
  242  242  241  242  241  241  241  242  242  242  242  242  243  243  244  243
  243  243  244  244  244  244  245  245  245  245  245  246  246  246  247  247
  247  248  249  249  250  250  251  251  251  252  253  253  254  254  254  254
  255  255  255  255  255  254  254  253  252  252  251  251  251  250  249  249
  248  247  246  246  245  244  244  243  242
    85.0-180.0 180.0   5.0 450.0                            LAT/LON1/LON2/DLON/H
  243  242  241  241  241  242  242  243  244  246  247  248  249  250  251  251
  251  250  250  249  247  248  248  248  247  247  247  247  247  247  247  247
  248  249  250  252  253  254  257  259  261  263  264  267  268  269  271  271
  271  271  271  271  273  272  272  270  269  268  267  265  264  263  260  259
  257  255  253  251  249  247  245  244  243
    82.5-180.0 180.0   5.0 450.0                            LAT/LON1/LON2/DLON/H
  246  244  242  242  241  242  244  245  247  249  252  255  256  258  260  261
  261  261  260  258  255  252  249  248  247  247  246  244  244  244  244  245
  246  249  251  254  257  260  264  266  270  272  276  279  282  285  287  289
  290  292  293  292  294  293  294  292  292  291  289  287  284  281  278  275
  272  269  265  261  258  255  252  248  246
    80.0-180.0 180.0   5.0 450.0                            LAT/LON1/LON2/DLON/H
  252  249  246  245  245  246  248  249  253  257  261  265  268  271  272  273
  273  272  271  268  264  260  251  250  247  245  244  242  241  242  243  245
  249  252  255  259  264  268  272  278  281  286  290  293  298  302  306  308
  309  311  311  312  313  313  314  313  313  313  312  311  307  303  299  295
  292  287  283  277  273  267  262  257  252
    77.5-180.0 180.0   5.0 450.0                            LAT/LON1/LON2/DLON/H
  264  259  255  253  252  252  254  256  260  264  268  271  275  278  280  281
  280  278  275  270  263  256  249  244  239  237  233  234  234  235  238  241
  245  249  256  262  268  275  282  289  295  301  307  311  315  319  323  324
  325  325  325  325  326  326  327  328  329  330  332  332  329  326  320  317
  313  308  303  297  290  284  277  270  264
    75.0-180.0 180.0   5.0 450.0                            LAT/LON1/LON2/DLON/H
  279  273  268  264  262  262  263  265  266  269  272  275  278  280  281  281
  280  277  273  266  257  250  242  234  228  225  223  220  221  224  230  234
  241  248  255  264  273  282  291  300  308  315  321  328  331  336  336  338
  337  335  336  335  335  335  336  338  340  343  345  347  347  343  340  337
  334  329  323  317  310  302  294  286  279
    72.5-180.0 180.0   5.0 450.0                            LAT/LON1/LON2/DLON/H
  295  288  281  276  273  271  271  272  273  274  276  278  279  279  278  277
  275  271  264  256  249  238  230  221  215  214  211  209  211  218  224  232
  240  249  258  269  280  292  301  311  320  327  334  340  345  350  351  352
  350  347  345  342  340  342  342  345  346  349  352  355  354  355  354  353
  351  347  342  335  329  321  313  304  295
    70.0-180.0 180.0   5.0 450.0                            LAT/LON1/LON2/DLON/H
  312  303  295  289  284  281  279  279  278  279  279  278  278  276  273  270
  266  259  252  243  236  224  215  209  203  203  203  204  207  213  223  231
  242  252  264  276  288  300  311  321  328  337  346  352  358  363  366  366
  366  361  359  353  350  350  350  349  348  349  352  355  356  359  360  361
  360  358  355  350  344  338  330  321  312
    67.5-180.0 180.0   5.0 450.0                            LAT/LON1/LON2/DLON/H
  325  316  307  299  294  289  286  283  282  281  278  276  274  270  265  260
  254  246  239  229  223  214  205  199  195  196  197  201  205  212  223  233
  245  258  273  285  296  307  318  327  335  344  354  362  369  376  381  384
  384  378  373  369  364  362  357  351  347  344  346  347  350  353  355  359
  361  361  360  357  354  349  342  334  325
    65.0-180.0 180.0   5.0 450.0                            LAT/LON1/LON2/DLON/H
  333  325  315  308  300  296  291  288  285  282  277  273  269  264  258  251
  245  237  227  220  215  207  201  196  193  194  195  200  205  214  226  239
  252  264  277  289  301  310  319  329  338  349  359  370  381  389  398  400
  401  397  395  389  382  374  363  351  344  339  337  334  336  340  344  348
  352  355  357  357  355  354  348  342  333
    62.5-180.0 180.0   5.0 450.0                            LAT/LON1/LON2/DLON/H
  339  330  320  313  305  299  295  291  288  285  280  274  267  259  251  243
  238  231  224  216  212  207  201  197  196  197  201  205  211  223  233  245
  255  265  276  287  297  307  317  328  340  353  365  378  392  403  413  419
  419  418  417  411  400  385  370  353  343  334  328  321  322  323  328  332
  337  341  346  349  351  351  349  345  339
    60.0-180.0 180.0   5.0 450.0                            LAT/LON1/LON2/DLON/H
  340  331  324  315  307  302  298  295  291  289  285  278  270  260  250  242
  236  229  222  216  212  209  206  204  203  206  210  216  222  231  238  246
  251  257  267  278  289  301  313  328  342  357  372  387  402  417  428  435
  439  440  439  431  417  400  380  361  346  332  322  312  310  310  311  314
  319  325  332  338  343  347  347  346  340
    57.5-180.0 180.0   5.0 450.0                            LAT/LON1/LON2/DLON/H
  341  334  326  319  311  305  301  298  296  293  289  285  276  266  256  247
  240  231  224  219  216  215  214  213  213  216  221  224  227  235  238  240
  242  246  255  267  280  295  309  325  343  360  378  396  413  428  440  449
  454  457  458  450  434  416  394  375  357  340  325  311  306  302  300  302
  307  313  321  328  336  341  344  344  341
    55.0-180.0 180.0   5.0 450.0                            LAT/LON1/LON2/DLON/H
  344  340  334  329  321  313  309  304  302  299  296  292  285  276  265  255
  245  236  229  224  221  221  221  220  220  221  226  228  229  233  236  233
  233  236  243  255  270  287  304  324  344  363  385  403  421  438  452  461
  468  472  472  464  452  437  413  393  376  359  342  324  313  304  300  300
  302  309  317  326  334  339  343  345  344
    52.5-180.0 180.0   5.0 450.0                            LAT/LON1/LON2/DLON/H
  353  351  350  345  339  331  325  319  313  308  304  300  295  286  277  264
  252  240  232  228  225  224  225  223  224  226  228  231  232  233  233  229
  227  229  235  247  263  280  300  323  345  367  390  410  429  446  459  472
  479  482  483  477  468  457  438  419  403  387  369  349  332  318  309  307
  307  313  320  329  336  342  348  351  353
    50.0-180.0 180.0   5.0 450.0                            LAT/LON1/LON2/DLON/H
  368  371  373  371  366  359  350  341  332  324  317  311  305  296  285  272
  257  244  234  230  227  227  228  228  230  231  232  235  236  236  234  229
  225  226  232  243  256  274  296  319  345  371  395  417  436  452  466  479
  486  490  493  493  486  480  466  452  434  419  400  379  360  341  326  320
  319  323  329  337  344  350  359  363  368
    47.5-180.0 180.0   5.0 450.0                            LAT/LON1/LON2/DLON/H
  390  399  403  402  399  392  382  370  357  346  335  325  316  305  292  277
  260  246  235  231  230  232  234  237  239  240  241  243  243  243  240  236
  232  233  236  243  255  271  293  318  346  374  399  421  440  457  471  483
  491  497  503  506  506  504  496  486  470  455  436  414  393  371  350  339
  335  337  344  352  359  366  376  382  390
    45.0-180.0 180.0   5.0 450.0                            LAT/LON1/LON2/DLON/H
  417  430  436  436  431  428  416  401  385  371  356  342  329  315  298  280
  263  246  236  232  234  238  244  249  253  254  254  255  255  254  254  250
  246  246  248  250  258  272  292  317  345  376  403  426  446  462  475  488
  497  505  512  520  525  527  526  521  507  493  474  453  427  405  381  366
  358  357  365  373  380  388  400  409  417
    42.5-180.0 180.0   5.0 450.0                            LAT/LON1/LON2/DLON/H
  448  459  466  467  462  459  448  431  415  399  379  361  345  326  305  284
  264  249  240  236  240  250  259  266  272  276  275  274  273  275  275  270
  266  265  262  260  263  272  290  316  345  378  407  431  450  465  481  495
  508  517  525  537  545  550  553  552  544  532  514  492  466  442  416  397
  385  383  390  400  406  415  428  437  448
    40.0-180.0 180.0   5.0 450.0                            LAT/LON1/LON2/DLON/H
  478  486  491  487  486  484  473  457  441  423  400  379  360  340  316  291
  270  256  248  247  254  267  278  291  298  304  302  301  299  298  297  294
  289  285  279  273  270  275  291  316  347  381  411  434  452  469  487  503
  517  529  540  553  564  571  577  580  578  571  556  537  511  486  457  436
  420  415  421  431  440  449  461  467  478
    37.5-180.0 180.0   5.0 450.0                            LAT/LON1/LON2/DLON/H
  510  519  514  507  502  497  490  476  464  444  423  398  377  354  327  301
  280  267  262  265  274  288  303  321  331  340  336  334  330  325  323  318
  311  306  297  286  278  280  293  316  348  381  412  434  453  471  490  509
  525  538  552  566  579  588  598  605  610  611  602  588  565  540  509  485
  466  458  462  467  477  487  496  503  510
    35.0-180.0 180.0   5.0 450.0                            LAT/LON1/LON2/DLON/H
  547  552  538  524  515  508  503  492  482  465  445  420  396  369  341  314
  294  282  281  286  297  315  335  358  369  381  375  368  362  353  350  340
  330  323  312  299  288  284  294  316  345  380  410  433  450  469  489  509
  528  544  558  573  588  603  616  628  640  647  648  639  622  597  568  541
  520  510  510  515  524  530  538  546  547
    32.5-180.0 180.0   5.0 450.0                            LAT/LON1/LON2/DLON/H
  595  588  568  549  533  528  522  511  499  484  465  440  416  391  360  331
  311  304  303  309  322  344  368  394  407  422  410  400  391  380  373  359
  346  336  324  310  295  287  293  312  340  374  405  425  442  461  482  504
  525  541  555  572  591  610  628  646  664  680  689  688  675  653  625  601
  578  567  564  567  576  581  589  596  595
    30.0-180.0 180.0   5.0 450.0                            LAT/LON1/LON2/DLON/H
  653  642  618  591  568  557  551  539  522  501  481  460  440  415  382  352
  332  327  326  333  349  372  399  427  440  455  441  423  415  399  386  371
  355  342  328  312  296  284  287  302  330  363  391  411  427  448  470  494
  514  530  545  562  585  609  632  658  686  708  725  730  722  707  685  664
  641  627  623  627  631  638  647  655  653
    27.5-180.0 180.0   5.0 450.0                            LAT/LON1/LON2/DLON/H
  728  717  691  659  631  613  600  587  561  531  507  484  465  441  408  376
  355  347  347  356  374  398  427  454  465  473  457  436  424  406  389  372
  353  337  323  307  290  277  274  287  310  344  372  392  409  429  452  477
  498  516  530  548  574  603  632  666  702  732  753  764  763  756  742  729
  706  690  686  690  692  700  715  727  728
    25.0-180.0 180.0   5.0 450.0                            LAT/LON1/LON2/DLON/H
  818  815  795  759  726  701  682  654  619  580  546  516  492  467  434  404
  382  370  366  376  395  419  449  472  478  475  457  435  415  397  378  359
  338  321  308  294  277  262  257  266  290  320  348  372  389  409  433  458
  482  499  516  536  563  595  630  671  712  747  774  790  797  800  799  787
  771  753  751  756  759  768  780  800  818
    22.5-180.0 180.0   5.0 450.0                            LAT/LON1/LON2/DLON/H
  913  918  924  892  852  822  792  750  701  647  599  557  523  496  469  440
  413  396  389  398  414  438  462  477  476  465  442  415  392  370  351  335
  315  299  287  274  256  242  235  243  264  291  323  349  370  392  416  441
  466  487  506  526  555  589  627  671  715  753  785  806  821  832  842  838
  823  810  816  814  817  825  842  878  913
    20.0-180.0 180.0   5.0 450.0                            LAT/LON1/LON2/DLON/H
  983 1023 1035 1023  991  950  922  863  798  721  663  607  567  535  510  482
  451  427  418  421  432  451  469  476  466  444  411  373  349  330  315  300
  286  270  260  247  230  216  208  215  236  263  298  327  354  378  403  431
  459  481  502  526  557  592  627  673  712  752  784  808  830  852  872  878
  864  855  856  856  857  867  888  930  983
    17.5-180.0 180.0   5.0 450.0                            LAT/LON1/LON2/DLON/H
 1013 1071 1110 1120 1106 1071 1027  979  905  813  735  671  619  585  560  532
  494  463  446  442  448  460  467  462  440  406  362  317  295  279  266  261
  247  238  227  217  201  187  179  187  207  236  271  304  340  367  397  430
  461  486  511  539  571  605  639  679  716  752  782  804  830  860  890  904
  897  885  881  879  880  890  912  953 1013
    15.0-180.0 180.0   5.0 450.0                            LAT/LON1/LON2/DLON/H
  998 1063 1114 1136 1143 1127 1090 1041  976  888  806  736  675  641  615  587
  544  501  475  463  463  466  455  434  400  354  303  260  242  227  218  216
  212  206  198  190  178  164  157  159  181  211  246  289  328  363  399  435
  471  503  531  562  595  628  659  692  727  758  784  805  829  863  899  920
  919  907  896  894  891  894  911  942  998
    12.5-180.0 180.0   5.0 450.0                            LAT/LON1/LON2/DLON/H
  951 1004 1053 1079 1097 1098 1075 1035  989  923  851  783  725  692  670  644
  593  546  507  486  477  467  442  400  355  296  246  210  195  183  178  179
  179  178  173  168  159  149  143  146  161  190  233  282  329  367  406  445
  484  522  555  588  623  654  687  716  745  772  793  813  833  866  905  928
  931  920  905  898  890  887  894  911  951
    10.0-180.0 180.0   5.0 450.0                            LAT/LON1/LON2/DLON/H
  894  920  950  970  984  993  984  956  933  900  847  789  747  719  708  689
  643  594  547  514  492  469  430  368  313  242  200  172  160  152  149  152
  155  157  157  154  147  140  138  138  150  181  226  279  327  370  411  452
  496  538  577  611  648  684  719  749  775  798  814  830  847  878  912  932
  937  926  910  898  888  879  873  877  894
     7.5-180.0 180.0   5.0 450.0                            LAT/LON1/LON2/DLON/H
  841  832  834  840  841  840  839  821  818  810  779  748  722  708  716  712
  682  637  584  542  508  468  412  336  276  206  169  149  140  135  133  137
  143  145  145  143  140  138  136  135  145  175  220  270  316  361  405  451
  498  544  585  626  670  712  755  791  817  836  848  859  875  900  925  942
  945  932  917  903  891  880  863  850  841
     5.0-180.0 180.0   5.0 450.0                            LAT/LON1/LON2/DLON/H
  806  765  732  712  691  671  659  654  650  662  662  654  645  654  674  692
  685  652  603  560  513  457  388  306  244  181  150  137  132  131  129  132
  137  138  137  135  134  135  133  132  141  168  209  254  300  346  389  440
  488  539  583  628  680  733  789  835  867  883  892  899  911  929  946  958
  958  943  928  914  903  889  866  839  806
     2.5-180.0 180.0   5.0 450.0                            LAT/LON1/LON2/DLON/H
  804  737  671  619  575  534  503  485  479  493  507  515  531  557  594  628
  638  621  595  557  501  435  358  276  218  165  140  134  135  135  131  129
  131  133  132  131  130  129  128  129  136  158  192  236  282  327  372  421
  473  523  568  614  673  741  808  864  906  929  937  940  947  961  970  973
  968  952  937  925  917  904  884  853  804
