DORISInput/IGSGIM/2024/IGS0OPSFIN_20241340000_01D_02H_GIM.INX
     1.0            IONOSPHERE MAPS     MIX                 IONEX VERSION / TYPE
cmpcmb v1.2          GRL/UWM            28-may-24 18:14     PGM / RUN BY / DATE 
ionex file containing IGS COMBINED Ionosphere maps          COMMENT             
global ionosphere maps for day 134, 2024                    DESCRIPTION         
IONEX file containing the COMBINED IGS TEC MAPS and DCBs    DESCRIPTION         
      IONEX files of the following IAACs were combined: cod DESCRIPTION         
                                                        jpl DESCRIPTION         
                                                        upc DESCRIPTION         
Contact address: Andrzej Krankowski                         DESCRIPTION
                 Geodynamics Research Laboratory            DESCRIPTION
                 University of Warmia and Mazury (GRL/UWM)  DESCRIPTION
                 Oczapowski St. 1                           DESCRIPTION
                 10-957-Olsztyn, POLAND                     DESCRIPTION
                 e-mail:  kand@uwm.edu.pl                   DESCRIPTION
                                                            DESCRIPTION         
  2024     5    13     0     0     0                        EPOCH OF FIRST MAP  
  2024     5    14     0     0     0                        EPOCH OF LAST MAP   
  7200                                                      INTERVAL            
    13                                                      # OF MAPS IN FILE   
  COSZ                                                      MAPPING FUNCTION    
     0.0                                                    ELEVATION CUTOFF    
combined TEC calculated as weighted mean of input TEC valuesOBSERVABLES USED    
   336                                                      # OF STATIONS       
    32                                                      # OF SATELLITES     
  6371.0                                                    BASE RADIUS         
     2                                                      MAP DIMENSION       
   450.0 450.0   0.0                                        HGT1 / HGT2 / DHGT  
    87.5 -87.5  -2.5                                        LAT1 / LAT2 / DLAT  
  -180.0 180.0   5.0                                        LON1 / LON2 / DLON  
    -1                                                      EXPONENT            
TEC values in 0.1 tec units;  9999, if no value available   COMMENT             
DCB values in nanoseconds, reference is Sum_of_SatDCBs = 0  COMMENT             
                                                            END OF HEADER       
[from data line 429]
     2                                                      START OF TEC MAP    
  2024     5    13     2     0     0                        EPOCH OF CURRENT MAP
    87.5-180.0 180.0   5.0 450.0                            LAT/LON1/LON2/DLON/H
  191  192  192  192  193  193  193  193  192  192  192  192  191  190  189  189
  187  185  184  182  181  179  177  175  174  172  170  169  168  165  164  165
  163  162  161  161  161  161  160  160  161  162  161  161  163  165  165  167
  168  169  170  171  172  173  175  176  177  178  180  181  181  183  184  184
  185  186  187  188  188  189  190  190  191
    85.0-180.0 180.0   5.0 450.0                            LAT/LON1/LON2/DLON/H
  196  197  198  201  201  201  202  202  201  200  199  198  196  195  194  192
  190  188  185  182  179  176  173  169  165  162  159  155  154  152  150  149
  148  146  145  144  144  144  144  143  143  144  144  144  146  148  149  150
  152  155  157  159  161  164  167  170  172  174  177  178  180  181  182  183
  183  184  185  187  189  191  193  195  196
    82.5-180.0 180.0   5.0 450.0                            LAT/LON1/LON2/DLON/H
  207  211  212  214  216  216  217  217  216  217  214  213  209  208  203  201
  195  191  187  184  180  174  168  164  158  154  149  145  141  138  135  132
  131  129  128  127  126  126  126  127  127  129  129  129  130  131  133  136
  137  141  144  147  151  155  159  162  166  170  173  176  178  179  179  180
  182  184  187  190  193  197  201  203  207
    80.0-180.0 180.0   5.0 450.0                            LAT/LON1/LON2/DLON/H
  214  217  220  221  224  224  224  222  220  219  218  216  216  213  209  206
  201  195  191  186  179  173  166  157  151  145  139  135  130  125  123  120
  117  116  116  117  117  118  118  120  121  121  121  122  121  121  122  123
  125  129  134  138  143  148  153  158  162  167  170  173  175  177  178  179
  181  185  187  193  197  202  206  211  214
    77.5-180.0 180.0   5.0 450.0                            LAT/LON1/LON2/DLON/H
  221  225  228  230  230  230  230  228  226  224  222  219  214  211  207  202
  197  193  189  187  180  170  163  153  148  141  136  130  122  117  115  112
  111  112  112  113  114  116  117  119  120  121  120  119  119  118  118  118
  119  122  126  132  138  144  149  155  160  164  168  171  173  174  176  178
  180  183  187  192  197  202  208  215  221
    75.0-180.0 180.0   5.0 450.0                            LAT/LON1/LON2/DLON/H
  224  230  235  238  240  239  237  233  230  226  223  221  218  212  207  203
  199  195  191  183  174  170  163  155  143  136  128  120  115  111  109  107
  106  107  111  114  117  120  123  126  127  128  126  124  121  119  118  119
  120  122  126  131  138  145  151  156  161  166  169  171  172  173  173  174
  178  180  184  189  195  202  210  217  224
    72.5-180.0 180.0   5.0 450.0                            LAT/LON1/LON2/DLON/H
  226  234  241  248  250  250  245  241  236  234  231  225  218  213  209  202
  198  192  186  180  176  170  163  152  144  133  125  116  110  106  104  105
  107  110  112  118  124  128  130  134  136  137  136  133  129  126  124  124
  125  126  130  135  141  148  154  161  165  169  172  173  173  173  173  173
  175  177  181  185  191  199  208  217  226
    70.0-180.0 180.0   5.0 450.0                            LAT/LON1/LON2/DLON/H
  226  236  245  251  256  257  256  252  246  242  236  228  221  216  207  200
  195  188  186  182  176  169  161  152  142  134  126  119  111  106  105  107
  110  112  117  121  127  132  136  139  141  144  143  142  139  135  133  132
  131  133  136  141  147  154  161  167  172  174  177  177  175  174  173  172
  174  176  179  184  190  199  209  218  226
    67.5-180.0 180.0   5.0 450.0                            LAT/LON1/LON2/DLON/H
  227  234  243  250  256  261  261  260  253  248  242  233  227  216  205  197
  188  184  183  179  174  168  160  152  143  134  128  122  116  112  112  112
  114  117  119  123  127  130  134  138  143  147  149  150  148  144  143  141
  140  140  142  147  154  162  169  175  180  182  183  182  180  177  175  175
  176  178  182  188  196  204  212  219  227
    65.0-180.0 180.0   5.0 450.0                            LAT/LON1/LON2/DLON/H
  227  232  236  243  250  256  261  261  258  255  248  240  229  216  204  193
  184  181  181  174  170  165  159  151  144  135  130  125  122  120  120  118
  118  119  120  121  122  124  127  132  139  146  152  155  156  153  151  149
  147  146  148  154  161  170  178  184  188  190  190  188  186  183  181  181
  182  184  189  195  202  208  215  221  227
    62.5-180.0 180.0   5.0 450.0                            LAT/LON1/LON2/DLON/H
  223  226  229  234  240  246  254  259  261  259  253  244  231  219  204  193
  184  179  174  167  164  160  156  147  143  135  130  127  126  125  126  126
  124  121  119  116  114  114  117  123  132  141  149  156  159  159  157  154
  151  150  154  160  168  177  185  191  195  196  196  194  192  190  189  189
  190  193  198  202  208  213  216  220  223
    60.0-180.0 180.0   5.0 450.0                            LAT/LON1/LON2/DLON/H
  220  221  223  224  228  234  241  250  257  258  255  249  237  224  210  196
  184  177  168  160  157  154  149  142  138  133  129  128  128  129  130  131
  128  122  116  112  107  105  106  112  121  131  142  151  157  158  157  155
  152  153  156  163  172  180  189  195  199  200  200  199  199  198  198  199
  200  203  206  210  214  216  218  219  220
    57.5-180.0 180.0   5.0 450.0                            LAT/LON1/LON2/DLON/H
  220  219  218  217  218  221  229  238  248  255  258  256  247  234  219  203
  188  177  165  156  150  147  139  134  132  130  129  129  128  130  133  130
  129  122  116  109  104  100  100  103  110  120  131  141  150  154  154  153
  151  153  158  167  175  185  192  198  201  202  202  203  204  205  206  208
  210  212  214  217  220  221  222  221  220
    55.0-180.0 180.0   5.0 450.0                            LAT/LON1/LON2/DLON/H
  224  223  220  216  214  215  219  227  238  249  258  262  257  246  230  214
  196  181  166  155  147  139  129  126  125  125  126  128  129  132  134  130
  128  123  117  109  103   98   96   98  102  110  120  131  141  146  149  149
  150  153  162  172  183  192  197  201  202  203  204  205  208  210  212  216
  218  220  222  224  227  227  228  226  224
    52.5-180.0 180.0   5.0 450.0                            LAT/LON1/LON2/DLON/H
  235  236  231  227  221  219  220  225  234  244  254  263  265  257  242  226
  207  190  172  158  146  133  123  120  120  121  123  126  131  133  136  132
  127  123  118  112  106  103  100   99  101  105  113  124  133  139  144  147
  152  159  171  182  195  202  206  207  206  206  207  209  212  215  217  221
  224  226  230  232  234  236  238  237  235
    50.0-180.0 180.0   5.0 450.0                            LAT/LON1/LON2/DLON/H
  259  259  255  249  243  236  232  232  237  243  251  262  268  267  258  241
  222  201  183  166  151  136  124  120  120  123  127  131  136  141  143  140
  135  129  125  121  116  113  111  107  105  107  112  120  129  137  144  150
  159  172  185  200  210  216  218  217  214  212  213  214  217  220  222  225
  228  231  236  240  242  245  251  254  259
    47.5-180.0 180.0   5.0 450.0                            LAT/LON1/LON2/DLON/H
  287  293  290  285  278  267  258  251  248  248  252  260  269  274  271  260
  237  218  200  184  166  150  138  134  134  139  144  150  156  164  164  160
  153  146  141  135  132  130  126  120  115  113  115  121  130  138  147  157
  171  189  205  221  232  237  236  233  228  225  225  226  227  227  227  229
  231  235  242  248  252  259  269  279  287
    45.0-180.0 180.0   5.0 450.0                            LAT/LON1/LON2/DLON/H
  321  331  333  329  324  311  295  280  269  262  259  264  272  277  279  274
  258  244  225  212  194  181  170  166  166  172  179  189  195  202  200  196
  181  172  163  154  150  146  139  133  126  122  121  126  134  143  154  168
  184  208  229  246  257  262  260  256  251  247  245  244  243  239  236  235
  235  240  249  258  265  277  291  307  321
    42.5-180.0 180.0   5.0 450.0                            LAT/LON1/LON2/DLON/H
  356  371  376  377  370  360  339  318  299  284  274  274  278  282  285  283
  277  268  256  247  233  224  215  213  214  223  229  242  248  249  245  236
  222  207  190  179  169  159  151  142  135  130  128  132  141  151  164  182
  204  231  254  274  285  291  290  288  283  277  273  271  265  258  251  247
  243  247  257  269  279  294  315  336  356
    40.0-180.0 180.0   5.0 450.0                            LAT/LON1/LON2/DLON/H
  387  409  417  419  414  406  388  363  339  317  297  288  289  291  291  289
  287  284  283  281  273  267  260  261  269  281  289  300  303  297  290  283
  269  249  226  210  194  177  162  151  143  138  136  140  148  160  174  196
  224  255  280  299  313  320  322  322  321  315  309  303  293  283  273  263
  257  257  269  279  295  313  337  365  387
    37.5-180.0 180.0   5.0 450.0                            LAT/LON1/LON2/DLON/H
  418  438  449  454  451  444  429  404  379  352  325  308  301  299  297  294
  291  294  302  306  306  303  300  305  318  334  348  358  358  350  341  333
  320  300  278  252  225  197  175  162  152  147  145  147  155  166  183  210
  241  272  299  320  334  344  351  355  357  355  349  341  329  317  304  289
  279  276  286  296  311  331  360  389  418
    35.0-180.0 180.0   5.0 450.0                            LAT/LON1/LON2/DLON/H
  442  463  477  481  480  472  462  439  415  382  353  329  316  308  304  296
  292  298  313  322  328  331  333  341  358  383  403  419  415  404  392  382
  375  354  333  302  264  224  193  174  163  155  152  153  158  171  190  217
  250  281  311  332  346  359  370  380  388  391  386  380  368  358  344  328
  316  306  314  319  332  353  382  412  442
    32.5-180.0 180.0   5.0 450.0                            LAT/LON1/LON2/DLON/H
  470  491  501  505  505  498  494  474  445  412  381  351  331  319  308  295
  293  299  315  328  339  347  356  372  398  431  455  473  473  455  439  432
  426  411  388  359  314  258  220  194  177  166  161  159  162  172  191  217
  247  279  310  332  348  363  379  397  410  417  417  412  406  400  389  375
  360  347  352  352  364  381  409  443  470
    30.0-180.0 180.0   5.0 450.0                            LAT/LON1/LON2/DLON/H
  514  534  536  534  531  525  517  499  467  435  404  372  347  328  309  294
  291  296  309  324  340  353  370  398  438  481  508  527  533  508  485  472
  472  465  442  417  365  297  252  221  195  179  169  165  164  172  188  210
  240  272  301  321  340  360  379  406  426  434  437  438  437  438  435  429
  414  399  398  392  401  416  447  491  514
    27.5-180.0 180.0   5.0 450.0                            LAT/LON1/LON2/DLON/H
  571  580  583  580  572  560  545  522  486  454  426  391  365  343  316  296
  287  287  300  315  336  362  385  426  485  533  560  581  590  550  518  493
  494  500  480  462  408  337  284  248  214  192  178  169  167  171  181  199
  228  260  286  307  326  349  372  407  431  442  450  459  468  475  481  482
  472  459  450  440  448  463  500  546  571
    25.0-180.0 180.0   5.0 450.0                            LAT/LON1/LON2/DLON/H
  636  649  650  654  639  617  586  556  510  477  446  416  389  365  329  300
  285  280  287  304  333  371  403  456  532  583  609  628  623  559  516  465
  465  473  462  462  422  356  300  267  231  205  189  176  169  169  174  189
  216  247  272  292  313  336  366  405  433  447  461  477  495  512  526  535
  530  521  507  498  509  522  561  608  636
    22.5-180.0 180.0   5.0 450.0                            LAT/LON1/LON2/DLON/H
  709  736  745  755  736  703  656  611  559  519  483  452  421  394  351  312
  289  283  286  303  335  382  430  494  572  622  655  665  626  525  469  398
  382  402  384  401  393  342  286  262  233  210  195  183  173  167  169  183
  208  237  262  282  303  328  365  406  436  454  473  495  520  545  567  583
  584  582  570  566  570  588  626  677  709
    20.0-180.0 180.0   5.0 450.0                            LAT/LON1/LON2/DLON/H
  786  828  866  874  854  813  753  695  634  586  548  505  470  436  385  335
  312  303  304  320  349  403  468  537  607  653  687  673  598  459  392  305
  289  302  303  315  322  297  249  227  215  202  195  186  176  167  167  182
  207  236  260  279  300  328  369  411  442  466  489  514  546  576  599  618
  628  631  625  622  624  654  690  742  786
    17.5-180.0 180.0   5.0 450.0                            LAT/LON1/LON2/DLON/H
  842  903  963  992  981  939  871  809  739  681  634  584  542  498  424  373
  349  338  339  354  379  437  509  576  630  670  679  637  519  370  297  213
  202  209  223  238  244  228  194  185  176  181  188  186  178  169  169  187
  215  241  265  286  308  338  381  423  456  483  510  538  572  604  628  651
  662  666  664  666  672  706  747  790  842
    15.0-180.0 180.0   5.0 450.0                            LAT/LON1/LON2/DLON/H
  871  948 1020 1074 1086 1045 1002  934  858  788  743  679  630  565  489  430
  400  384  382  394  417  471  546  607  640  659  638  562  399  273  200  139
  129  137  158  177  180  168  148  142  143  160  180  185  181  173  173  189
  222  253  277  297  321  357  402  444  479  507  537  567  602  631  659  685
  696  699  699  705  717  749  780  813  871
    12.5-180.0 180.0   5.0 450.0                            LAT/LON1/LON2/DLON/H
  873  947 1029 1110 1152 1132 1084 1033  988  914  843  786  722  649  566  499
  462  438  427  433  453  498  560  611  622  602  547  445  315  188  123   87
   76   85  111  130  135  127  116  114  127  152  176  186  186  180  179  193
  224  261  287  309  337  377  427  472  506  536  569  600  633  662  688  715
  732  734  734  741  754  777  800  825  873
    10.0-180.0 180.0   5.0 450.0                            LAT/LON1/LON2/DLON/H
  868  926 1003 1085 1149 1152 1128 1108 1079 1013  941  874  799  721  639  571
  525  496  477  474  490  526  559  581  562  505  428  331  224  134   85   58
   56   59   82  104  111  109  107  112  125  151  175  189  189  183  181  192
  224  263  292  321  353  397  452  500  535  570  607  637  665  690  717  746
  766  771  769  777  788  799  812  836  868
     7.5-180.0 180.0   5.0 450.0                            LAT/LON1/LON2/DLON/H
  867  908  971 1049 1106 1121 1114 1120 1108 1062  998  930  855  776  701  634
  586  552  528  518  527  542  548  533  485  403  318  234  156   95   65   45
   47   59   79   98  106  108  116  125  137  156  177  189  186  176  173  185
  217  257  293  327  367  416  474  525  563  603  643  674  695  721  751  781
  802  808  804  806  816  823  827  843  867
     5.0-180.0 180.0   5.0 450.0                            LAT/LON1/LON2/DLON/H
  871  902  953 1013 1058 1071 1066 1070 1072 1046  999  940  874  803  734  676
  630  593  569  551  547  538  519  481  409  313  227  159  109   76   67   57
   67   83  100  114  122  125  136  147  156  167  180  182  174  162  157  169
  202  245  286  326  374  428  488  542  586  629  670  704  725  753  787  817
  837  843  834  831  841  850  852  859  871
     2.5-180.0 180.0   5.0 450.0                            LAT/LON1/LON2/DLON/H
  896  916  949  992 1022 1023 1015 1005 1003  991  957  904  851  781  729  675
  638  607  584  565  547  519  481  424  338  242  164  114   89   82   88   93
  106  122  138  147  150  149  159  169  176  179  178  171  159  144  138  152
  187  228  270  315  369  427  491  547  595  642  685  722  750  781  816  849
  868  867  857  855  867  884  888  888  896
