DORISInput/IGSGIM/2024/IGS0OPSFIN_20241550000_01D_02H_GIM.INX
     1.0            IONOSPHERE MAPS     MIX                 IONEX VERSION / TYPE
cmpcmb v1.2          GRL/UWM            24-jun-24 15:58     PGM / RUN BY / DATE 
ionex file containing IGS COMBINED Ionosphere maps          COMMENT             
global ionosphere maps for day 155, 2024                    DESCRIPTION         
IONEX file containing the COMBINED IGS TEC MAPS and DCBs    DESCRIPTION         
      IONEX files of the following IAACs were combined: cod DESCRIPTION         
                                                        jpl DESCRIPTION         
                                                        upc DESCRIPTION         
Contact address: Andrzej Krankowski                         DESCRIPTION
                 Geodynamics Research Laboratory            DESCRIPTION
                 University of Warmia and Mazury (GRL/UWM)  DESCRIPTION
                 Oczapowski St. 1                           DESCRIPTION
                 10-957-Olsztyn, POLAND                     DESCRIPTION
                 e-mail:  kand@uwm.edu.pl                   DESCRIPTION
                                                            DESCRIPTION         
  2024     6     3     0     0     0                        EPOCH OF FIRST MAP  
  2024     6     4     0     0     0                        EPOCH OF LAST MAP   
  7200                                                      INTERVAL            
    13                                                      # OF MAPS IN FILE   
  COSZ                                                      MAPPING FUNCTION    
     0.0                                                    ELEVATION CUTOFF    
combined TEC calculated as weighted mean of input TEC valuesOBSERVABLES USED    
   335                                                      # OF STATIONS       
    32                                                      # OF SATELLITES     
  6371.0                                                    BASE RADIUS         
     2                                                      MAP DIMENSION       
   450.0 450.0   0.0                                        HGT1 / HGT2 / DHGT  
    87.5 -87.5  -2.5                                        LAT1 / LAT2 / DLAT  
  -180.0 180.0   5.0                                        LON1 / LON2 / DLON  
    -1                                                      EXPONENT            
TEC values in 0.1 tec units;  9999, if no value available   COMMENT             
DCB values in nanoseconds, reference is Sum_of_SatDCBs = 0  COMMENT             
                                                            END OF HEADER       
[from data line 2145]
     6                                                      START OF TEC MAP    
  2024     6     3    10     0     0                        EPOCH OF CURRENT MAP
    87.5-180.0 180.0   5.0 450.0                            LAT/LON1/LON2/DLON/H
  235  236  237  238  238  240  241  242  243  245  246  247  248  249  250  251
  252  254  255  256  257  258  259  259  260  260  260  261  261  261  262  261
  262  261  260  260  259  259  258  257  256  255  254  253  252  251  250  249
  248  247  246  245  244  243  242  241  240  238  238  237  235  235  234  234
  233  233  233  232  233  232  233  234  235
    85.0-180.0 180.0   5.0 450.0                            LAT/LON1/LON2/DLON/H
  228  230  232  235  237  239  241  243  245  248  249  251  253  254  256  258
  259  260  261  262  263  264  265  266  267  268  269  269  269  269  269  269
  269  269  268  267  266  265  263  262  261  259  257  256  253  252  250  248
  246  244  242  239  236  234  233  231  229  227  226  224  224  222  222  221
  221  221  221  221  222  223  224  226  228
    82.5-180.0 180.0   5.0 450.0                            LAT/LON1/LON2/DLON/H
  222  224  228  231  234  237  240  243  245  247  249  252  254  256  259  261
  263  264  265  265  265  266  268  270  272  272  273  273  273  273  273  273
  273  274  274  275  275  276  275  275  273  270  268  264  261  259  256  254
  251  248  245  241  237  235  232  230  227  224  223  221  220  219  218  218
  217  217  216  216  216  217  218  221  222
    80.0-180.0 180.0   5.0 450.0                            LAT/LON1/LON2/DLON/H
  221  224  227  231  233  237  240  241  244  246  248  251  252  255  257  258
  259  261  262  263  264  266  266  268  265  265  264  264  265  266  267  269
  272  275  279  282  285  287  288  289  285  284  281  279  276  272  268  264
  262  259  256  252  249  245  242  239  236  233  231  229  227  226  225  224
  222  221  219  218  217  217  218  219  221
    77.5-180.0 180.0   5.0 450.0                            LAT/LON1/LON2/DLON/H
  224  226  229  232  235  237  239  241  243  244  247  249  251  252  252  253
  254  256  257  258  257  261  258  258  259  257  255  258  259  261  263  264
  267  271  277  284  291  297  301  302  301  300  298  295  293  289  287  283
  279  277  273  270  267  264  261  258  255  252  250  247  245  243  242  239
  236  233  231  227  225  223  222  222  224
    75.0-180.0 180.0   5.0 450.0                            LAT/LON1/LON2/DLON/H
  228  229  232  235  236  237  238  240  241  242  241  241  241  242  243  244
  245  249  249  252  254  254  252  251  250  248  249  249  248  250  253  258
  264  270  277  286  294  302  309  313  314  314  312  312  310  310  307  306
  303  300  298  294  292  289  286  283  279  276  274  272  270  267  264  261
  257  253  248  243  239  234  231  229  228
    72.5-180.0 180.0   5.0 450.0                            LAT/LON1/LON2/DLON/H
  234  233  234  236  236  237  237  238  238  237  234  232  231  231  232  234
  236  238  243  244  247  247  245  243  241  241  239  241  243  246  250  256
  264  274  281  291  300  308  314  320  323  325  326  326  326  327  327  327
  326  324  322  320  317  313  310  307  303  301  299  297  296  294  290  286
  281  275  269  262  253  246  241  236  234
    70.0-180.0 180.0   5.0 450.0                            LAT/LON1/LON2/DLON/H
  236  233  234  234  234  234  234  236  235  232  229  224  223  223  224  227
  230  232  236  239  241  242  239  236  236  236  238  238  242  247  254  262
  270  279  289  297  306  314  320  325  329  332  333  336  337  340  342  342
  343  344  342  339  336  332  327  324  321  318  317  316  316  316  314  310
  306  299  291  282  269  260  250  242  236
    67.5-180.0 180.0   5.0 450.0                            LAT/LON1/LON2/DLON/H
  237  231  230  229  228  229  229  229  228  227  221  217  216  216  218  222
  225  229  233  236  238  237  235  233  234  235  240  245  249  255  264  271
  280  289  297  304  313  321  327  330  334  337  340  341  345  348  351  353
  355  355  353  351  346  342  337  332  329  326  326  327  328  330  329  327
  323  315  307  296  286  272  259  247  237
    65.0-180.0 180.0   5.0 450.0                            LAT/LON1/LON2/DLON/H
  238  232  227  223  223  223  222  220  218  216  211  209  208  209  213  217
  223  228  232  234  235  233  233  233  235  241  248  256  263  269  276  283
  292  300  306  312  319  326  331  335  338  341  343  346  349  353  356  358
  360  359  357  353  348  342  337  331  328  326  326  327  329  332  332  332
  327  322  315  306  292  279  263  251  238
    62.5-180.0 180.0   5.0 450.0                            LAT/LON1/LON2/DLON/H
  244  234  227  223  221  216  213  208  206  201  200  199  201  203  208  212
  217  223  225  227  228  227  230  234  241  250  259  269  276  284  290  297
  303  308  313  317  322  328  333  338  342  345  348  352  355  357  360  360
  360  357  354  349  342  336  330  324  321  319  319  320  322  324  326  326
  323  318  313  304  294  280  267  254  244
    60.0-180.0 180.0   5.0 450.0                            LAT/LON1/LON2/DLON/H
  251  240  234  227  220  211  206  195  191  189  187  188  189  194  199  205
  209  214  214  216  219  222  228  237  246  259  272  282  290  298  304  308
  310  313  315  319  323  329  335  340  346  350  355  360  362  363  364  362
  359  355  349  343  336  331  323  317  314  311  311  312  313  314  315  314
  313  310  306  301  293  284  273  262  251
    57.5-180.0 180.0   5.0 450.0                            LAT/LON1/LON2/DLON/H
  261  250  241  233  223  211  204  189  181  177  175  176  179  186  191  196
  201  203  205  207  211  217  229  241  254  270  284  296  305  310  313  314
  314  314  315  317  322  330  337  344  351  358  365  370  372  373  371  366
  361  354  346  340  333  328  322  316  311  309  307  307  307  307  307  306
  305  303  301  299  294  288  280  271  261
    55.0-180.0 180.0   5.0 450.0                            LAT/LON1/LON2/DLON/H
  274  264  254  244  232  218  206  187  176  168  165  166  170  176  182  187
  191  193  196  199  206  215  229  245  263  280  296  308  316  321  320  319
  318  316  317  319  324  330  339  349  358  368  378  383  386  386  382  375
  367  358  350  344  339  334  328  323  318  314  312  311  310  309  307  305
  303  303  303  303  301  298  292  284  274
    52.5-180.0 180.0   5.0 450.0                            LAT/LON1/LON2/DLON/H
  289  281  271  259  246  228  214  192  177  167  162  160  162  166  169  174
  179  182  185  191  202  214  232  251  271  290  306  319  326  330  329  327
  324  323  323  325  329  336  346  357  370  381  393  400  404  403  397  389
  379  370  363  357  353  349  343  339  333  329  326  326  324  322  317  313
  310  310  312  314  314  312  306  297  289
    50.0-180.0 180.0   5.0 450.0                            LAT/LON1/LON2/DLON/H
  304  297  287  275  261  241  224  198  182  171  164  160  159  160  160  163
  167  171  177  185  198  214  235  257  277  299  315  328  336  341  341  338
  336  336  338  339  343  349  358  368  382  396  410  421  425  425  417  409
  399  391  385  381  375  371  365  360  354  349  346  344  343  340  335  330
  325  325  328  330  330  327  321  312  304
    47.5-180.0 180.0   5.0 450.0                            LAT/LON1/LON2/DLON/H
  316  309  301  290  274  255  236  209  193  182  173  167  164  160  157  157
  159  164  171  182  198  217  240  263  286  308  324  337  347  354  357  357
  356  358  360  361  365  370  377  388  400  415  431  441  449  449  442  436
  426  420  414  410  405  400  393  385  376  370  365  363  365  363  358  352
  347  345  347  348  346  340  334  325  316
    45.0-180.0 180.0   5.0 450.0                            LAT/LON1/LON2/DLON/H
  323  316  309  299  284  265  246  220  205  195  186  178  172  166  161  158
  159  164  171  185  202  225  248  270  294  317  333  349  361  369  376  380
  382  386  389  391  393  398  403  410  423  439  454  466  474  477  473  468
  459  455  449  446  440  432  423  410  399  390  383  380  383  384  382  378
  372  369  367  363  359  351  342  330  323
    42.5-180.0 180.0   5.0 450.0                            LAT/LON1/LON2/DLON/H
  322  315  309  301  287  270  254  231  218  209  200  192  184  175  169  165
  166  171  178  192  210  233  254  277  301  326  344  360  375  388  397  404
  411  417  421  422  426  428  434  440  452  466  481  493  505  509  507  504
  501  497  491  487  479  468  455  437  419  406  396  392  396  400  402  399
  395  389  384  376  366  355  343  331  322
    40.0-180.0 180.0   5.0 450.0                            LAT/LON1/LON2/DLON/H
  317  308  303  296  286  270  255  237  227  222  214  206  197  189  181  176
  176  180  189  202  219  240  261  285  308  333  354  372  388  403  414  424
  435  444  451  454  458  462  467  472  482  494  509  522  536  543  544  544
  542  542  536  532  522  507  491  469  443  423  408  403  408  415  419  419
  412  405  396  385  370  354  340  326  317
    37.5-180.0 180.0   5.0 450.0                            LAT/LON1/LON2/DLON/H
  309  302  296  290  281  267  255  241  234  231  227  221  213  204  194  189
  188  192  200  211  227  246  267  291  316  341  363  382  397  410  423  436
  448  460  471  480  488  493  497  503  512  523  535  552  567  579  584  588
  586  588  584  579  571  553  534  505  473  447  427  419  421  431  435  436
  429  419  405  389  371  352  333  319  309
    35.0-180.0 180.0   5.0 450.0                            LAT/LON1/LON2/DLON/H
  302  295  289  284  275  264  254  243  240  239  239  236  229  219  210  203
  200  203  209  219  233  251  272  297  324  349  370  385  398  410  421  434
  449  465  481  496  508  518  524  530  538  550  562  578  596  616  625  630
  633  636  635  630  621  605  584  550  515  481  457  443  441  445  451  451
  443  430  412  393  373  352  331  315  302
    32.5-180.0 180.0   5.0 450.0                            LAT/LON1/LON2/DLON/H
  305  295  286  280  273  262  255  247  245  249  250  249  244  235  225  216
  212  212  216  225  237  255  276  303  330  354  372  382  390  399  406  422
  440  461  481  502  520  534  544  551  559  571  584  602  625  645  662  673
  678  686  691  685  681  665  649  614  577  536  504  482  472  469  468  465
  454  439  419  398  379  358  338  321  305
    30.0-180.0 180.0   5.0 450.0                            LAT/LON1/LON2/DLON/H
  320  306  294  284  275  265  260  255  254  257  260  260  255  246  236  229
  223  221  223  228  240  257  280  309  335  354  370  374  377  382  388  405
  425  449  474  501  524  543  554  565  575  586  600  619  645  670  694  715
  729  745  753  754  751  739  731  696  653  606  564  533  514  502  489  479
  464  447  428  409  389  371  354  338  320
    27.5-180.0 180.0   5.0 450.0                            LAT/LON1/LON2/DLON/H
  345  328  314  299  288  280  277  271  269  270  271  270  265  257  248  242
  235  230  228  230  241  258  281  309  335  352  362  362  362  363  371  388
  409  435  466  496  522  543  560  573  583  596  610  631  661  689  722  754
  785  808  820  826  827  826  813  783  736  679  631  592  562  537  512  494
  474  455  436  422  405  390  379  364  345
    25.0-180.0 180.0   5.0 450.0                            LAT/LON1/LON2/DLON/H
  378  359  340  323  313  305  303  295  289  287  285  282  277  270  261  256
  248  241  235  234  242  258  281  306  331  345  350  348  347  348  357  376
  399  429  462  494  523  545  562  578  590  602  615  638  670  704  748  789
  826  863  876  883  882  880  871  848  800  743  694  650  613  577  541  511
  485  460  444  436  424  413  405  394  378
    22.5-180.0 180.0   5.0 450.0                            LAT/LON1/LON2/DLON/H
  411  390  373  354  344  338  337  326  316  308  303  296  290  283  276  271
  262  253  243  239  243  257  279  302  323  335  338  338  339  342  353  374
  401  434  467  500  528  550  568  586  597  607  618  641  676  720  770  806
  850  884  896  899  898  896  893  872  832  787  742  700  661  622  576  533
  499  469  451  443  433  428  427  422  411
    20.0-180.0 180.0   5.0 450.0                            LAT/LON1/LON2/DLON/H
  437  419  400  383  376  372  372  360  345  330  320  310  300  295  289  284
  278  267  255  245  244  255  274  293  311  321  326  329  335  344  360  386
  417  449  481  513  541  563  583  597  604  613  623  642  671  719  763  802
  842  865  878  877  876  877  878  860  834  800  768  735  699  659  606  555
  508  474  453  441  432  430  436  443  437
    17.5-180.0 180.0   5.0 450.0                            LAT/LON1/LON2/DLON/H
  449  441  422  406  404  403  404  389  371  351  335  321  310  304  299  296
  291  279  263  248  242  248  262  278  294  305  313  320  335  353  377  407
  440  469  502  534  562  586  606  613  612  619  629  638  664  696  732  768
  803  822  834  830  831  833  833  823  806  786  766  747  721  682  627  570
  518  478  450  433  422  416  424  440  449
    15.0-180.0 180.0   5.0 450.0                            LAT/LON1/LON2/DLON/H
  437  445  434  420  424  430  432  410  386  364  346  330  316  311  307  304
  300  286  267  246  235  236  244  257  274  287  300  315  337  365  397  428
  460  492  525  555  583  610  628  631  627  632  635  639  652  676  700  725
  751  765  774  770  771  775  777  769  762  753  745  740  728  695  643  582
  524  477  445  422  403  391  396  417  437
    12.5-180.0 180.0   5.0 450.0                            LAT/LON1/LON2/DLON/H
  409  429  434  424  433  450  452  420  392  369  349  331  319  311  309  305
  302  287  265  240  224  218  222  232  250  267  288  312  342  378  415  447
  481  514  549  579  607  631  647  648  646  644  642  642  652  668  683  696
  704  708  712  712  711  716  715  713  713  715  717  724  724  698  651  586
  526  475  438  408  386  368  369  385  409
    10.0-180.0 180.0   5.0 450.0                            LAT/LON1/LON2/DLON/H
  383  407  418  421  430  451  454  421  390  363  343  326  314  304  300  295
  292  279  258  232  211  198  197  205  221  245  274  309  348  387  427  463
  497  532  568  599  625  643  655  658  659  656  653  653  661  669  677  679
  669  665  665  664  661  665  671  677  682  688  695  709  714  694  651  587
  525  471  435  402  377  354  347  360  383
     7.5-180.0 180.0   5.0 450.0                            LAT/LON1/LON2/DLON/H
  363  388  404  409  417  438  441  415  378  348  327  316  303  292  287  280
  274  263  247  221  196  178  173  180  198  225  266  306  350  393  433  469
  505  540  575  607  631  643  650  657  661  662  662  665  673  678  679  673
  658  646  640  635  634  642  657  672  679  684  692  705  711  693  652  592
  529  477  442  411  381  356  342  346  363
     5.0-180.0 180.0   5.0 450.0                            LAT/LON1/LON2/DLON/H
  363  380  392  398  402  416  419  399  362  330  310  300  289  278  270  262
  255  247  232  207  181  161  152  158  180  214  261  305  349  392  432  467
  501  535  569  599  618  627  631  641  651  658  666  674  686  694  694  684
  671  658  646  640  642  652  676  698  706  707  708  714  714  696  655  598
  541  493  462  436  406  381  361  355  363
     2.5-180.0 180.0   5.0 450.0                            LAT/LON1/LON2/DLON/H
  388  389  390  391  390  398  401  382  345  314  293  281  273  263  254  245
  236  229  215  188  165  145  135  141  166  205  253  299  343  385  422  454
  482  516  547  575  589  591  595  612  629  645  663  679  694  710  718  713
  706  695  678  674  678  690  717  742  753  746  736  729  719  699  657  603
  551  512  487  471  446  424  403  392  388
