DORISInput/IGSGIM/2024/IGS0OPSFIN_20241360000_01D_02H_GIM.INX
     1.0            IONOSPHERE MAPS     MIX                 IONEX VERSION / TYPE
cmpcmb v1.2          GRL/UWM            28-may-24 18:25     PGM / RUN BY / DATE 
ionex file containing IGS COMBINED Ionosphere maps          COMMENT             
global ionosphere maps for day 136, 2024                    DESCRIPTION         
IONEX file containing the COMBINED IGS TEC MAPS and DCBs    DESCRIPTION         
      IONEX files of the following IAACs were combined: cod DESCRIPTION         
                                                        jpl DESCRIPTION         
                                                        upc DESCRIPTION         
Contact address: Andrzej Krankowski                         DESCRIPTION
                 Geodynamics Research Laboratory            DESCRIPTION
                 University of Warmia and Mazury (GRL/UWM)  DESCRIPTION
                 Oczapowski St. 1                           DESCRIPTION
                 10-957-Olsztyn, POLAND                     DESCRIPTION
                 e-mail:  kand@uwm.edu.pl                   DESCRIPTION
                                                            DESCRIPTION         
  2024     5    15     0     0     0                        EPOCH OF FIRST MAP  
  2024     5    16     0     0     0                        EPOCH OF LAST MAP   
  7200                                                      INTERVAL            
    13                                                      # OF MAPS IN FILE   
  COSZ                                                      MAPPING FUNCTION    
     0.0                                                    ELEVATION CUTOFF    
combined TEC calculated as weighted mean of input TEC valuesOBSERVABLES USED    
   337                                                      # OF STATIONS       
    32                                                      # OF SATELLITES     
  6371.0                                                    BASE RADIUS         
     2                                                      MAP DIMENSION       
   450.0 450.0   0.0                                        HGT1 / HGT2 / DHGT  
    87.5 -87.5  -2.5                                        LAT1 / LAT2 / DLAT  
  -180.0 180.0   5.0                                        LON1 / LON2 / DLON  
    -1                                                      EXPONENT            
TEC values in 0.1 tec units;  9999, if no value available   COMMENT             
DCB values in nanoseconds, reference is Sum_of_SatDCBs = 0  COMMENT             
                                                            END OF HEADER       
[from data line 3432]
     9                                                      START OF TEC MAP    
  2024     5    15    16     0     0                        EPOCH OF CURRENT MAP
    87.5-180.0 180.0   5.0 450.0                            LAT/LON1/LON2/DLON/H
  313  315  315  316  317  318  318  319  320  320  322  322  322  323  323  323
  324  324  324  324  323  322  322  320  317  316  314  312  311  309  307  306
  304  303  302  300  300  299  298  297  297  297  297  297  297  297  298  298
  299  299  299  300  301  301  302  303  304  304  305  306  306  307  308  308
  309  309  310  311  311  312  312  313  313
    85.0-180.0 180.0   5.0 450.0                            LAT/LON1/LON2/DLON/H
  306  307  309  310  312  314  316  318  320  322  324  326  328  329  330  331
  331  331  331  330  330  330  329  326  322  318  314  311  308  305  302  299
  296  293  291  289  287  285  284  283  283  283  283  284  285  286  286  288
  290  291  292  294  295  297  298  298  299  299  300  300  301  301  302  302
  302  302  302  303  303  304  304  305  306
    82.5-180.0 180.0   5.0 450.0                            LAT/LON1/LON2/DLON/H
  294  296  297  299  301  302  304  306  309  312  316  318  323  325  328  331
  332  332  333  333  333  333  335  331  324  319  315  310  305  300  295  290
  286  282  279  276  273  271  270  269  270  270  271  273  275  278  280  283
  285  288  291  293  295  296  297  298  299  299  299  298  298  297  296  295
  294  292  292  291  291  291  292  293  294
    80.0-180.0 180.0   5.0 450.0                            LAT/LON1/LON2/DLON/H
  279  280  281  282  283  285  288  292  297  302  306  310  313  317  321  324
  328  331  333  333  333  331  335  328  323  320  315  311  304  297  292  285
  279  274  269  265  263  262  261  261  262  264  267  270  273  276  280  283
  287  289  293  297  299  301  301  301  301  300  299  297  295  292  290  287
  285  283  281  279  278  278  279  279  279
    77.5-180.0 180.0   5.0 450.0                            LAT/LON1/LON2/DLON/H
  267  266  265  265  264  267  269  273  277  280  285  291  296  303  310  317
  321  326  330  332  336  334  337  331  319  318  314  309  304  298  291  284
  279  274  270  265  262  260  260  260  262  265  269  274  278  282  286  291
  294  297  301  304  306  307  306  306  304  302  299  295  291  287  283  280
  277  274  271  269  268  268  267  268  267
    75.0-180.0 180.0   5.0 450.0                            LAT/LON1/LON2/DLON/H
  259  258  255  253  253  253  256  258  262  266  271  279  286  291  293  298
  301  308  318  322  326  329  334  333  329  323  319  315  308  300  294  289
  283  278  275  272  269  268  268  268  268  271  275  280  285  290  295  299
  303  308  311  313  314  313  312  310  307  303  298  292  287  282  278  274
  271  268  266  263  262  262  261  260  259
    72.5-180.0 180.0   5.0 450.0                            LAT/LON1/LON2/DLON/H
  257  256  255  252  249  249  250  252  255  257  262  266  268  273  278  280
  287  296  304  310  318  324  331  334  333  329  326  321  315  311  303  299
  297  292  288  286  283  281  280  281  282  283  285  290  294  299  304  308
  311  314  317  319  319  317  314  312  307  302  296  289  283  277  272  268
  265  264  262  262  262  261  259  258  257
    70.0-180.0 180.0   5.0 450.0                            LAT/LON1/LON2/DLON/H
  264  265  264  262  259  256  254  254  255  256  257  261  264  267  268  272
  279  285  293  302  311  322  331  336  339  336  334  329  327  321  318  317
  313  310  306  304  301  298  297  297  297  298  299  300  304  307  311  314
  316  317  318  318  317  315  313  309  306  300  293  285  278  270  266  262
  260  260  262  264  266  265  264  264  264
    67.5-180.0 180.0   5.0 450.0                            LAT/LON1/LON2/DLON/H
  277  279  279  278  278  274  270  268  267  265  267  268  269  269  270  272
  277  284  291  301  311  323  334  341  345  345  344  342  338  335  334  332
  329  327  325  321  318  316  314  312  311  311  312  312  313  315  316  317
  318  316  315  313  312  311  308  305  300  295  288  279  273  264  259  255
  254  256  260  265  269  271  272  275  277
    65.0-180.0 180.0   5.0 450.0                            LAT/LON1/LON2/DLON/H
  284  290  294  297  298  298  294  291  288  287  286  283  281  279  280  281
  285  289  296  306  317  328  338  345  349  350  350  350  347  345  346  344
  344  343  342  339  335  332  328  325  324  323  323  322  322  322  321  319
  317  315  311  309  306  306  303  299  294  290  283  274  267  258  253  249
  249  251  256  262  266  268  274  279  284
    62.5-180.0 180.0   5.0 450.0                            LAT/LON1/LON2/DLON/H
  280  293  304  311  317  320  319  315  311  307  305  300  296  294  293  291
  293  296  303  313  322  333  340  346  349  350  352  351  352  352  354  357
  358  358  355  352  348  344  340  337  336  333  333  332  331  329  327  322
  318  314  309  306  303  301  297  295  290  286  280  272  265  255  248  244
  243  244  247  251  253  257  264  269  280
    60.0-180.0 180.0   5.0 450.0                            LAT/LON1/LON2/DLON/H
  266  284  301  314  327  333  335  334  329  323  318  313  308  304  301  299
  299  302  309  317  326  334  341  346  350  351  352  353  355  359  362  366
  369  369  368  364  360  355  352  349  347  346  345  344  342  339  335  328
  324  318  313  309  305  301  296  294  290  287  280  273  266  255  246  241
  237  237  236  237  236  240  247  254  266
    57.5-180.0 180.0   5.0 450.0                            LAT/LON1/LON2/DLON/H
  245  265  283  306  322  333  339  340  336  330  324  317  312  308  304  302
  302  305  311  317  326  334  341  347  351  353  356  358  362  368  374  379
  382  382  381  377  372  368  364  362  360  358  357  357  355  351  347  341
  335  329  323  317  312  306  303  299  296  292  285  277  269  258  248  240
  234  230  227  223  219  220  224  231  245
    55.0-180.0 180.0   5.0 450.0                            LAT/LON1/LON2/DLON/H
  222  242  265  289  306  323  333  334  332  329  322  316  311  307  305  303
  304  306  310  315  323  332  340  346  352  358  363  368  374  383  390  396
  399  400  398  393  387  382  378  376  374  372  372  372  370  368  362  357
  351  343  336  329  323  317  313  308  305  300  293  285  277  265  254  244
  236  228  221  213  204  200  200  207  222
    52.5-180.0 180.0   5.0 450.0                            LAT/LON1/LON2/DLON/H
  202  221  243  266  288  307  320  325  326  323  317  312  308  306  304  304
  304  305  307  312  318  328  338  348  357  368  376  384  393  403  411  418
  422  420  417  412  405  399  396  392  389  388  388  388  386  384  380  375
  368  358  349  341  335  330  325  319  316  311  304  296  288  276  265  253
  243  232  221  208  196  187  183  189  202
    50.0-180.0 180.0   5.0 450.0                            LAT/LON1/LON2/DLON/H
  190  206  226  249  272  293  308  316  321  320  316  312  308  307  307  306
  306  306  307  310  316  326  340  353  367  382  393  405  415  427  436  442
  444  443  439  434  426  420  414  411  407  405  405  403  403  400  396  391
  382  371  361  352  346  341  336  329  325  320  314  308  301  291  280  268
  255  243  229  212  198  186  179  180  190
    47.5-180.0 180.0   5.0 450.0                            LAT/LON1/LON2/DLON/H
  188  200  218  237  261  284  303  314  321  323  322  320  318  316  315  316
  314  313  312  314  320  330  346  363  382  399  413  427  439  452  461  466
  468  468  465  457  451  444  439  431  427  423  420  418  417  416  410  403
  391  381  370  359  353  348  343  335  330  327  323  319  314  306  297  287
  274  260  245  228  211  198  188  184  188
    45.0-180.0 180.0   5.0 450.0                            LAT/LON1/LON2/DLON/H
  197  203  217  234  256  282  301  317  327  332  334  334  334  333  333  332
  330  327  325  325  331  341  358  377  399  419  437  452  464  477  486  493
  493  494  491  484  479  473  465  456  448  441  436  434  432  429  422  412
  399  387  374  364  356  350  344  338  333  331  329  328  327  322  316  309
  296  282  267  250  235  220  208  199  197
    42.5-180.0 180.0   5.0 450.0                            LAT/LON1/LON2/DLON/H
  212  212  221  236  258  285  308  326  341  349  355  358  357  358  357  357
  353  349  346  346  351  361  378  397  420  442  462  478  491  504  512  518
  520  524  523  517  513  506  496  483  471  462  454  450  448  443  433  422
  406  392  378  369  359  350  343  337  333  331  332  333  336  337  336  331
  319  305  290  275  262  246  232  220  212
    40.0-180.0 180.0   5.0 450.0                            LAT/LON1/LON2/DLON/H
  229  221  226  240  262  290  317  341  359  372  380  384  390  388  388  387
  383  380  376  377  381  390  405  423  445  467  489  506  518  527  539  546
  551  557  559  560  556  548  532  517  501  488  479  471  467  460  449  433
  415  399  385  374  364  355  347  341  336  335  336  341  347  352  354  350
  341  327  312  296  285  272  257  242  229
    37.5-180.0 180.0   5.0 450.0                            LAT/LON1/LON2/DLON/H
  243  231  230  242  264  295  329  356  378  395  406  415  422  424  423  422
  416  417  414  418  421  428  441  455  473  497  515  533  546  556  569  578
  587  598  608  610  607  595  576  557  537  520  508  499  498  485  472  450
  431  415  400  389  377  367  358  352  347  345  347  354  362  370  374  372
  363  349  333  315  304  290  278  261  243
    35.0-180.0 180.0   5.0 450.0                            LAT/LON1/LON2/DLON/H
  253  237  231  243  268  303  339  374  396  415  433  446  456  458  458  456
  455  457  457  462  466  472  481  492  506  529  545  562  574  586  602  612
  631  647  663  667  663  650  628  604  581  561  547  539  535  522  504  478
  458  445  429  415  403  394  384  374  369  364  366  372  380  390  396  394
  385  369  352  330  315  302  291  274  253
    32.5-180.0 180.0   5.0 450.0                            LAT/LON1/LON2/DLON/H
  260  242  235  245  271  307  347  384  411  433  456  473  485  491  491  493
  491  495  500  508  512  517  522  528  540  558  573  592  605  619  639  656
  681  704  721  734  731  712  686  661  636  615  597  591  581  568  542  514
  496  484  468  451  441  433  421  410  401  393  390  393  400  409  415  414
  403  386  367  342  322  309  296  280  260
    30.0-180.0 180.0   5.0 450.0                            LAT/LON1/LON2/DLON/H
  263  248  241  250  276  312  351  389  420  447  473  495  510  519  521  523
  525  532  543  551  556  560  561  564  572  587  603  626  641  657  680  709
  735  765  787  803  797  771  743  719  692  672  652  640  623  603  576  551
  537  528  512  494  485  479  468  454  440  427  417  414  418  428  434  432
  420  400  374  347  324  309  296  281  263
    27.5-180.0 180.0   5.0 450.0                            LAT/LON1/LON2/DLON/H
  266  253  248  258  282  315  356  393  424  455  485  513  534  544  546  551
  558  568  580  590  595  599  598  599  607  621  638  663  682  699  729  763
  793  829  856  873  864  837  799  772  740  724  700  680  658  629  598  578
  569  565  551  536  531  523  513  496  476  458  442  434  436  444  450  447
  432  408  376  345  321  304  292  280  266
    25.0-180.0 180.0   5.0 450.0                            LAT/LON1/LON2/DLON/H
  267  259  255  264  287  320  356  394  429  462  494  527  552  567  571  579
  587  603  617  627  630  633  635  637  648  663  681  706  726  748  777  813
  855  891  917  933  915  885  848  813  773  755  737  715  689  653  611  590
  587  587  578  573  569  559  548  529  504  482  463  453  453  456  460  456
  440  411  375  341  315  297  283  274  267
    22.5-180.0 180.0   5.0 450.0                            LAT/LON1/LON2/DLON/H
  266  262  260  265  284  317  355  393  431  465  498  536  567  586  595  606
  615  635  650  660  663  665  671  681  696  714  736  758  776  799  828  862
  901  932  959  969  941  909  882  841  792  768  756  740  711  672  615  593
  594  593  589  587  588  574  559  539  515  494  474  464  464  466  467  462
  443  413  373  338  310  289  277  269  266
    20.0-180.0 180.0   5.0 450.0                            LAT/LON1/LON2/DLON/H
  266  262  259  263  279  310  349  388  428  464  501  540  574  598  612  626
  640  660  675  686  690  695  710  730  753  775  796  811  829  849  874  899
  934  957  973  974  942  906  885  851  807  773  764  745  707  660  608  586
  580  571  565  569  564  551  534  517  500  483  468  461  463  468  467  459
  441  411  372  338  311  290  276  269  266
    17.5-180.0 180.0   5.0 450.0                            LAT/LON1/LON2/DLON/H
  271  264  255  257  270  298  338  381  421  460  501  543  577  603  625  640
  658  679  695  704  712  725  750  782  813  839  854  866  876  890  906  922
  946  959  964  954  919  883  865  837  803  781  768  741  695  640  589  557
  532  521  510  508  504  497  483  473  465  456  451  453  458  458  455  446
  431  404  370  341  318  299  283  276  271
    15.0-180.0 180.0   5.0 450.0                            LAT/LON1/LON2/DLON/H
  282  265  252  248  258  286  322  368  412  454  496  540  576  604  629  647
  668  690  707  717  730  752  786  828  867  893  906  911  913  915  918  924
  941  949  943  928  894  858  837  816  799  787  769  738  689  626  560  514
  474  455  448  443  441  438  428  425  426  427  433  440  445  440  436  424
  410  389  364  342  327  313  301  291  282
    12.5-180.0 180.0   5.0 450.0                            LAT/LON1/LON2/DLON/H
  297  271  248  237  241  266  308  357  402  447  490  532  571  600  624  647
  670  693  710  724  744  774  817  868  910  936  943  941  932  923  917  916
  928  935  924  906  877  845  822  808  802  797  777  742  688  615  538  471
  422  400  397  395  396  393  389  390  398  407  418  429  433  424  415  402
  385  369  353  339  332  327  321  311  297
    10.0-180.0 180.0   5.0 450.0                            LAT/LON1/LON2/DLON/H
  308  278  247  226  224  246  287  338  388  435  478  521  562  594  619  643
  668  692  710  728  754  791  843  900  942  964  964  952  936  923  915  910
  917  922  913  895  873  850  830  818  813  809  789  748  685  608  524  450
  399  378  380  383  387  384  385  386  396  406  417  424  425  413  395  379
  363  347  334  331  334  338  335  326  308
     7.5-180.0 180.0   5.0 450.0                            LAT/LON1/LON2/DLON/H
  310  277  241  212  206  226  266  318  371  422  468  513  555  589  616  641
  665  689  710  732  762  807  864  923  964  977  969  953  935  922  913  908
  911  915  910  900  883  868  854  839  829  825  799  755  692  613  532  463
  416  404  413  424  424  419  419  416  424  431  434  434  427  408  381  364
  346  330  321  319  329  340  341  330  310
     5.0-180.0 180.0   5.0 450.0                            LAT/LON1/LON2/DLON/H
  298  262  224  191  185  205  246  300  355  409  459  507  551  587  617  642
  665  691  715  739  769  818  877  934  970  975  963  945  930  920  913  911
  913  919  922  919  912  902  887  865  849  837  805  762  704  632  561  507
  473  477  497  514  503  488  483  476  476  475  468  455  440  412  382  360
  339  322  313  309  319  330  332  319  298
     2.5-180.0 180.0   5.0 450.0                            LAT/LON1/LON2/DLON/H
  276  240  200  171  166  186  228  282  341  397  452  506  551  594  624  652
  673  697  720  745  779  828  883  933  962  963  949  933  923  919  918  916
  919  925  934  943  943  934  915  886  863  839  805  766  715  655  602  573
  558  579  614  625  603  580  558  543  531  517  500  470  448  414  386  361
  341  322  305  297  304  310  311  299  276
