DORISInput/IGSGIM/2024/IGS0OPSFIN_20241490000_01D_02H_GIM.INX
     1.0            IONOSPHERE MAPS     MIX                 IONEX VERSION / TYPE
cmpcmb v1.2          GRL/UWM            12-jun-24 16:12     PGM / RUN BY / DATE 
ionex file containing IGS COMBINED Ionosphere maps          COMMENT             
global ionosphere maps for day 149, 2024                    DESCRIPTION         
IONEX file containing the COMBINED IGS TEC MAPS and DCBs    DESCRIPTION         
      IONEX files of the following IAACs were combined: cod DESCRIPTION         
                                                        jpl DESCRIPTION         
                                                        upc DESCRIPTION         
Contact address: Andrzej Krankowski                         DESCRIPTION
                 Geodynamics Research Laboratory            DESCRIPTION
                 University of Warmia and Mazury (GRL/UWM)  DESCRIPTION
                 Oczapowski St. 1                           DESCRIPTION
                 10-957-Olsztyn, POLAND                     DESCRIPTION
                 e-mail:  kand@uwm.edu.pl                   DESCRIPTION
                                                            DESCRIPTION         
  2024     5    28     0     0     0                        EPOCH OF FIRST MAP  
  2024     5    29     0     0     0                        EPOCH OF LAST MAP   
  7200                                                      INTERVAL            
    13                                                      # OF MAPS IN FILE   
  COSZ                                                      MAPPING FUNCTION    
     0.0                                                    ELEVATION CUTOFF    
combined TEC calculated as weighted mean of input TEC valuesOBSERVABLES USED    
   334                                                      # OF STATIONS       
    32                                                      # OF SATELLITES     
  6371.0                                                    BASE RADIUS         
     2                                                      MAP DIMENSION       
   450.0 450.0   0.0                                        HGT1 / HGT2 / DHGT  
    87.5 -87.5  -2.5                                        LAT1 / LAT2 / DLAT  
  -180.0 180.0   5.0                                        LON1 / LON2 / DLON  
    -1                                                      EXPONENT            
TEC values in 0.1 tec units;  9999, if no value available   COMMENT             
DCB values in nanoseconds, reference is Sum_of_SatDCBs = 0  COMMENT             
                                                            END OF HEADER       
[from data line 429]
     2                                                      START OF TEC MAP    
  2024     5    28     2     0     0                        EPOCH OF CURRENT MAP
    87.5-180.0 180.0   5.0 450.0                            LAT/LON1/LON2/DLON/H
  220  220  220  220  220  219  219  219  219  218  218  217  217  217  216  216
  215  214  213  212  211  210  209  208  207  206  204  204  202  202  201  201
  201  200  200  201  201  201  201  202  202  202  204  204  205  205  206  206
  207  208  208  209  210  211  212  212  213  214  215  215  216  217  217  218
  218  218  218  218  219  219  220  220  220
    85.0-180.0 180.0   5.0 450.0                            LAT/LON1/LON2/DLON/H
  232  231  231  234  232  231  233  231  231  229  228  227  226  225  224  221
  220  218  217  217  215  214  211  208  204  202  199  198  196  195  193  192
  192  191  191  192  192  193  195  196  197  200  202  204  206  208  210  213
  214  215  216  217  219  220  221  223  224  225  227  228  229  229  230  229
  229  230  230  231  231  230  230  231  232
    82.5-180.0 180.0   5.0 450.0                            LAT/LON1/LON2/DLON/H
  250  251  250  250  248  247  245  245  243  243  242  241  239  238  236  234
  231  228  224  220  216  216  213  208  204  201  198  195  193  189  187  185
  184  184  184  185  187  189  191  194  197  200  204  207  211  215  219  222
  225  227  228  231  232  234  236  237  238  241  243  243  245  244  244  243
  243  243  244  244  243  246  248  248  250
    80.0-180.0 180.0   5.0 450.0                            LAT/LON1/LON2/DLON/H
  264  263  262  260  258  256  255  253  251  250  249  247  245  243  242  239
  237  234  230  227  221  220  215  209  205  202  197  193  188  184  181  179
  179  178  180  182  185  189  193  198  202  207  211  217  221  226  230  234
  238  240  243  245  247  249  251  253  254  256  258  258  257  257  255  255
  255  255  255  257  258  260  262  263  264
    77.5-180.0 180.0   5.0 450.0                            LAT/LON1/LON2/DLON/H
  270  270  268  268  266  264  262  259  258  256  253  251  250  248  246  242
  239  234  231  228  223  213  209  205  205  202  196  192  190  187  185  180
  177  177  179  182  186  190  196  202  209  216  222  228  233  238  242  247
  250  253  256  258  260  262  262  263  264  265  266  266  265  264  263  263
  263  263  263  264  264  266  269  270  270
    75.0-180.0 180.0   5.0 450.0                            LAT/LON1/LON2/DLON/H
  271  272  272  273  273  272  270  269  266  260  257  254  250  246  240  236
  233  230  226  219  217  215  208  208  202  202  198  194  189  184  182  181
  182  182  184  188  194  200  207  213  220  227  233  241  245  251  254  258
  261  263  265  266  267  268  267  267  268  268  269  268  267  267  266  266
  266  265  265  265  265  267  267  270  271
    72.5-180.0 180.0   5.0 450.0                            LAT/LON1/LON2/DLON/H
  266  270  273  275  276  278  279  276  271  269  263  256  250  244  238  233
  226  223  219  218  216  212  207  206  201  199  198  194  192  189  188  187
  187  190  193  199  207  213  219  226  233  239  246  252  257  261  264  267
  268  268  269  269  269  268  266  265  266  266  266  265  265  265  265  265
  265  265  264  262  262  261  261  264  266
    70.0-180.0 180.0   5.0 450.0                            LAT/LON1/LON2/DLON/H
  261  263  268  270  273  279  281  281  279  275  268  260  253  246  239  231
  224  221  217  216  210  210  205  199  199  196  195  194  194  194  195  195
  196  200  204  210  218  224  231  237  243  248  254  259  264  268  270  272
  272  271  270  268  266  263  260  259  259  259  258  258  258  260  261  262
  262  262  260  259  257  256  255  257  261
    67.5-180.0 180.0   5.0 450.0                            LAT/LON1/LON2/DLON/H
  253  254  259  262  265  271  276  279  280  279  273  267  261  253  243  234
  227  220  219  211  206  206  201  196  194  193  193  194  196  198  200  203
  205  210  215  219  224  230  237  242  246  251  257  261  266  270  273  274
  274  271  268  264  259  256  252  250  249  248  248  249  250  252  254  256
  257  257  255  254  253  252  251  252  253
    65.0-180.0 180.0   5.0 450.0                            LAT/LON1/LON2/DLON/H
  246  247  249  252  255  260  266  271  276  280  278  275  270  262  251  241
  231  226  220  208  203  203  198  196  192  192  193  195  199  201  205  211
  215  219  222  224  226  229  233  238  242  247  253  258  263  269  272  275
  275  272  266  259  254  249  245  242  240  239  238  239  241  244  247  250
  251  251  251  250  249  249  248  248  246
    62.5-180.0 180.0   5.0 450.0                            LAT/LON1/LON2/DLON/H
  244  242  243  243  246  250  255  262  268  275  279  282  280  274  264  252
  240  231  220  209  203  201  196  195  194  193  194  199  205  209  212  218
  221  222  222  220  219  220  223  226  232  237  244  252  259  266  272  276
  277  275  269  263  254  248  242  238  236  233  231  231  233  237  240  243
  245  246  246  247  247  247  247  247  244
    60.0-180.0 180.0   5.0 450.0                            LAT/LON1/LON2/DLON/H
  246  242  242  241  241  243  246  252  258  266  275  283  287  285  279  267
  255  240  227  215  207  202  197  196  196  198  200  205  211  217  219  222
  220  218  215  210  207  206  208  211  217  225  233  244  254  264  273  280
  283  282  278  274  264  254  245  240  237  232  228  227  228  232  235  239
  241  243  244  245  247  248  248  248  246
    57.5-180.0 180.0   5.0 450.0                            LAT/LON1/LON2/DLON/H
  252  249  248  246  243  240  240  244  250  258  270  280  289  292  292  284
  272  258  243  229  218  210  204  203  204  207  210  214  218  220  221  221
  215  211  205  199  193  192  192  195  203  212  224  237  250  264  278  287
  294  296  294  289  280  269  259  250  244  239  233  230  230  232  234  238
  240  243  244  247  249  251  253  253  252
    55.0-180.0 180.0   5.0 450.0                            LAT/LON1/LON2/DLON/H
  264  262  261  257  252  245  242  243  246  253  264  276  288  296  301  298
  289  276  261  247  235  225  218  217  215  216  221  224  225  224  223  218
  211  204  195  188  183  179  179  183  190  202  215  231  249  268  283  298
  307  311  312  308  301  291  281  270  261  254  246  243  241  239  240  242
  244  245  247  251  254  257  261  264  264
    52.5-180.0 180.0   5.0 450.0                            LAT/LON1/LON2/DLON/H
  283  281  279  277  269  260  254  250  248  252  261  272  284  297  305  308
  304  294  280  265  253  243  234  232  230  230  232  234  232  230  225  217
  208  199  189  182  175  172  172  175  183  195  210  230  248  269  290  307
  319  328  333  331  326  318  308  297  288  279  270  265  260  255  253  253
  253  253  256  258  263  268  274  279  283
    50.0-180.0 180.0   5.0 450.0                            LAT/LON1/LON2/DLON/H
  304  303  302  300  293  283  272  265  258  257  260  271  282  295  306  314
  315  309  298  285  271  262  253  250  248  248  247  247  243  237  230  218
  207  197  189  183  177  173  171  173  179  191  206  226  247  270  295  315
  333  347  353  356  354  347  340  331  322  312  302  294  286  278  272  269
  266  265  267  271  275  282  292  299  304
    47.5-180.0 180.0   5.0 450.0                            LAT/LON1/LON2/DLON/H
  323  327  327  327  322  311  298  286  275  269  267  274  283  295  309  319
  324  321  314  303  288  280  272  270  269  269  266  264  256  246  236  221
  209  201  194  190  186  181  178  177  180  189  203  223  246  269  297  323
  346  364  374  380  381  378  374  367  359  349  337  327  315  304  294  291
  285  282  283  287  291  298  309  319  323
    45.0-180.0 180.0   5.0 450.0                            LAT/LON1/LON2/DLON/H
  345  349  352  354  352  342  328  312  299  287  280  282  288  299  314  326
  332  332  326  317  305  296  289  287  288  288  285  280  270  258  245  229
  217  208  204  202  199  195  189  184  184  191  204  222  243  267  297  327
  354  375  390  400  405  406  404  400  395  385  372  357  344  332  322  316
  310  307  307  308  311  316  327  338  345
    42.5-180.0 180.0   5.0 450.0                            LAT/LON1/LON2/DLON/H
  367  372  375  380  378  373  359  341  325  308  298  296  300  308  322  335
  341  342  336  327  316  308  302  300  302  305  302  294  284  270  257  241
  230  220  218  217  215  211  203  195  193  197  207  222  242  266  296  327
  357  382  401  412  418  422  424  425  422  414  401  385  371  359  350  344
  337  335  337  336  338  340  349  360  367
    40.0-180.0 180.0   5.0 450.0                            LAT/LON1/LON2/DLON/H
  392  397  400  403  405  403  390  371  353  335  320  315  317  322  335  347
  353  353  347  336  325  317  312  311  316  321  317  306  297  282  268  256
  245  236  233  236  234  229  219  210  206  207  214  227  244  266  293  322
  355  384  403  414  421  427  434  439  440  435  424  411  398  389  381  374
  368  366  368  366  367  368  376  386  392
    37.5-180.0 180.0   5.0 450.0                            LAT/LON1/LON2/DLON/H
  419  421  424  427  432  431  419  400  383  366  349  341  339  344  352  361
  365  365  358  346  333  325  320  320  329  334  329  317  308  296  281  269
  257  251  251  253  251  245  235  226  221  221  226  235  247  263  287  317
  350  378  396  407  415  424  434  442  449  448  442  434  425  420  413  409
  404  400  403  398  398  401  411  415  419
    35.0-180.0 180.0   5.0 450.0                            LAT/LON1/LON2/DLON/H
  451  454  457  458  460  456  446  429  413  395  382  373  369  372  376  380
  381  376  367  353  341  332  328  331  339  343  339  329  321  309  295  282
  270  264  266  267  266  259  251  242  238  237  242  248  252  262  280  308
  338  365  383  393  402  412  425  437  449  454  454  452  449  447  445  443
  439  435  438  434  432  438  446  451  451
    32.5-180.0 180.0   5.0 450.0                            LAT/LON1/LON2/DLON/H
  492  495  497  495  494  487  478  457  440  426  415  407  405  407  405  406
  399  386  372  357  346  340  337  344  351  351  347  340  331  320  305  291
  280  276  274  275  273  269  263  256  253  255  255  257  256  260  273  295
  321  345  364  375  384  397  411  427  443  453  461  466  469  471  472  473
  470  467  469  466  470  474  482  489  492
    30.0-180.0 180.0   5.0 450.0                            LAT/LON1/LON2/DLON/H
  544  550  548  543  534  524  511  489  468  456  454  447  443  441  437  431
  417  397  374  357  348  349  349  357  362  360  355  348  337  324  309  297
  287  282  277  275  273  270  268  265  265  268  264  260  256  254  264  283
  307  329  346  356  366  380  397  417  434  448  461  473  482  489  493  495
  495  495  497  496  504  511  522  536  544
    27.5-180.0 180.0   5.0 450.0                            LAT/LON1/LON2/DLON/H
  597  603  601  597  585  573  554  528  504  496  496  490  484  479  466  453
  433  405  376  355  350  355  356  365  371  368  362  352  335  323  308  294
  284  274  267  263  260  264  267  267  270  271  268  262  252  247  252  269
  294  315  330  340  351  366  384  405  425  442  459  475  490  502  510  515
  517  519  523  525  538  550  564  583  597
    25.0-180.0 180.0   5.0 450.0                            LAT/LON1/LON2/DLON/H
  652  663  663  663  649  628  603  577  551  539  540  541  531  518  495  472
  444  413  380  360  354  357  361  371  378  376  365  346  324  311  294  280
  266  251  245  240  242  251  256  258  264  267  266  256  242  236  239  257
  283  301  313  326  338  353  373  397  418  437  458  478  497  513  524  531
  533  538  544  552  570  587  608  632  652
    22.5-180.0 180.0   5.0 450.0                            LAT/LON1/LON2/DLON/H
  705  722  731  729  715  695  666  636  605  589  586  589  579  556  525  493
  454  419  388  369  362  365  370  378  381  375  360  331  300  285  269  255
  236  226  218  215  223  232  237  243  252  260  257  242  227  221  223  242
  269  285  300  313  328  346  367  391  414  436  459  481  503  523  535  543
  546  551  562  574  595  618  647  679  705
    20.0-180.0 180.0   5.0 450.0                            LAT/LON1/LON2/DLON/H
  751  773  787  788  780  765  736  702  666  644  639  637  622  589  549  507
  462  425  396  380  374  376  381  384  379  365  345  310  272  254  238  223
  208  203  198  195  206  215  218  225  237  251  245  224  209  203  205  226
  253  271  287  306  324  345  368  392  417  442  466  489  512  533  544  553
  558  565  577  593  615  642  675  712  751
    17.5-180.0 180.0   5.0 450.0                            LAT/LON1/LON2/DLON/H
  774  801  823  832  834  827  805  773  731  701  689  678  653  612  566  516
  467  428  402  388  383  385  386  383  369  347  317  278  237  218  206  193
  183  181  182  186  202  203  205  213  227  240  226  204  190  184  189  211
  239  263  284  304  327  352  376  403  431  458  484  507  528  546  557  567
  572  582  594  612  634  657  689  731  774
    15.0-180.0 180.0   5.0 450.0                            LAT/LON1/LON2/DLON/H
  773  806  831  849  861  865  855  830  787  749  728  706  671  626  574  519
  467  425  400  387  384  383  380  370  351  318  280  234  196  181  174  165
  163  163  168  183  199  199  200  207  219  221  204  188  177  172  179  202
  232  259  285  311  337  363  391  422  453  482  509  530  548  562  572  582
  590  600  614  634  652  672  697  734  773
    12.5-180.0 180.0   5.0 450.0                            LAT/LON1/LON2/DLON/H
  759  788  812  833  857  874  879  865  830  787  753  720  678  629  573  515
  461  418  394  380  376  370  360  346  319  277  235  194  160  145  144  145
  150  155  163  182  192  199  202  205  207  200  187  178  169  163  171  194
  224  256  289  320  349  378  410  445  480  510  535  554  568  579  587  598
  606  617  637  656  673  689  705  729  759
    10.0-180.0 180.0   5.0 450.0                            LAT/LON1/LON2/DLON/H
  741  759  774  790  817  845  863  865  839  801  762  720  672  618  562  504
  452  412  388  368  359  347  331  311  278  233  193  159  135  125  130  135
  147  157  168  181  191  199  202  199  194  185  177  172  164  158  163  185
  217  253  291  325  357  390  427  468  509  541  564  580  591  599  605  613
  623  635  656  678  694  705  713  724  741
     7.5-180.0 180.0   5.0 450.0                            LAT/LON1/LON2/DLON/H
  726  734  735  740  762  791  815  820  811  786  750  705  653  599  543  487
  440  402  376  355  335  317  297  271  237  194  158  132  117  114  124  136
  152  166  179  188  194  198  196  191  183  177  173  165  158  154  159  178
  208  249  290  325  359  395  439  488  537  572  595  610  617  623  627  632
  642  657  676  697  713  720  720  720  726
     5.0-180.0 180.0   5.0 450.0                            LAT/LON1/LON2/DLON/H
  724  721  711  704  713  735  755  760  759  747  719  676  625  566  518  465
  426  390  361  334  310  287  262  233  200  164  135  117  114  120  133  144
  162  178  191  196  197  195  188  179  172  170  168  162  155  151  154  167
  197  240  282  320  356  396  446  501  556  596  619  632  638  644  648  651
  662  680  697  718  733  739  733  726  724
     2.5-180.0 180.0   5.0 450.0                            LAT/LON1/LON2/DLON/H
  739  728  710  692  688  696  707  707  706  698  673  636  586  534  487  446
  408  375  344  314  287  259  230  204  174  145  127  119  123  135  148  163
  178  188  194  196  194  187  177  169  162  163  163  158  151  144  144  155
  182  224  269  308  347  390  445  505  561  602  627  636  638  647  659  667
  680  700  719  741  757  763  754  744  739
