DORISInput/IGSGIM/2024/IGS0OPSFIN_20241380000_01D_02H_GIM.INX
     1.0            IONOSPHERE MAPS     MIX                 IONEX VERSION / TYPE
cmpcmb v1.2          GRL/UWM            28-may-24 18:36     PGM / RUN BY / DATE 
ionex file containing IGS COMBINED Ionosphere maps          COMMENT             
global ionosphere maps for day 138, 2024                    DESCRIPTION         
IONEX file containing the COMBINED IGS TEC MAPS and DCBs    DESCRIPTION         
      IONEX files of the following IAACs were combined: cod DESCRIPTION         
                                                        jpl DESCRIPTION         
                                                        upc DESCRIPTION         
Contact address: Andrzej Krankowski                         DESCRIPTION
                 Geodynamics Research Laboratory            DESCRIPTION
                 University of Warmia and Mazury (GRL/UWM)  DESCRIPTION
                 Oczapowski St. 1                           DESCRIPTION
                 10-957-Olsztyn, POLAND                     DESCRIPTION
                 e-mail:  kand@uwm.edu.pl                   DESCRIPTION
                                                            DESCRIPTION         
  2024     5    17     0     0     0                        EPOCH OF FIRST MAP  
  2024     5    18     0     0     0                        EPOCH OF LAST MAP   
  7200                                                      INTERVAL            
    13                                                      # OF MAPS IN FILE   
  COSZ                                                      MAPPING FUNCTION    
     0.0                                                    ELEVATION CUTOFF    
combined TEC calculated as weighted mean of input TEC valuesOBSERVABLES USED    
   337                                                      # OF STATIONS       
    32                                                      # OF SATELLITES     
  6371.0                                                    BASE RADIUS         
     2                                                      MAP DIMENSION       
   450.0 450.0   0.0                                        HGT1 / HGT2 / DHGT  
    87.5 -87.5  -2.5                                        LAT1 / LAT2 / DLAT  
  -180.0 180.0   5.0                                        LON1 / LON2 / DLON  
    -1                                                      EXPONENT            
TEC values in 0.1 tec units;  9999, if no value available   COMMENT             
DCB values in nanoseconds, reference is Sum_of_SatDCBs = 0  COMMENT             
                                                            END OF HEADER       
[from data line 4719]
    12                                                      START OF TEC MAP    
  2024     5    17    22     0     0                        EPOCH OF CURRENT MAP
    87.5-180.0 180.0   5.0 450.0                            LAT/LON1/LON2/DLON/H
  198  198  199  200  201  200  201  202  202  203  203  203  203  204  203  204
  205  205  204  204  203  202  203  202  200  198  197  194  191  188  185  184
  179  178  176  172  171  170  169  168  167  166  166  166  166  167  168  169
  170  171  172  173  174  175  176  177  178  180  181  183  184  186  187  188
  190  191  192  194  195  196  196  197  198
    85.0-180.0 180.0   5.0 450.0                            LAT/LON1/LON2/DLON/H
  198  200  202  205  207  210  213  216  218  222  223  224  225  228  229  225
  222  220  215  216  216  217  219  216  211  207  200  192  186  181  174  171
  166  163  160  157  154  153  151  150  149  147  147  147  146  147  148  149
  151  153  157  160  163  166  169  172  174  176  179  181  183  185  187  188
  190  191  192  193  193  194  195  196  198
    82.5-180.0 180.0   5.0 450.0                            LAT/LON1/LON2/DLON/H
  191  195  198  201  204  207  208  210  213  216  224  227  239  241  250  253
  249  246  248  250  236  225  222  226  226  219  216  208  195  185  179  171
  166  162  159  161  158  162  160  157  157  150  149  140  136  135  135  134
  134  136  140  144  150  154  159  163  167  171  175  178  180  183  184  185
  186  186  186  186  185  186  188  189  191
    80.0-180.0 180.0   5.0 450.0                            LAT/LON1/LON2/DLON/H
  182  185  190  193  197  200  206  212  219  227  236  249  258  264  270  271
  276  282  285  283  275  246  231  261  245  234  223  215  204  194  186  177
  170  165  161  156  155  152  150  149  153  153  151  142  134  130  126  124
  123  123  126  131  138  145  151  157  162  167  171  175  177  180  181  181
  180  179  178  176  176  177  177  179  182
    77.5-180.0 180.0   5.0 450.0                            LAT/LON1/LON2/DLON/H
  171  175  178  182  186  192  198  209  223  236  244  249  251  258  266  277
  283  289  281  268  261  264  265  255  245  234  223  214  208  204  201  195
  185  177  170  165  165  166  166  166  164  160  156  146  136  130  124  120
  117  117  119  124  131  138  145  153  159  165  170  173  176  177  177  176
  174  172  170  168  167  166  167  168  171
    75.0-180.0 180.0   5.0 450.0                            LAT/LON1/LON2/DLON/H
  163  166  169  172  177  185  197  213  225  236  248  262  271  276  287  291
  286  279  269  264  268  265  265  258  259  253  242  233  222  210  201  196
  194  193  194  196  189  191  192  192  190  183  177  159  145  135  127  122
  120  120  120  124  129  138  145  153  160  166  171  174  176  176  175  173
  172  169  166  163  161  160  160  161  163
    72.5-180.0 180.0   5.0 450.0                            LAT/LON1/LON2/DLON/H
  164  166  168  174  180  193  207  219  235  259  279  295  302  304  297  284
  278  270  260  260  259  265  259  256  257  257  253  243  234  224  213  203
  196  198  201  207  217  224  219  218  219  210  204  184  166  152  141  133
  127  125  126  128  133  141  150  158  165  170  175  178  179  179  177  175
  173  170  167  164  162  161  161  162  164
    70.0-180.0 180.0   5.0 450.0                            LAT/LON1/LON2/DLON/H
  172  173  177  182  188  200  216  235  261  290  318  324  323  317  300  287
  272  259  248  249  248  252  248  251  252  252  251  246  237  231  222  213
  207  203  209  217  226  234  240  237  234  230  224  204  189  174  161  150
  141  136  135  137  143  151  158  165  171  176  181  183  184  183  182  180
  178  176  174  173  173  172  171  171  172
    67.5-180.0 180.0   5.0 450.0                            LAT/LON1/LON2/DLON/H
  189  191  192  193  196  206  225  254  286  322  341  345  342  327  308  286
  266  247  238  233  231  233  235  240  243  243  242  243  237  230  224  219
  212  209  207  216  228  237  243  244  244  240  235  218  203  189  177  165
  156  149  147  150  156  163  168  173  178  183  187  189  190  190  189  188
  187  187  187  188  189  190  189  190  189
    65.0-180.0 180.0   5.0 450.0                            LAT/LON1/LON2/DLON/H
  210  209  205  202  202  210  230  259  295  333  357  368  359  340  317  291
  265  244  230  220  214  217  221  226  230  229  230  232  232  226  223  221
  215  209  207  208  216  226  235  240  240  239  237  225  214  201  189  179
  170  163  160  163  168  173  176  180  184  188  192  195  196  197  197  197
  198  200  202  205  208  210  211  210  210
    62.5-180.0 180.0   5.0 450.0                            LAT/LON1/LON2/DLON/H
  226  222  216  210  207  211  225  251  286  326  359  380  372  355  333  304
  273  249  229  213  209  210  211  213  215  214  214  218  223  223  222  225
  221  213  209  208  208  212  219  223  224  228  228  223  217  207  196  187
  180  175  172  173  176  180  183  187  190  194  198  200  203  205  206  208
  210  214  217  222  225  228  229  229  226
    60.0-180.0 180.0   5.0 450.0                            LAT/LON1/LON2/DLON/H
  238  233  226  217  211  210  219  238  268  305  345  373  381  368  351  320
  289  262  240  222  215  213  210  209  207  206  206  210  217  221  226  230
  232  224  215  211  206  205  205  206  209  211  213  212  210  204  195  190
  187  184  183  182  184  188  191  194  196  199  203  206  210  212  216  219
  223  227  232  238  239  239  240  240  238
    57.5-180.0 180.0   5.0 450.0                            LAT/LON1/LON2/DLON/H
  248  245  241  230  220  215  216  228  250  281  320  358  380  383  370  344
  316  289  267  247  235  230  225  221  215  212  211  214  222  227  235  241
  243  237  227  219  212  205  201  198  198  200  203  199  201  197  192  190
  188  188  188  189  191  192  195  199  201  205  208  212  216  220  225  231
  236  242  246  248  249  248  248  247  248
    55.0-180.0 180.0   5.0 450.0                            LAT/LON1/LON2/DLON/H
  259  258  256  247  240  230  226  233  246  268  302  337  370  388  392  376
  354  329  306  285  271  265  259  254  245  240  236  236  240  246  252  258
  260  254  246  238  227  217  210  204  200  197  199  196  196  196  194  192
  191  190  191  192  193  195  198  204  207  211  215  219  223  228  233  242
  249  257  261  261  257  254  253  256  259
    52.5-180.0 180.0   5.0 450.0                            LAT/LON1/LON2/DLON/H
  273  278  277  280  274  263  255  253  259  271  293  322  353  380  398  403
  393  373  349  333  322  317  315  308  299  290  281  277  277  280  282  284
  288  283  279  269  256  244  233  224  216  212  211  203  202  202  199  198
  197  195  196  196  198  200  206  211  216  220  224  228  232  237  242  252
  261  272  279  275  267  261  261  266  273
    50.0-180.0 180.0   5.0 450.0                            LAT/LON1/LON2/DLON/H
  301  305  310  317  319  312  300  291  289  288  296  314  341  369  393  414
  419  412  400  392  385  385  387  383  373  365  350  340  334  327  323  321
  318  316  312  305  290  278  264  254  242  233  228  217  214  212  208  205
  206  204  201  201  204  208  213  221  226  232  237  241  244  249  254  265
  278  288  297  292  284  276  277  286  301
    47.5-180.0 180.0   5.0 450.0                            LAT/LON1/LON2/DLON/H
  334  341  352  366  376  374  365  351  333  323  316  323  342  365  391  414
  430  435  437  441  445  455  466  469  461  454  432  416  396  383  369  356
  348  345  341  333  324  313  303  288  276  264  254  236  230  227  222  218
  217  213  209  208  212  217  224  235  242  248  253  256  261  266  272  285
  296  307  317  315  308  304  306  322  334
    45.0-180.0 180.0   5.0 450.0                            LAT/LON1/LON2/DLON/H
  378  387  403  422  441  445  436  421  394  373  355  349  356  373  394  417
  435  446  457  467  484  505  528  543  541  532  506  481  451  427  406  388
  371  366  363  359  354  348  339  326  313  297  284  264  254  249  241  235
  230  225  221  221  224  231  240  253  261  268  273  276  282  288  294  308
  319  331  341  343  342  343  350  364  378
    42.5-180.0 180.0   5.0 450.0                            LAT/LON1/LON2/DLON/H
  428  439  458  481  501  511  510  494  465  436  412  395  387  395  407  429
  442  454  466  481  504  536  569  593  600  593  567  533  494  460  432  409
  391  385  383  382  382  380  376  365  354  334  317  295  282  273  263  257
  249  243  238  237  241  248  258  269  281  290  295  297  301  306  313  326
  341  355  370  375  381  387  398  415  428
    40.0-180.0 180.0   5.0 450.0                            LAT/LON1/LON2/DLON/H
  480  496  513  535  557  576  581  569  542  512  480  454  443  435  434  447
  456  466  478  494  522  559  595  625  643  638  611  572  529  487  454  430
  413  408  407  411  414  418  414  407  397  376  357  330  314  301  291  282
  272  265  260  258  260  265  274  284  297  308  317  320  320  323  331  344
  362  380  397  406  420  431  447  468  480
    37.5-180.0 180.0   5.0 450.0                            LAT/LON1/LON2/DLON/H
  533  547  567  585  604  625  636  635  619  593  558  526  502  488  476  477
  481  488  497  513  541  576  611  649  676  672  646  606  557  516  486  459
  443  440  443  447  453  458  459  455  443  421  400  369  352  334  322  310
  297  286  281  277  276  278  284  293  307  322  336  340  339  341  347  361
  378  399  420  432  450  467  489  516  533
    35.0-180.0 180.0   5.0 450.0                            LAT/LON1/LON2/DLON/H
  573  592  612  628  644  663  680  689  685  671  641  605  577  554  532  522
  519  519  526  543  563  594  633  671  698  696  668  629  583  547  520  496
  485  480  484  490  499  506  513  507  496  466  443  414  393  372  354  338
  321  308  301  292  286  286  288  295  309  327  346  354  356  358  364  377
  395  414  437  452  473  495  525  552  573
    32.5-180.0 180.0   5.0 450.0                            LAT/LON1/LON2/DLON/H
  600  623  644  659  675  693  716  736  747  745  729  694  661  629  600  579
  569  562  564  578  593  620  660  691  712  709  680  646  611  580  556  538
  530  527  528  539  549  554  566  567  557  529  504  459  430  403  383  363
  342  326  315  302  294  288  287  292  304  323  345  358  366  372  380  393
  410  428  450  466  488  514  545  578  600
    30.0-180.0 180.0   5.0 450.0                            LAT/LON1/LON2/DLON/H
  618  643  670  686  701  720  746  770  795  810  806  781  748  705  671  647
  628  611  605  615  626  647  683  708  722  717  690  662  637  608  591  581
  574  570  570  580  595  607  623  626  614  584  557  496  456  426  404  380
  355  334  319  306  296  286  280  281  291  309  334  354  369  382  393  406
  424  442  458  474  498  524  559  593  618
    27.5-180.0 180.0   5.0 450.0                            LAT/LON1/LON2/DLON/H
  632  665  693  717  731  749  777  800  830  858  869  852  825  789  746  712
  690  664  648  654  661  677  705  724  733  727  702  679  657  637  630  621
  612  603  598  613  635  662  675  670  656  614  585  512  470  438  412  384
  358  334  316  304  291  278  268  264  270  289  317  344  365  385  402  416
  431  449  463  478  501  528  565  603  632
    25.0-180.0 180.0   5.0 450.0                            LAT/LON1/LON2/DLON/H
  637  677  712  747  766  788  810  830  862  904  918  914  893  858  812  774
  742  713  694  694  698  710  729  743  749  743  722  697  676  662  655  648
  638  608  604  624  644  683  690  676  661  602  572  510  470  434  404  373
  347  324  305  290  277  262  248  242  247  266  297  330  359  384  406  423
  437  452  466  482  501  527  562  600  637
    22.5-180.0 180.0   5.0 450.0                            LAT/LON1/LON2/DLON/H
  633  679  725  768  800  827  848  869  900  943  958  957  943  908  861  821
  784  756  735  731  732  739  751  764  770  764  742  714  687  671  659  649
  626  585  572  583  589  648  640  621  617  565  538  486  450  414  381  347
  321  299  279  267  253  239  223  220  229  247  279  314  348  380  407  428
  440  455  471  486  504  528  559  594  633
    20.0-180.0 180.0   5.0 450.0                            LAT/LON1/LON2/DLON/H
  628  675  732  783  827  863  888  910  937  971  988  989  977  943  898  853
  814  788  767  761  759  765  775  787  794  785  760  724  685  654  628  609
  570  526  508  506  517  563  556  533  515  493  471  439  410  377  343  311
  288  263  247  234  225  214  202  204  216  237  266  300  338  374  406  430
  445  463  482  500  518  541  569  594  628
    17.5-180.0 180.0   5.0 450.0                            LAT/LON1/LON2/DLON/H
  640  688  744  800  849  890  922  946  968  989 1008 1015 1005  972  924  881
  842  813  793  786  783  788  800  812  815  800  767  717  655  602  560  534
  488  452  435  424  439  460  456  435  413  403  389  379  355  328  299  275
  255  236  220  209  201  195  192  199  214  236  262  293  333  372  406  433
  454  477  500  524  545  568  591  612  640
    15.0-180.0 180.0   5.0 450.0                            LAT/LON1/LON2/DLON/H
  670  714  769  818  870  913  947  972  990 1007 1026 1037 1029  997  953  907
  869  839  820  811  809  813  824  835  831  806  762  692  607  522  470  442
  406  374  368  364  374  378  364  338  321  321  315  316  298  277  254  240
  229  214  204  198  190  188  193  207  223  243  264  292  331  373  409  442
  466  495  524  554  581  607  628  646  670
    12.5-180.0 180.0   5.0 450.0                            LAT/LON1/LON2/DLON/H
  717  748  791  835  883  927  963  988 1005 1022 1043 1056 1052 1022  981  936
  897  870  854  844  839  837  837  843  833  799  738  649  544  447  380  354
  335  316  321  326  330  323  299  269  253  260  260  260  247  229  215  211
  207  203  202  200  193  192  202  218  235  251  267  293  330  375  418  453
  481  514  549  583  619  649  675  694  717
    10.0-180.0 180.0   5.0 450.0                            LAT/LON1/LON2/DLON/H
  773  794  821  852  890  931  966  994 1014 1034 1055 1071 1070 1045 1007  967
  932  911  896  890  877  861  846  837  820  775  696  594  484  392  328  307
  303  302  309  321  321  306  273  239  219  217  216  215  203  192  186  189
  195  205  212  212  207  206  218  233  246  258  268  292  331  379  426  465
  496  534  571  609  650  690  721  749  773
     7.5-180.0 180.0   5.0 450.0                            LAT/LON1/LON2/DLON/H
  829  847  864  879  900  929  959  989 1014 1038 1060 1076 1077 1060 1029  998
  973  960  948  941  919  891  863  836  802  743  652  541  429  347  305  303
  316  330  345  355  350  328  294  258  223  208  201  194  183  175  172  182
  202  225  234  234  229  227  236  247  254  260  268  291  330  379  429  469
  507  548  588  631  676  724  764  806  829
     5.0-180.0 180.0   5.0 450.0                            LAT/LON1/LON2/DLON/H
  879  900  910  914  917  930  952  978 1003 1031 1055 1071 1073 1063 1045 1025
 1012 1008  997  981  952  920  880  835  783  710  614  502  400  337  323  341
  375  405  424  432  419  391  361  322  264  236  219  201  187  176  179  199
  229  256  263  262  254  247  246  252  255  257  263  284  324  376  427  468
  511  556  598  640  689  741  794  843  879
     2.5-180.0 180.0   5.0 450.0                            LAT/LON1/LON2/DLON/H
  908  939  949  949  942  942  952  969  992 1019 1041 1054 1057 1052 1045 1039
 1034 1032 1024 1003  969  932  884  825  763  688  595  495  412  369  383  426
  482  509  527  528  502  476  449  399  328  285  258  228  206  197  205  231
  264  286  290  285  271  257  247  246  247  246  250  272  314  368  420  465
  509  555  599  642  689  743  803  859  908
