DORISInput/IGSGIM/2024/IGS0OPSFIN_20241470000_01D_02H_GIM.INX
     1.0            IONOSPHERE MAPS     MIX                 IONEX VERSION / TYPE
cmpcmb v1.2          GRL/UWM            12-jun-24 16:02     PGM / RUN BY / DATE 
ionex file containing IGS COMBINED Ionosphere maps          COMMENT             
global ionosphere maps for day 147, 2024                    DESCRIPTION         
IONEX file containing the COMBINED IGS TEC MAPS and DCBs    DESCRIPTION         
      IONEX files of the following IAACs were combined: cod DESCRIPTION         
                                                        jpl DESCRIPTION         
                                                        upc DESCRIPTION         
Contact address: Andrzej Krankowski                         DESCRIPTION
                 Geodynamics Research Laboratory            DESCRIPTION
                 University of Warmia and Mazury (GRL/UWM)  DESCRIPTION
                 Oczapowski St. 1                           DESCRIPTION
                 10-957-Olsztyn, POLAND                     DESCRIPTION
                 e-mail:  kand@uwm.edu.pl                   DESCRIPTION
                                                            DESCRIPTION         
  2024     5    26     0     0     0                        EPOCH OF FIRST MAP  
  2024     5    27     0     0     0                        EPOCH OF LAST MAP   
  7200                                                      INTERVAL            
    13                                                      # OF MAPS IN FILE   
  COSZ                                                      MAPPING FUNCTION    
     0.0                                                    ELEVATION CUTOFF    
combined TEC calculated as weighted mean of input TEC valuesOBSERVABLES USED    
   335                                                      # OF STATIONS       
    32                                                      # OF SATELLITES     
  6371.0                                                    BASE RADIUS         
     2                                                      MAP DIMENSION       
   450.0 450.0   0.0                                        HGT1 / HGT2 / DHGT  
    87.5 -87.5  -2.5                                        LAT1 / LAT2 / DLAT  
  -180.0 180.0   5.0                                        LON1 / LON2 / DLON  
    -1                                                      EXPONENT            
TEC values in 0.1 tec units;  9999, if no value available   COMMENT             
DCB values in nanoseconds, reference is Sum_of_SatDCBs = 0  COMMENT             
                                                            END OF HEADER       
[from data line 1716]
     5                                                      START OF TEC MAP    
  2024     5    26     8     0     0                        EPOCH OF CURRENT MAP
    87.5-180.0 180.0   5.0 450.0                            LAT/LON1/LON2/DLON/H
  187  187  187  187  187  187  186  187  188  189  189  189  190  191  191  192
  193  194  194  194  195  196  196  196  197  197  197  198  199  199  199  199
  200  200  201  202  202  202  202  201  201  202  202  201  201  201  200  199
  199  198  198  197  196  196  195  194  194  193  193  192  192  191  191  191
  190  189  189  188  188  188  188  186  187
    85.0-180.0 180.0   5.0 450.0                            LAT/LON1/LON2/DLON/H
  179  178  179  178  178  179  180  180  181  183  184  185  186  187  188  189
  191  192  194  195  197  198  199  200  200  201  201  202  202  202  203  203
  204  204  205  206  207  209  209  210  211  212  213  212  212  210  210  210
  209  208  208  207  205  204  202  201  199  198  198  196  195  194  193  191
  190  188  186  185  184  182  181  180  179
    82.5-180.0 180.0   5.0 450.0                            LAT/LON1/LON2/DLON/H
  178  177  176  177  177  178  179  180  182  183  185  187  189  191  194  196
  198  199  198  199  198  200  201  201  202  202  201  201  201  201  201  202
  203  204  205  207  208  209  210  211  213  215  218  221  223  226  225  224
  224  222  221  221  219  218  216  215  212  211  210  208  205  203  201  197
  194  192  189  187  185  182  180  179  178
    80.0-180.0 180.0   5.0 450.0                            LAT/LON1/LON2/DLON/H
  183  182  181  179  179  179  178  179  180  181  183  186  189  191  193  196
  198  199  200  200  200  201  201  202  201  199  198  197  196  197  197  197
  198  200  202  204  208  212  215  219  222  224  227  230  234  236  239  240
  239  239  238  237  238  236  234  233  231  229  227  225  222  220  216  213
  209  205  201  197  194  191  187  186  183
    77.5-180.0 180.0   5.0 450.0                            LAT/LON1/LON2/DLON/H
  195  191  188  185  183  181  180  180  180  181  183  183  185  187  190  193
  196  199  201  200  200  201  202  195  195  194  192  190  189  188  188  190
  192  195  198  201  206  210  215  220  227  231  236  240  244  247  251  253
  255  256  257  258  258  258  256  254  252  251  249  247  244  241  238  233
  229  225  220  216  211  207  203  198  195
    75.0-180.0 180.0   5.0 450.0                            LAT/LON1/LON2/DLON/H
  209  204  198  193  189  185  182  179  178  178  179  180  182  184  186  188
  192  195  196  197  198  198  198  194  190  187  185  182  181  179  179  182
  186  190  194  198  204  210  217  222  228  235  240  245  250  254  257  261
  265  268  272  274  276  276  275  274  272  271  270  268  266  264  261  257
  253  249  245  240  235  228  222  215  209
    72.5-180.0 180.0   5.0 450.0                            LAT/LON1/LON2/DLON/H
  227  218  209  201  194  187  182  179  177  176  175  177  178  179  181  184
  186  188  190  192  193  190  189  188  184  181  177  176  174  174  175  178
  182  186  193  199  205  211  217  225  231  236  243  248  253  256  261  266
  271  276  281  285  288  290  289  290  288  288  286  286  285  283  281  280
  278  274  270  266  259  252  245  235  227
    70.0-180.0 180.0   5.0 450.0                            LAT/LON1/LON2/DLON/H
  242  231  218  207  197  189  183  178  174  172  171  170  171  173  176  178
  179  181  184  185  184  182  179  179  176  173  171  170  170  172  175  178
  184  189  196  202  209  215  222  229  234  239  244  248  252  257  262  268
  274  280  286  290  294  296  298  297  297  296  296  295  295  295  296  296
  296  294  291  287  281  273  263  253  242
    67.5-180.0 180.0   5.0 450.0                            LAT/LON1/LON2/DLON/H
  251  239  224  211  199  190  182  176  171  169  166  165  165  166  169  169
  170  172  175  175  174  172  171  170  168  167  167  168  171  174  179  183
  189  196  203  210  216  222  228  234  238  241  245  249  253  257  263  269
  276  282  287  292  294  297  297  298  297  295  295  295  296  298  299  301
  303  302  301  299  293  286  275  265  251
    65.0-180.0 180.0   5.0 450.0                            LAT/LON1/LON2/DLON/H
  257  243  230  215  201  190  181  172  168  165  162  160  159  159  160  161
  161  162  164  164  163  161  161  160  162  164  167  171  175  181  186  191
  199  206  212  219  225  230  234  238  241  244  247  250  254  259  264  271
  276  282  286  290  291  292  292  292  290  288  287  286  287  289  292  294
  297  299  300  298  294  288  280  270  257
    62.5-180.0 180.0   5.0 450.0                            LAT/LON1/LON2/DLON/H
  259  246  234  221  207  194  181  171  165  160  156  154  153  151  152  151
  150  151  151  151  149  148  150  151  155  162  168  175  181  189  196  202
  211  217  223  228  233  237  240  243  246  248  251  254  258  263  269  274
  280  283  286  287  288  286  285  284  282  278  275  274  274  276  277  280
  282  285  287  288  287  283  277  269  259
    60.0-180.0 180.0   5.0 450.0                            LAT/LON1/LON2/DLON/H
  256  247  239  227  215  202  187  174  164  157  152  148  146  143  141  140
  139  139  137  136  135  134  138  143  151  161  171  181  190  198  206  214
  220  226  231  236  241  245  247  249  251  254  257  260  265  270  276  281
  285  287  288  287  286  284  282  279  275  271  267  264  263  262  262  262
  264  266  270  272  274  272  270  264  256
    57.5-180.0 180.0   5.0 450.0                            LAT/LON1/LON2/DLON/H
  254  250  244  237  225  212  196  183  168  158  149  143  140  136  132  130
  129  127  125  124  122  125  129  138  149  162  175  188  200  209  218  226
  230  234  240  244  248  251  253  256  258  260  264  269  274  282  288  292
  295  294  294  292  290  288  284  280  275  270  266  263  260  256  253  250
  249  251  255  259  261  263  263  259  254
    55.0-180.0 180.0   5.0 450.0                            LAT/LON1/LON2/DLON/H
  258  257  256  250  240  227  210  194  177  163  151  141  137  130  125  121
  119  118  117  116  116  119  127  138  151  166  183  199  212  223  230  236
  240  243  247  250  254  257  260  263  266  269  274  280  288  297  303  307
  308  306  304  302  300  296  293  289  284  280  275  272  267  260  254  248
  244  244  247  251  255  259  261  260  258
    52.5-180.0 180.0   5.0 450.0                            LAT/LON1/LON2/DLON/H
  270  272  273  272  261  246  227  206  188  172  159  146  140  129  122  117
  114  114  113  114  116  122  131  144  158  177  196  212  227  236  243  247
  249  252  255  258  262  265  268  271  275  280  286  294  304  313  319  323
  322  321  319  317  314  312  309  306  301  297  294  290  284  276  267  258
  251  248  250  254  259  263  266  268  270
    50.0-180.0 180.0   5.0 450.0                            LAT/LON1/LON2/DLON/H
  285  290  294  294  284  266  244  222  202  184  167  153  146  134  126  120
  117  116  117  121  125  131  141  154  171  191  210  229  243  251  256  258
  261  263  265  267  269  272  275  280  285  291  298  308  319  329  337  341
  340  338  336  335  333  332  330  328  323  318  314  311  306  297  287  276
  267  263  264  267  271  276  279  281  285
    47.5-180.0 180.0   5.0 450.0                            LAT/LON1/LON2/DLON/H
  301  307  312  313  304  285  261  237  216  198  182  167  157  143  133  127
  124  124  128  134  140  146  156  168  186  208  228  248  261  268  269  271
  272  276  277  278  279  282  285  290  297  304  313  324  337  349  356  360
  360  358  355  356  356  355  354  351  345  339  335  331  326  319  309  299
  290  285  285  287  290  293  295  297  301
    45.0-180.0 180.0   5.0 450.0                            LAT/LON1/LON2/DLON/H
  310  315  320  322  314  296  273  250  229  212  197  182  170  155  145  137
  135  136  141  148  155  162  171  184  202  224  247  265  280  285  284  286
  287  290  290  290  292  294  297  302  311  321  331  343  359  371  379  384
  383  381  379  381  385  382  380  375  367  358  351  348  343  338  330  322
  315  311  309  311  312  311  310  309  310
    42.5-180.0 180.0   5.0 450.0                            LAT/LON1/LON2/DLON/H
  311  312  315  318  312  296  276  255  237  222  209  196  185  170  157  149
  147  149  155  162  170  178  185  197  216  238  264  283  296  300  300  302
  304  304  304  304  305  308  313  319  330  341  354  366  382  397  407  410
  408  409  408  411  415  413  409  400  389  375  365  359  356  352  347  342
  338  338  339  336  336  329  321  314  311
    40.0-180.0 180.0   5.0 450.0                            LAT/LON1/LON2/DLON/H
  302  298  299  301  298  286  270  253  240  229  220  209  199  185  173  164
  160  162  168  177  185  192  197  208  228  251  275  297  308  313  315  317
  318  319  318  319  321  324  331  341  354  366  378  393  411  427  437  443
  441  443  443  448  451  450  441  430  414  397  383  374  371  369  366  364
  364  364  366  363  356  345  329  312  302
    37.5-180.0 180.0   5.0 450.0                            LAT/LON1/LON2/DLON/H
  287  278  274  276  274  267  255  244  237  233  228  221  212  200  188  179
  174  176  181  189  197  202  208  220  238  261  285  306  318  323  326  328
  329  332  333  336  339  344  352  365  380  394  407  423  441  459  472  478
  478  481  486  490  492  492  484  471  453  433  416  405  401  396  393  393
  394  394  395  386  375  354  331  305  287
    35.0-180.0 180.0   5.0 450.0                            LAT/LON1/LON2/DLON/H
  276  261  253  252  250  245  236  231  229  232  234  230  225  212  201  193
  188  190  194  200  206  212  218  230  248  270  292  312  324  328  331  332
  335  342  348  353  359  367  377  391  408  424  439  456  475  489  507  516
  518  523  531  537  540  543  538  529  511  492  475  459  452  443  436  433
  431  429  428  413  394  365  334  302  276
    32.5-180.0 180.0   5.0 450.0                            LAT/LON1/LON2/DLON/H
  278  258  244  239  235  228  221  218  220  228  235  237  234  223  213  205
  200  203  204  209  216  219  228  242  258  278  298  312  323  327  329  332
  337  347  359  369  378  389  402  418  436  451  464  483  501  518  537  549
  555  566  575  587  594  602  605  606  594  581  563  545  533  517  501  489
  478  472  464  445  421  384  348  311  278
    30.0-180.0 180.0   5.0 450.0                            LAT/LON1/LON2/DLON/H
  303  274  257  246  236  226  216  214  216  224  234  241  241  233  223  218
  211  213  214  218  224  227  236  252  268  283  298  307  313  318  320  325
  334  348  364  380  394  407  424  442  458  473  487  505  522  540  559  575
  588  601  618  636  651  669  682  696  698  694  680  661  643  617  587  563
  538  521  504  482  453  416  379  341  303
    27.5-180.0 180.0   5.0 450.0                            LAT/LON1/LON2/DLON/H
  353  318  293  279  261  244  231  222  221  228  238  247  248  242  232  229
  223  222  224  227  231  234  244  258  273  285  293  297  299  301  305  314
  326  345  366  388  406  424  443  462  479  492  503  516  533  554  574  594
  615  636  660  686  710  738  768  799  817  823  813  791  760  736  685  647
  608  579  550  524  493  459  428  395  353
    25.0-180.0 180.0   5.0 450.0                            LAT/LON1/LON2/DLON/H
  426  385  359  335  311  288  265  249  240  242  249  257  258  253  243  240
  235  232  234  236  238  242  253  266  277  285  286  284  281  283  286  298
  317  340  366  392  414  436  458  478  493  504  511  520  540  562  583  609
  638  668  697  731  765  804  843  897  930  944  938  912  877  840  786  735
  681  641  603  571  535  509  492  468  426
    22.5-180.0 180.0   5.0 450.0                            LAT/LON1/LON2/DLON/H
  508  466  434  406  379  350  321  298  278  271  272  274  272  267  257  253
  248  245  245  247  247  251  261  271  279  280  275  266  259  260  268  285
  308  335  364  394  420  444  467  486  501  509  513  524  543  566  590  621
  655  690  726  767  809  852  901  955  994 1012 1010  983  949  913  855  806
  746  699  656  618  579  563  551  547  508
    20.0-180.0 180.0   5.0 450.0                            LAT/LON1/LON2/DLON/H
  574  531  509  479  453  425  393  361  331  314  304  296  291  285  274  269
  263  258  258  258  255  258  265  272  275  270  258  242  233  237  250  274
  298  329  362  393  421  447  471  490  503  509  514  528  549  569  595  629
  661  699  741  782  818  860  905  949  984 1000  998  975  949  918  878  829
  784  742  701  663  623  605  604  602  574
    17.5-180.0 180.0   5.0 450.0                            LAT/LON1/LON2/DLON/H
  609  578  554  535  516  493  472  433  394  366  345  324  314  305  294  285
  279  271  268  266  261  261  263  264  262  252  235  214  204  214  236  264
  291  325  358  388  417  445  469  488  504  511  520  537  555  574  602  633
  663  701  738  768  791  826  859  892  922  935  929  912  894  873  852  818
  788  763  730  694  655  628  620  626  609
    15.0-180.0 180.0   5.0 450.0                            LAT/LON1/LON2/DLON/H
  591  573  569  566  566  554  533  499  460  419  384  358  344  326  312  302
  294  283  276  271  262  258  255  252  245  229  208  187  177  193  222  254
  283  316  350  380  411  438  464  486  505  519  533  549  566  587  613  641
  668  697  723  739  752  774  795  818  838  846  841  830  822  814  808  796
  780  766  740  705  663  622  600  594  591
    12.5-180.0 180.0   5.0 450.0                            LAT/LON1/LON2/DLON/H
  537  534  544  561  584  593  584  555  520  471  427  392  373  345  328  314
  304  290  279  271  259  252  246  237  224  203  179  159  153  173  207  243
  275  308  341  371  401  429  455  481  508  530  549  566  585  607  633  652
  674  694  706  712  715  726  736  749  759  762  757  752  755  763  771  772
  768  761  738  701  650  598  557  538  537
    10.0-180.0 180.0   5.0 450.0                            LAT/LON1/LON2/DLON/H
  472  482  500  531  570  599  606  591  562  515  463  423  401  363  340  322
  308  293  281  266  253  243  234  221  203  180  158  139  137  157  194  232
  269  302  333  362  391  417  444  473  506  540  566  587  605  629  652  670
  684  693  697  696  693  694  697  703  705  703  698  701  712  731  749  754
  755  749  731  694  632  564  514  479  472
     7.5-180.0 180.0   5.0 450.0                            LAT/LON1/LON2/DLON/H
  426  436  454  493  536  577  597  595  580  542  487  440  417  376  350  326
  310  294  279  262  245  232  220  205  185  163  142  127  126  146  181  222
  264  296  325  353  377  401  427  462  501  545  578  603  625  651  674  690
  698  699  699  697  693  691  689  688  683  678  677  688  708  730  748  751
  749  740  723  684  618  541  476  436  426
     5.0-180.0 180.0   5.0 450.0                            LAT/LON1/LON2/DLON/H
  405  414  435  472  514  554  577  582  574  547  497  446  422  382  352  328
  307  291  273  253  235  219  207  193  174  153  134  122  121  137  168  213
  254  289  317  341  363  385  410  447  495  545  583  609  634  662  688  706
  713  713  711  712  714  713  711  705  694  688  693  711  735  759  766  759
  748  735  716  679  614  534  464  421  405
     2.5-180.0 180.0   5.0 450.0                            LAT/LON1/LON2/DLON/H
  433  437  453  482  515  543  564  571  561  535  489  440  416  379  352  325
  301  282  263  243  224  208  196  183  168  149  131  121  119  133  162  203
  244  279  306  328  348  370  397  435  482  535  575  598  625  657  688  712
  726  729  729  739  747  751  753  746  737  734  741  761  785  799  794  775
  752  732  710  677  619  548  485  448  433
