DORISInput/IGSGIM/2024/IGS0OPSFIN_20241360000_01D_02H_GIM.INX
     1.0            IONOSPHERE MAPS     MIX                 IONEX VERSION / TYPE
cmpcmb v1.2          GRL/UWM            28-may-24 18:25     PGM / RUN BY / DATE 
ionex file containing IGS COMBINED Ionosphere maps          COMMENT             
global ionosphere maps for day 136, 2024                    DESCRIPTION         
IONEX file containing the COMBINED IGS TEC MAPS and DCBs    DESCRIPTION         
      IONEX files of the following IAACs were combined: cod DESCRIPTION         
                                                        jpl DESCRIPTION         
                                                        upc DESCRIPTION         
Contact address: Andrzej Krankowski                         DESCRIPTION
                 Geodynamics Research Laboratory            DESCRIPTION
                 University of Warmia and Mazury (GRL/UWM)  DESCRIPTION
                 Oczapowski St. 1                           DESCRIPTION
                 10-957-Olsztyn, POLAND                     DESCRIPTION
                 e-mail:  kand@uwm.edu.pl                   DESCRIPTION
                                                            DESCRIPTION         
  2024     5    15     0     0     0                        EPOCH OF FIRST MAP  
  2024     5    16     0     0     0                        EPOCH OF LAST MAP   
  7200                                                      INTERVAL            
    13                                                      # OF MAPS IN FILE   
  COSZ                                                      MAPPING FUNCTION    
     0.0                                                    ELEVATION CUTOFF    
combined TEC calculated as weighted mean of input TEC valuesOBSERVABLES USED    
   337                                                      # OF STATIONS       
    32                                                      # OF SATELLITES     
  6371.0                                                    BASE RADIUS         
     2                                                      MAP DIMENSION       
   450.0 450.0   0.0                                        HGT1 / HGT2 / DHGT  
    87.5 -87.5  -2.5                                        LAT1 / LAT2 / DLAT  
  -180.0 180.0   5.0                                        LON1 / LON2 / DLON  
    -1                                                      EXPONENT            
TEC values in 0.1 tec units;  9999, if no value available   COMMENT             
DCB values in nanoseconds, reference is Sum_of_SatDCBs = 0  COMMENT             
                                                            END OF HEADER       
[from data line 1287]
     4                                                      START OF TEC MAP    
  2024     5    15     6     0     0                        EPOCH OF CURRENT MAP
    87.5-180.0 180.0   5.0 450.0                            LAT/LON1/LON2/DLON/H
  287  288  288  288  289  290  290  290  291  292  292  293  293  294  294  294
  294  294  294  294  294  294  294  294  294  293  294  293  293  293  293  292
  292  291  291  291  291  291  290  291  290  290  290  291  291  291  291  290
  290  290  290  291  289  289  288  288  288  287  287  287  287  287  287  286
  286  286  286  286  286  287  287  287  287
    85.0-180.0 180.0   5.0 450.0                            LAT/LON1/LON2/DLON/H
  283  283  283  283  284  284  286  287  289  290  292  294  295  297  298  299
  300  301  301  301  301  301  300  299  298  297  294  293  291  289  288  286
  284  283  281  282  281  281  282  283  283  285  287  288  290  291  292  294
  294  295  295  296  296  297  297  296  296  295  295  294  293  293  292  290
  289  289  288  288  286  285  284  284  283
    82.5-180.0 180.0   5.0 450.0                            LAT/LON1/LON2/DLON/H
  273  271  271  271  272  274  276  278  280  282  285  288  291  294  297  299
  301  303  304  305  307  306  305  301  297  294  288  283  280  277  275  273
  272  272  271  272  272  274  274  276  279  280  283  286  290  293  296  299
  301  304  305  307  308  310  310  310  311  310  309  308  306  304  302  299
  297  294  291  287  283  280  277  275  273
    80.0-180.0 180.0   5.0 450.0                            LAT/LON1/LON2/DLON/H
  267  264  263  263  263  264  265  267  270  273  277  282  286  292  296  300
  304  306  308  309  309  305  306  298  293  287  281  276  271  267  265  262
  261  261  263  264  266  268  271  274  277  281  285  289  294  299  304  306
  310  314  317  320  323  326  328  329  329  329  328  327  324  320  316  311
  306  301  295  288  282  277  273  269  267
    77.5-180.0 180.0   5.0 450.0                            LAT/LON1/LON2/DLON/H
  264  261  258  255  253  253  253  254  256  259  265  270  275  282  289  294
  299  302  305  309  309  310  303  299  288  282  275  267  260  254  251  248
  249  250  253  256  259  264  269  274  280  286  292  298  305  310  317  322
  324  330  334  338  344  347  350  351  351  351  350  347  343  339  333  326
  319  311  303  295  288  280  274  269  264
    75.0-180.0 180.0   5.0 450.0                            LAT/LON1/LON2/DLON/H
  268  262  256  252  248  247  245  244  246  249  252  257  265  270  275  282
  290  296  300  306  307  305  300  293  286  272  260  253  246  241  235  236
  239  242  247  253  261  268  276  283  290  298  304  313  320  328  332  339
  344  350  356  362  365  369  371  373  373  373  371  368  364  358  352  343
  334  325  315  306  298  289  281  274  268
    72.5-180.0 180.0   5.0 450.0                            LAT/LON1/LON2/DLON/H
  277  269  261  254  249  245  242  240  240  240  243  248  251  256  261  267
  276  285  291  295  298  298  292  282  275  261  246  237  231  225  222  224
  229  238  248  257  268  279  288  298  309  315  321  329  337  345  350  356
  362  368  377  382  386  390  390  390  391  390  387  385  381  376  368  359
  350  340  330  321  311  302  294  285  277
    70.0-180.0 180.0   5.0 450.0                            LAT/LON1/LON2/DLON/H
  291  282  271  264  256  248  242  239  236  234  234  234  238  241  245  255
  265  272  280  282  287  285  279  269  260  246  233  225  218  216  216  221
  230  240  254  269  282  294  306  319  326  333  340  345  353  361  367  373
  379  385  392  397  399  400  401  399  399  399  397  395  392  386  379  371
  363  353  344  335  326  317  307  299  291
    67.5-180.0 180.0   5.0 450.0                            LAT/LON1/LON2/DLON/H
  305  296  285  275  265  255  247  240  235  230  227  225  226  227  233  239
  248  256  264  269  274  269  263  253  245  232  221  214  208  209  215  226
  238  252  267  283  300  313  325  334  341  347  353  358  366  373  381  387
  394  399  403  406  406  405  403  402  400  399  397  396  394  389  383  377
  369  362  354  346  338  329  321  314  305
    65.0-180.0 180.0   5.0 450.0                            LAT/LON1/LON2/DLON/H
  317  308  298  286  275  264  253  244  235  227  223  219  217  218  219  225
  231  240  248  254  257  253  245  236  228  216  205  201  202  205  217  232
  250  268  284  300  316  329  340  347  353  358  364  369  377  384  392  399
  404  409  410  410  407  404  399  396  394  392  390  389  388  384  380  375
  369  364  358  351  345  338  332  325  317
    62.5-180.0 180.0   5.0 450.0                            LAT/LON1/LON2/DLON/H
  324  316  307  295  283  272  260  249  239  229  222  216  213  210  210  211
  215  224  231  236  239  236  225  219  208  198  192  190  197  207  222  241
  262  281  298  315  330  341  350  357  363  367  373  380  387  396  405  409
  415  417  415  412  407  401  394  389  384  382  379  379  377  375  372  368
  365  361  356  351  346  342  337  332  324
    60.0-180.0 180.0   5.0 450.0                            LAT/LON1/LON2/DLON/H
  327  320  311  300  289  277  267  254  242  231  222  213  209  206  203  201
  204  209  214  219  221  217  208  200  191  185  184  186  196  211  230  251
  271  291  309  326  340  351  360  368  373  380  385  392  402  409  416  421
  423  424  423  417  410  402  393  386  380  376  372  371  369  368  365  363
  359  356  351  348  344  341  337  333  327
    57.5-180.0 180.0   5.0 450.0                            LAT/LON1/LON2/DLON/H
  329  322  315  305  294  283  272  260  247  235  225  213  207  202  198  195
  195  197  200  205  205  202  194  187  181  178  181  188  199  216  235  259
  277  297  316  334  348  361  370  378  385  392  399  408  414  422  428  432
  434  435  433  426  418  408  399  391  384  378  372  370  369  369  368  364
  357  352  348  344  341  339  336  333  329
    55.0-180.0 180.0   5.0 450.0                            LAT/LON1/LON2/DLON/H
  332  326  321  313  303  290  279  264  251  239  229  217  208  200  195  191
  188  188  190  193  194  192  186  181  177  176  182  193  206  222  241  264
  283  303  322  339  354  368  380  389  399  406  415  423  430  438  441  445
  446  449  448  443  433  424  415  407  400  393  385  383  382  381  376  368
  361  354  350  346  342  341  338  336  332
    52.5-180.0 180.0   5.0 450.0                            LAT/LON1/LON2/DLON/H
  338  336  333  329  317  304  289  271  257  244  230  218  209  200  193  188
  184  184  185  186  188  188  185  182  180  182  190  202  215  230  247  269
  288  307  326  344  360  375  388  399  410  421  432  442  449  457  462  464
  466  468  468  466  458  449  442  433  425  419  412  407  403  398  389  380
  371  365  360  356  352  348  346  343  338
    50.0-180.0 180.0   5.0 450.0                            LAT/LON1/LON2/DLON/H
  354  352  352  349  340  325  308  287  268  251  233  218  207  199  194  189
  185  183  184  187  190  191  190  189  191  196  205  216  228  241  254  271
  289  309  328  347  364  381  395  409  422  435  448  459  469  478  482  487
  491  493  494  496  492  487  478  467  457  449  442  436  427  418  408  397
  388  383  379  374  370  365  361  356  354
    47.5-180.0 180.0   5.0 450.0                            LAT/LON1/LON2/DLON/H
  373  374  375  374  366  350  331  308  285  261  237  220  207  199  194  191
  188  187  189  193  198  202  203  204  208  214  222  233  242  250  260  273
  289  308  329  350  368  385  400  415  431  447  463  477  490  499  506  514
  519  523  525  530  530  526  515  504  492  481  473  466  456  444  432  421
  411  407  406  401  396  390  383  376  373
    45.0-180.0 180.0   5.0 450.0                            LAT/LON1/LON2/DLON/H
  396  396  397  396  391  377  357  331  304  274  247  226  210  201  197  195
  194  193  196  203  211  216  220  223  228  235  242  250  257  261  264  272
  287  307  330  351  370  387  403  419  438  457  477  493  510  523  532  541
  546  554  559  565  566  563  551  541  528  515  504  497  486  473  458  448
  439  437  437  434  429  417  409  400  396
    42.5-180.0 180.0   5.0 450.0                            LAT/LON1/LON2/DLON/H
  419  416  415  413  406  395  376  349  321  289  258  234  216  206  203  201
  201  202  206  215  226  233  239  243  249  257  265  271  271  270  268  274
  287  307  331  352  371  387  404  421  442  463  485  507  526  543  556  565
  575  585  591  596  600  597  586  574  561  547  535  526  514  501  486  475
  467  467  468  468  462  449  436  426  419
    40.0-180.0 180.0   5.0 450.0                            LAT/LON1/LON2/DLON/H
  439  432  425  420  413  403  385  360  333  304  271  244  224  214  210  210
  211  212  217  230  243  252  260  266  271  283  289  292  288  280  276  279
  291  308  331  352  370  384  401  420  440  465  491  516  538  558  573  587
  599  612  621  628  631  630  618  606  593  579  567  558  545  532  516  503
  495  495  498  497  493  479  464  451  439
    37.5-180.0 180.0   5.0 450.0                            LAT/LON1/LON2/DLON/H
  457  441  430  416  407  397  383  362  338  312  281  254  234  224  221  220
  222  227  234  248  263  273  282  290  296  309  314  314  308  295  287  286
  295  311  332  351  367  382  398  416  438  463  491  518  542  563  584  603
  618  632  643  653  659  661  652  642  629  616  606  599  585  570  552  534
  524  523  527  527  523  508  491  474  457
    35.0-180.0 180.0   5.0 450.0                            LAT/LON1/LON2/DLON/H
  476  452  432  410  392  382  370  354  334  315  289  265  248  238  234  234
  237  242  250  269  285  297  308  318  324  337  339  338  330  315  302  296
  301  315  333  350  364  379  394  412  433  458  483  510  536  562  587  610
  629  644  660  674  685  692  690  685  674  664  657  652  637  618  597  573
  561  554  558  557  548  535  521  499  476
    32.5-180.0 180.0   5.0 450.0                            LAT/LON1/LON2/DLON/H
  500  470  440  408  381  364  353  339  324  311  297  278  264  255  249  251
  255  261  271  291  310  323  338  350  356  368  370  366  354  335  322  310
  310  318  331  345  359  374  389  405  424  446  472  497  525  556  583  609
  631  652  672  693  713  727  735  739  736  731  726  723  704  679  650  621
  601  590  591  589  578  566  552  528  500
    30.0-180.0 180.0   5.0 450.0                            LAT/LON1/LON2/DLON/H
  535  499  459  419  383  359  342  328  317  311  305  294  283  274  268  270
  275  284  295  313  333  352  373  389  394  405  403  394  377  356  341  327
  318  318  325  335  351  368  383  399  416  434  457  483  512  545  573  601
  628  655  681  711  741  769  790  804  811  813  812  807  785  754  715  678
  647  631  630  624  617  602  587  566  535
    27.5-180.0 180.0   5.0 450.0                            LAT/LON1/LON2/DLON/H
  587  543  497  448  410  382  358  338  326  321  320  310  303  297  289  290
  293  301  313  337  357  382  408  427  433  441  433  417  396  373  356  333
  316  308  311  321  339  357  375  393  409  426  446  472  504  533  561  593
  626  657  690  730  772  808  845  874  891  900  900  897  873  838  790  745
  702  682  677  668  662  647  636  621  587
    25.0-180.0 180.0   5.0 450.0                            LAT/LON1/LON2/DLON/H
  655  609  550  504  466  439  412  381  362  349  347  340  331  324  314  312
  312  319  330  363  384  412  436  454  464  468  451  426  403  380  354  327
  301  287  288  301  325  348  369  388  405  422  443  470  499  528  555  589
  624  660  699  748  800  844  895  933  960  977  981  978  961  921  867  814
  763  737  728  717  715  702  695  685  655
    22.5-180.0 180.0   5.0 450.0                            LAT/LON1/LON2/DLON/H
  731  691  629  584  553  533  501  464  428  403  389  380  366  355  344  338
  333  338  349  382  405  433  456  470  479  475  450  421  394  364  335  305
  277  261  260  278  308  337  361  383  402  422  447  473  504  530  557  592
  625  664  709  756  812  868  923  964  998 1019 1030 1026 1012  980  928  875
  824  795  779  772  763  759  757  752  731
    20.0-180.0 180.0   5.0 450.0                            LAT/LON1/LON2/DLON/H
  797  769  713  666  648  650  625  581  522  475  449  432  410  394  378  369
  357  363  371  392  417  448  468  475  475  462  434  400  365  334  304  276
  246  228  231  254  289  324  351  376  402  427  455  483  511  536  567  601
  632  671  717  764  815  867  915  954  989 1011 1026 1026 1020 1000  961  916
  873  845  825  815  807  806  807  808  797
    17.5-180.0 180.0   5.0 450.0                            LAT/LON1/LON2/DLON/H
  837  811  767  727  725  755  760  718  637  564  523  492  465  442  421  402
  384  381  384  400  423  454  468  468  459  437  402  359  323  294  267  242
  215  199  204  231  272  310  342  374  406  435  466  495  523  551  586  617
  648  682  723  765  805  844  880  910  940  965  982  993 1000  993  970  936
  906  879  860  850  845  845  841  840  837
    15.0-180.0 180.0   5.0 450.0                            LAT/LON1/LON2/DLON/H
  841  818  773  746  761  822  861  837  750  655  598  558  522  496  471  442
  413  397  394  403  421  445  451  447  431  397  355  311  277  246  226  208
  186  171  180  211  255  297  336  374  413  447  479  509  539  571  609  638
  668  700  733  765  791  817  840  859  882  907  927  947  964  971  966  949
  927  906  890  880  874  869  860  853  841
    12.5-180.0 180.0   5.0 450.0                            LAT/LON1/LON2/DLON/H
  827  787  738  717  744  818  887  887  818  725  658  618  589  556  527  491
  452  421  410  407  416  428  424  414  389  350  305  261  226  202  190  173
  159  148  160  196  241  286  331  375  418  456  488  519  549  585  623  660
  692  721  747  769  784  798  808  818  832  853  877  905  929  947  957  951
  939  922  908  903  896  886  871  854  827
    10.0-180.0 180.0   5.0 450.0                            LAT/LON1/LON2/DLON/H
  808  744  674  633  660  739  824  859  815  748  692  664  646  618  587  543
  498  455  436  417  414  412  400  378  345  305  260  216  184  169  161  149
  139  133  148  185  230  276  324  372  417  457  490  522  555  591  633  674
  710  741  765  779  788  795  797  801  808  822  845  877  910  933  946  948
  939  927  914  912  908  897  877  851  808
     7.5-180.0 180.0   5.0 450.0                            LAT/LON1/LON2/DLON/H
  789  704  606  537  536  603  691  751  744  713  683  673  676  668  639  589
  539  485  460  432  416  403  379  346  307  264  220  181  155  145  140  132
  125  125  141  175  219  266  313  363  412  450  484  516  549  588  634  681
  720  757  782  797  807  814  814  814  816  823  843  876  912  932  941  940
  932  921  907  904  900  890  873  840  789
     5.0-180.0 180.0   5.0 450.0                            LAT/LON1/LON2/DLON/H
  779  676  554  446  407  448  528  601  626  627  627  639  663  679  665  619
  568  513  485  446  422  395  359  321  279  234  191  158  138  130  128  125
  120  123  139  168  208  255  304  353  399  435  466  498  533  573  624  673
  721  766  799  823  841  854  856  856  853  855  871  900  929  943  943  932
  915  899  888  881  879  871  858  831  779
     2.5-180.0 180.0   5.0 450.0                            LAT/LON1/LON2/DLON/H
  786  682  536  397  311  312  375  442  490  515  536  567  607  639  648  621
  577  528  499  454  422  387  346  303  260  213  172  144  130  125  124  123
  119  123  137  161  199  245  293  338  381  412  439  469  504  547  598  650
  708  765  811  850  881  900  911  914  913  912  921  940  954  957  946  919
  889  870  860  850  847  843  841  828  786
