DORISInput/IGSGIM/2024/IGS0OPSFIN_20241550000_01D_02H_GIM.INX
     1.0            IONOSPHERE MAPS     MIX                 IONEX VERSION / TYPE
cmpcmb v1.2          GRL/UWM            24-jun-24 15:58     PGM / RUN BY / DATE 
ionex file containing IGS COMBINED Ionosphere maps          COMMENT             
global ionosphere maps for day 155, 2024                    DESCRIPTION         
IONEX file containing the COMBINED IGS TEC MAPS and DCBs    DESCRIPTION         
      IONEX files of the following IAACs were combined: cod DESCRIPTION         
                                                        jpl DESCRIPTION         
                                                        upc DESCRIPTION         
Contact address: Andrzej Krankowski                         DESCRIPTION
                 Geodynamics Research Laboratory            DESCRIPTION
                 University of Warmia and Mazury (GRL/UWM)  DESCRIPTION
                 Oczapowski St. 1                           DESCRIPTION
                 10-957-Olsztyn, POLAND                     DESCRIPTION
                 e-mail:  kand@uwm.edu.pl                   DESCRIPTION
                                                            DESCRIPTION         
  2024     6     3     0     0     0                        EPOCH OF FIRST MAP  
  2024     6     4     0     0     0                        EPOCH OF LAST MAP   
  7200                                                      INTERVAL            
    13                                                      # OF MAPS IN FILE   
  COSZ                                                      MAPPING FUNCTION    
     0.0                                                    ELEVATION CUTOFF    
combined TEC calculated as weighted mean of input TEC valuesOBSERVABLES USED    
   335                                                      # OF STATIONS       
    32                                                      # OF SATELLITES     
  6371.0                                                    BASE RADIUS         
     2                                                      MAP DIMENSION       
   450.0 450.0   0.0                                        HGT1 / HGT2 / DHGT  
    87.5 -87.5  -2.5                                        LAT1 / LAT2 / DLAT  
  -180.0 180.0   5.0                                        LON1 / LON2 / DLON  
    -1                                                      EXPONENT            
TEC values in 0.1 tec units;  9999, if no value available   COMMENT             
DCB values in nanoseconds, reference is Sum_of_SatDCBs = 0  COMMENT             
                                                            END OF HEADER       
     1                                                      START OF TEC MAP    
  2024     6     3     0     0     0                        EPOCH OF CURRENT MAP
    87.5-180.0 180.0   5.0 450.0                            LAT/LON1/LON2/DLON/H
  251  252  252  253  253  253  254  254  254  255  255  255  255  255  255  255
  255  254  253  253  252  250  249  248  247  247  245  244  243  242  241  240
  240  239  237  237  237  236  235  235  235  235  235  235  235  235  235  236
  236  237  237  238  239  239  240  241  242  242  243  244  244  245  246  246
  247  248  248  249  249  250  250  251  251
    85.0-180.0 180.0   5.0 450.0                            LAT/LON1/LON2/DLON/H
  258  258  258  259  259  260  261  262  263  265  266  266  267  268  267  265
  264  263  262  263  261  259  256  254  252  250  248  245  243  240  238  236
  234  232  231  229  228  227  227  226  225  225  225  226  227  228  229  230
  232  233  235  236  238  239  241  243  245  246  247  249  250  251  252  253
  253  254  255  256  257  256  257  257  258
    82.5-180.0 180.0   5.0 450.0                            LAT/LON1/LON2/DLON/H
  262  262  262  263  264  266  267  269  271  273  276  277  279  280  281  281
  280  279  276  275  268  266  262  260  258  255  252  248  244  240  236  232
  229  226  224  224  222  221  221  221  221  221  220  221  223  224  226  229
  231  234  236  239  241  244  247  249  252  254  257  259  260  262  262  263
  264  264  264  264  264  264  265  263  262
    80.0-180.0 180.0   5.0 450.0                            LAT/LON1/LON2/DLON/H
  268  266  268  268  270  271  273  274  276  280  283  285  286  287  287  286
  286  283  281  279  276  273  266  266  261  255  249  245  241  237  232  229
  225  222  219  216  214  214  214  216  217  218  219  220  221  223  226  230
  233  237  241  245  249  252  255  258  262  265  269  271  273  275  276  276
  276  276  275  274  274  273  271  269  268
    77.5-180.0 180.0   5.0 450.0                            LAT/LON1/LON2/DLON/H
  272  272  272  274  275  276  278  279  283  285  287  289  292  293  295  293
  289  286  282  280  281  274  268  261  256  252  246  241  237  235  230  226
  222  220  218  216  215  214  214  215  216  217  219  221  223  226  229  233
  238  244  248  254  258  261  265  269  273  277  281  284  286  288  289  289
  289  288  288  286  284  281  277  274  272
    75.0-180.0 180.0   5.0 450.0                            LAT/LON1/LON2/DLON/H
  277  277  276  277  278  280  283  287  290  291  295  297  297  295  294  293
  288  283  281  277  273  267  261  256  251  245  241  235  233  230  227  226
  225  221  220  220  219  219  219  219  220  222  223  225  228  231  235  239
  244  250  257  261  266  271  275  279  283  287  291  295  298  300  302  302
  302  300  299  296  292  287  283  279  277
    72.5-180.0 180.0   5.0 450.0                            LAT/LON1/LON2/DLON/H
  283  279  278  278  279  282  286  292  296  300  301  301  300  296  295  291
  284  278  274  269  264  257  254  251  245  240  233  232  227  225  224  225
  225  224  224  225  225  226  227  227  228  229  231  233  236  240  243  246
  250  256  262  268  273  277  282  286  291  295  299  303  306  309  310  311
  311  309  307  304  299  295  291  286  283
    70.0-180.0 180.0   5.0 450.0                            LAT/LON1/LON2/DLON/H
  288  283  279  277  278  281  286  292  299  304  308  307  302  299  295  287
  279  274  268  263  258  252  248  245  242  236  231  227  226  223  224  225
  226  229  230  231  232  232  233  234  235  237  239  241  243  246  249  251
  255  260  266  272  277  282  287  292  296  300  303  307  310  312  315  316
  316  315  313  310  307  303  298  293  288
    67.5-180.0 180.0   5.0 450.0                            LAT/LON1/LON2/DLON/H
  293  287  281  277  275  277  283  290  297  305  311  310  309  304  296  288
  281  274  268  263  258  253  249  244  243  239  235  229  228  227  228  230
  231  234  236  237  238  238  238  238  239  240  242  243  245  247  250  253
  257  263  269  275  281  285  290  295  298  302  304  307  310  312  314  316
  316  316  315  313  311  308  304  299  293
    65.0-180.0 180.0   5.0 450.0                            LAT/LON1/LON2/DLON/H
  300  293  285  277  274  274  277  284  293  301  310  314  314  310  302  296
  289  280  274  268  265  260  257  253  249  247  242  239  237  237  237  239
  240  242  243  243  243  242  242  241  239  240  241  243  245  247  249  251
  256  262  269  275  281  286  292  296  300  303  305  307  308  310  311  312
  314  314  313  314  314  314  310  307  300
    62.5-180.0 180.0   5.0 450.0                            LAT/LON1/LON2/DLON/H
  306  298  290  281  275  272  275  281  288  298  307  313  316  315  312  307
  301  291  285  279  277  275  272  269  264  262  256  253  250  251  253  253
  254  253  251  249  248  245  243  241  238  237  238  238  240  242  244  248
  251  258  265  273  280  287  293  298  301  303  304  305  305  306  306  308
  309  311  311  313  316  317  316  312  306
    60.0-180.0 180.0   5.0 450.0                            LAT/LON1/LON2/DLON/H
  313  304  295  286  277  272  273  277  284  292  299  307  313  316  317  317
  315  307  304  297  297  295  293  291  288  285  280  276  272  272  269  270
  263  261  257  253  250  246  242  237  234  232  231  230  231  231  234  239
  244  252  261  271  280  289  295  300  303  305  306  305  304  303  303  304
  305  307  310  314  319  322  322  319  313
    57.5-180.0 180.0   5.0 450.0                            LAT/LON1/LON2/DLON/H
  323  316  306  297  285  277  275  276  280  286  294  302  309  315  319  323
  325  323  323  322  322  324  321  319  316  314  308  302  296  291  286  281
  272  265  259  253  249  243  237  232  228  226  223  220  219  219  222  228
  235  246  257  267  279  290  299  304  308  310  310  309  307  305  303  303
  304  306  310  315  322  325  327  325  323
    55.0-180.0 180.0   5.0 450.0                            LAT/LON1/LON2/DLON/H
  335  332  324  314  303  291  284  283  283  285  291  298  305  313  319  324
  330  333  337  342  346  350  350  350  347  342  335  327  315  307  298  289
  280  268  260  251  246  238  231  226  223  220  217  214  211  210  213  218
  226  239  252  266  280  292  303  311  316  319  319  317  314  310  307  305
  305  307  311  318  324  328  331  333  335
    52.5-180.0 180.0   5.0 450.0                            LAT/LON1/LON2/DLON/H
  349  352  347  338  328  315  304  298  294  291  292  297  304  311  318  325
  331  337  345  354  361  368  371  373  370  364  356  343  330  318  307  295
  283  271  259  249  242  234  228  224  221  218  215  211  208  205  207  212
  221  234  250  266  281  295  310  320  327  331  332  329  324  320  315  313
  313  314  317  322  326  333  337  344  349
    50.0-180.0 180.0   5.0 450.0                            LAT/LON1/LON2/DLON/H
  368  376  374  371  361  347  334  322  313  306  301  301  305  312  318  325
  332  339  350  361  371  380  386  388  386  381  371  358  343  328  312  298
  285  272  260  248  241  234  228  225  223  221  218  214  209  206  206  211
  220  233  250  267  283  301  319  331  340  346  346  343  338  333  329  328
  328  329  331  333  337  343  351  359  368
    47.5-180.0 180.0   5.0 450.0                            LAT/LON1/LON2/DLON/H
  391  402  405  403  396  386  370  354  340  329  319  314  315  317  320  325
  331  341  352  367  379  390  397  401  400  394  384  368  353  335  317  300
  287  274  263  252  245  240  235  231  230  228  225  220  214  210  209  213
  222  236  253  271  288  309  328  342  354  361  362  359  353  350  347  350
  352  352  354  354  358  364  374  381  391
    45.0-180.0 180.0   5.0 450.0                            LAT/LON1/LON2/DLON/H
  420  430  435  439  434  425  407  390  371  358  344  334  330  327  327  329
  333  342  355  373  387  400  407  412  410  403  389  372  356  339  319  303
  289  279  269  262  257  252  247  244  241  239  235  229  224  218  216  219
  227  242  259  277  296  318  336  355  368  376  379  376  369  368  370  375
  376  378  381  381  383  390  400  410  420
    42.5-180.0 180.0   5.0 450.0                            LAT/LON1/LON2/DLON/H
  448  457  465  469  470  460  445  427  410  392  374  360  351  345  340  337
  339  347  361  381  397  410  417  420  417  408  393  373  356  340  320  305
  296  288  282  277  275  272  266  262  258  253  248  241  236  231  228  230
  237  250  266  285  306  328  347  367  380  386  389  389  385  385  392  399
  402  404  408  409  412  418  430  438  448
    40.0-180.0 180.0   5.0 450.0                            LAT/LON1/LON2/DLON/H
  477  485  490  494  493  487  476  464  449  429  412  395  382  371  359  352
  351  357  372  391  410  422  427  427  422  411  398  378  358  340  322  310
  305  302  301  301  301  299  294  286  277  270  263  256  250  246  243  244
  250  260  273  293  314  335  355  376  389  393  396  398  399  403  410  419
  426  429  433  435  440  450  460  469  477
    37.5-180.0 180.0   5.0 450.0                            LAT/LON1/LON2/DLON/H
  506  513  513  513  512  509  505  497  489  473  458  438  420  404  387  374
  368  372  385  405  424  434  437  436  428  416  402  383  362  343  327  320
  318  321  324  327  330  328  322  310  297  287  279  272  268  264  260  259
  262  268  279  297  316  336  357  378  391  398  402  405  409  415  423  433
  443  449  455  460  469  480  491  500  506
    35.0-180.0 180.0   5.0 450.0                            LAT/LON1/LON2/DLON/H
  538  538  537  533  529  527  526  525  526  523  507  488  468  449  426  406
  393  393  402  419  437  446  447  444  436  424  408  389  369  351  336  332
  333  340  347  353  357  353  345  331  316  304  294  289  287  284  277  273
  272  274  282  295  312  332  352  372  388  399  404  409  413  420  428  440
  453  464  474  483  497  509  522  532  538
    32.5-180.0 180.0   5.0 450.0                            LAT/LON1/LON2/DLON/H
  572  569  564  555  545  543  542  549  558  566  555  541  521  501  475  448
  427  419  422  434  449  456  455  452  445  433  418  399  376  359  346  344
  347  355  364  371  374  368  356  341  328  317  310  309  307  302  293  285
  279  277  280  287  304  324  344  363  381  394  400  405  410  417  427  441
  458  473  489  504  518  535  552  565  572
    30.0-180.0 180.0   5.0 450.0                            LAT/LON1/LON2/DLON/H
  607  603  596  582  568  561  560  573  590  603  604  592  574  554  524  492
  467  450  444  449  461  465  460  458  451  439  423  406  382  362  353  349
  354  360  365  370  372  363  352  339  331  326  325  325  321  314  304  293
  282  275  273  278  291  313  333  352  369  382  389  394  400  409  422  438
  458  476  496  515  535  558  581  599  607
    27.5-180.0 180.0   5.0 450.0                            LAT/LON1/LON2/DLON/H
  640  639  630  615  597  588  590  601  618  638  645  638  624  604  573  537
  509  485  471  471  477  475  466  461  451  436  421  407  382  359  349  346
  349  349  345  349  348  343  334  329  327  330  332  332  327  319  308  294
  279  270  265  266  278  298  318  336  351  364  374  380  386  395  408  427
  450  472  494  519  544  573  603  626  640
    25.0-180.0 180.0   5.0 450.0                            LAT/LON1/LON2/DLON/H
  665  668  666  652  633  622  623  633  647  670  680  679  672  649  620  585
  547  519  500  495  493  484  471  458  445  429  416  400  374  350  338  332
  327  322  311  314  311  315  310  312  318  325  329  330  325  317  305  289
  274  261  254  252  262  281  299  315  331  346  358  367  373  380  394  417
  444  468  492  520  550  582  614  644  665
    22.5-180.0 180.0   5.0 450.0                            LAT/LON1/LON2/DLON/H
  682  698  700  693  677  663  664  671  683  701  710  712  709  696  667  634
  587  552  529  516  506  491  472  455  440  425  410  388  357  331  317  307
  293  280  264  267  262  278  277  286  301  311  316  320  316  306  293  279
  265  251  239  234  241  256  273  292  312  330  345  356  364  372  387  411
  441  467  492  520  553  586  620  654  682
    20.0-180.0 180.0   5.0 450.0                            LAT/LON1/LON2/DLON/H
  694  720  736  739  728  716  708  714  723  733  737  741  740  732  706  672
  625  581  554  536  516  495  472  450  433  415  394  364  332  300  283  270
  249  230  217  215  210  227  227  247  271  286  292  301  294  283  272  266
  254  236  221  213  215  229  249  272  297  319  337  351  362  374  390  415
  443  472  498  527  558  591  625  660  694
    17.5-180.0 180.0   5.0 450.0                            LAT/LON1/LON2/DLON/H
  700  735  763  777  773  764  758  760  761  763  763  764  763  757  733  699
  655  607  575  546  518  492  467  441  419  392  365  327  293  264  238  221
  199  185  175  166  162  172  180  210  233  247  255  267  266  254  247  243
  235  218  201  189  189  205  231  262  291  317  340  355  368  383  403  429
  455  483  508  536  565  597  629  666  700
    15.0-180.0 180.0   5.0 450.0                            LAT/LON1/LON2/DLON/H
  702  739  776  800  803  802  800  800  796  790  785  783  781  772  747  714
  672  623  588  552  514  481  454  422  392  359  326  285  252  225  200  181
  164  156  145  135  133  139  157  184  207  218  222  229  230  224  223  224
  217  202  184  168  168  186  221  257  292  323  350  367  383  400  423  450
  477  502  525  551  578  606  635  668  702
    12.5-180.0 180.0   5.0 450.0                            LAT/LON1/LON2/DLON/H
  700  738  776  803  810  814  821  821  817  809  802  797  792  778  752  720
  677  630  594  556  511  467  431  394  355  318  282  243  213  187  165  155
  149  145  137  128  128  139  161  184  198  199  195  197  199  201  208  210
  203  187  167  151  152  172  211  252  290  328  359  380  399  419  443  470
  500  525  546  572  597  621  644  671  700
    10.0-180.0 180.0   5.0 450.0                            LAT/LON1/LON2/DLON/H
  698  731  766  792  800  806  818  819  817  812  806  800  793  774  746  716
  677  638  601  559  505  448  402  360  315  276  240  206  180  158  146  144
  150  154  148  146  148  168  193  210  212  197  183  177  180  188  199  199
  189  172  151  135  136  160  202  248  290  330  363  390  415  439  463  489
  519  547  570  594  617  637  653  673  698
     7.5-180.0 180.0   5.0 450.0                            LAT/LON1/LON2/DLON/H
  698  724  752  773  779  782  790  799  798  797  794  790  781  761  732  707
  677  644  606  556  493  424  369  323  279  238  206  180  160  149  145  153
  169  178  179  185  191  221  244  256  243  208  182  172  175  183  193  191
  179  160  137  123  125  150  192  239  287  330  366  396  427  458  482  506
  535  565  592  615  637  655  668  681  698
     5.0-180.0 180.0   5.0 450.0                            LAT/LON1/LON2/DLON/H
  707  725  745  759  761  760  761  767  768  770  771  769  761  740  715  692
  670  643  602  546  474  398  338  291  247  210  185  167  158  157  161  178
  202  215  228  241  250  276  295  299  266  223  188  172  174  183  190  186
  173  152  129  114  116  139  180  232  280  326  364  401  434  469  495  521
  549  581  609  634  657  675  687  696  707
     2.5-180.0 180.0   5.0 450.0                            LAT/LON1/LON2/DLON/H
  729  739  749  755  752  746  741  739  737  739  741  739  731  712  690  672
  654  630  590  529  452  373  311  264  226  196  182  176  175  182  195  218
  243  261  286  295  305  319  333  325  282  234  196  174  172  177  183  181
  169  146  124  108  109  131  171  222  269  312  355  397  435  471  501  527
  556  590  621  650  675  695  709  721  729
