DORISInput/IGSGIM/2024/IGS0OPSFIN_20241570000_01D_02H_GIM.INX
     1.0            IONOSPHERE MAPS     MIX                 IONEX VERSION / TYPE
cmpcmb v1.2          GRL/UWM            24-jun-24 16:08     PGM / RUN BY / DATE 
ionex file containing IGS COMBINED Ionosphere maps          COMMENT             
global ionosphere maps for day 157, 2024                    DESCRIPTION         
IONEX file containing the COMBINED IGS TEC MAPS and DCBs    DESCRIPTION         
      IONEX files of the following IAACs were combined: cod DESCRIPTION         
                                                        jpl DESCRIPTION         
                                                        upc DESCRIPTION         
Contact address: Andrzej Krankowski                         DESCRIPTION
                 Geodynamics Research Laboratory            DESCRIPTION
                 University of Warmia and Mazury (GRL/UWM)  DESCRIPTION
                 Oczapowski St. 1                           DESCRIPTION
                 10-957-Olsztyn, POLAND                     DESCRIPTION
                 e-mail:  kand@uwm.edu.pl                   DESCRIPTION
                                                            DESCRIPTION         
  2024     6     5     0     0     0                        EPOCH OF FIRST MAP  
  2024     6     6     0     0     0                        EPOCH OF LAST MAP   
  7200                                                      INTERVAL            
    13                                                      # OF MAPS IN FILE   
  COSZ                                                      MAPPING FUNCTION    
     0.0                                                    ELEVATION CUTOFF    
combined TEC calculated as weighted mean of input TEC valuesOBSERVABLES USED    
   336                                                      # OF STATIONS       
    32                                                      # OF SATELLITES     
  6371.0                                                    BASE RADIUS         
     2                                                      MAP DIMENSION       
   450.0 450.0   0.0                                        HGT1 / HGT2 / DHGT  
    87.5 -87.5  -2.5                                        LAT1 / LAT2 / DLAT  
  -180.0 180.0   5.0                                        LON1 / LON2 / DLON  
    -1                                                      EXPONENT            
TEC values in 0.1 tec units;  9999, if no value available   COMMENT             
DCB values in nanoseconds, reference is Sum_of_SatDCBs = 0  COMMENT             
                                                            END OF HEADER       
[from data line 1716]
     5                                                      START OF TEC MAP    
  2024     6     5     8     0     0                        EPOCH OF CURRENT MAP
    87.5-180.0 180.0   5.0 450.0                            LAT/LON1/LON2/DLON/H
  229  230  231  231  232  232  233  235  236  237  238  239  240  241  241  242
  243  244  244  244  245  245  246  246  246  246  246  245  244  244  243  242
  241  240  239  238  237  236  236  235  235  234  233  233  233  232  232  232
  231  231  230  230  230  230  229  229  228  228  228  227  227  227  226  226
  227  226  227  227  227  228  228  228  229
    85.0-180.0 180.0   5.0 450.0                            LAT/LON1/LON2/DLON/H
  223  223  224  225  226  228  230  232  235  238  241  244  246  249  252  254
  256  258  259  260  260  261  262  261  260  258  255  254  251  249  248  246
  245  244  243  242  241  240  240  241  240  241  243  244  244  243  242  244
  242  240  239  239  238  238  236  235  233  231  230  229  227  226  225  224
  223  222  222  221  221  221  222  222  223
    82.5-180.0 180.0   5.0 450.0                            LAT/LON1/LON2/DLON/H
  216  216  217  220  222  226  229  233  237  241  246  250  254  258  262  265
  269  271  273  274  272  273  275  271  267  265  262  256  253  249  247  245
  243  242  241  240  240  242  242  244  247  249  252  256  259  262  263  264
  265  263  261  260  258  257  256  252  248  244  241  238  236  232  229  227
  224  222  219  218  218  216  215  216  216
    80.0-180.0 180.0   5.0 450.0                            LAT/LON1/LON2/DLON/H
  216  216  217  218  220  223  226  231  235  240  246  250  256  260  266  270
  275  278  280  281  280  279  281  271  266  262  260  255  252  248  245  242
  239  238  238  239  243  247  251  257  262  268  272  278  282  285  290  290
  292  293  291  288  286  285  285  281  273  267  262  257  253  248  243  239
  234  230  226  223  221  218  217  216  216
    77.5-180.0 180.0   5.0 450.0                            LAT/LON1/LON2/DLON/H
  222  220  219  218  218  220  222  225  229  233  240  244  251  257  262  269
  275  280  281  281  282  281  275  273  270  264  256  253  248  242  240  239
  237  238  241  244  250  257  264  272  280  290  297  303  310  314  319  323
  325  327  327  325  323  320  320  318  310  300  292  285  278  272  265  259
  252  247  242  238  234  230  227  224  222
    75.0-180.0 180.0   5.0 450.0                            LAT/LON1/LON2/DLON/H
  233  228  224  220  218  217  217  220  222  225  230  237  243  250  256  262
  266  272  275  277  277  277  269  266  259  252  243  238  233  231  231  232
  235  241  248  256  264  273  285  294  305  316  322  330  335  342  347  353
  356  358  359  359  357  355  352  349  343  334  322  314  307  299  292  284
  277  271  265  260  255  249  243  238  233
    72.5-180.0 180.0   5.0 450.0                            LAT/LON1/LON2/DLON/H
  249  241  233  227  222  218  216  215  214  215  220  227  232  239  246  251
  258  261  264  265  267  263  256  252  244  236  229  224  222  222  226  230
  238  246  257  269  282  294  305  318  331  341  349  355  360  366  373  378
  382  384  386  385  384  382  378  371  365  357  346  338  331  324  315  308
  302  296  290  284  277  271  263  256  249
    70.0-180.0 180.0   5.0 450.0                            LAT/LON1/LON2/DLON/H
  267  257  247  238  230  222  215  210  208  208  212  217  221  229  234  239
  243  246  248  249  249  243  237  232  225  220  216  214  215  220  228  239
  249  262  275  290  304  315  328  342  351  362  371  375  381  386  392  398
  402  404  404  403  402  397  391  384  376  368  358  352  345  337  332  326
  320  314  309  303  297  290  283  276  267
    67.5-180.0 180.0   5.0 450.0                            LAT/LON1/LON2/DLON/H
  283  273  261  249  237  226  216  211  206  204  206  209  212  218  223  227
  230  231  232  232  230  225  219  215  209  207  206  210  217  225  237  252
  265  281  297  309  324  336  348  359  367  376  385  390  395  401  408  412
  417  417  417  413  408  402  394  385  376  367  358  352  347  342  338  334
  330  325  321  317  312  307  300  292  283
    65.0-180.0 180.0   5.0 450.0                            LAT/LON1/LON2/DLON/H
  296  285  273  259  246  232  220  212  205  201  201  204  205  209  213  216
  217  218  217  216  214  210  206  203  201  202  205  214  224  238  253  268
  285  301  316  329  339  351  360  369  376  385  394  400  406  412  418  422
  425  425  422  416  408  399  388  379  367  356  347  342  338  334  332  329
  328  326  323  322  320  317  312  305  296
    62.5-180.0 180.0   5.0 450.0                            LAT/LON1/LON2/DLON/H
  305  294  282  267  252  238  225  214  205  199  196  196  198  201  202  205
  204  205  202  200  199  195  193  193  196  202  210  223  236  255  271  288
  305  319  331  343  351  359  366  374  381  390  399  406  412  419  425  428
  430  428  423  415  403  393  378  366  352  341  331  325  321  319  317  317
  316  316  317  317  319  319  316  313  305
    60.0-180.0 180.0   5.0 450.0                            LAT/LON1/LON2/DLON/H
  308  299  287  274  258  243  230  216  206  198  192  190  190  193  192  194
  193  193  189  186  184  181  181  186  193  205  219  235  252  271  289  307
  320  332  342  351  358  363  371  378  385  394  402  410  417  423  429  432
  432  429  424  413  400  387  371  354  338  326  316  311  306  303  301  301
  300  301  303  305  309  312  313  312  308
    57.5-180.0 180.0   5.0 450.0                            LAT/LON1/LON2/DLON/H
  307  301  291  279  265  249  234  221  209  198  190  185  184  182  183  183
  182  182  178  175  173  171  174  182  194  209  227  248  267  286  305  320
  332  341  349  357  363  369  374  381  389  397  405  414  420  428  434  436
  436  432  425  413  401  386  370  350  334  321  312  305  297  292  288  286
  284  284  287  291  296  302  306  308  307
    55.0-180.0 180.0   5.0 450.0                            LAT/LON1/LON2/DLON/H
  306  303  296  285  273  256  241  224  210  198  190  181  179  174  174  173
  173  173  170  166  163  164  170  179  193  213  235  257  278  297  315  329
  340  348  356  362  369  374  381  388  396  403  412  420  428  436  440  443
  441  437  430  421  408  394  379  361  345  331  321  311  298  289  282  277
  273  271  274  278  285  293  299  304  306
    52.5-180.0 180.0   5.0 450.0                            LAT/LON1/LON2/DLON/H
  308  308  302  295  283  266  249  231  214  200  188  178  174  168  166  165
  164  163  163  160  159  161  168  178  195  215  237  262  284  304  321  336
  346  355  364  371  377  384  391  398  405  413  422  430  438  444  449  451
  450  446  440  433  423  410  396  380  366  352  340  326  309  297  287  277
  269  266  268  273  279  288  296  303  308
    50.0-180.0 180.0   5.0 450.0                            LAT/LON1/LON2/DLON/H
  312  315  312  306  295  278  261  242  223  206  190  176  170  163  159  158
  158  157  158  158  158  161  168  178  195  217  239  266  287  309  326  341
  352  363  373  383  390  398  404  413  419  428  435  441  449  455  459  462
  462  459  456  451  444  433  420  405  391  376  361  346  327  312  298  283
  272  269  270  275  282  290  298  306  312
    47.5-180.0 180.0   5.0 450.0                            LAT/LON1/LON2/DLON/H
  317  320  320  317  307  292  275  255  234  214  196  179  170  160  155  153
  154  156  157  160  162  165  171  181  197  218  242  267  291  312  331  348
  361  373  386  396  406  413  421  427  435  442  448  455  462  468  472  477
  479  479  477  475  470  462  448  432  417  398  382  365  346  328  312  296
  284  280  280  285  291  297  303  310  317
    45.0-180.0 180.0   5.0 450.0                            LAT/LON1/LON2/DLON/H
  320  324  325  323  316  304  289  270  249  224  205  184  172  160  154  152
  154  158  162  166  169  172  177  185  200  220  245  271  296  319  338  356
  371  385  398  410  421  429  436  443  450  458  465  471  479  485  491  497
  500  504  503  503  498  491  476  460  441  420  400  382  362  344  327  314
  303  298  299  302  306  308  311  315  320
    42.5-180.0 180.0   5.0 450.0                            LAT/LON1/LON2/DLON/H
  321  323  324  323  318  309  298  282  261  236  214  194  180  165  157  156
  157  162  168  175  179  181  184  190  203  221  246  277  303  327  348  365
  379  393  408  420  432  440  449  457  465  474  481  490  498  506  514  524
  527  533  534  534  530  520  503  486  463  439  418  398  375  357  343  333
  326  322  323  325  324  321  320  319  321
    40.0-180.0 180.0   5.0 450.0                            LAT/LON1/LON2/DLON/H
  319  318  317  315  312  308  300  287  269  247  225  206  190  174  164  161
  163  169  177  185  191  191  193  197  208  225  251  284  313  336  357  372
  384  397  411  423  435  445  456  467  478  488  499  509  519  529  540  550
  558  568  570  571  564  551  532  513  489  462  439  419  394  376  363  355
  349  347  348  346  342  335  329  324  319
    37.5-180.0 180.0   5.0 450.0                            LAT/LON1/LON2/DLON/H
  319  311  305  301  299  296  292  284  272  255  235  215  200  186  174  171
  172  179  187  196  201  203  204  205  214  233  258  292  323  344  360  373
  383  394  406  418  431  444  459  473  488  502  515  527  540  550  565  579
  591  603  606  608  602  588  569  551  525  496  471  450  426  406  390  379
  373  371  372  366  361  349  339  328  319
    35.0-180.0 180.0   5.0 450.0                            LAT/LON1/LON2/DLON/H
  321  307  294  285  279  280  279  275  268  257  242  225  212  197  188  184
  184  190  198  208  213  214  215  216  224  243  269  301  330  348  359  367
  374  382  391  405  421  439  457  476  494  512  527  542  557  571  588  607
  625  637  645  649  644  632  616  600  576  549  522  501  473  450  427  411
  404  397  395  387  377  364  353  338  321
    32.5-180.0 180.0   5.0 450.0                            LAT/LON1/LON2/DLON/H
  333  311  291  274  265  263  264  262  260  254  245  231  220  207  201  197
  199  203  208  218  222  224  226  230  238  255  281  311  332  345  351  355
  358  364  374  388  408  431  453  476  497  517  536  553  571  586  607  632
  650  667  680  689  690  686  677  668  648  625  599  575  544  510  478  454
  436  422  415  407  396  384  370  354  333
    30.0-180.0 180.0   5.0 450.0                            LAT/LON1/LON2/DLON/H
  354  328  300  277  261  254  254  253  252  250  245  236  228  218  214  214
  214  215  219  225  229  234  238  244  253  269  293  316  330  336  338  338
  340  344  355  371  395  424  452  476  499  522  541  559  578  596  621  647
  670  691  710  727  740  750  755  753  739  720  698  671  633  586  540  502
  468  446  435  423  415  403  391  376  354
    27.5-180.0 180.0   5.0 450.0                            LAT/LON1/LON2/DLON/H
  385  357  325  295  275  263  257  253  251  251  248  241  237  233  230  229
  228  227  225  229  234  240  248  256  267  281  301  313  320  321  319  321
  323  328  341  361  389  422  453  480  504  525  544  561  580  600  627  658
  685  711  736  764  794  813  836  848  843  828  806  775  729  672  609  552
  502  473  456  440  429  421  415  406  385
    25.0-180.0 180.0   5.0 450.0                            LAT/LON1/LON2/DLON/H
  421  397  361  330  304  287  275  267  261  260  257  253  249  248  247  245
  241  236  232  233  237  245  256  267  279  289  300  303  303  299  298  303
  308  318  334  359  392  428  461  489  511  527  546  564  580  603  632  666
  697  726  756  795  838  873  912  937  943  926  903  872  824  761  680  600
  535  499  478  458  444  439  439  436  421
    22.5-180.0 180.0   5.0 450.0                            LAT/LON1/LON2/DLON/H
  454  438  408  377  350  328  309  295  284  279  274  270  266  263  265  261
  256  250  242  239  242  251  264  276  287  291  291  285  279  274  277  288
  300  317  339  366  405  440  474  500  516  528  549  569  584  606  638  673
  705  736  771  811  862  911  957  984  997  981  960  932  889  829  740  644
  568  526  501  483  459  454  460  462  454
    20.0-180.0 180.0   5.0 450.0                            LAT/LON1/LON2/DLON/H
  476  470  453  427  403  380  355  335  319  308  299  295  290  284  282  278
  272  265  253  246  247  259  271  280  285  283  275  263  253  250  259  277
  300  325  350  379  418  456  490  513  525  536  556  576  589  611  644  676
  708  740  774  814  860  909  945  967  981  973  957  935  900  851  772  682
  603  556  527  507  478  467  471  476  476
    17.5-180.0 180.0   5.0 450.0                            LAT/LON1/LON2/DLON/H
  476  481  480  469  453  432  404  380  360  346  336  325  317  306  300  295
  288  277  263  254  254  264  273  276  274  265  251  235  225  228  245  272
  303  333  362  398  438  476  509  530  540  550  569  584  596  619  651  679
  706  734  762  795  830  869  895  910  920  916  908  897  876  838  783  711
  642  594  557  530  499  478  471  472  476
    15.0-180.0 180.0   5.0 450.0                            LAT/LON1/LON2/DLON/H
  452  466  482  491  489  468  447  420  400  384  373  352  342  327  317  311
  302  288  273  262  260  264  265  263  255  240  223  206  198  205  232  268
  304  340  376  415  459  496  528  548  560  571  586  593  606  631  661  686
  706  728  747  766  789  816  830  837  841  840  838  839  831  813  779  726
  672  630  591  557  519  486  463  452  452
    12.5-180.0 180.0   5.0 450.0                            LAT/LON1/LON2/DLON/H
  412  425  452  486  502  491  472  448  430  417  400  380  366  343  333  325
  314  299  282  268  262  259  252  241  227  209  191  175  169  183  216  258
  303  345  386  429  474  512  543  565  581  593  604  609  621  648  674  698
  715  730  738  744  754  765  767  766  765  764  766  774  782  784  765  730
  690  654  619  582  539  492  452  424  412
    10.0-180.0 180.0   5.0 450.0                            LAT/LON1/LON2/DLON/H
  372  376  404  442  479  489  478  460  447  433  417  394  379  354  343  336
  324  309  290  273  262  251  236  218  199  179  162  149  147  162  197  249
  300  346  390  435  479  519  551  574  592  608  618  626  643  666  691  713
  728  737  738  735  735  732  725  716  709  707  712  726  745  755  749  724
  695  665  632  597  551  495  441  397  372
     7.5-180.0 180.0   5.0 450.0                            LAT/LON1/LON2/DLON/H
  346  341  365  404  441  461  458  448  439  431  417  395  380  354  345  339
  328  313  295  276  258  240  219  197  174  153  137  127  128  147  186  237
  291  342  384  428  474  513  545  574  599  619  630  642  660  679  704  725
  738  746  746  742  737  726  711  696  685  681  690  708  731  743  737  716
  691  666  635  599  550  491  434  376  346
     5.0-180.0 180.0   5.0 450.0                            LAT/LON1/LON2/DLON/H
  345  335  353  384  411  427  426  420  415  412  403  383  368  344  337  332
  323  310  293  272  250  227  201  177  153  134  119  112  115  136  176  229
  283  332  375  416  456  495  529  563  596  623  637  648  663  684  708  727
  742  755  761  762  756  742  724  707  695  692  701  720  737  744  736  709
  679  655  630  596  549  493  430  379  345
     2.5-180.0 180.0   5.0 450.0                            LAT/LON1/LON2/DLON/H
  374  362  372  393  407  411  404  393  388  388  381  363  348  327  319  314
  308  297  284  264  239  209  183  158  134  117  106   99  105  127  166  218
  271  319  360  398  436  470  502  539  580  613  628  637  650  671  693  716
  738  758  775  784  785  773  762  747  737  734  741  752  758  755  738  705
  666  640  615  588  552  502  445  402  374
