DORISInput/IGSGIM/2024/IGS0OPSFIN_20241530000_01D_02H_GIM.INX
     1.0            IONOSPHERE MAPS     MIX                 IONEX VERSION / TYPE
cmpcmb v1.2          GRL/UWM            12-jun-24 16:32     PGM / RUN BY / DATE 
ionex file containing IGS COMBINED Ionosphere maps          COMMENT             
global ionosphere maps for day 153, 2024                    DESCRIPTION         
IONEX file containing the COMBINED IGS TEC MAPS and DCBs    DESCRIPTION         
      IONEX files of the following IAACs were combined: cod DESCRIPTION         
                                                        jpl DESCRIPTION         
                                                        upc DESCRIPTION         
Contact address: Andrzej Krankowski                         DESCRIPTION
                 Geodynamics Research Laboratory            DESCRIPTION
                 University of Warmia and Mazury (GRL/UWM)  DESCRIPTION
                 Oczapowski St. 1                           DESCRIPTION
                 10-957-Olsztyn, POLAND                     DESCRIPTION
                 e-mail:  kand@uwm.edu.pl                   DESCRIPTION
                                                            DESCRIPTION         
  2024     6     1     0     0     0                        EPOCH OF FIRST MAP  
  2024     6     2     0     0     0                        EPOCH OF LAST MAP   
  7200                                                      INTERVAL            
    13                                                      # OF MAPS IN FILE   
  COSZ                                                      MAPPING FUNCTION    
     0.0                                                    ELEVATION CUTOFF    
combined TEC calculated as weighted mean of input TEC valuesOBSERVABLES USED    
   334                                                      # OF STATIONS       
    32                                                      # OF SATELLITES     
  6371.0                                                    BASE RADIUS         
     2                                                      MAP DIMENSION       
   450.0 450.0   0.0                                        HGT1 / HGT2 / DHGT  
    87.5 -87.5  -2.5                                        LAT1 / LAT2 / DLAT  
  -180.0 180.0   5.0                                        LON1 / LON2 / DLON  
    -1                                                      EXPONENT            
TEC values in 0.1 tec units;  9999, if no value available   COMMENT             
DCB values in nanoseconds, reference is Sum_of_SatDCBs = 0  COMMENT             
                                                            END OF HEADER       
     1                                                      START OF TEC MAP    
  2024     6     1     0     0     0                        EPOCH OF CURRENT MAP
    87.5-180.0 180.0   5.0 450.0                            LAT/LON1/LON2/DLON/H
  166  167  168  169  169  170  171  171  171  172  172  172  172  172  172  171
  170  170  169  168  167  166  164  163  161  160  158  156  155  153  152  150
  148  147  145  144  143  142  142  141  140  139  139  138  138  139  139  139
  140  140  141  141  143  144  145  146  148  149  150  151  153  154  155  156
  158  159  160  161  162  163  164  165  166
    85.0-180.0 180.0   5.0 450.0                            LAT/LON1/LON2/DLON/H
  174  175  176  178  180  181  182  183  184  185  186  186  187  187  187  186
  186  185  184  181  179  178  175  172  168  165  162  160  157  155  151  149
  146  144  141  138  136  134  133  132  131  130  129  129  129  130  131  132
  133  134  136  137  139  141  143  146  149  151  153  155  157  159  161  163
  164  165  167  168  170  171  172  173  174
    82.5-180.0 180.0   5.0 450.0                            LAT/LON1/LON2/DLON/H
  182  185  185  188  190  191  194  195  198  199  200  202  202  202  202  201
  200  198  196  193  193  188  183  180  176  173  169  165  162  158  154  151
  147  144  141  137  135  132  130  128  127  126  126  126  126  127  127  129
  131  133  135  138  141  144  147  151  154  157  161  163  165  168  169  171
  172  173  174  176  177  178  180  181  182
    80.0-180.0 180.0   5.0 450.0                            LAT/LON1/LON2/DLON/H
  188  189  192  194  198  200  205  206  209  212  213  214  215  215  215  213
  212  209  206  203  199  195  191  187  184  184  180  176  172  167  163  159
  155  150  146  142  139  135  133  132  130  129  128  128  128  129  130  133
  135  138  140  144  148  152  156  159  163  166  169  172  175  177  179  180
  182  183  184  185  187  188  188  188  188
    77.5-180.0 180.0   5.0 450.0                            LAT/LON1/LON2/DLON/H
  190  193  195  199  204  208  211  214  217  219  221  222  223  222  220  219
  217  214  211  211  209  206  202  198  196  192  189  184  178  173  169  166
  162  157  154  150  148  144  140  139  137  137  136  136  135  136  138  141
  144  148  151  153  158  161  166  170  173  177  180  183  185  187  189  191
  192  192  193  194  195  193  191  190  190
    75.0-180.0 180.0   5.0 450.0                            LAT/LON1/LON2/DLON/H
  193  194  198  202  207  212  216  221  224  226  229  230  227  223  223  222
  219  215  211  208  206  204  204  198  197  194  191  186  182  178  175  171
  166  165  163  160  159  156  154  152  150  149  148  148  148  149  150  152
  156  160  162  164  167  171  175  178  182  186  189  192  195  197  198  199
  200  200  201  200  197  194  192  191  193
    72.5-180.0 180.0   5.0 450.0                            LAT/LON1/LON2/DLON/H
  194  196  200  203  208  215  221  227  231  234  234  231  228  226  223  219
  215  212  208  206  203  203  202  198  195  192  189  186  182  178  175  173
  172  170  170  169  169  167  167  164  163  162  163  162  162  164  164  164
  166  170  172  173  175  177  180  184  188  191  195  199  202  204  205  207
  208  207  206  203  199  196  193  193  194
    70.0-180.0 180.0   5.0 450.0                            LAT/LON1/LON2/DLON/H
  197  198  201  204  209  216  223  230  236  238  239  236  232  228  223  217
  214  210  205  203  203  203  201  199  194  191  186  185  180  177  176  175
  174  175  176  176  176  175  175  175  173  173  174  173  175  176  175  174
  174  176  178  178  178  180  182  185  190  194  197  203  206  208  211  212
  213  212  210  206  202  199  197  197  197
    67.5-180.0 180.0   5.0 450.0                            LAT/LON1/LON2/DLON/H
  203  203  203  205  209  215  223  231  236  241  243  242  238  232  225  218
  215  209  206  205  205  203  202  199  195  192  187  183  180  176  176  177
  177  177  179  179  179  178  178  178  178  179  178  179  179  181  181  179
  178  177  178  177  177  178  181  184  189  194  198  204  207  210  213  215
  216  216  214  211  208  206  204  204  203
    65.0-180.0 180.0   5.0 450.0                            LAT/LON1/LON2/DLON/H
  212  210  208  207  209  214  221  228  234  241  247  247  244  238  229  223
  219  215  212  210  210  207  206  201  198  194  189  184  181  178  177  179
  179  180  181  180  179  177  176  176  175  175  175  174  175  178  178  178
  177  176  173  172  172  174  179  184  189  195  200  207  211  214  216  219
  221  222  220  218  216  216  215  214  212
    62.5-180.0 180.0   5.0 450.0                            LAT/LON1/LON2/DLON/H
  221  217  215  213  212  214  219  224  231  239  245  248  248  245  238  232
  228  223  220  218  217  215  213  208  205  200  194  188  186  184  183  183
  183  182  181  179  177  172  170  168  166  165  165  165  166  169  172  172
  171  170  168  167  168  173  179  187  195  202  208  214  217  220  222  225
  227  228  228  227  226  226  225  223  221
    60.0-180.0 180.0   5.0 450.0                            LAT/LON1/LON2/DLON/H
  229  225  222  220  216  215  217  220  226  233  238  244  247  248  246  243
  239  234  232  230  227  226  224  219  217  211  204  200  195  194  191  190
  187  185  180  176  172  166  163  160  158  157  157  158  159  161  164  164
  163  163  164  164  168  176  184  196  206  215  221  225  227  229  229  232
  234  235  235  236  236  235  233  231  229
    57.5-180.0 180.0   5.0 450.0                            LAT/LON1/LON2/DLON/H
  238  236  233  228  224  220  218  219  222  227  232  238  243  247  249  250
  248  245  245  243  241  242  240  235  231  226  219  215  210  206  202  200
  194  188  183  175  169  163  158  155  153  152  151  152  153  155  157  159
  161  161  163  165  171  181  195  211  223  233  239  241  241  239  238  239
  239  241  242  243  243  242  240  239  238
    55.0-180.0 180.0   5.0 450.0                            LAT/LON1/LON2/DLON/H
  248  248  245  241  236  229  224  222  222  224  228  233  239  244  248  251
  252  253  255  255  256  257  254  252  246  242  235  231  226  222  213  211
  205  195  186  176  169  163  159  157  154  152  151  150  150  151  153  156
  158  161  163  170  179  193  212  231  247  258  262  262  259  252  247  245
  244  244  246  247  248  247  246  246  248
    52.5-180.0 180.0   5.0 450.0                            LAT/LON1/LON2/DLON/H
  255  258  258  255  252  245  236  233  230  228  229  231  237  242  247  250
  252  255  259  263  266  268  267  264  259  256  251  246  240  236  226  220
  212  201  190  180  174  168  165  163  161  158  155  152  150  150  152  153
  157  161  167  177  190  210  234  257  275  286  289  285  278  269  257  250
  247  247  249  251  252  251  251  252  255
    50.0-180.0 180.0   5.0 450.0                            LAT/LON1/LON2/DLON/H
  262  267  270  271  271  266  257  251  245  240  236  236  238  242  246  250
  253  257  262  268  274  277  277  276  273  269  264  258  251  247  236  229
  218  207  195  185  181  177  176  176  173  168  163  158  154  153  154  155
  160  165  174  186  204  230  259  285  307  317  318  312  299  283  266  256
  250  249  253  255  256  255  256  257  262
    47.5-180.0 180.0   5.0 450.0                            LAT/LON1/LON2/DLON/H
  270  277  282  287  289  288  282  275  267  258  250  246  245  246  249  252
  254  259  265  275  281  286  288  289  286  283  277  269  262  253  243  234
  221  210  200  192  191  192  192  190  187  181  173  167  162  160  159  161
  166  173  183  198  220  251  284  313  336  346  345  336  315  294  274  262
  256  254  257  260  261  261  262  264  270
    45.0-180.0 180.0   5.0 450.0                            LAT/LON1/LON2/DLON/H
  282  290  296  302  308  311  308  302  292  281  271  262  257  257  257  258
  260  265  272  283  291  297  300  302  301  297  288  278  269  257  246  236
  223  213  206  202  203  206  208  207  202  194  186  178  174  172  171  173
  176  184  196  213  238  269  302  335  359  368  366  352  327  303  283  270
  263  260  263  267  270  272  273  276  282
    42.5-180.0 180.0   5.0 450.0                            LAT/LON1/LON2/DLON/H
  298  306  311  318  330  334  331  328  321  308  293  281  274  271  270  270
  271  277  285  296  305  310  314  315  315  311  302  288  275  261  249  238
  226  216  212  212  217  221  223  222  216  208  199  192  188  186  186  188
  191  200  212  230  255  287  319  352  373  379  375  361  339  316  296  282
  272  268  271  277  283  285  289  291  298
    40.0-180.0 180.0   5.0 450.0                            LAT/LON1/LON2/DLON/H
  319  328  332  339  349  353  353  352  349  333  317  302  294  289  286  285
  287  294  304  315  323  328  329  329  330  326  316  301  281  266  252  240
  229  221  220  223  230  236  239  237  231  221  214  210  207  206  205  207
  210  218  228  247  270  298  329  358  377  380  375  366  350  331  312  297
  283  278  280  289  300  305  309  313  319
    37.5-180.0 180.0   5.0 450.0                            LAT/LON1/LON2/DLON/H
  348  356  358  362  370  378  376  377  378  362  345  327  315  308  304  302
  306  314  325  337  345  347  346  348  347  340  328  312  289  270  253  240
  232  227  229  234  242  250  255  253  244  236  230  228  228  230  228  228
  229  232  241  257  280  305  330  354  372  376  373  369  361  346  329  313
  298  291  293  303  318  327  333  340  348
    35.0-180.0 180.0   5.0 450.0                            LAT/LON1/LON2/DLON/H
  383  389  391  391  393  400  399  400  405  394  374  354  340  332  325  323
  325  336  348  360  366  368  366  368  367  358  341  324  298  274  257  242
  236  237  240  246  254  264  268  267  259  253  248  248  249  252  248  244
  243  244  250  264  282  304  326  346  361  367  370  371  369  361  347  331
  316  307  307  320  337  350  360  371  383
    32.5-180.0 180.0   5.0 450.0                            LAT/LON1/LON2/DLON/H
  424  429  431  426  423  423  422  424  430  424  403  385  370  360  352  348
  350  359  368  378  385  387  385  386  386  376  356  335  304  276  260  244
  241  244  247  253  261  274  278  279  274  269  268  268  268  267  262  257
  253  251  254  264  279  298  318  336  350  358  366  373  377  374  363  348
  333  325  324  338  356  374  389  408  424
    30.0-180.0 180.0   5.0 450.0                            LAT/LON1/LON2/DLON/H
  466  474  474  467  458  453  449  456  459  453  436  418  405  395  382  377
  376  381  386  394  401  402  400  401  401  390  366  338  304  272  256  244
  242  245  247  251  258  274  282  286  285  283  283  281  281  278  271  266
  260  255  254  260  273  291  309  326  340  352  365  376  385  386  377  364
  351  343  343  355  375  398  426  449  466
    27.5-180.0 180.0   5.0 450.0                            LAT/LON1/LON2/DLON/H
  509  519  522  513  501  493  493  500  499  494  476  456  444  435  419  411
  405  407  408  415  418  416  413  413  408  395  368  335  298  265  246  238
  237  237  234  236  244  259  276  286  290  291  290  286  285  281  274  269
  262  255  250  254  265  281  299  315  331  346  363  378  391  396  392  381
  370  361  361  373  393  421  456  486  509
    25.0-180.0 180.0   5.0 450.0                            LAT/LON1/LON2/DLON/H
  541  555  568  561  548  540  538  543  545  541  524  502  493  478  464  451
  439  438  437  437  435  431  424  418  409  392  366  331  291  255  234  227
  221  217  211  207  216  235  259  278  288  290  286  284  281  274  267  263
  256  247  242  243  252  268  286  304  324  344  364  382  397  405  405  399
  388  380  383  393  411  440  480  515  541
    22.5-180.0 180.0   5.0 450.0                            LAT/LON1/LON2/DLON/H
  563  588  602  605  599  591  589  590  596  591  574  553  543  532  513  498
  485  475  467  460  453  444  433  422  409  388  360  322  279  237  210  203
  193  185  179  176  185  207  235  261  275  275  272  269  263  256  251  247
  241  233  228  228  235  252  272  294  320  345  367  387  403  415  419  416
  409  404  411  418  435  463  500  532  563
    20.0-180.0 180.0   5.0 450.0                            LAT/LON1/LON2/DLON/H
  573  602  630  650  654  654  643  644  648  644  627  611  597  586  566  553
  537  516  498  483  467  452  437  420  402  375  343  303  261  210  179  171
  162  157  151  147  155  182  208  236  249  249  245  243  236  229  226  226
  222  216  210  209  216  235  259  287  320  349  374  393  411  425  435  440
  437  438  442  446  464  486  517  545  573
    17.5-180.0 180.0   5.0 450.0                            LAT/LON1/LON2/DLON/H
  581  609  649  684  701  707  703  699  695  693  680  666  652  641  623  610
  590  559  531  503  475  453  433  409  382  347  312  268  228  183  149  141
  140  144  139  129  135  161  184  207  213  209  210  210  208  202  201  204
  205  199  193  191  200  223  253  287  324  358  387  406  423  440  455  468
  471  473  474  477  487  507  531  557  581
    15.0-180.0 180.0   5.0 450.0                            LAT/LON1/LON2/DLON/H
  592  619  661  709  738  752  756  753  743  739  731  717  703  693  677  660
  633  598  560  521  481  449  421  385  349  311  274  229  193  157  132  126
  137  147  145  128  131  150  168  180  184  181  180  181  180  177  182  190
  194  189  181  178  189  214  249  290  330  368  400  422  440  459  478  494
  503  508  505  506  511  525  547  571  592
    12.5-180.0 180.0   5.0 450.0                            LAT/LON1/LON2/DLON/H
  605  632  674  720  763  782  791  792  784  781  774  761  745  736  717  698
  667  630  586  539  488  441  403  353  311  271  234  195  164  136  119  127
  146  161  161  144  143  153  167  173  169  171  172  167  162  162  171  184
  186  180  172  169  179  204  244  289  333  374  408  433  454  477  499  517
  528  533  529  527  534  547  565  585  605
    10.0-180.0 180.0   5.0 450.0                            LAT/LON1/LON2/DLON/H
  624  649  684  727  769  795  806  804  804  806  803  786  774  763  746  724
  693  655  607  551  492  428  376  323  278  234  200  172  148  126  121  139
  169  188  191  178  173  170  181  181  175  181  181  167  158  158  171  183
  182  172  163  158  165  193  237  284  330  374  411  439  465  492  517  534
  541  546  543  539  545  559  580  603  624
     7.5-180.0 180.0   5.0 450.0                            LAT/LON1/LON2/DLON/H
  640  665  697  729  763  787  794  796  798  808  802  792  785  774  757  735
  707  668  615  552  483  408  346  294  250  206  179  160  144  131  134  163
  204  227  233  215  209  200  208  208  201  197  194  179  168  166  179  190
  184  168  152  146  153  182  223  270  323  369  410  445  475  505  529  541
  546  548  544  541  546  564  590  618  640
     5.0-180.0 180.0   5.0 450.0                            LAT/LON1/LON2/DLON/H
  651  679  709  737  760  773  775  775  775  785  785  776  773  764  748  728
  702  667  612  542  464  383  315  265  225  189  170  159  150  144  156  197
  245  269  269  246  240  232  242  247  232  216  206  193  183  181  192  199
  192  168  144  135  141  167  208  258  312  362  405  447  481  514  532  537
  543  543  537  535  539  557  590  624  651
     2.5-180.0 180.0   5.0 450.0                            LAT/LON1/LON2/DLON/H
  661  692  721  749  766  770  765  758  753  757  756  749  745  738  722  703
  679  647  595  522  440  356  287  240  205  182  174  169  163  162  183  230
  264  282  277  259  257  260  274  275  252  233  213  200  191  190  198  205
  198  170  140  125  128  150  191  245  299  349  393  439  483  516  526  529
  532  532  527  527  528  547  583  626  661
