DORISInput/IGSGIM/2024/IGS0OPSFIN_20241350000_01D_02H_GIM.INX
     1.0            IONOSPHERE MAPS     MIX                 IONEX VERSION / TYPE
cmpcmb v1.2          GRL/UWM            28-may-24 18:20     PGM / RUN BY / DATE 
ionex file containing IGS COMBINED Ionosphere maps          COMMENT             
global ionosphere maps for day 135, 2024                    DESCRIPTION         
IONEX file containing the COMBINED IGS TEC MAPS and DCBs    DESCRIPTION         
      IONEX files of the following IAACs were combined: cod DESCRIPTION         
                                                        jpl DESCRIPTION         
                                                        upc DESCRIPTION         
Contact address: Andrzej Krankowski                         DESCRIPTION
                 Geodynamics Research Laboratory            DESCRIPTION
                 University of Warmia and Mazury (GRL/UWM)  DESCRIPTION
                 Oczapowski St. 1                           DESCRIPTION
                 10-957-Olsztyn, POLAND                     DESCRIPTION
                 e-mail:  kand@uwm.edu.pl                   DESCRIPTION
                                                            DESCRIPTION         
  2024     5    14     0     0     0                        EPOCH OF FIRST MAP  
  2024     5    15     0     0     0                        EPOCH OF LAST MAP   
  7200                                                      INTERVAL            
    13                                                      # OF MAPS IN FILE   
  COSZ                                                      MAPPING FUNCTION    
     0.0                                                    ELEVATION CUTOFF    
combined TEC calculated as weighted mean of input TEC valuesOBSERVABLES USED    
   334                                                      # OF STATIONS       
    32                                                      # OF SATELLITES     
  6371.0                                                    BASE RADIUS         
     2                                                      MAP DIMENSION       
   450.0 450.0   0.0                                        HGT1 / HGT2 / DHGT  
    87.5 -87.5  -2.5                                        LAT1 / LAT2 / DLAT  
  -180.0 180.0   5.0                                        LON1 / LON2 / DLON  
    -1                                                      EXPONENT            
TEC values in 0.1 tec units;  9999, if no value available   COMMENT             
DCB values in nanoseconds, reference is Sum_of_SatDCBs = 0  COMMENT             
                                                            END OF HEADER       
[from data line 858]
     3                                                      START OF TEC MAP    
  2024     5    14     4     0     0                        EPOCH OF CURRENT MAP
    87.5-180.0 180.0   5.0 450.0                            LAT/LON1/LON2/DLON/H
  207  207  207  207  207  207  207  207  207  207  207  207  208  207  208  207
  207  207  207  207  206  206  206  205  204  204  203  202  202  202  201  201
  201  201  201  202  202  202  202  203  203  205  205  205  206  207  207  207
  208  208  208  209  209  209  209  210  210  210  210  210  210  210  209  209
  208  209  208  207  207  207  207  207  207
    85.0-180.0 180.0   5.0 450.0                            LAT/LON1/LON2/DLON/H
  213  212  212  212  212  213  213  214  214  215  216  216  217  217  217  217
  216  215  214  213  212  211  210  207  206  204  202  202  200  199  198  197
  197  198  198  199  200  201  202  204  205  207  210  212  213  216  217  219
  221  221  222  223  225  224  224  223  223  223  223  223  222  221  220  220
  218  217  217  216  215  213  214  213  213
    82.5-180.0 180.0   5.0 450.0                            LAT/LON1/LON2/DLON/H
  220  220  219  219  219  220  221  221  222  224  225  227  227  228  228  228
  227  226  224  222  220  218  215  209  206  205  202  200  198  196  195  195
  195  196  198  200  203  207  210  213  217  220  224  227  230  234  236  237
  240  241  242  242  244  244  243  243  242  242  242  242  241  240  238  236
  235  234  231  228  227  225  223  221  220
    80.0-180.0 180.0   5.0 450.0                            LAT/LON1/LON2/DLON/H
  228  226  226  225  226  226  228  228  230  232  233  234  235  236  236  236
  237  237  237  236  233  226  219  216  212  206  202  198  195  193  192  192
  193  195  199  203  208  213  220  227  233  239  245  250  256  258  262  263
  264  265  265  264  264  264  264  263  263  262  263  263  263  261  259  256
  254  251  248  244  240  237  233  230  228
    77.5-180.0 180.0   5.0 450.0                            LAT/LON1/LON2/DLON/H
  236  233  231  230  230  231  231  233  235  237  238  239  239  240  241  240
  238  237  235  232  230  226  220  215  210  206  201  196  192  190  189  189
  191  195  201  208  216  226  236  246  254  263  271  277  281  285  288  289
  288  287  285  283  282  281  280  280  280  281  281  282  282  281  279  277
  273  269  265  260  254  249  245  240  236
    75.0-180.0 180.0   5.0 450.0                            LAT/LON1/LON2/DLON/H
  244  240  236  235  233  234  236  237  240  241  241  241  240  239  238  236
  234  231  230  229  227  225  218  214  208  204  197  192  189  186  185  188
  192  198  206  215  225  238  251  263  277  288  295  303  306  311  311  312
  310  306  303  299  298  295  295  295  295  296  298  299  301  300  299  296
  292  288  282  276  270  263  256  250  244
    72.5-180.0 180.0   5.0 450.0                            LAT/LON1/LON2/DLON/H
  251  245  240  237  237  237  239  241  243  243  242  240  236  234  230  227
  223  221  220  219  218  216  212  207  202  197  193  187  182  180  182  184
  191  200  210  224  237  252  266  281  295  307  318  323  329  334  333  333
  331  326  320  315  312  310  308  309  309  310  313  314  315  316  316  313
  310  305  300  294  286  277  268  260  251
    70.0-180.0 180.0   5.0 450.0                            LAT/LON1/LON2/DLON/H
  259  250  244  240  238  239  239  242  244  244  243  239  233  226  221  216
  211  209  207  206  206  204  200  198  194  187  184  181  177  175  178  182
  187  199  213  228  244  259  276  292  305  319  331  338  343  348  350  349
  349  344  339  333  328  327  325  324  324  324  325  326  326  327  326  324
  322  318  313  307  300  291  280  269  259
    67.5-180.0 180.0   5.0 450.0                            LAT/LON1/LON2/DLON/H
  265  255  246  239  236  236  239  241  244  246  245  238  229  223  214  205
  200  195  193  193  193  192  188  187  184  178  173  171  172  170  173  180
  188  199  215  230  246  262  276  292  307  320  332  343  350  355  360  362
  363  360  357  352  348  347  343  341  339  336  335  333  332  332  329  327
  326  323  320  316  310  301  289  277  265
    65.0-180.0 180.0   5.0 450.0                            LAT/LON1/LON2/DLON/H
  270  258  246  238  233  233  235  240  244  247  247  239  231  221  209  199
  191  186  184  182  182  180  178  175  173  169  164  165  165  166  170  179
  189  201  214  227  241  255  268  283  299  312  326  338  348  358  366  371
  375  376  376  373  370  369  365  359  354  348  344  338  335  332  327  324
  321  320  319  317  312  305  294  283  270
    62.5-180.0 180.0   5.0 450.0                            LAT/LON1/LON2/DLON/H
  273  260  246  236  230  229  233  238  244  248  248  243  236  224  210  199
  189  184  179  176  174  171  169  165  164  161  159  162  163  167  172  180
  188  197  207  218  231  243  254  269  285  300  314  328  343  355  369  379
  387  391  394  394  393  391  385  378  371  360  353  344  338  331  324  318
  315  312  313  312  311  305  298  286  273
    60.0-180.0 180.0   5.0 450.0                            LAT/LON1/LON2/DLON/H
  277  263  249  235  227  225  229  235  242  247  250  249  243  232  219  206
  195  187  180  174  170  166  163  160  159  159  160  164  167  170  174  179
  184  190  196  206  216  228  240  254  269  286  301  316  334  352  369  384
  397  405  411  412  412  409  403  396  388  375  365  353  343  333  324  315
  309  305  305  306  307  306  300  290  277
    57.5-180.0 180.0   5.0 450.0                            LAT/LON1/LON2/DLON/H
  283  268  253  240  230  225  227  233  241  248  252  255  251  243  232  218
  207  197  188  179  173  167  164  163  163  164  167  171  174  176  178  179
  180  182  185  193  202  214  227  240  256  272  289  306  326  346  368  388
  403  415  423  426  425  423  418  412  403  392  381  367  356  342  329  316
  307  300  299  300  302  304  301  293  283
    55.0-180.0 180.0   5.0 450.0                            LAT/LON1/LON2/DLON/H
  293  280  265  252  241  233  231  235  243  249  256  261  260  254  245  233
  221  211  201  191  181  176  173  172  173  175  178  180  183  184  183  180
  176  175  175  181  189  201  215  230  247  263  280  298  319  341  365  387
  406  421  430  435  436  434  430  424  416  409  399  386  374  360  343  327
  312  303  298  297  301  304  304  300  293
    52.5-180.0 180.0   5.0 450.0                            LAT/LON1/LON2/DLON/H
  307  297  285  273  262  252  245  246  248  252  259  264  266  263  257  246
  234  223  213  202  193  187  184  183  185  188  191  191  193  193  188  183
  175  170  169  172  180  191  207  224  241  258  276  294  315  338  360  383
  406  423  434  442  444  444  441  436  429  424  416  407  397  384  365  347
  329  314  306  301  303  308  312  310  307
    50.0-180.0 180.0   5.0 450.0                            LAT/LON1/LON2/DLON/H
  322  320  311  302  292  280  270  264  259  259  264  267  270  268  263  254
  242  231  220  212  204  200  198  198  201  205  206  206  205  202  194  185
  176  169  166  166  173  184  201  219  239  257  275  294  313  334  358  382
  404  423  437  446  451  453  451  448  441  436  431  426  421  409  391  372
  351  332  319  312  311  315  322  323  322
    47.5-180.0 180.0   5.0 450.0                            LAT/LON1/LON2/DLON/H
  341  343  341  336  328  316  304  291  277  272  271  271  272  270  265  256
  245  234  225  219  214  212  213  216  221  224  223  222  218  210  200  189
  178  170  165  163  167  179  196  216  238  259  277  296  315  337  360  382
  405  424  439  449  456  460  459  457  452  448  444  441  439  431  416  398
  378  356  339  328  325  329  334  338  341
    45.0-180.0 180.0   5.0 450.0                            LAT/LON1/LON2/DLON/H
  360  366  370  369  363  354  339  321  301  289  281  277  274  270  262  252
  243  233  227  225  223  225  228  234  239  243  242  237  229  217  205  193
  182  172  164  160  163  174  192  215  238  262  282  302  322  344  365  386
  408  428  442  454  463  468  469  467  462  459  455  454  452  449  439  428
  410  388  371  354  348  346  350  354  360
    42.5-180.0 180.0   5.0 450.0                            LAT/LON1/LON2/DLON/H
  378  386  394  397  393  387  371  349  325  306  294  285  278  269  259  248
  238  231  228  231  233  239  244  251  257  262  259  252  240  227  215  202
  187  175  165  158  158  168  187  213  239  266  289  310  331  350  372  393
  415  433  448  461  472  478  481  480  476  472  467  465  464  465  459  452
  437  421  406  389  377  370  371  373  378
    40.0-180.0 180.0   5.0 450.0                            LAT/LON1/LON2/DLON/H
  399  402  409  412  413  408  392  370  345  324  307  295  282  271  258  245
  235  231  232  238  245  254  259  266  273  278  275  265  252  238  226  211
  195  180  168  158  157  166  185  212  242  271  297  318  339  360  380  402
  421  439  456  472  485  491  497  498  492  487  481  479  480  481  478  474
  464  452  440  426  413  402  399  396  399
    37.5-180.0 180.0   5.0 450.0                            LAT/LON1/LON2/DLON/H
  424  421  420  420  421  414  401  379  356  337  320  305  289  274  258  244
  236  233  238  248  259  268  273  280  286  294  293  282  265  251  239  223
  204  189  173  161  158  166  186  214  247  275  303  326  348  368  388  408
  427  445  464  482  497  506  515  520  515  511  505  502  502  504  502  499
  493  486  478  465  456  443  433  428  424
    35.0-180.0 180.0   5.0 450.0                            LAT/LON1/LON2/DLON/H
  455  447  432  425  421  411  397  378  358  342  329  313  297  280  263  249
  240  240  248  259  274  282  289  294  301  313  316  305  287  271  258  240
  219  201  181  169  164  170  188  217  249  281  309  334  354  373  391  409
  428  449  470  490  506  521  535  546  548  547  541  538  536  535  533  530
  526  524  520  513  509  494  481  472  455
    32.5-180.0 180.0   5.0 450.0                            LAT/LON1/LON2/DLON/H
  505  481  457  436  422  407  388  368  353  344  332  319  304  288  272  257
  248  248  257  271  286  297  306  312  322  336  342  335  316  296  283  260
  235  214  193  180  173  178  194  220  252  284  314  337  356  373  390  408
  428  449  471  492  513  533  555  574  587  593  591  588  584  580  572  571
  568  567  566  565  566  555  542  529  505
    30.0-180.0 180.0   5.0 450.0                            LAT/LON1/LON2/DLON/H
  573  543  510  472  439  407  381  360  348  343  337  326  313  298  283  269
  258  258  265  281  298  313  324  336  347  361  369  365  349  324  306  281
  254  228  206  192  185  188  200  222  252  283  313  337  354  371  387  406
  426  448  471  493  519  544  572  601  625  640  648  648  646  637  626  624
  619  618  618  622  623  619  611  599  573
    27.5-180.0 180.0   5.0 450.0                            LAT/LON1/LON2/DLON/H
  657  628  587  537  485  436  394  370  356  354  352  340  327  311  295  283
  272  270  274  289  308  328  344  359  373  388  394  388  372  346  322  295
  269  243  219  204  198  197  204  221  246  277  308  332  352  367  385  405
  424  446  469  494  522  552  588  627  663  688  705  713  712  706  692  684
  678  675  674  680  682  684  690  682  657
    25.0-180.0 180.0   5.0 450.0                            LAT/LON1/LON2/DLON/H
  756  732  691  634  568  503  452  411  387  382  381  367  351  332  313  299
  288  283  285  297  320  345  365  385  401  413  415  405  383  355  328  300
  275  250  228  215  207  204  205  215  236  268  299  325  348  367  386  405
  425  444  467  495  526  561  601  649  699  734  760  774  780  780  771  756
  751  739  734  741  747  760  767  769  756
    22.5-180.0 180.0   5.0 450.0                            LAT/LON1/LON2/DLON/H
  863  844  817  764  688  612  549  491  451  436  433  411  385  361  340  322
  309  301  300  310  335  364  386  405  422  428  425  406  378  348  321  296
  273  251  235  223  213  206  199  204  222  253  287  317  344  367  388  406
  425  446  470  500  534  571  611  666  724  767  800  822  836  844  839  822
  814  804  803  801  810  827  844  863  863
    20.0-180.0 180.0   5.0 450.0                            LAT/LON1/LON2/DLON/H
  954  959  938  906  834  749  687  605  543  513  505  474  436  401  377  354
  336  324  321  327  352  381  403  419  429  429  415  386  354  325  299  279
  262  245  237  231  216  202  190  188  205  238  274  310  339  367  390  412
  432  453  479  512  548  587  626  680  736  781  816  843  862  875  881  874
  868  855  854  853  861  881  904  934  954
    17.5-180.0 180.0   5.0 450.0                            LAT/LON1/LON2/DLON/H
 1012 1041 1052 1049  995  916  833  753  667  620  595  566  508  465  423  395
  370  356  347  349  370  396  415  423  425  411  386  349  317  292  270  255
  244  237  237  235  216  195  177  170  186  220  260  298  337  369  397  422
  444  466  494  530  568  605  643  692  737  781  817  842  864  881  898  906
  907  897  890  889  898  915  940  974 1012
    15.0-180.0 180.0   5.0 450.0                            LAT/LON1/LON2/DLON/H
 1020 1062 1099 1122 1105 1053  980  892  791  721  690  661  593  543  483  442
  414  398  381  377  390  407  417  411  403  375  341  299  271  251  235  227
  227  228  234  233  212  185  162  151  165  201  244  291  335  374  408  437
  460  484  514  553  593  629  662  698  737  778  809  832  856  880  904  922
  927  923  918  915  921  931  950  979 1020
    12.5-180.0 180.0   5.0 450.0                            LAT/LON1/LON2/DLON/H
  985 1022 1067 1110 1132 1116 1065  983  882  801  760  731  677  627  559  509
  475  458  427  412  413  416  411  392  370  326  284  243  223  209  199  202
  211  222  229  223  200  173  147  135  148  183  232  286  335  379  418  450
  474  500  533  572  616  652  684  714  744  777  804  823  846  876  906  930
  938  941  939  934  933  935  944  958  985
    10.0-180.0 180.0   5.0 450.0                            LAT/LON1/LON2/DLON/H
  937  954  990 1033 1074 1088 1054  984  899  830  790  763  730  689  621  576
  555  534  484  454  439  424  403  366  329  270  227  192  178  172  172  185
  202  217  221  209  187  158  134  123  133  168  223  280  333  380  421  455
  481  508  544  584  633  673  707  738  764  791  813  828  846  876  908  933
  945  951  952  946  942  934  932  931  937
     7.5-180.0 180.0   5.0 450.0                            LAT/LON1/LON2/DLON/H
  893  888  903  936  975  993  972  906  835  783  754  747  736  710  668  630
  613  598  549  503  471  436  392  335  287  222  179  156  147  151  161  180
  199  210  210  194  168  144  121  113  123  159  214  273  326  372  413  447
  477  505  539  584  638  689  733  770  799  823  839  849  861  883  912  935
  947  954  959  955  951  941  928  910  893
     5.0-180.0 180.0   5.0 450.0                            LAT/LON1/LON2/DLON/H
  877  847  838  847  867  874  843  783  708  673  668  673  688  688  669  648
  636  628  597  543  497  440  376  304  249  184  148  133  133  145  164  182
  197  203  197  177  152  130  110  105  117  150  203  260  314  360  399  436
  461  489  526  571  631  693  752  805  842  868  881  883  885  899  921  940
  947  954  962  962  959  952  939  913  877
     2.5-180.0 180.0   5.0 450.0                            LAT/LON1/LON2/DLON/H
  900  848  811  796  791  777  731  656  576  541  541  560  595  617  624  625
  624  616  600  556  503  430  354  277  220  161  134  127  135  151  173  186
  193  192  179  158  136  116  102  101  112  140  188  244  300  346  387  419
  443  470  504  549  615  688  763  829  876  910  922  921  912  919  936  950
  949  952  958  960  965  966  961  941  900
