DORISInput/IGSGIM/2024/IGS0OPSFIN_20241540000_01D_02H_GIM.INX
     1.0            IONOSPHERE MAPS     MIX                 IONEX VERSION / TYPE
cmpcmb v1.2          GRL/UWM            24-jun-24 15:53     PGM / RUN BY / DATE 
ionex file containing IGS COMBINED Ionosphere maps          COMMENT             
global ionosphere maps for day 154, 2024                    DESCRIPTION         
IONEX file containing the COMBINED IGS TEC MAPS and DCBs    DESCRIPTION         
      IONEX files of the following IAACs were combined: cod DESCRIPTION         
                                                        jpl DESCRIPTION         
                                                        upc DESCRIPTION         
Contact address: Andrzej Krankowski                         DESCRIPTION
                 Geodynamics Research Laboratory            DESCRIPTION
                 University of Warmia and Mazury (GRL/UWM)  DESCRIPTION
                 Oczapowski St. 1                           DESCRIPTION
                 10-957-Olsztyn, POLAND                     DESCRIPTION
                 e-mail:  kand@uwm.edu.pl                   DESCRIPTION
                                                            DESCRIPTION         
  2024     6     2     0     0     0                        EPOCH OF FIRST MAP  
  2024     6     3     0     0     0                        EPOCH OF LAST MAP   
  7200                                                      INTERVAL            
    13                                                      # OF MAPS IN FILE   
  COSZ                                                      MAPPING FUNCTION    
     0.0                                                    ELEVATION CUTOFF    
combined TEC calculated as weighted mean of input TEC valuesOBSERVABLES USED    
   334                                                      # OF STATIONS       
    32                                                      # OF SATELLITES     
  6371.0                                                    BASE RADIUS         
     2                                                      MAP DIMENSION       
   450.0 450.0   0.0                                        HGT1 / HGT2 / DHGT  
    87.5 -87.5  -2.5                                        LAT1 / LAT2 / DLAT  
  -180.0 180.0   5.0                                        LON1 / LON2 / DLON  
    -1                                                      EXPONENT            
TEC values in 0.1 tec units;  9999, if no value available   COMMENT             
DCB values in nanoseconds, reference is Sum_of_SatDCBs = 0  COMMENT             
                                                            END OF HEADER       
[from data line 5148]
    13                                                      START OF TEC MAP    
  2024     6     3     0     0     0                        EPOCH OF CURRENT MAP
    87.5-180.0 180.0   5.0 450.0                            LAT/LON1/LON2/DLON/H
  258  258  259  259  259  260  260  260  261  261  261  261  262  261  261  262
  261  261  261  261  259  259  258  256  255  254  253  252  251  249  249  248
  247  246  245  244  243  243  242  242  241  241  241  241  241  241  243  243
  243  244  244  245  246  247  247  248  249  250  250  251  252  253  254  254
  255  256  256  256  257  257  257  257  258
    85.0-180.0 180.0   5.0 450.0                            LAT/LON1/LON2/DLON/H
  263  263  264  263  262  263  263  263  264  264  265  266  267  268  269  270
  271  271  271  271  270  268  264  261  260  258  256  254  252  249  247  245
  242  240  238  237  236  234  233  232  232  231  231  231  231  232  233  234
  236  238  240  242  244  245  247  249  251  253  254  256  257  258  259  260
  261  261  262  262  263  262  262  263  263
    82.5-180.0 180.0   5.0 450.0                            LAT/LON1/LON2/DLON/H
  270  271  268  272  273  274  274  276  275  276  278  279  279  281  280  282
  280  277  277  276  278  276  270  268  265  259  253  253  251  250  247  245
  241  240  237  235  233  230  229  227  226  224  225  226  227  229  231  232
  235  237  240  243  247  250  253  255  258  260  262  264  266  268  269  270
  270  271  271  271  270  270  271  270  270
    80.0-180.0 180.0   5.0 450.0                            LAT/LON1/LON2/DLON/H
  278  278  278  278  280  280  283  285  287  287  288  287  288  286  284  285
  284  285  284  283  277  273  272  267  271  268  259  255  250  244  240  236
  233  230  228  227  225  224  223  223  223  225  227  228  229  232  234  237
  239  242  245  249  254  258  262  265  268  271  273  276  278  280  280  281
  281  281  281  280  280  279  277  278  278
    77.5-180.0 180.0   5.0 450.0                            LAT/LON1/LON2/DLON/H
  282  281  280  280  281  283  285  287  290  291  292  292  291  289  288  285
  284  286  288  288  284  280  280  270  263  260  256  251  247  243  239  235
  231  229  227  225  224  222  220  220  222  223  227  231  234  236  239  242
  246  250  254  258  264  268  272  276  280  283  286  289  291  292  292  292
  292  291  291  290  289  287  285  283  282
    75.0-180.0 180.0   5.0 450.0                            LAT/LON1/LON2/DLON/H
  285  284  282  282  284  287  291  294  296  297  298  298  296  292  289  289
  290  288  284  279  276  273  272  265  260  255  250  247  244  240  237  235
  234  233  232  229  228  226  224  223  224  225  228  233  237  240  244  247
  252  256  261  266  272  277  283  288  291  294  298  300  303  304  303  302
  301  300  299  298  295  293  290  288  285
    72.5-180.0 180.0   5.0 450.0                            LAT/LON1/LON2/DLON/H
  290  287  285  285  288  292  295  297  301  304  306  305  303  298  294  290
  287  280  276  273  269  264  262  257  252  248  243  239  236  234  233  232
  234  235  236  236  237  232  232  231  231  231  233  236  240  244  248  252
  257  263  267  273  280  286  292  297  300  304  307  310  313  314  313  312
  311  309  305  303  302  299  296  293  290
    70.0-180.0 180.0   5.0 450.0                            LAT/LON1/LON2/DLON/H
  295  292  289  289  291  294  297  301  305  309  313  312  309  303  299  292
  284  278  271  268  263  258  256  251  246  244  240  236  232  231  230  232
  234  237  240  240  241  237  237  239  240  238  239  241  244  247  252  256
  261  266  272  278  284  292  297  303  307  310  314  318  320  321  320  319
  317  315  311  309  309  306  302  299  295
    67.5-180.0 180.0   5.0 450.0                            LAT/LON1/LON2/DLON/H
  302  297  293  291  290  293  297  303  309  314  317  317  316  312  305  298
  289  280  274  268  264  260  257  251  247  244  242  238  236  233  233  234
  236  238  240  242  243  240  238  242  246  243  242  243  246  249  252  257
  261  268  272  279  286  292  300  305  310  314  317  322  324  325  322  321
  319  318  316  317  316  314  310  307  302
    65.0-180.0 180.0   5.0 450.0                            LAT/LON1/LON2/DLON/H
  308  301  295  291  290  291  295  301  308  314  319  321  321  318  314  308
  299  288  283  277  271  269  266  260  256  252  248  245  243  242  240  239
  240  241  242  244  244  243  242  241  247  244  243  243  244  247  249  254
  259  265  272  278  285  291  298  305  310  314  318  322  324  323  322  320
  321  320  323  326  323  322  318  314  308
    62.5-180.0 180.0   5.0 450.0                            LAT/LON1/LON2/DLON/H
  315  308  301  293  289  289  292  297  304  312  317  322  324  323  321  316
  310  300  297  291  287  285  282  277  273  269  262  259  257  256  253  250
  249  249  247  247  246  245  244  242  244  244  240  239  239  240  244  248
  253  261  268  275  282  290  296  304  309  315  317  321  321  321  320  320
  322  324  328  331  331  328  326  321  315
    60.0-180.0 180.0   5.0 450.0                            LAT/LON1/LON2/DLON/H
  326  316  307  299  292  290  291  294  300  307  315  321  325  326  327  324
  321  314  312  309  307  306  305  300  297  293  285  280  273  272  266  265
  260  260  256  254  250  245  243  242  239  238  234  232  232  234  237  242
  247  255  264  272  280  289  296  304  310  316  319  321  321  320  318  320
  323  327  332  336  338  340  335  331  326
    57.5-180.0 180.0   5.0 450.0                            LAT/LON1/LON2/DLON/H
  339  330  320  311  301  295  294  295  298  304  312  319  324  328  330  330
  331  328  327  327  328  330  328  326  322  318  308  299  290  284  277  275
  272  267  262  257  252  246  242  238  234  231  227  225  225  227  230  234
  239  248  259  269  279  288  297  307  314  321  323  324  323  321  321  323
  325  331  338  342  346  347  347  343  339
    55.0-180.0 180.0   5.0 450.0                            LAT/LON1/LON2/DLON/H
  356  348  338  329  317  309  303  301  301  304  309  316  323  328  332  335
  338  338  340  343  349  352  350  348  345  341  331  318  306  297  291  285
  280  274  265  257  251  244  237  232  228  225  222  221  220  220  222  226
  233  243  255  267  280  291  301  310  321  329  331  332  330  327  328  329
  333  338  346  353  359  362  361  357  356
    52.5-180.0 180.0   5.0 450.0                            LAT/LON1/LON2/DLON/H
  374  371  362  351  341  331  322  316  311  309  311  316  322  327  333  339
  342  345  350  355  363  365  368  368  364  358  349  334  322  312  303  294
  286  277  267  255  248  238  231  226  223  222  220  218  215  214  215  220
  228  240  254  269  285  298  308  319  331  342  344  344  341  338  338  340
  345  353  362  369  378  381  381  376  374
    50.0-180.0 180.0   5.0 450.0                            LAT/LON1/LON2/DLON/H
  400  401  392  385  372  360  349  338  329  323  320  321  324  329  335  341
  345  351  356  365  373  377  383  386  378  369  360  348  335  325  312  301
  290  277  265  251  245  234  228  224  223  222  220  214  210  208  210  216
  226  240  257  276  292  308  320  333  345  354  358  357  352  349  350  354
  360  371  383  390  400  403  405  402  400
    47.5-180.0 180.0   5.0 450.0                            LAT/LON1/LON2/DLON/H
  432  435  430  418  406  397  383  368  355  345  337  333  333  335  338  343
  348  355  363  373  382  391  397  401  388  378  368  357  345  332  318  304
  290  277  265  252  246  239  233  228  227  226  222  215  210  207  209  217
  228  244  262  280  301  320  334  348  359  368  370  368  363  361  364  371
  380  390  403  414  423  427  432  432  432
    45.0-180.0 180.0   5.0 450.0                            LAT/LON1/LON2/DLON/H
  464  469  466  458  445  437  421  404  386  374  362  355  350  346  346  348
  352  360  368  381  393  403  409  411  401  388  376  363  349  334  319  305
  293  281  270  261  257  250  244  239  236  233  227  220  214  211  212  219
  233  248  265  284  309  329  345  360  372  380  381  379  376  376  381  389
  402  411  424  434  444  451  458  462  464
    42.5-180.0 180.0   5.0 450.0                            LAT/LON1/LON2/DLON/H
  492  496  496  492  489  476  460  441  422  409  394  381  371  364  359  358
  360  367  377  392  404  415  420  420  411  398  384  368  352  334  319  306
  296  288  282  275  273  267  262  254  248  242  234  228  221  219  221  228
  240  254  270  292  315  335  353  370  382  390  391  391  390  391  398  409
  424  436  447  456  466  474  483  488  492
    40.0-180.0 180.0   5.0 450.0                            LAT/LON1/LON2/DLON/H
  519  525  528  526  519  508  495  480  462  444  429  413  401  392  381  375
  372  379  390  406  418  427  432  429  419  406  390  374  353  333  320  310
  302  298  297  296  296  290  282  272  264  254  246  241  238  236  237  241
  249  260  275  297  319  339  358  376  390  398  400  401  403  407  415  427
  445  461  472  480  490  499  507  514  519
    37.5-180.0 180.0   5.0 450.0                            LAT/LON1/LON2/DLON/H
  544  550  555  554  548  539  531  517  503  485  470  451  438  426  410  399
  391  395  407  423  434  440  441  438  427  414  397  379  357  338  324  317
  313  314  317  319  322  314  303  292  281  271  263  260  261  257  255  254
  256  264  278  299  321  340  360  378  393  402  406  409  412  418  428  443
  464  483  495  503  515  524  533  540  544
    35.0-180.0 180.0   5.0 450.0                            LAT/LON1/LON2/DLON/H
  568  572  575  575  572  570  559  550  543  532  514  494  479  463  445  431
  417  419  429  444  452  455  453  448  435  420  403  384  365  346  333  328
  328  332  337  343  347  338  325  312  302  293  287  286  284  276  269  265
  263  267  279  299  319  338  356  374  390  402  409  413  418  424  436  453
  478  501  516  526  539  549  558  566  568
    32.5-180.0 180.0   5.0 450.0                            LAT/LON1/LON2/DLON/H
  592  593  592  592  592  596  586  582  577  575  560  544  526  506  485  469
  450  446  454  465  470  472  466  458  440  421  405  390  372  356  344  341
  342  347  354  362  366  354  340  330  320  315  311  309  303  293  284  276
  268  269  279  295  313  330  348  366  382  395  404  410  415  424  438  457
  482  509  529  545  558  572  583  591  592
    30.0-180.0 180.0   5.0 450.0                            LAT/LON1/LON2/DLON/H
  619  619  615  612  616  616  607  613  613  610  608  594  577  554  528  509
  485  475  479  482  484  483  476  462  444  425  408  394  378  365  356  350
  351  354  360  366  368  358  347  337  329  329  326  322  313  305  296  284
  272  270  276  287  300  317  334  352  367  381  391  400  407  418  434  453
  477  507  534  556  574  592  608  617  619
    27.5-180.0 180.0   5.0 450.0                            LAT/LON1/LON2/DLON/H
  650  650  645  640  640  639  638  642  649  652  652  641  626  605  577  549
  520  503  501  494  492  489  479  460  444  428  410  396  380  368  358  352
  351  350  352  353  352  347  341  332  332  334  333  329  318  306  298  284
  270  269  270  275  285  301  316  333  349  363  373  385  396  410  426  447
  472  502  532  559  583  608  629  642  650
    25.0-180.0 180.0   5.0 450.0                            LAT/LON1/LON2/DLON/H
  677  680  677  672  668  665  666  673  685  692  693  683  672  649  623  588
  553  530  518  507  501  494  480  458  443  427  408  393  377  361  350  342
  341  337  330  327  323  320  321  321  327  333  335  327  315  301  292  277
  263  261  259  259  265  280  296  313  330  345  357  369  382  397  416  440
  469  502  528  557  585  615  643  665  677
    22.5-180.0 180.0   5.0 450.0                            LAT/LON1/LON2/DLON/H
  698  710  709  706  701  697  695  703  715  723  723  717  707  691  663  626
  582  553  535  523  513  499  479  457  443  423  398  383  372  351  336  326
  323  315  304  292  287  282  289  297  312  324  324  314  302  291  280  267
  254  248  245  242  246  259  277  296  314  330  346  358  371  388  407  434
  464  496  522  553  584  617  649  676  698
    20.0-180.0 180.0   5.0 450.0                            LAT/LON1/LON2/DLON/H
  712  735  745  746  737  729  728  731  739  748  747  742  736  723  694  656
  610  576  551  535  519  497  471  450  438  411  388  371  358  344  322  308
  302  294  276  251  246  242  254  270  287  300  301  291  281  273  265  255
  244  236  229  223  225  238  259  282  302  322  342  357  371  386  406  434
  464  495  522  553  584  618  649  680  712
    17.5-180.0 180.0   5.0 450.0                            LAT/LON1/LON2/DLON/H
  714  748  772  779  770  761  757  759  762  768  767  758  753  742  715  676
  635  599  566  539  516  487  457  432  419  393  373  356  336  325  308  286
  275  266  240  209  205  207  222  242  258  266  267  261  257  252  247  242
  232  222  211  202  205  219  242  269  296  320  342  362  378  395  417  445
  473  503  528  556  586  619  648  680  714
    15.0-180.0 180.0   5.0 450.0                            LAT/LON1/LON2/DLON/H
  707  745  777  791  791  783  780  781  784  786  784  774  765  752  728  690
  651  614  579  545  512  474  436  404  383  361  341  317  293  283  272  254
  231  225  195  174  172  180  196  215  235  240  237  234  231  230  231  229
  220  208  193  180  183  197  226  262  294  322  343  367  388  407  432  461
  489  517  541  565  590  618  647  672  707
    12.5-180.0 180.0   5.0 450.0                            LAT/LON1/LON2/DLON/H
  696  733  763  787  793  791  789  793  796  797  795  788  775  758  731  699
  663  627  592  552  507  458  412  374  342  315  295  269  247  234  223  213
  200  192  173  162  163  171  187  204  217  217  212  211  210  214  219  219
  211  194  174  159  162  180  214  254  291  325  350  373  396  420  448  478
  509  537  560  582  601  622  646  669  696
    10.0-180.0 180.0   5.0 450.0                            LAT/LON1/LON2/DLON/H
  687  718  749  773  782  784  787  790  796  796  794  789  777  756  730  704
  675  643  604  557  502  442  390  344  300  269  252  230  210  195  187  184
  179  178  171  165  168  176  189  204  211  204  199  197  197  203  210  209
  200  179  155  139  141  163  201  246  288  326  356  381  405  432  464  496
  529  561  585  607  622  637  652  667  687
     7.5-180.0 180.0   5.0 450.0                            LAT/LON1/LON2/DLON/H
  687  708  733  753  760  766  771  778  783  785  784  780  768  746  724  703
  681  651  612  556  491  425  367  311  265  238  228  210  191  180  180  183
  187  192  194  185  192  193  207  221  218  204  193  189  190  197  202  197
  184  163  138  125  125  148  188  234  283  325  358  387  414  444  477  512
  550  587  614  638  651  663  668  675  687
     5.0-180.0 180.0   5.0 450.0                            LAT/LON1/LON2/DLON/H
  697  711  727  739  743  746  751  756  759  762  764  759  747  728  709  691
  673  646  607  548  476  405  338  284  244  237  229  212  199  195  201  209
  222  231  235  221  231  223  240  249  238  213  192  181  183  188  188  186
  168  149  127  114  114  137  176  224  273  319  356  390  420  453  489  527
  566  610  645  671  685  694  694  692  697
     2.5-180.0 180.0   5.0 450.0                            LAT/LON1/LON2/DLON/H
  720  728  738  742  739  736  734  733  729  730  734  731  721  705  689  672
  655  631  593  534  460  385  315  265  242  269  260  234  230  237  243  252
  268  283  287  268  278  260  277  279  255  221  190  174  177  178  178  171
  157  139  121  107  109  132  169  214  261  305  345  383  420  456  493  532
  576  629  676  701  718  725  724  719  720
