DORISInput/IGSGIM/2024/IGS0OPSFIN_20241560000_01D_02H_GIM.INX
     1.0            IONOSPHERE MAPS     MIX                 IONEX VERSION / TYPE
cmpcmb v1.2          GRL/UWM            24-jun-24 16:03     PGM / RUN BY / DATE 
ionex file containing IGS COMBINED Ionosphere maps          COMMENT             
global ionosphere maps for day 156, 2024                    DESCRIPTION         
IONEX file containing the COMBINED IGS TEC MAPS and DCBs    DESCRIPTION         
      IONEX files of the following IAACs were combined: cod DESCRIPTION         
                                                        jpl DESCRIPTION         
                                                        upc DESCRIPTION         
Contact address: Andrzej Krankowski                         DESCRIPTION
                 Geodynamics Research Laboratory            DESCRIPTION
                 University of Warmia and Mazury (GRL/UWM)  DESCRIPTION
                 Oczapowski St. 1                           DESCRIPTION
                 10-957-Olsztyn, POLAND                     DESCRIPTION
                 e-mail:  kand@uwm.edu.pl                   DESCRIPTION
                                                            DESCRIPTION         
  2024     6     4     0     0     0                        EPOCH OF FIRST MAP  
  2024     6     5     0     0     0                        EPOCH OF LAST MAP   
  7200                                                      INTERVAL            
    13                                                      # OF MAPS IN FILE   
  COSZ                                                      MAPPING FUNCTION    
     0.0                                                    ELEVATION CUTOFF    
combined TEC calculated as weighted mean of input TEC valuesOBSERVABLES USED    
   335                                                      # OF STATIONS       
    32                                                      # OF SATELLITES     
  6371.0                                                    BASE RADIUS         
     2                                                      MAP DIMENSION       
   450.0 450.0   0.0                                        HGT1 / HGT2 / DHGT  
    87.5 -87.5  -2.5                                        LAT1 / LAT2 / DLAT  
  -180.0 180.0   5.0                                        LON1 / LON2 / DLON  
    -1                                                      EXPONENT            
TEC values in 0.1 tec units;  9999, if no value available   COMMENT             
DCB values in nanoseconds, reference is Sum_of_SatDCBs = 0  COMMENT             
                                                            END OF HEADER       
[from data line 3003]
     8                                                      START OF TEC MAP    
  2024     6     4    14     0     0                        EPOCH OF CURRENT MAP
    87.5-180.0 180.0   5.0 450.0                            LAT/LON1/LON2/DLON/H
  204  204  204  203  203  203  203  204  204  204  205  205  205  205  206  206
  207  207  207  207  208  208  208  209  209  209  209  210  210  210  211  212
  212  212  213  214  214  214  214  214  215  216  216  217  217  217  217  217
  217  217  217  217  217  216  215  215  214  213  212  212  211  210  210  209
  208  207  207  206  206  206  205  204  204
    85.0-180.0 180.0   5.0 450.0                            LAT/LON1/LON2/DLON/H
  195  195  195  194  195  195  196  198  199  201  202  203  204  205  206  207
  208  208  208  208  208  209  209  209  210  210  211  213  212  213  215  216
  217  218  219  220  221  221  222  223  223  224  225  225  226  226  227  227
  227  228  227  228  228  227  226  225  224  221  220  218  216  214  213  211
  209  207  205  202  200  200  197  196  195
    82.5-180.0 180.0   5.0 450.0                            LAT/LON1/LON2/DLON/H
  187  186  187  187  189  191  193  195  197  199  200  201  203  204  205  206
  208  209  210  210  211  211  211  211  212  213  213  214  216  218  219  220
  221  223  224  226  226  227  228  228  230  230  233  233  234  236  237  238
  239  239  239  240  240  240  239  237  236  234  231  228  225  221  219  214
  209  205  202  198  194  191  190  188  187
    80.0-180.0 180.0   5.0 450.0                            LAT/LON1/LON2/DLON/H
  182  182  183  184  185  188  191  193  195  199  201  202  204  205  207  208
  209  210  211  212  212  213  212  211  213  216  218  218  219  220  221  223
  225  227  229  230  232  234  236  237  236  238  238  239  241  243  246  247
  249  251  252  253  254  254  253  252  250  248  244  240  235  231  226  219
  212  205  201  195  191  188  186  184  182
    77.5-180.0 180.0   5.0 450.0                            LAT/LON1/LON2/DLON/H
  182  181  182  184  187  190  192  195  196  198  199  199  201  204  204  205
  206  206  208  210  212  212  214  214  216  218  220  220  222  224  226  228
  230  232  233  235  236  237  238  239  240  241  242  244  246  248  251  255
  258  261  263  265  266  266  266  266  264  261  257  252  247  241  234  224
  216  209  203  197  193  189  186  184  182
    75.0-180.0 180.0   5.0 450.0                            LAT/LON1/LON2/DLON/H
  184  184  186  188  188  190  191  192  193  193  194  196  198  200  201  203
  205  207  207  207  210  211  213  213  215  216  219  220  222  225  228  231
  235  237  238  238  239  240  239  240  241  242  244  246  249  252  256  260
  265  269  272  274  276  277  277  276  274  272  268  263  256  249  241  233
  224  214  208  202  198  194  191  188  184
    72.5-180.0 180.0   5.0 450.0                            LAT/LON1/LON2/DLON/H
  188  188  190  190  190  191  192  192  193  194  194  194  196  197  199  200
  201  202  204  206  209  208  210  212  213  215  218  220  223  226  229  233
  235  238  240  241  241  241  242  242  243  245  247  250  253  257  260  265
  270  275  278  280  283  284  284  283  281  278  274  269  263  257  250  241
  233  224  218  211  205  200  195  191  188
    70.0-180.0 180.0   5.0 450.0                            LAT/LON1/LON2/DLON/H
  194  193  194  194  195  196  196  196  196  196  194  194  195  197  197  197
  199  201  202  204  205  207  209  210  213  215  217  219  223  226  230  233
  237  239  241  242  243  243  243  244  246  248  251  254  258  262  265  269
  273  277  279  282  284  286  286  285  282  279  277  272  268  263  255  248
  241  233  227  221  213  207  201  196  194
    67.5-180.0 180.0   5.0 450.0                            LAT/LON1/LON2/DLON/H
  199  199  201  201  202  202  201  201  200  198  196  197  199  198  197  198
  199  200  200  203  204  207  209  211  213  215  217  219  222  226  230  234
  237  240  242  244  244  246  247  249  250  252  255  259  263  266  269  272
  275  277  279  280  281  282  282  281  280  278  276  272  269  265  259  253
  246  240  235  229  222  216  209  203  199
    65.0-180.0 180.0   5.0 450.0                            LAT/LON1/LON2/DLON/H
  206  205  205  207  208  209  208  207  206  204  202  202  202  200  199  199
  200  199  201  203  205  209  211  214  214  216  218  220  223  226  229  234
  238  242  245  246  249  250  251  252  254  257  260  264  267  271  273  275
  276  277  277  277  276  276  276  276  276  274  273  271  268  265  260  255
  251  245  240  235  229  224  215  209  206
    62.5-180.0 180.0   5.0 450.0                            LAT/LON1/LON2/DLON/H
  210  207  206  208  210  213  214  214  212  210  209  208  206  205  203  203
  202  201  203  204  207  210  213  215  216  217  219  220  223  227  231  236
  240  244  247  250  252  253  254  256  258  262  266  270  274  276  278  278
  278  276  276  275  272  272  272  273  273  272  271  270  268  265  261  256
  252  246  243  238  234  226  218  213  210
    60.0-180.0 180.0   5.0 450.0                            LAT/LON1/LON2/DLON/H
  210  205  204  207  211  215  218  219  219  216  215  213  212  211  210  207
  205  203  204  206  208  210  214  215  216  218  219  222  225  230  233  239
  245  249  252  255  257  258  260  261  264  267  272  276  280  283  284  283
  281  279  276  274  272  271  271  273  274  273  273  272  270  266  261  256
  251  246  243  238  233  225  217  213  210
    57.5-180.0 180.0   5.0 450.0                            LAT/LON1/LON2/DLON/H
  206  201  200  203  209  216  220  222  223  221  219  218  216  217  216  214
  211  209  207  207  208  211  213  214  216  218  220  224  229  235  240  246
  252  256  260  264  265  267  268  269  271  274  279  284  288  290  291  288
  287  283  281  278  276  275  275  278  279  279  279  277  273  268  262  255
  248  244  242  237  232  223  218  212  206
    55.0-180.0 180.0   5.0 450.0                            LAT/LON1/LON2/DLON/H
  201  196  194  197  203  212  218  222  225  224  223  222  222  224  224  223
  220  216  211  209  208  210  212  213  216  219  222  228  234  242  248  256
  261  267  271  275  278  278  278  279  279  283  288  293  296  299  298  296
  294  291  288  286  284  284  285  288  290  290  289  285  280  273  264  255
  248  242  240  234  229  223  215  208  201
    52.5-180.0 180.0   5.0 450.0                            LAT/LON1/LON2/DLON/H
  197  190  188  188  195  204  214  221  226  226  226  226  229  232  235  234
  230  224  217  212  210  211  212  214  218  221  226  234  240  250  258  267
  274  280  285  290  292  293  293  292  292  295  300  302  305  306  306  304
  302  300  299  297  296  297  299  302  304  303  302  298  291  282  269  259
  251  244  240  235  228  222  214  204  197
    50.0-180.0 180.0   5.0 450.0                            LAT/LON1/LON2/DLON/H
  195  186  180  180  186  198  210  221  226  228  228  229  234  240  245  247
  243  235  224  216  213  213  215  218  221  226  233  242  250  261  271  279
  286  294  301  306  309  310  309  309  308  310  313  315  316  317  315  313
  311  309  309  309  310  313  315  317  318  317  315  311  302  292  278  266
  258  251  247  240  232  223  214  204  195
    47.5-180.0 180.0   5.0 450.0                            LAT/LON1/LON2/DLON/H
  195  184  175  173  181  192  206  219  226  229  229  232  239  247  256  261
  256  247  232  223  220  221  223  226  230  235  243  254  264  275  284  293
  299  308  317  323  329  332  331  330  329  329  329  329  329  328  326  323
  321  321  323  323  324  326  327  328  329  328  325  321  313  304  291  280
  272  264  259  248  238  229  218  207  195
    45.0-180.0 180.0   5.0 450.0                            LAT/LON1/LON2/DLON/H
  199  187  176  172  177  188  202  216  226  230  231  235  244  256  268  274
  272  260  245  234  231  233  237  241  245  251  259  271  281  290  298  306
  314  326  337  348  354  358  358  357  355  353  351  348  347  344  341  339
  337  339  340  340  339  339  337  335  334  333  331  328  324  319  309  300
  291  282  276  261  250  238  225  212  199
    42.5-180.0 180.0   5.0 450.0                            LAT/LON1/LON2/DLON/H
  208  193  180  174  177  185  198  212  224  230  233  240  252  267  281  290
  288  275  259  249  247  251  256  261  266  273  281  292  301  307  315  323
  333  348  363  375  385  390  388  388  386  384  380  374  371  366  360  358
  357  359  360  360  356  352  347  340  336  335  334  334  334  333  328  322
  313  304  297  280  264  249  236  223  208
    40.0-180.0 180.0   5.0 450.0                            LAT/LON1/LON2/DLON/H
  223  206  191  182  179  184  195  208  223  232  238  247  262  280  298  309
  307  294  276  268  267  273  280  287  292  300  307  317  325  332  338  344
  359  378  398  411  424  428  429  426  424  420  415  409  402  395  387  383
  383  382  380  379  374  366  356  347  341  337  337  341  346  347  346  342
  336  325  316  299  281  264  250  237  223
    37.5-180.0 180.0   5.0 450.0                            LAT/LON1/LON2/DLON/H
  239  223  205  192  186  185  193  207  223  235  246  258  276  297  318  330
  329  316  298  291  292  299  308  316  321  329  337  345  351  359  366  378
  396  422  443  457  469  472  473  468  466  464  452  446  439  430  420  413
  409  407  403  400  393  383  369  357  349  345  346  353  360  366  364  362
  356  344  335  316  298  280  265  253  239
    35.0-180.0 180.0   5.0 450.0                            LAT/LON1/LON2/DLON/H
  258  240  222  207  196  190  193  204  221  240  256  273  294  319  341  355
  355  342  325  319  320  329  339  348  352  360  369  377  383  389  400  418
  443  472  494  512  522  519  518  515  513  506  495  490  479  469  457  448
  442  436  429  424  415  402  388  374  365  360  362  369  377  384  383  380
  373  363  352  330  313  296  281  271  258
    32.5-180.0 180.0   5.0 450.0                            LAT/LON1/LON2/DLON/H
  278  262  244  227  210  199  196  202  219  240  263  286  312  341  365  381
  383  372  356  351  352  360  370  380  382  391  403  410  416  422  441  466
  497  532  557  574  579  578  568  563  557  550  540  532  520  506  492  485
  476  466  457  449  439  426  413  401  391  386  386  390  396  397  396  392
  385  374  363  341  323  308  296  289  278
    30.0-180.0 180.0   5.0 450.0                            LAT/LON1/LON2/DLON/H
  298  285  269  251  230  213  204  206  217  241  268  296  326  357  384  403
  409  401  390  385  386  393  402  410  413  421  433  444  452  461  484  518
  557  596  621  640  643  637  618  607  595  590  577  569  556  540  523  514
  504  497  489  477  467  454  444  433  423  416  413  412  412  407  401  393
  386  376  364  344  326  313  307  304  298
    27.5-180.0 180.0   5.0 450.0                            LAT/LON1/LON2/DLON/H
  313  307  294  277  254  234  222  216  220  238  268  301  334  369  399  420
  429  427  420  417  420  427  433  436  439  449  462  476  489  506  534  571
  619  658  691  710  711  697  666  650  635  621  607  598  588  573  554  543
  534  527  519  507  492  480  474  464  452  443  434  426  419  410  397  384
  375  366  355  341  325  314  311  313  313
    25.0-180.0 180.0   5.0 450.0                            LAT/LON1/LON2/DLON/H
  320  318  312  297  277  257  241  230  227  240  269  305  338  376  408  429
  442  447  446  447  452  457  461  460  465  477  492  510  528  550  583  625
  678  724  753  775  764  743  711  691  674  651  630  617  612  601  585  573
  566  557  545  529  510  498  494  483  469  460  448  430  416  404  389  374
  358  347  337  327  316  309  310  315  320
    22.5-180.0 180.0   5.0 450.0                            LAT/LON1/LON2/DLON/H
  316  321  317  307  292  275  261  248  240  247  271  306  343  379  409  431
  447  460  465  470  475  479  480  482  493  508  526  544  569  593  627  672
  726  774  800  811  798  773  741  714  692  675  644  630  630  625  612  601
  594  586  569  545  519  504  498  481  472  463  448  427  409  391  375  357
  336  324  315  305  300  297  299  305  316
    20.0-180.0 180.0   5.0 450.0                            LAT/LON1/LON2/DLON/H
  299  308  312  306  297  286  273  262  255  256  276  307  342  377  406  427
  446  464  474  483  488  491  495  504  519  540  561  584  606  635  665  707
  757  797  817  816  798  775  744  714  690  677  651  642  647  649  637  622
  616  605  586  555  518  495  481  465  459  447  430  410  388  365  349  331
  311  297  290  282  277  278  280  286  299
    17.5-180.0 180.0   5.0 450.0                            LAT/LON1/LON2/DLON/H
  274  285  296  294  290  286  279  272  265  265  280  308  340  373  400  423
  442  462  477  489  497  501  509  523  544  572  597  623  648  673  694  727
  769  796  808  803  779  753  728  703  681  666  656  654  656  660  653  644
  636  622  596  555  508  475  455  444  435  419  401  382  362  338  326  310
  294  279  272  264  259  257  258  263  274
    15.0-180.0 180.0   5.0 450.0                            LAT/LON1/LON2/DLON/H
  252  263  272  274  274  277  276  272  268  268  282  306  336  369  396  419
  439  457  474  488  500  509  520  539  567  600  630  659  684  706  718  736
  765  783  784  780  756  730  709  686  676  665  660  659  662  661  655  657
  653  634  598  547  494  453  429  414  405  391  375  360  343  325  311  296
  281  266  258  250  244  240  240  244  252
    12.5-180.0 180.0   5.0 450.0                            LAT/LON1/LON2/DLON/H
  239  246  252  254  256  262  266  263  261  264  277  301  331  361  391  412
  433  450  468  484  499  512  528  554  588  624  657  686  709  725  731  739
  754  765  763  754  736  715  698  684  673  667  664  663  662  658  655  666
  662  636  592  536  479  436  411  393  385  375  363  348  335  321  306  288
  271  258  250  241  235  227  227  232  239
    10.0-180.0 180.0   5.0 450.0                            LAT/LON1/LON2/DLON/H
  234  238  241  240  242  246  251  251  249  254  265  292  324  354  382  406
  426  444  463  481  496  513  534  567  606  645  677  703  722  733  736  740
  745  749  746  736  721  706  697  690  682  676  670  668  664  656  655  664
  658  629  582  528  470  432  410  395  391  387  375  360  348  329  310  289
  270  258  249  239  231  225  223  226  234
     7.5-180.0 180.0   5.0 450.0                            LAT/LON1/LON2/DLON/H
  234  237  235  230  228  229  234  237  239  242  256  280  314  349  378  402
  424  443  462  478  496  517  542  580  623  663  691  713  726  734  739  741
  741  741  739  730  720  712  710  705  698  687  676  670  658  648  645  646
  638  615  573  528  480  449  431  425  428  428  421  403  382  352  323  302
  283  268  258  246  236  229  226  228  234
     5.0-180.0 180.0   5.0 450.0                            LAT/LON1/LON2/DLON/H
  235  235  231  222  217  216  219  223  226  230  243  268  304  342  377  405
  428  444  461  479  498  523  553  593  636  674  699  714  722  730  738  741
  742  740  738  736  735  731  729  720  710  693  676  659  641  628  623  620
  610  595  569  536  508  484  481  483  490  495  488  467  436  390  345  322
  305  286  277  263  253  243  235  233  235
     2.5-180.0 180.0   5.0 450.0                            LAT/LON1/LON2/DLON/H
  236  233  227  216  209  206  206  208  211  215  227  253  289  332  373  407
  432  447  462  480  502  530  563  606  646  679  701  709  712  720  729  735
  740  739  740  746  750  750  742  726  709  685  656  635  614  600  592  586
  580  569  558  547  538  529  536  541  559  566  555  528  487  430  368  345
  332  307  300  288  275  258  246  239  236
