DORISInput/IGSGIM/2024/IGS0OPSFIN_20241400000_01D_02H_GIM.INX
     1.0            IONOSPHERE MAPS     MIX                 IONEX VERSION / TYPE
cmpcmb v1.2          GRL/UWM             5-jun-24 16:17     PGM / RUN BY / DATE 
ionex file containing IGS COMBINED Ionosphere maps          COMMENT             
global ionosphere maps for day 140, 2024                    DESCRIPTION         
IONEX file containing the COMBINED IGS TEC MAPS and DCBs    DESCRIPTION         
      IONEX files of the following IAACs were combined: cod DESCRIPTION         
                                                        jpl DESCRIPTION         
                                                        upc DESCRIPTION         
Contact address: Andrzej Krankowski                         DESCRIPTION
                 Geodynamics Research Laboratory            DESCRIPTION
                 University of Warmia and Mazury (GRL/UWM)  DESCRIPTION
                 Oczapowski St. 1                           DESCRIPTION
                 10-957-Olsztyn, POLAND                     DESCRIPTION
                 e-mail:  kand@uwm.edu.pl                   DESCRIPTION
                                                            DESCRIPTION         
  2024     5    19     0     0     0                        EPOCH OF FIRST MAP  
  2024     5    20     0     0     0                        EPOCH OF LAST MAP   
  7200                                                      INTERVAL            
    13                                                      # OF MAPS IN FILE   
  COSZ                                                      MAPPING FUNCTION    
     0.0                                                    ELEVATION CUTOFF    
combined TEC calculated as weighted mean of input TEC valuesOBSERVABLES USED    
   336                                                      # OF STATIONS       
    32                                                      # OF SATELLITES     
  6371.0                                                    BASE RADIUS         
     2                                                      MAP DIMENSION       
   450.0 450.0   0.0                                        HGT1 / HGT2 / DHGT  
    87.5 -87.5  -2.5                                        LAT1 / LAT2 / DLAT  
  -180.0 180.0   5.0                                        LON1 / LON2 / DLON  
    -1                                                      EXPONENT            
TEC values in 0.1 tec units;  9999, if no value available   COMMENT             
DCB values in nanoseconds, reference is Sum_of_SatDCBs = 0  COMMENT             
                                                            END OF HEADER       
[from data line 3003]
     8                                                      START OF TEC MAP    
  2024     5    19    14     0     0                        EPOCH OF CURRENT MAP
    87.5-180.0 180.0   5.0 450.0                            LAT/LON1/LON2/DLON/H
  259  260  260  261  261  262  263  263  264  264  265  265  266  266  266  266
  266  265  264  264  263  262  261  260  259  258  256  255  254  252  251  249
  248  247  246  244  244  243  242  242  242  241  242  242  243  243  244  245
  246  247  248  248  249  250  251  252  253  254  254  255  256  256  256  256
  257  257  257  257  257  257  258  258  259
    85.0-180.0 180.0   5.0 450.0                            LAT/LON1/LON2/DLON/H
  258  259  260  260  261  262  263  264  266  266  268  269  270  270  270  272
  274  274  276  276  274  272  269  267  264  261  259  256  253  251  248  245
  242  238  236  233  231  229  228  227  227  227  227  228  229  231  233  235
  238  241  244  247  249  252  254  256  258  260  261  261  262  261  261  260
  259  258  258  257  257  258  258  258  258
    82.5-180.0 180.0   5.0 450.0                            LAT/LON1/LON2/DLON/H
  248  249  250  252  253  256  258  261  264  266  269  271  273  274  276  276
  276  276  275  274  276  278  275  272  268  266  264  261  257  253  249  245
  242  237  233  229  225  222  219  217  217  217  217  219  221  224  228  232
  236  242  247  252  257  261  266  269  271  273  274  274  273  271  268  266
  263  260  257  255  254  252  250  250  248
    80.0-180.0 180.0   5.0 450.0                            LAT/LON1/LON2/DLON/H
  237  237  239  241  244  247  251  255  259  262  266  269  272  274  277  278
  278  279  278  277  275  273  277  278  276  274  271  269  266  262  257  254
  248  244  238  233  228  223  219  215  213  212  213  215  219  224  228  235
  242  249  257  264  272  278  283  288  291  292  292  290  287  283  278  273
  267  262  256  252  248  244  240  238  237
    77.5-180.0 180.0   5.0 450.0                            LAT/LON1/LON2/DLON/H
  225  224  228  231  233  235  239  242  246  251  256  261  266  269  272  273
  273  274  275  277  285  283  279  278  278  279  280  280  278  277  273  270
  264  260  255  249  242  234  229  224  220  218  218  220  224  230  237  245
  254  263  273  282  291  298  303  308  311  311  310  306  300  294  286  278
  270  262  254  248  241  235  230  226  225
    75.0-180.0 180.0   5.0 450.0                            LAT/LON1/LON2/DLON/H
  212  214  216  218  219  222  224  229  233  238  245  249  251  254  255  257
  259  261  262  265  271  275  280  284  289  293  296  300  299  301  301  297
  294  289  283  275  267  257  248  241  236  233  232  233  237  243  251  260
  270  280  291  301  310  316  321  325  326  325  322  316  309  300  290  280
  270  260  251  242  234  226  219  215  212
    72.5-180.0 180.0   5.0 450.0                            LAT/LON1/LON2/DLON/H
  206  207  208  208  208  209  214  218  222  226  231  233  235  239  241  241
  241  241  246  253  264  272  280  287  298  304  315  318  327  332  331  330
  329  324  317  309  299  289  277  269  261  257  255  257  259  264  271  279
  288  298  309  317  324  330  332  334  333  330  325  317  308  297  285  274
  264  254  245  234  227  219  213  208  206
    70.0-180.0 180.0   5.0 450.0                            LAT/LON1/LON2/DLON/H
  204  203  203  202  202  205  208  211  214  217  219  221  225  228  227  227
  227  230  236  242  254  266  276  288  300  315  324  337  346  352  358  359
  356  354  350  344  335  322  313  303  295  290  288  286  289  293  297  303
  309  317  322  328  333  335  336  333  330  324  316  307  296  284  272  261
  251  242  234  225  219  213  209  206  204
    67.5-180.0 180.0   5.0 450.0                            LAT/LON1/LON2/DLON/H
  201  199  201  200  200  202  205  208  207  210  213  215  218  217  219  219
  221  224  227  232  247  259  269  285  300  317  330  344  355  364  371  374
  374  373  371  368  361  354  345  336  329  325  324  321  322  323  326  325
  330  329  333  332  332  331  328  324  317  309  298  287  276  263  251  240
  232  225  221  214  211  207  205  202  201
    65.0-180.0 180.0   5.0 450.0                            LAT/LON1/LON2/DLON/H
  197  197  198  198  199  199  203  206  206  208  210  212  213  212  214  217
  219  221  223  228  240  252  263  280  298  314  329  343  353  363  370  376
  381  384  385  384  380  374  367  361  358  355  355  356  356  355  353  349
  345  340  335  330  325  321  315  308  298  288  275  262  248  235  224  214
  209  205  204  202  201  198  198  197  197
    62.5-180.0 180.0   5.0 450.0                            LAT/LON1/LON2/DLON/H
  190  192  192  194  196  198  201  205  207  209  211  212  213  212  214  217
  219  220  222  226  234  245  258  274  291  307  321  333  344  353  362  372
  379  385  389  390  388  385  380  378  378  379  381  383  382  380  376  366
  355  345  334  325  316  309  300  292  280  268  253  238  223  210  197  191
  186  185  188  188  188  187  188  188  190
    60.0-180.0 180.0   5.0 450.0                            LAT/LON1/LON2/DLON/H
  180  182  183  185  188  191  196  203  207  210  213  214  214  216  217  219
  220  221  222  225  230  239  251  265  282  296  308  319  331  341  353  365
  374  383  390  392  392  390  389  389  392  397  401  403  402  398  390  377
  363  349  337  324  311  302  292  283  270  257  242  226  210  195  182  175
  171  172  178  177  177  177  178  179  180
    57.5-180.0 180.0   5.0 450.0                            LAT/LON1/LON2/DLON/H
  168  169  170  171  175  181  189  197  205  210  215  217  217  219  221  223
  223  224  225  225  227  233  243  256  270  281  294  306  318  330  345  360
  373  383  392  395  397  396  397  399  404  409  414  416  415  410  400  386
  370  355  341  327  316  307  297  286  273  259  245  230  214  198  183  171
  167  167  171  170  170  169  168  168  168
    55.0-180.0 180.0   5.0 450.0                            LAT/LON1/LON2/DLON/H
  157  156  155  156  160  168  179  190  202  211  217  219  221  221  224  225
  227  228  227  226  225  228  235  245  256  269  281  295  310  324  345  364
  379  389  398  402  405  406  407  409  415  420  425  427  424  419  408  394
  379  363  349  339  330  322  314  303  291  279  265  251  234  217  199  183
  177  174  176  174  169  166  162  160  157
    52.5-180.0 180.0   5.0 450.0                            LAT/LON1/LON2/DLON/H
  151  147  144  142  146  156  170  184  198  210  217  221  223  223  225  229
  231  232  231  227  224  224  228  237  246  260  273  288  307  326  350  373
  389  402  410  416  419  421  423  425  428  433  438  438  434  427  417  404
  390  374  363  355  349  342  336  326  318  307  297  283  266  246  229  210
  199  193  191  185  177  169  163  157  151
    50.0-180.0 180.0   5.0 450.0                            LAT/LON1/LON2/DLON/H
  154  146  139  136  138  148  164  179  196  211  219  222  223  224  228  234
  237  239  236  232  226  223  225  232  242  255  270  289  310  335  363  387
  406  420  429  436  440  442  444  446  448  450  452  449  444  436  426  415
  402  389  381  375  370  364  358  350  344  337  328  317  301  282  262  241
  225  217  211  201  191  182  172  162  154
    47.5-180.0 180.0   5.0 450.0                            LAT/LON1/LON2/DLON/H
  164  154  145  139  139  147  161  177  195  211  220  224  224  227  232  240
  247  250  246  240  232  228  228  234  243  256  274  296  322  348  377  405
  425  443  455  460  467  469  472  471  473  473  469  463  456  448  438  427
  416  407  399  395  392  386  378  370  364  357  349  339  326  308  289  267
  250  239  231  220  210  199  187  175  164
    45.0-180.0 180.0   5.0 450.0                            LAT/LON1/LON2/DLON/H
  181  170  159  151  148  151  161  177  196  214  224  228  228  232  240  253
  263  266  260  252  244  238  237  243  251  265  286  311  339  369  396  425
  447  467  480  489  496  501  503  503  503  500  492  483  473  463  453  442
  431  424  416  412  408  400  389  379  371  364  353  343  332  317  299  283
  268  256  248  238  228  217  205  193  181
    42.5-180.0 180.0   5.0 450.0                            LAT/LON1/LON2/DLON/H
  199  189  178  168  161  160  166  179  199  216  229  235  236  241  254  272
  285  288  281  271  261  255  254  258  267  281  300  330  360  393  419  444
  467  491  508  519  528  534  540  540  539  534  520  507  495  483  470  460
  447  439  431  426  418  406  392  378  366  354  342  333  323  309  296  286
  276  268  261  251  242  232  221  211  199
    40.0-180.0 180.0   5.0 450.0                            LAT/LON1/LON2/DLON/H
  215  206  195  185  176  171  172  183  201  220  235  243  249  257  275  297
  312  316  308  296  285  279  279  282  290  302  321  354  387  415  444  467
  491  515  535  551  563  573  578  582  582  573  559  540  523  509  494  480
  465  456  447  438  425  411  393  377  359  343  330  320  309  298  290  283
  279  273  269  258  252  245  235  225  215
    37.5-180.0 180.0   5.0 450.0                            LAT/LON1/LON2/DLON/H
  225  216  207  197  186  178  177  185  203  225  242  254  265  279  302  329
  348  350  340  328  317  312  313  315  319  331  348  379  413  441  470  493
  517  544  569  587  603  615  623  631  631  620  603  579  562  540  526  508
  491  479  469  457  441  425  405  386  365  348  332  320  308  299  295  291
  289  284  280  269  262  254  245  234  225
    35.0-180.0 180.0   5.0 450.0                            LAT/LON1/LON2/DLON/H
  227  219  210  203  192  182  178  185  203  228  251  270  286  307  334  365
  387  391  380  368  358  354  356  356  356  366  382  409  443  470  497  519
  548  577  606  628  647  663  674  684  684  673  653  629  605  581  563  545
  527  517  504  490  474  456  437  418  397  379  363  347  333  324  321  320
  318  310  303  288  276  264  252  239  227
    32.5-180.0 180.0   5.0 450.0                            LAT/LON1/LON2/DLON/H
  228  216  208  201  192  183  177  183  201  228  257  283  308  337  370  407
  429  435  426  416  406  405  406  404  400  409  424  448  477  504  530  553
  584  616  647  677  699  715  734  750  745  726  709  682  654  632  610  593
  575  566  558  544  527  513  498  485  465  445  428  412  397  386  379  376
  367  354  342  321  304  283  261  244  228
    30.0-180.0 180.0   5.0 450.0                            LAT/LON1/LON2/DLON/H
  230  216  205  198  191  182  176  179  195  224  260  294  327  365  406  446
  470  480  474  464  458  459  461  459  450  458  472  495  519  545  568  597
  628  664  698  728  749  765  793  814  807  800  772  733  707  684  666  651
  635  633  631  619  600  594  587  582  564  543  524  511  495  483  470  464
  444  422  401  369  343  313  282  254  230
    27.5-180.0 180.0   5.0 450.0                            LAT/LON1/LON2/DLON/H
  242  219  205  197  191  185  179  180  193  219  259  304  346  388  434  478
  505  516  513  509  508  511  514  513  503  508  522  544  565  586  614  646
  678  719  754  786  804  824  848  866  863  859  821  777  762  738  726  723
  715  717  718  707  691  681  688  690  677  657  639  627  615  598  580  567
  534  502  475  427  396  358  316  275  242
    25.0-180.0 180.0   5.0 450.0                            LAT/LON1/LON2/DLON/H
  264  233  213  204  197  192  188  186  195  220  261  308  355  404  454  499
  528  542  544  545  549  556  561  559  552  555  570  593  612  635  663  698
  735  777  812  842  857  871  888  895  897  886  841  808  808  792  793  801
  805  809  803  792  775  765  777  778  767  754  739  727  717  701  679  655
  613  575  545  484  456  411  359  308  264
    22.5-180.0 180.0   5.0 450.0                            LAT/LON1/LON2/DLON/H
  292  254  229  216  209  205  200  198  202  222  260  308  358  410  461  508
  540  556  563  570  581  590  595  594  590  596  614  639  662  686  716  752
  793  823  862  888  896  901  909  899  901  889  847  832  841  842  855  873
  881  881  872  847  825  811  811  807  797  790  779  766  757  749  725  692
  645  601  572  527  497  453  403  343  292
    20.0-180.0 180.0   5.0 450.0                            LAT/LON1/LON2/DLON/H
  323  282  253  235  225  220  215  211  209  223  256  303  355  409  459  506
  540  557  569  582  599  609  614  615  617  630  651  678  709  736  770  807
  845  866  891  909  910  911  908  887  884  877  856  855  869  882  902  916
  919  912  894  858  812  781  760  751  747  743  736  729  724  715  694  656
  610  566  545  526  507  477  428  376  323
    17.5-180.0 180.0   5.0 450.0                            LAT/LON1/LON2/DLON/H
  350  306  280  256  241  235  229  222  217  222  250  295  345  398  451  496
  529  548  564  580  600  615  622  629  637  656  680  712  747  779  817  851
  882  897  904  908  901  899  891  869  869  871  858  868  891  910  927  928
  922  906  869  809  741  695  657  639  640  639  638  640  637  623  607  568
  529  493  480  486  484  472  442  395  350
    15.0-180.0 180.0   5.0 450.0                            LAT/LON1/LON2/DLON/H
  367  331  302  276  256  247  240  231  220  221  241  283  333  383  433  477
  510  529  549  569  591  611  624  635  650  675  705  738  777  813  850  878
  899  907  905  901  889  884  875  856  851  852  854  878  902  919  925  920
  904  872  814  730  649  594  545  522  522  523  528  538  539  529  504  470
  438  405  398  416  431  439  429  401  367
    12.5-180.0 180.0   5.0 450.0                            LAT/LON1/LON2/DLON/H
  366  343  321  293  271  259  248  235  221  218  233  268  315  366  412  454
  486  508  530  553  581  603  620  637  660  692  727  764  797  838  868  888
  900  903  901  895  886  877  866  849  838  839  859  886  907  916  913  900
  874  827  752  655  566  505  457  433  431  435  443  454  454  439  418  384
  347  320  314  333  362  386  395  385  366
    10.0-180.0 180.0   5.0 450.0                            LAT/LON1/LON2/DLON/H
  355  345  328  306  283  267  253  237  220  213  224  254  297  345  390  430
  464  489  513  540  572  597  619  643  672  710  750  789  822  855  877  891
  898  901  901  895  890  884  874  857  843  849  870  892  908  911  903  884
  846  789  706  607  517  455  418  402  399  404  415  424  422  405  379  336
  295  269  257  268  300  332  354  359  355
     7.5-180.0 180.0   5.0 450.0                            LAT/LON1/LON2/DLON/H
  340  338  324  306  290  271  254  235  217  207  213  239  279  324  368  409
  445  475  504  536  569  598  624  653  690  733  777  817  847  870  885  895
  897  901  903  901  902  900  894  880  867  872  886  901  909  908  896  873
  834  775  692  598  517  465  443  436  436  441  452  462  458  435  406  356
  300  265  241  243  268  295  319  330  340
     5.0-180.0 180.0   5.0 450.0                            LAT/LON1/LON2/DLON/H
  325  327  314  299  285  269  249  230  212  201  203  225  262  305  350  393
  433  471  504  538  572  604  635  669  711  761  808  844  870  885  895  900
  901  903  908  913  918  921  918  909  900  903  908  913  911  906  895  873
  839  784  707  624  564  530  525  527  528  531  538  548  546  525  489  426
  358  307  270  258  268  286  302  315  325
     2.5-180.0 180.0   5.0 450.0                            LAT/LON1/LON2/DLON/H
  317  315  304  288  272  256  240  225  208  195  196  216  249  292  337  386
  431  473  509  543  578  614  648  687  734  785  833  869  890  901  905  905
  906  908  915  923  931  936  937  932  927  927  923  921  913  906  897  880
  853  805  738  677  640  632  639  650  649  649  655  661  657  636  595  529
  453  385  336  305  295  300  307  314  317
