DORISInput/IGSGIM/2024/IGS0OPSFIN_20241510000_01D_02H_GIM.INX
     1.0            IONOSPHERE MAPS     MIX                 IONEX VERSION / TYPE
cmpcmb v1.2          GRL/UWM            12-jun-24 16:22     PGM / RUN BY / DATE 
ionex file containing IGS COMBINED Ionosphere maps          COMMENT             
global ionosphere maps for day 151, 2024                    DESCRIPTION         
IONEX file containing the COMBINED IGS TEC MAPS and DCBs    DESCRIPTION         
      IONEX files of the following IAACs were combined: cod DESCRIPTION         
                                                        jpl DESCRIPTION         
                                                        upc DESCRIPTION         
Contact address: Andrzej Krankowski                         DESCRIPTION
                 Geodynamics Research Laboratory            DESCRIPTION
                 University of Warmia and Mazury (GRL/UWM)  DESCRIPTION
                 Oczapowski St. 1                           DESCRIPTION
                 10-957-Olsztyn, POLAND                     DESCRIPTION
                 e-mail:  kand@uwm.edu.pl                   DESCRIPTION
                                                            DESCRIPTION         
  2024     5    30     0     0     0                        EPOCH OF FIRST MAP  
  2024     5    31     0     0     0                        EPOCH OF LAST MAP   
  7200                                                      INTERVAL            
    13                                                      # OF MAPS IN FILE   
  COSZ                                                      MAPPING FUNCTION    
     0.0                                                    ELEVATION CUTOFF    
combined TEC calculated as weighted mean of input TEC valuesOBSERVABLES USED    
   334                                                      # OF STATIONS       
    32                                                      # OF SATELLITES     
  6371.0                                                    BASE RADIUS         
     2                                                      MAP DIMENSION       
   450.0 450.0   0.0                                        HGT1 / HGT2 / DHGT  
    87.5 -87.5  -2.5                                        LAT1 / LAT2 / DLAT  
  -180.0 180.0   5.0                                        LON1 / LON2 / DLON  
    -1                                                      EXPONENT            
TEC values in 0.1 tec units;  9999, if no value available   COMMENT             
DCB values in nanoseconds, reference is Sum_of_SatDCBs = 0  COMMENT             
                                                            END OF HEADER       
[from data line 5148]
    13                                                      START OF TEC MAP    
  2024     5    31     0     0     0                        EPOCH OF CURRENT MAP
    87.5-180.0 180.0   5.0 450.0                            LAT/LON1/LON2/DLON/H
  169  170  170  172  172  174  175  175  175  175  177  178  179  179  178  179
  179  178  176  175  172  170  167  166  164  163  163  161  159  157  155  151
  150  148  144  140  139  138  137  136  136  134  134  134  134  134  138  138
  140  141  142  143  145  147  148  150  151  152  154  155  155  157  158  159
  161  162  163  164  165  165  166  167  169
    85.0-180.0 180.0   5.0 450.0                            LAT/LON1/LON2/DLON/H
  175  176  180  183  185  186  187  187  188  187  188  189  190  188  191  192
  193  193  195  198  195  189  182  181  180  177  171  163  156  150  145  142
  139  135  132  128  126  125  121  118  118  116  115  116  117  118  121  122
  126  129  132  135  138  142  146  149  152  155  157  159  161  163  164  166
  166  167  166  166  166  169  170  171  175
    82.5-180.0 180.0   5.0 450.0                            LAT/LON1/LON2/DLON/H
  187  191  192  193  195  197  198  200  200  201  200  200  202  203  205  207
  207  208  208  206  206  206  199  200  189  180  171  173  168  164  159  152
  147  140  135  128  125  119  117  116  115  115  115  115  116  118  120  123
  126  130  134  138  143  147  152  156  160  164  167  169  172  173  174  174
  173  173  172  171  172  174  178  181  187
    80.0-180.0 180.0   5.0 450.0                            LAT/LON1/LON2/DLON/H
  190  192  195  198  203  206  210  210  217  224  226  228  229  230  229  228
  224  220  217  213  208  208  211  205  209  207  198  192  183  174  167  158
  150  142  136  133  130  127  124  120  118  119  121  123  124  127  129  133
  136  141  145  149  154  159  163  168  172  176  179  182  184  185  186  185
  184  183  181  180  182  183  186  189  190
    77.5-180.0 180.0   5.0 450.0                            LAT/LON1/LON2/DLON/H
  188  193  198  203  209  213  219  224  229  232  236  238  236  234  231  229
  227  228  230  228  227  222  211  209  214  210  209  203  193  183  177  171
  165  156  147  139  136  132  132  133  133  134  135  137  140  143  146  148
  151  155  159  164  168  172  175  179  183  186  189  192  194  194  194  193
  192  190  189  188  188  187  187  187  188
    75.0-180.0 180.0   5.0 450.0                            LAT/LON1/LON2/DLON/H
  191  195  200  205  211  217  224  235  240  243  242  239  235  232  229  229
  226  221  223  214  218  209  211  210  210  216  206  204  201  193  184  176
  170  168  167  157  156  147  147  149  151  155  157  159  160  164  165  167
  168  171  174  177  179  182  185  188  190  193  194  197  199  198  197  196
  197  196  196  193  190  187  186  187  191
    72.5-180.0 180.0   5.0 450.0                            LAT/LON1/LON2/DLON/H
  194  197  202  207  212  220  231  239  246  248  248  245  241  233  227  220
  214  212  203  202  200  201  202  204  208  210  205  201  200  196  191  184
  175  172  175  174  174  165  163  162  165  173  178  179  180  182  183  184
  184  185  186  187  189  190  191  193  195  196  198  199  200  201  199  202
  203  201  199  196  192  190  190  192  194
    70.0-180.0 180.0   5.0 450.0                            LAT/LON1/LON2/DLON/H
  200  204  207  211  216  224  234  244  253  257  258  254  244  234  226  216
  207  197  190  185  184  188  191  195  198  201  201  197  196  196  191  186
  180  175  176  174  176  174  174  176  175  181  188  192  193  195  196  196
  196  195  195  194  193  194  195  195  197  198  200  202  203  204  205  206
  206  205  203  201  199  198  198  199  200
    67.5-180.0 180.0   5.0 450.0                            LAT/LON1/LON2/DLON/H
  212  215  216  218  221  227  237  247  257  265  268  262  254  244  231  217
  205  193  181  177  176  178  181  188  190  194  197  195  191  190  187  186
  183  178  176  177  179  179  181  183  182  184  189  194  198  200  201  202
  201  199  198  197  195  196  196  197  198  200  202  204  206  207  209  209
  209  208  208  209  208  210  211  212  212
    65.0-180.0 180.0   5.0 450.0                            LAT/LON1/LON2/DLON/H
  228  227  228  226  228  232  239  249  259  269  276  273  268  259  240  225
  209  194  184  177  175  177  180  186  188  189  193  194  191  186  184  182
  184  181  178  181  182  183  186  186  184  183  186  191  194  198  200  200
  199  198  198  197  196  196  196  198  199  201  203  206  209  211  212  212
  213  212  215  219  221  223  225  228  228
    62.5-180.0 180.0   5.0 450.0                            LAT/LON1/LON2/DLON/H
  244  242  240  237  235  236  241  248  258  269  277  280  280  271  252  235
  220  205  196  188  184  186  187  189  189  191  193  193  189  187  185  184
  184  184  184  184  185  184  184  184  181  180  180  182  186  191  193  192
  192  193  193  195  195  196  197  198  200  203  205  207  210  213  215  218
  220  222  225  230  233  238  240  242  244
    60.0-180.0 180.0   5.0 450.0                            LAT/LON1/LON2/DLON/H
  257  256  252  247  243  240  242  247  255  265  273  280  285  281  267  252
  240  228  219  211  203  204  203  203  202  200  200  198  194  191  189  188
  190  189  188  187  186  182  179  178  174  174  174  173  175  179  181  181
  183  186  190  194  195  198  200  202  203  205  207  209  211  215  219  224
  228  231  235  240  244  249  252  256  257
    57.5-180.0 180.0   5.0 450.0                            LAT/LON1/LON2/DLON/H
  268  268  265  260  253  247  247  248  254  262  270  278  285  287  283  275
  268  257  250  242  235  232  230  227  222  217  213  210  206  200  199  197
  199  196  194  190  187  183  176  172  170  170  169  168  168  170  171  172
  177  181  189  194  199  202  205  207  209  209  209  209  211  216  224  230
  236  240  244  247  251  254  259  264  268
    55.0-180.0 180.0   5.0 450.0                            LAT/LON1/LON2/DLON/H
  275  279  278  274  266  259  255  254  256  261  268  275  282  288  291  291
  287  283  281  275  270  265  260  256  248  241  234  227  222  219  216  215
  213  208  204  199  196  187  180  176  174  172  171  169  168  167  166  169
  174  181  189  200  206  211  214  217  218  216  214  212  212  217  226  234
  242  246  250  252  255  258  264  269  275
    52.5-180.0 180.0   5.0 450.0                            LAT/LON1/LON2/DLON/H
  279  287  290  287  283  275  269  266  264  265  269  274  281  288  295  300
  301  301  300  298  295  291  287  280  273  267  259  249  244  242  240  238
  232  224  219  212  208  197  190  187  184  180  177  174  170  166  166  169
  176  184  196  209  220  226  229  232  231  227  222  217  215  218  228  239
  247  253  256  256  258  261  268  272  279
    50.0-180.0 180.0   5.0 450.0                            LAT/LON1/LON2/DLON/H
  286  297  302  305  302  296  288  282  279  276  275  278  282  288  297  304
  309  312  314  314  313  311  307  301  294  290  281  275  268  266  262  257
  248  240  232  224  220  209  202  200  196  192  188  181  175  170  170  174
  181  191  206  223  236  246  250  252  249  243  235  227  222  221  230  243
  251  258  261  262  264  267  274  278  286
    47.5-180.0 180.0   5.0 450.0                            LAT/LON1/LON2/DLON/H
  299  311  320  324  323  319  312  305  299  293  289  287  287  291  299  307
  314  320  323  326  327  327  324  320  313  308  301  294  289  285  280  272
  260  250  242  234  232  226  219  214  210  206  201  193  185  180  180  182
  188  203  220  237  253  266  271  274  271  263  253  243  234  230  234  246
  257  264  270  272  274  278  285  291  299
    45.0-180.0 180.0   5.0 450.0                            LAT/LON1/LON2/DLON/H
  318  331  341  347  348  347  340  332  323  315  308  301  298  298  304  312
  320  328  332  337  340  342  340  335  329  322  316  310  306  300  292  281
  268  258  251  247  247  242  235  229  223  220  216  209  200  194  190  192
  200  215  233  251  270  284  292  297  294  287  277  266  255  248  247  257
  269  276  286  289  291  297  304  311  318
    42.5-180.0 180.0   5.0 450.0                            LAT/LON1/LON2/DLON/H
  348  356  368  372  378  375  370  362  352  342  331  321  313  311  314  321
  328  336  342  349  353  356  356  351  343  334  328  322  317  310  300  286
  273  265  261  260  262  259  251  244  238  234  228  223  214  207  202  205
  214  228  245  265  286  304  315  322  321  314  305  293  281  273  269  275
  287  299  310  315  322  324  335  340  348
    40.0-180.0 180.0   5.0 450.0                            LAT/LON1/LON2/DLON/H
  385  394  399  403  406  405  401  393  383  368  357  344  335  332  330  335
  341  349  357  365  370  373  374  370  359  346  337  331  327  318  307  292
  279  272  272  275  278  275  266  258  252  246  239  236  230  224  220  221
  228  240  257  280  304  324  339  347  348  342  333  322  310  301  296  298
  313  332  345  352  361  365  374  379  385
    37.5-180.0 180.0   5.0 450.0                            LAT/LON1/LON2/DLON/H
  427  435  434  435  438  440  435  426  414  398  384  370  361  359  354  355
  361  368  379  389  392  394  396  390  377  362  349  343  338  330  317  301
  289  283  285  290  294  289  279  269  263  257  253  252  249  243  238  237
  240  248  264  292  318  341  358  368  371  367  359  350  341  333  325  325
  342  369  385  392  405  411  419  427  427
    35.0-180.0 180.0   5.0 450.0                            LAT/LON1/LON2/DLON/H
  473  471  473  470  472  478  471  459  447  434  415  399  393  390  385  385
  391  397  407  418  421  421  420  411  394  377  363  356  352  344  330  314
  301  295  297  303  307  301  291  281  275  272  270  271  266  260  252  247
  247  253  269  299  327  350  369  382  386  384  379  374  366  360  354  355
  372  407  426  437  452  458  468  475  473
    32.5-180.0 180.0   5.0 450.0                            LAT/LON1/LON2/DLON/H
  515  510  511  508  510  519  513  497  480  466  448  437  431  429  424  423
  426  431  443  453  452  451  445  432  411  390  375  371  367  359  346  328
  313  306  307  312  315  308  298  291  285  286  287  286  280  271  261  254
  249  254  269  297  325  349  370  384  389  390  389  386  383  380  379  382
  398  435  462  483  494  504  512  518  515
    30.0-180.0 180.0   5.0 450.0                            LAT/LON1/LON2/DLON/H
  543  537  536  538  542  553  558  545  523  500  489  479  474  474  466  464
  463  466  480  485  481  477  468  450  425  405  391  385  380  373  360  340
  322  311  309  311  313  307  301  296  292  296  297  296  288  276  266  258
  251  252  262  285  311  337  358  373  379  382  384  387  389  392  396  402
  417  452  484  510  524  536  548  549  543
    27.5-180.0 180.0   5.0 450.0                            LAT/LON1/LON2/DLON/H
  564  554  551  556  569  587  601  594  571  546  532  522  518  520  513  507
  501  502  513  513  503  497  484  460  432  415  403  395  388  380  365  344
  324  307  298  297  298  295  294  292  294  300  300  297  289  276  266  258
  249  246  251  267  290  315  335  351  360  365  370  376  386  396  405  415
  434  462  492  518  538  555  568  570  564
    25.0-180.0 180.0   5.0 450.0                            LAT/LON1/LON2/DLON/H
  579  568  566  572  590  614  635  636  617  594  577  567  567  564  559  549
  538  535  541  538  527  516  496  463  437  421  408  398  390  378  358  337
  314  293  277  274  274  271  276  281  291  297  296  291  282  270  261  249
  240  233  234  244  262  287  306  323  336  345  353  363  375  389  404  420
  444  474  493  515  538  559  576  583  579
    22.5-180.0 180.0   5.0 450.0                            LAT/LON1/LON2/DLON/H
  589  583  581  587  608  636  659  666  651  631  614  605  607  608  600  588
  570  561  560  556  549  533  508  468  438  421  405  390  378  363  342  319
  295  274  254  243  244  241  254  266  277  284  285  278  268  256  245  232
  222  214  212  218  233  256  277  298  315  327  338  351  365  382  401  421
  445  473  491  511  530  556  579  590  589
    20.0-180.0 180.0   5.0 450.0                            LAT/LON1/LON2/DLON/H
  602  599  597  602  623  652  677  684  675  658  644  637  638  639  632  618
  598  585  577  568  558  536  507  463  432  413  393  373  357  339  322  298
  277  257  231  210  211  215  232  249  258  265  264  253  242  231  219  211
  198  191  187  189  205  228  254  280  301  319  333  347  363  383  403  425
  448  475  494  515  531  552  579  597  602
    17.5-180.0 180.0   5.0 450.0                            LAT/LON1/LON2/DLON/H
  618  618  614  617  636  665  689  696  690  676  666  659  661  662  656  642
  625  610  596  575  552  525  492  452  422  398  374  352  329  302  288  272
  261  236  206  182  185  194  213  229  236  234  229  214  210  199  189  180
  173  165  162  164  181  208  238  270  297  321  338  354  370  390  411  434
  456  482  504  524  542  558  580  605  618
    15.0-180.0 180.0   5.0 450.0                            LAT/LON1/LON2/DLON/H
  632  636  633  633  651  676  695  702  698  688  679  675  678  679  674  662
  643  627  609  579  544  508  470  435  403  372  342  313  287  255  237  231
  228  208  184  167  170  180  197  210  212  203  188  179  175  170  165  160
  155  147  144  148  166  194  228  266  299  328  348  366  384  403  423  444
  468  495  516  539  557  572  593  614  632
    12.5-180.0 180.0   5.0 450.0                            LAT/LON1/LON2/DLON/H
  649  655  650  651  664  684  699  702  699  693  687  685  688  690  686  675
  655  635  610  576  534  488  445  409  372  337  300  263  236  212  195  194
  198  189  179  170  171  178  192  199  193  174  160  155  156  157  156  153
  149  141  135  140  157  186  223  264  303  336  361  381  399  417  437  456
  481  511  534  556  574  590  607  630  649
    10.0-180.0 180.0   5.0 450.0                            LAT/LON1/LON2/DLON/H
  666  673  671  670  680  692  699  700  695  691  690  690  693  696  694  680
  659  638  607  565  517  466  417  375  336  299  260  225  200  186  175  176
  184  188  191  183  183  183  194  196  184  162  150  148  152  156  157  158
  153  144  135  137  151  180  217  262  304  341  371  395  413  430  450  470
  496  526  550  574  592  607  625  647  666
     7.5-180.0 180.0   5.0 450.0                            LAT/LON1/LON2/DLON/H
  684  688  688  688  696  702  703  698  692  690  692  695  695  696  692  679
  658  633  598  550  497  443  392  343  299  263  232  209  185  175  172  180
  196  207  214  203  200  196  203  201  184  163  150  149  153  162  165  163
  157  148  140  137  146  171  209  257  303  343  375  401  423  439  457  477
  504  535  563  589  609  624  645  668  684
     5.0-180.0 180.0   5.0 450.0                            LAT/LON1/LON2/DLON/H
  694  699  701  705  712  715  708  699  692  691  695  699  697  694  687  670
  648  618  580  530  474  419  365  315  274  240  216  208  193  186  191  203
  221  232  235  224  218  210  212  206  190  169  153  150  158  169  173  167
  159  151  144  138  140  163  200  244  296  339  371  398  422  439  458  475
  501  534  565  595  619  637  662  682  694
     2.5-180.0 180.0   5.0 450.0                            LAT/LON1/LON2/DLON/H
  688  697  706  718  727  727  717  703  695  694  699  702  697  687  674  654
  629  595  557  507  452  397  340  292  267  245  225  228  225  221  231  237
  248  256  258  241  232  216  217  212  198  178  161  155  163  174  177  168
  160  154  144  134  133  154  189  234  284  327  361  388  413  435  450  470
  494  524  552  590  613  637  661  676  688
