DORISInput/IGSGIM/2024/IGS0OPSFIN_20241460000_01D_02H_GIM.INX
     1.0            IONOSPHERE MAPS     MIX                 IONEX VERSION / TYPE
cmpcmb v1.2          GRL/UWM             5-jun-24 16:49     PGM / RUN BY / DATE 
ionex file containing IGS COMBINED Ionosphere maps          COMMENT             
global ionosphere maps for day 146, 2024                    DESCRIPTION         
IONEX file containing the COMBINED IGS TEC MAPS and DCBs    DESCRIPTION         
      IONEX files of the following IAACs were combined: cod DESCRIPTION         
                                                        jpl DESCRIPTION         
                                                        upc DESCRIPTION         
Contact address: Andrzej Krankowski                         DESCRIPTION
                 Geodynamics Research Laboratory            DESCRIPTION
                 University of Warmia and Mazury (GRL/UWM)  DESCRIPTION
                 Oczapowski St. 1                           DESCRIPTION
                 10-957-Olsztyn, POLAND                     DESCRIPTION
                 e-mail:  kand@uwm.edu.pl                   DESCRIPTION
                                                            DESCRIPTION         
  2024     5    25     0     0     0                        EPOCH OF FIRST MAP  
  2024     5    26     0     0     0                        EPOCH OF LAST MAP   
  7200                                                      INTERVAL            
    13                                                      # OF MAPS IN FILE   
  COSZ                                                      MAPPING FUNCTION    
     0.0                                                    ELEVATION CUTOFF    
combined TEC calculated as weighted mean of input TEC valuesOBSERVABLES USED    
   338                                                      # OF STATIONS       
    32                                                      # OF SATELLITES     
  6371.0                                                    BASE RADIUS         
     2                                                      MAP DIMENSION       
   450.0 450.0   0.0                                        HGT1 / HGT2 / DHGT  
    87.5 -87.5  -2.5                                        LAT1 / LAT2 / DLAT  
  -180.0 180.0   5.0                                        LON1 / LON2 / DLON  
    -1                                                      EXPONENT            
TEC values in 0.1 tec units;  9999, if no value available   COMMENT             
DCB values in nanoseconds, reference is Sum_of_SatDCBs = 0  COMMENT             
                                                            END OF HEADER       
[from data line 858]
     3                                                      START OF TEC MAP    
  2024     5    25     4     0     0                        EPOCH OF CURRENT MAP
    87.5-180.0 180.0   5.0 450.0                            LAT/LON1/LON2/DLON/H
  172  171  171  171  171  170  170  170  170  171  170  169  170  170  169  169
  169  169  168  168  168  168  167  166  166  166  166  165  165  164  164  164
  164  163  163  163  163  163  163  163  164  164  164  164  165  165  165  166
  166  166  167  167  167  168  168  169  170  171  171  171  172  172  173  173
  173  173  172  173  173  173  173  172  172
    85.0-180.0 180.0   5.0 450.0                            LAT/LON1/LON2/DLON/H
  181  179  178  178  177  177  177  176  176  175  176  176  176  176  176  177
  176  175  175  175  174  173  171  170  169  167  167  166  165  163  163  162
  162  162  161  162  162  162  163  164  165  166  167  168  170  170  171  171
  172  173  173  175  177  177  178  180  182  183  184  186  187  188  187  188
  187  187  187  185  185  182  182  181  181
    82.5-180.0 180.0   5.0 450.0                            LAT/LON1/LON2/DLON/H
  189  187  183  181  179  177  177  177  177  178  179  181  183  184  185  185
  184  184  182  181  180  179  177  175  172  169  167  164  162  161  161  160
  159  159  160  160  161  163  164  166  168  169  171  173  175  178  179  181
  182  184  186  187  190  192  194  196  199  201  204  207  208  208  209  208
  208  206  204  202  200  197  195  192  189
    80.0-180.0 180.0   5.0 450.0                            LAT/LON1/LON2/DLON/H
  201  195  192  189  188  186  186  187  188  191  193  196  197  199  199  199
  199  198  197  195  193  187  182  177  174  171  168  164  161  159  156  156
  156  156  157  158  161  163  166  169  172  174  177  180  182  184  188  190
  193  196  199  202  206  209  213  216  219  222  226  229  230  231  231  231
  230  228  226  222  220  216  210  206  201
    77.5-180.0 180.0   5.0 450.0                            LAT/LON1/LON2/DLON/H
  217  212  207  204  200  198  198  199  201  202  203  203  205  206  206  205
  205  205  204  200  195  189  185  180  175  169  165  161  156  154  152  151
  151  152  154  157  160  165  170  176  180  184  187  188  191  194  198  201
  204  208  212  216  220  224  229  232  237  240  244  248  249  251  252  252
  252  251  248  246  242  236  230  224  217
    75.0-180.0 180.0   5.0 450.0                            LAT/LON1/LON2/DLON/H
  237  230  224  218  214  211  210  210  209  208  208  209  209  209  209  209
  207  206  204  199  195  191  186  178  173  169  161  156  152  149  148  148
  150  151  155  160  166  171  177  183  190  194  197  200  202  206  208  213
  216  219  223  226  231  235  240  245  248  253  257  261  263  265  267  268
  269  268  267  264  261  255  249  242  237
    72.5-180.0 180.0   5.0 450.0                            LAT/LON1/LON2/DLON/H
  255  248  241  233  227  224  220  218  215  213  212  211  210  208  207  206
  204  202  201  196  193  188  183  176  171  165  161  154  148  148  147  149
  150  155  160  166  174  181  187  193  200  205  208  212  214  219  221  225
  228  231  233  236  238  243  248  252  255  260  263  267  270  273  276  277
  278  278  278  276  274  270  265  260  255
    70.0-180.0 180.0   5.0 450.0                            LAT/LON1/LON2/DLON/H
  267  260  252  245  239  234  229  224  220  217  214  212  209  207  204  201
  199  196  193  190  185  182  178  172  168  163  159  156  150  148  150  153
  157  161  169  176  184  191  198  204  209  216  221  224  227  232  236  238
  241  243  246  246  247  250  254  257  259  262  265  268  270  273  275  276
  277  279  279  280  281  278  275  272  267
    67.5-180.0 180.0   5.0 450.0                            LAT/LON1/LON2/DLON/H
  272  266  259  252  246  241  235  230  224  220  216  211  207  203  199  196
  192  188  185  182  179  176  174  170  167  162  159  156  153  153  156  159
  163  169  177  185  193  202  210  214  221  227  232  236  241  246  251  254
  256  258  259  259  260  261  262  262  261  261  263  264  264  266  266  267
  269  271  274  277  279  279  278  276  272
    65.0-180.0 180.0   5.0 450.0                            LAT/LON1/LON2/DLON/H
  270  265  259  253  248  243  239  233  229  223  216  209  203  199  194  190
  184  180  178  176  174  172  171  169  167  162  160  159  157  157  162  166
  171  176  185  193  202  210  218  224  230  235  241  247  254  260  267  271
  275  276  278  278  275  274  269  265  263  259  258  257  256  255  254  254
  254  257  260  264  269  272  274  274  270
    62.5-180.0 180.0   5.0 450.0                            LAT/LON1/LON2/DLON/H
  263  260  255  250  246  242  239  235  230  226  219  211  203  198  191  185
  180  176  173  172  171  170  170  168  167  164  162  163  163  164  168  171
  175  180  188  196  205  214  222  229  237  244  251  258  267  275  284  291
  296  300  300  299  293  288  279  272  266  259  254  250  247  243  241  238
  237  238  241  246  253  259  263  265  263
    60.0-180.0 180.0   5.0 450.0                            LAT/LON1/LON2/DLON/H
  256  253  251  246  242  238  236  234  231  228  224  217  208  201  193  186
  180  175  171  172  170  170  171  168  168  166  166  167  167  169  172  173
  174  177  184  193  203  213  223  232  243  251  260  270  280  292  304  313
  321  324  326  323  314  304  291  281  271  261  254  246  241  235  229  224
  221  220  223  227  236  246  252  255  256
    57.5-180.0 180.0   5.0 450.0                            LAT/LON1/LON2/DLON/H
  249  249  247  244  239  237  235  233  232  229  226  223  216  209  202  193
  185  179  174  174  171  171  172  169  169  168  170  170  168  170  171  170
  168  171  177  185  196  209  221  234  247  258  270  282  295  309  322  333
  343  349  349  348  334  320  303  289  277  265  256  246  239  231  223  216
  212  210  212  216  225  233  242  247  249
    55.0-180.0 180.0   5.0 450.0                            LAT/LON1/LON2/DLON/H
  247  248  247  245  241  239  237  235  234  232  230  228  224  219  213  205
  196  187  181  177  174  174  173  172  171  169  170  171  169  169  168  165
  161  162  167  175  187  202  217  233  249  264  279  294  310  327  342  354
  365  372  373  369  355  337  314  297  283  270  260  248  240  232  225  217
  212  211  213  215  223  230  238  243  247
    52.5-180.0 180.0   5.0 450.0                            LAT/LON1/LON2/DLON/H
  251  253  254  253  251  249  247  245  241  237  235  232  230  227  224  216
  206  196  189  184  179  178  177  173  172  170  170  171  170  169  167  162
  157  156  160  168  180  196  213  232  252  269  289  307  325  343  358  374
  385  392  395  387  373  352  328  308  289  276  265  253  245  238  232  227
  225  223  223  224  228  235  241  247  251
    50.0-180.0 180.0   5.0 450.0                            LAT/LON1/LON2/DLON/H
  263  267  268  268  269  266  262  259  254  249  244  239  235  233  229  223
  212  202  193  189  186  184  181  177  175  173  173  175  175  174  171  164
  156  153  155  161  173  189  209  230  254  276  298  320  339  358  375  390
  400  409  413  408  392  370  346  323  299  282  270  260  254  248  244  243
  242  242  241  241  243  247  254  258  263
    47.5-180.0 180.0   5.0 450.0                            LAT/LON1/LON2/DLON/H
  283  288  290  291  291  288  283  278  273  266  256  247  241  237  232  225
  214  204  196  192  190  189  186  182  182  181  182  185  186  184  178  170
  161  156  156  160  170  186  206  230  256  283  307  331  354  373  389  403
  413  423  429  428  416  393  368  341  313  292  277  267  263  260  258  258
  259  260  261  263  264  268  273  278  283
    45.0-180.0 180.0   5.0 450.0                            LAT/LON1/LON2/DLON/H
  309  315  317  317  315  313  307  300  294  286  272  260  250  242  234  224
  214  204  197  195  195  195  195  193  193  195  197  200  201  198  192  181
  171  165  163  164  172  187  206  229  257  287  316  343  368  388  402  415
  425  436  443  446  438  418  396  367  334  308  288  277  274  273  273  275
  277  280  285  289  291  293  300  304  309
    42.5-180.0 180.0   5.0 450.0                            LAT/LON1/LON2/DLON/H
  338  344  346  344  341  338  331  322  315  307  292  276  263  250  238  227
  215  206  201  201  204  207  209  209  211  215  217  219  219  216  208  196
  185  178  173  171  176  187  205  230  259  292  325  355  380  398  414  425
  438  448  458  464  460  447  427  398  363  331  305  292  286  288  290  294
  299  303  312  318  319  322  328  332  338
    40.0-180.0 180.0   5.0 450.0                            LAT/LON1/LON2/DLON/H
  367  371  373  370  365  361  353  344  337  328  312  294  277  262  247  233
  220  211  208  212  218  224  229  231  234  240  241  243  238  231  223  210
  201  192  185  181  182  191  207  231  262  297  332  362  388  409  423  435
  446  459  472  481  482  475  458  432  399  366  334  317  309  310  311  317
  322  329  338  346  351  352  358  361  367
    37.5-180.0 180.0   5.0 450.0                            LAT/LON1/LON2/DLON/H
  396  403  400  394  387  377  371  364  359  349  337  317  298  279  260  244
  229  221  220  227  237  247  253  258  262  270  270  268  258  246  237  224
  214  207  198  192  190  196  209  232  262  298  335  367  393  413  427  438
  450  464  481  494  502  500  490  470  443  410  375  356  348  347  344  348
  352  361  371  376  383  385  386  390  396
    35.0-180.0 180.0   5.0 450.0                            LAT/LON1/LON2/DLON/H
  427  434  427  417  407  395  388  382  381  375  365  346  325  302  281  260
  242  235  235  246  260  272  282  290  295  304  301  294  277  261  251  236
  227  220  211  202  198  199  212  233  262  299  337  368  393  412  425  436
  450  466  484  501  515  521  518  506  487  457  425  409  401  393  392  394
  395  402  411  417  422  420  421  424  427
    32.5-180.0 180.0   5.0 450.0                            LAT/LON1/LON2/DLON/H
  466  465  456  443  429  419  406  401  401  404  395  377  355  332  306  281
  261  251  251  264  283  301  313  324  328  339  332  318  296  274  259  245
  236  231  221  211  203  201  211  230  260  298  335  365  386  404  416  429
  445  462  482  502  521  535  541  537  526  507  483  473  467  461  451  452
  451  455  461  466  469  464  462  465  466
    30.0-180.0 180.0   5.0 450.0                            LAT/LON1/LON2/DLON/H
  512  508  497  477  458  441  429  424  429  430  424  410  389  363  331  303
  279  267  267  282  308  330  346  355  359  372  363  340  312  282  263  249
  241  234  224  214  203  199  207  225  256  293  326  354  375  391  404  417
  434  455  478  500  522  542  556  564  565  558  546  542  540  533  523  521
  516  517  521  526  524  518  515  515  512
    27.5-180.0 180.0   5.0 450.0                            LAT/LON1/LON2/DLON/H
  569  562  548  525  500  480  464  463  466  466  460  444  422  395  358  323
  296  281  280  300  332  360  380  387  390  399  387  357  319  285  262  246
  237  228  219  208  197  193  199  218  247  284  316  341  361  377  390  404
  423  446  470  496  520  546  568  586  597  602  605  609  613  611  600  597
  587  585  589  593  588  582  580  575  569
    25.0-180.0 180.0   5.0 450.0                            LAT/LON1/LON2/DLON/H
  635  625  611  586  559  535  521  513  512  511  502  481  458  426  383  343
  312  294  294  316  354  386  409  416  418  420  402  368  318  279  254  236
  225  213  205  198  189  185  189  207  237  272  304  330  348  363  377  394
  414  437  465  492  519  547  575  602  623  638  653  668  681  685  679  668
  659  656  660  664  658  653  645  640  635
    22.5-180.0 180.0   5.0 450.0                            LAT/LON1/LON2/DLON/H
  705  691  684  661  633  608  589  577  570  562  546  522  494  456  411  366
  332  310  309  333  371  405  427  437  436  429  405  365  310  266  240  222
  207  194  190  184  178  175  178  195  226  260  292  318  336  351  368  386
  407  434  461  490  519  548  580  614  642  664  689  714  736  745  744  731
  724  719  732  729  724  720  712  704  705
    20.0-180.0 180.0   5.0 450.0                            LAT/LON1/LON2/DLON/H
  769  764  751  737  716  690  673  651  633  613  592  563  529  488  443  398
  364  336  334  354  386  419  438  447  442  425  391  344  289  245  220  202
  186  174  173  171  167  164  166  184  213  247  278  303  325  343  360  381
  405  433  465  497  527  555  587  626  656  683  711  741  768  783  787  776
  760  760  772  775  776  777  772  770  769
    17.5-180.0 180.0   5.0 450.0                            LAT/LON1/LON2/DLON/H
  817  821  818  815  803  781  753  731  702  672  641  609  570  530  484  442
  406  371  363  377  402  429  444  443  433  404  364  312  262  220  196  181
  163  156  156  158  158  156  157  171  197  229  260  287  314  335  357  381
  408  441  476  511  544  573  605  640  671  698  724  753  782  799  805  794
  779  776  784  794  802  811  813  812  817
    15.0-180.0 180.0   5.0 450.0                            LAT/LON1/LON2/DLON/H
  844  857  867  874  873  859  833  803  764  726  693  656  614  577  533  494
  453  415  399  403  418  433  437  427  409  369  323  272  228  191  169  157
  146  142  146  151  153  152  152  159  181  210  240  273  301  329  355  384
  416  454  492  530  566  596  627  659  687  711  735  760  785  802  809  801
  787  779  782  795  806  816  826  832  844
    12.5-180.0 180.0   5.0 450.0                            LAT/LON1/LON2/DLON/H
  851  869  888  905  916  913  891  856  810  767  733  699  659  626  585  548
  503  468  443  432  432  431  423  399  372  322  274  226  189  160  145  138
  133  134  142  150  154  153  149  149  162  188  223  261  295  326  356  388
  424  467  509  547  587  619  651  681  707  728  749  770  791  806  812  800
  787  777  777  787  798  810  822  834  851
    10.0-180.0 180.0   5.0 450.0                            LAT/LON1/LON2/DLON/H
  849  865  884  908  925  929  914  876  831  787  751  722  689  660  627  599
  559  526  495  470  451  432  407  366  330  272  225  183  154  135  127  127
  127  133  144  155  160  156  148  142  149  173  209  251  289  323  355  388
  427  474  520  560  601  639  678  710  736  756  773  790  806  818  820  807
  789  779  777  781  792  804  817  832  849
     7.5-180.0 180.0   5.0 450.0                            LAT/LON1/LON2/DLON/H
  847  858  876  900  914  913  898  856  811  770  736  712  686  662  647  633
  609  579  545  513  477  437  391  334  290  229  184  151  130  120  119  125
  131  139  151  162  163  156  142  133  138  160  198  241  280  316  349  383
  423  473  520  566  613  659  706  746  774  796  810  822  833  839  839  829
  812  799  790  788  795  807  819  833  847
     5.0-180.0 180.0   5.0 450.0                            LAT/LON1/LON2/DLON/H
  858  865  875  889  893  883  853  813  760  724  693  668  640  629  625  632
  629  610  581  549  498  438  374  305  256  194  154  130  118  117  121  132
  139  146  155  163  160  149  131  122  125  147  184  226  269  304  337  373
  412  463  515  563  616  673  731  782  818  841  855  862  870  875  872  864
  847  833  822  811  813  823  833  845  858
     2.5-180.0 180.0   5.0 450.0                            LAT/LON1/LON2/DLON/H
  881  887  891  890  883  860  818  765  706  661  623  588  565  560  569  589
  601  600  591  561  502  428  352  279  227  172  137  122  120  126  133  142
  148  151  157  158  152  137  119  110  112  132  169  212  254  291  324  359
  402  453  504  554  613  680  747  806  851  880  897  905  911  919  912  902
  880  866  857  844  839  846  856  867  881
