DORISInput/IGSGIM/2024/IGS0OPSFIN_20241330000_01D_02H_GIM.INX
     1.0            IONOSPHERE MAPS     MIX                 IONEX VERSION / TYPE
cmpcmb v1.2          GRL/UWM            28-may-24 18:09     PGM / RUN BY / DATE 
ionex file containing IGS COMBINED Ionosphere maps          COMMENT             
global ionosphere maps for day 133, 2024                    DESCRIPTION         
IONEX file containing the COMBINED IGS TEC MAPS and DCBs    DESCRIPTION         
      IONEX files of the following IAACs were combined: cod DESCRIPTION         
                                                        jpl DESCRIPTION         
                                                        upc DESCRIPTION         
Contact address: Andrzej Krankowski                         DESCRIPTION
                 Geodynamics Research Laboratory            DESCRIPTION
                 University of Warmia and Mazury (GRL/UWM)  DESCRIPTION
                 Oczapowski St. 1                           DESCRIPTION
                 10-957-Olsztyn, POLAND                     DESCRIPTION
                 e-mail:  kand@uwm.edu.pl                   DESCRIPTION
                                                            DESCRIPTION         
  2024     5    12     0     0     0                        EPOCH OF FIRST MAP  
  2024     5    13     0     0     0                        EPOCH OF LAST MAP   
  7200                                                      INTERVAL            
    13                                                      # OF MAPS IN FILE   
  COSZ                                                      MAPPING FUNCTION    
     0.0                                                    ELEVATION CUTOFF    
combined TEC calculated as weighted mean of input TEC valuesOBSERVABLES USED    
   338                                                      # OF STATIONS       
    32                                                      # OF SATELLITES     
  6371.0                                                    BASE RADIUS         
     2                                                      MAP DIMENSION       
   450.0 450.0   0.0                                        HGT1 / HGT2 / DHGT  
    87.5 -87.5  -2.5                                        LAT1 / LAT2 / DLAT  
  -180.0 180.0   5.0                                        LON1 / LON2 / DLON  
    -1                                                      EXPONENT            
TEC values in 0.1 tec units;  9999, if no value available   COMMENT             
DCB values in nanoseconds, reference is Sum_of_SatDCBs = 0  COMMENT             
                                                            END OF HEADER       
[from data line 3861]
    10                                                      START OF TEC MAP    
  2024     5    12    18     0     0                        EPOCH OF CURRENT MAP
    87.5-180.0 180.0   5.0 450.0                            LAT/LON1/LON2/DLON/H
  189  190  191  192  192  194  194  195  195  195  196  196  196  197  198  198
  197  197  196  197  196  196  196  195  194  194  193  193  192  191  190  189
  188  188  187  185  185  184  184  183  182  181  181  181  180  180  180  179
  178  179  179  178  179  179  179  179  179  180  180  181  181  182  182  183
  184  184  185  185  186  187  188  189  189
    85.0-180.0 180.0   5.0 450.0                            LAT/LON1/LON2/DLON/H
  184  186  188  190  191  193  194  196  198  200  201  202  203  205  206  206
  206  207  206  204  203  203  203  201  200  199  197  195  193  191  190  188
  187  185  184  182  181  180  179  177  177  175  174  173  173  174  173  174
  174  174  174  174  175  174  175  175  175  175  176  176  177  177  177  178
  178  179  179  179  180  180  181  182  184
    82.5-180.0 180.0   5.0 450.0                            LAT/LON1/LON2/DLON/H
  176  177  178  179  181  183  186  189  192  195  199  201  205  207  209  211
  211  211  212  212  210  208  207  206  203  199  196  192  189  187  184  181
  179  177  175  173  171  170  169  169  169  168  168  168  168  168  169  170
  170  171  172  173  172  172  173  173  173  172  172  172  172  172  172  171
  171  171  170  170  170  171  172  173  176
    80.0-180.0 180.0   5.0 450.0                            LAT/LON1/LON2/DLON/H
  163  164  165  168  172  175  180  185  190  195  200  203  206  208  210  212
  213  213  213  212  210  208  208  201  198  196  194  191  188  185  181  178
  175  172  169  167  165  165  164  163  164  164  165  166  167  167  168  169
  169  170  170  171  171  171  170  170  170  169  168  167  167  166  166  165
  164  163  163  162  162  162  163  163  163
    77.5-180.0 180.0   5.0 450.0                            LAT/LON1/LON2/DLON/H
  153  154  156  158  162  166  171  177  181  185  191  195  200  204  207  212
  215  215  214  213  212  210  209  207  203  200  195  191  188  185  182  179
  175  172  168  165  163  162  161  161  162  163  164  166  167  168  169  170
  170  169  169  169  168  167  167  166  165  163  162  160  160  159  158  158
  157  157  156  156  155  154  154  153  153
    75.0-180.0 180.0   5.0 450.0                            LAT/LON1/LON2/DLON/H
  149  149  150  152  155  159  165  170  176  182  188  194  200  205  207  210
  211  212  212  212  211  210  211  208  205  204  202  198  193  189  186  181
  178  175  171  168  164  163  163  163  163  165  166  168  169  169  170  169
  169  168  167  166  165  163  162  159  157  155  153  152  151  150  150  150
  150  151  151  151  150  151  150  150  149
    72.5-180.0 180.0   5.0 450.0                            LAT/LON1/LON2/DLON/H
  151  151  151  152  155  159  165  170  176  183  190  197  200  203  206  207
  209  210  210  211  210  210  213  211  208  206  205  203  199  196  192  189
  185  181  177  174  171  170  169  169  170  170  170  170  170  169  168  167
  164  163  160  159  158  156  154  150  147  145  143  141  141  141  141  143
  144  147  149  150  151  153  153  152  151
    70.0-180.0 180.0   5.0 450.0                            LAT/LON1/LON2/DLON/H
  160  159  159  160  161  165  169  174  181  187  193  198  201  205  207  208
  209  207  208  211  210  213  216  215  213  210  209  208  206  201  198  195
  191  187  185  182  181  179  179  179  179  179  177  174  171  168  164  160
  156  153  151  149  148  145  143  140  137  135  133  131  130  130  133  136
  139  144  149  153  156  159  161  161  160
    67.5-180.0 180.0   5.0 450.0                            LAT/LON1/LON2/DLON/H
  171  171  170  171  172  174  177  181  187  193  198  202  206  208  209  208
  206  206  210  212  214  218  220  220  218  216  215  214  211  207  204  202
  199  197  196  194  192  193  193  193  192  190  187  180  174  166  159  152
  146  142  140  137  135  132  132  130  128  126  123  122  120  121  124  128
  133  141  149  156  163  167  169  171  171
    65.0-180.0 180.0   5.0 450.0                            LAT/LON1/LON2/DLON/H
  182  182  182  182  183  184  187  190  194  200  204  207  209  210  209  208
  206  208  211  215  218  223  224  225  223  223  222  219  216  214  213  210
  210  210  210  209  208  209  209  208  207  204  197  189  178  167  157  146
  139  133  129  126  124  123  123  122  120  118  115  113  110  111  115  119
  126  136  146  156  164  171  175  180  182
    62.5-180.0 180.0   5.0 450.0                            LAT/LON1/LON2/DLON/H
  187  189  191  192  192  193  195  197  200  203  207  209  210  210  210  208
  208  210  213  217  222  227  230  230  229  228  226  224  221  220  221  221
  222  223  224  226  227  227  226  225  223  219  210  200  186  174  162  147
  136  129  123  119  116  117  118  116  114  113  110  107  103  103  107  111
  119  127  139  148  160  168  177  182  187
    60.0-180.0 180.0   5.0 450.0                            LAT/LON1/LON2/DLON/H
  183  189  193  195  196  197  199  200  202  204  206  208  209  210  209  208
  209  211  215  219  224  228  232  232  232  232  230  229  226  227  230  232
  235  238  241  244  246  247  245  245  241  236  227  215  201  186  172  154
  142  131  125  120  117  115  116  114  111  110  108  104  101   99  100  104
  110  117  129  139  149  160  170  178  183
    57.5-180.0 180.0   5.0 450.0                            LAT/LON1/LON2/DLON/H
  175  182  188  193  195  197  198  200  202  203  204  206  207  207  207  207
  209  211  215  220  225  229  233  235  236  235  233  234  234  237  241  247
  253  257  261  265  266  266  266  265  260  253  245  233  218  203  185  169
  153  142  133  125  122  117  117  114  112  112  109  106  101   98   97   99
  102  109  117  128  137  148  158  166  175
    55.0-180.0 180.0   5.0 450.0                            LAT/LON1/LON2/DLON/H
  163  173  181  186  189  193  195  197  199  200  201  202  202  203  204  205
  207  210  213  218  223  229  234  237  238  239  238  240  244  250  257  264
  273  278  283  286  286  287  287  284  280  273  265  252  236  221  204  187
  170  157  145  135  128  122  121  118  117  116  114  110  105  101   98   97
   97  101  108  116  125  135  145  155  163
    52.5-180.0 180.0   5.0 450.0                            LAT/LON1/LON2/DLON/H
  155  164  173  180  186  191  193  194  196  197  198  200  200  201  202  204
  205  207  210  215  220  227  234  239  242  245  247  250  256  263  272  281
  290  297  301  303  305  303  303  302  297  290  282  269  254  240  222  205
  190  175  160  148  137  130  127  124  123  122  120  117  111  106  101   98
   95   97  101  106  115  125  135  145  155
    50.0-180.0 180.0   5.0 450.0                            LAT/LON1/LON2/DLON/H
  151  160  169  177  184  188  192  193  194  196  198  198  199  200  202  203
  204  206  208  212  218  227  236  242  248  254  258  263  269  277  286  294
  304  310  312  314  315  315  315  314  310  304  295  282  268  252  237  222
  206  190  175  160  147  139  134  129  128  127  125  123  118  112  105  100
   96   95   97  103  110  120  131  142  151
    47.5-180.0 180.0   5.0 450.0                            LAT/LON1/LON2/DLON/H
  154  163  171  178  184  189  193  194  196  198  199  199  200  201  203  204
  205  206  207  211  218  228  239  249  257  264  269  275  281  288  295  302
  308  313  316  318  321  323  324  323  320  312  302  289  273  258  243  229
  214  199  184  169  156  147  141  134  132  131  130  128  124  118  111  104
   99   97   97  103  112  122  133  145  154
    45.0-180.0 180.0   5.0 450.0                            LAT/LON1/LON2/DLON/H
  162  171  177  183  189  193  197  200  201  204  204  203  202  203  205  207
  208  209  209  213  221  233  246  258  269  276  281  285  289  294  298  303
  306  311  314  319  325  330  332  330  326  316  304  290  273  256  241  227
  214  201  186  173  162  154  148  140  138  136  135  133  129  124  116  111
  105  103  104  108  117  130  142  153  162
    42.5-180.0 180.0   5.0 450.0                            LAT/LON1/LON2/DLON/H
  173  182  187  193  196  201  207  209  210  212  213  211  208  208  209  212
  213  214  215  220  229  242  256  269  280  287  290  293  294  297  298  300
  303  307  313  322  331  338  340  337  330  318  303  286  268  249  233  220
  207  196  184  174  166  160  155  148  145  142  139  137  133  129  123  118
  114  112  113  118  127  139  153  164  173
    40.0-180.0 180.0   5.0 450.0                            LAT/LON1/LON2/DLON/H
  186  193  199  204  208  213  219  223  223  225  224  221  218  216  217  219
  220  221  224  230  242  256  271  282  292  297  298  299  298  298  299  301
  305  311  319  333  346  355  354  349  338  322  303  285  263  243  225  213
  200  190  181  176  171  168  166  160  154  150  145  141  138  134  130  126
  124  122  124  129  138  150  164  176  186
    37.5-180.0 180.0   5.0 450.0                            LAT/LON1/LON2/DLON/H
  196  205  212  218  222  228  234  238  241  243  241  236  231  228  227  229
  228  229  233  245  258  273  287  297  304  308  307  308  306  305  308  313
  319  330  344  360  376  383  380  370  354  334  314  289  266  245  226  212
  200  190  186  185  184  183  183  177  168  160  152  147  144  141  138  136
  135  133  134  138  146  158  172  184  196
    35.0-180.0 180.0   5.0 450.0                            LAT/LON1/LON2/DLON/H
  202  214  224  233  240  246  251  258  262  264  263  257  250  245  242  240
  237  237  243  259  276  292  303  311  316  322  322  322  323  325  332  339
  354  370  389  406  424  430  421  406  386  362  338  310  287  258  239  225
  213  204  202  204  206  210  208  200  187  173  163  156  151  147  145  144
  143  142  142  145  151  162  176  189  202
    32.5-180.0 180.0   5.0 450.0                            LAT/LON1/LON2/DLON/H
  205  220  235  248  258  265  274  280  286  290  289  282  274  267  261  255
  246  244  253  270  291  309  318  324  331  342  347  350  355  361  374  386
  408  432  455  480  491  499  495  474  450  406  381  355  326  295  271  258
  245  236  235  239  244  248  243  228  208  190  175  165  158  153  150  149
  149  148  147  148  152  161  175  190  205
    30.0-180.0 180.0   5.0 450.0                            LAT/LON1/LON2/DLON/H
  207  227  246  262  276  287  296  304  311  318  319  312  304  293  284  273
  257  252  260  282  305  324  332  338  351  372  385  395  405  420  434  453
  485  516  540  570  584  584  584  559  523  496  451  422  389  346  323  311
  296  289  286  289  296  295  284  257  232  207  187  174  165  159  154  152
  152  150  148  148  149  156  170  189  207
    27.5-180.0 180.0   5.0 450.0                            LAT/LON1/LON2/DLON/H
  208  233  256  278  296  310  320  329  338  346  348  342  338  329  312  295
  272  261  271  295  321  338  348  358  379  411  438  458  476  493  519  555
  584  621  650  682  694  693  679  636  595  557  516  490  452  399  391  382
  366  357  349  352  353  344  325  289  255  223  198  179  170  163  157  154
  153  150  147  146  147  152  165  184  208
    25.0-180.0 180.0   5.0 450.0                            LAT/LON1/LON2/DLON/H
  209  238  266  293  314  331  342  353  364  374  376  376  372  370  349  320
  289  275  287  315  342  359  368  383  416  463  505  537  561  588  619  658
  692  730  762  787  788  776  723  666  609  566  538  518  497  444  444  441
  433  425  414  415  412  389  361  313  272  237  208  186  175  167  159  155
  152  150  147  145  145  148  160  181  209
    22.5-180.0 180.0   5.0 450.0                            LAT/LON1/LON2/DLON/H
  209  242  274  304  328  348  363  377  388  400  407  413  411  412  391  353
  315  301  315  344  372  386  396  419  465  530  590  633  664  693  726  757
  790  814  840  847  830  788  718  645  576  548  523  511  501  473  475  478
  479  477  465  459  450  424  392  329  280  242  217  196  183  173  163  156
  151  148  146  144  143  146  156  179  209
    20.0-180.0 180.0   5.0 450.0                            LAT/LON1/LON2/DLON/H
  210  243  279  310  339  361  379  394  409  424  440  451  453  451  429  390
  356  338  352  381  406  421  437  471  533  611  682  734  764  788  820  847
  871  875  878  858  827  775  691  604  540  511  492  485  485  480  485  492
  495  492  481  471  460  433  400  337  283  244  223  208  194  181  168  158
  151  149  147  146  144  143  155  178  210
    17.5-180.0 180.0   5.0 450.0                            LAT/LON1/LON2/DLON/H
  210  246  281  316  346  370  391  408  424  444  468  488  491  486  467  436
  409  389  399  427  447  465  491  538  613  696  773  817  842  856  882  902
  910  908  887  843  797  734  647  559  495  470  454  452  461  466  468  471
  469  461  452  445  437  417  390  340  289  253  233  222  208  193  175  163
  156  155  154  151  147  145  155  179  210
    15.0-180.0 180.0   5.0 450.0                            LAT/LON1/LON2/DLON/H
  209  246  284  319  352  380  402  422  442  462  490  515  523  521  510  487
  466  450  455  480  495  523  554  609  687  768  841  884  897  897  902  908
  904  891  865  816  761  689  598  509  444  425  414  416  424  424  413  416
  413  404  398  400  401  390  372  339  299  268  252  243  227  209  188  174
  164  164  163  159  153  150  158  179  209
    12.5-180.0 180.0   5.0 450.0                            LAT/LON1/LON2/DLON/H
  208  245  284  322  357  387  413  437  460  481  511  542  557  561  554  538
  525  515  517  537  552  579  615  668  742  820  885  917  915  902  886  880
  870  854  828  781  721  646  558  472  407  389  382  381  382  372  357  354
  354  349  348  357  366  369  361  339  312  290  277  265  248  226  203  185
  175  173  171  166  158  154  159  179  208
    10.0-180.0 180.0   5.0 450.0                            LAT/LON1/LON2/DLON/H
  206  243  285  326  364  397  427  455  480  504  536  569  591  603  602  590
  583  581  582  593  607  631  665  714  782  853  903  921  910  884  858  844
  836  823  796  753  693  623  544  464  402  379  370  363  349  334  318  320
  320  317  323  337  350  360  361  352  334  319  305  289  270  243  217  196
  185  180  177  168  160  155  159  178  206
     7.5-180.0 180.0   5.0 450.0                            LAT/LON1/LON2/DLON/H
  203  242  286  333  374  413  447  479  507  532  566  601  629  648  653  646
  641  644  646  651  661  678  707  751  811  866  901  908  891  863  835  823
  818  805  782  746  694  630  565  495  431  397  383  370  341  323  317  325
  330  331  343  358  370  380  384  384  371  356  337  316  291  260  231  205
  191  184  177  168  158  151  155  172  203
     5.0-180.0 180.0   5.0 450.0                            LAT/LON1/LON2/DLON/H
  199  244  293  341  388  430  471  513  538  564  600  637  668  694  705  704
  702  704  705  703  710  725  750  784  826  863  887  887  867  842  824  819
  819  808  791  765  723  672  618  557  489  443  424  405  371  364  372  394
  397  400  408  416  421  423  426  429  411  393  368  341  308  274  241  212
  193  183  175  163  153  145  147  167  199
     2.5-180.0 180.0   5.0 450.0                            LAT/LON1/LON2/DLON/H
  195  244  297  351  401  450  497  541  573  601  638  673  705  736  750  759
  758  757  754  749  751  764  785  809  834  857  870  868  851  834  827  831
  837  831  824  809  773  732  692  628  559  507  483  462  441  454  479  509
  501  499  497  497  490  475  471  465  441  414  386  352  313  275  243  214
  189  175  166  155  146  138  141  160  195
