DORISInput/IGSGIM/2024/IGS0OPSFIN_20241320000_01D_02H_GIM.INX
     1.0            IONOSPHERE MAPS     MIX                 IONEX VERSION / TYPE
cmpcmb v1.2          GRL/UWM            28-may-24 16:33     PGM / RUN BY / DATE 
ionex file containing IGS COMBINED Ionosphere maps          COMMENT             
global ionosphere maps for day 132, 2024                    DESCRIPTION         
IONEX file containing the COMBINED IGS TEC MAPS and DCBs    DESCRIPTION         
      IONEX files of the following IAACs were combined: cod DESCRIPTION         
                                                        jpl DESCRIPTION         
                                                        upc DESCRIPTION         
Contact address: Andrzej Krankowski                         DESCRIPTION
                 Geodynamics Research Laboratory            DESCRIPTION
                 University of Warmia and Mazury (GRL/UWM)  DESCRIPTION
                 Oczapowski St. 1                           DESCRIPTION
                 10-957-Olsztyn, POLAND                     DESCRIPTION
                 e-mail:  kand@uwm.edu.pl                   DESCRIPTION
                                                            DESCRIPTION         
  2024     5    11     0     0     0                        EPOCH OF FIRST MAP  
  2024     5    12     0     0     0                        EPOCH OF LAST MAP   
  7200                                                      INTERVAL            
    13                                                      # OF MAPS IN FILE   
  COSZ                                                      MAPPING FUNCTION    
     0.0                                                    ELEVATION CUTOFF    
combined TEC calculated as weighted mean of input TEC valuesOBSERVABLES USED    
   338                                                      # OF STATIONS       
    32                                                      # OF SATELLITES     
  6371.0                                                    BASE RADIUS         
     2                                                      MAP DIMENSION       
   450.0 450.0   0.0                                        HGT1 / HGT2 / DHGT  
    87.5 -87.5  -2.5                                        LAT1 / LAT2 / DLAT  
  -180.0 180.0   5.0                                        LON1 / LON2 / DLON  
    -1                                                      EXPONENT            
TEC values in 0.1 tec units;  9999, if no value available   COMMENT             
DCB values in nanoseconds, reference is Sum_of_SatDCBs = 0  COMMENT             
                                                            END OF HEADER       
     1                                                      START OF TEC MAP    
  2024     5    11     0     0     0                        EPOCH OF CURRENT MAP
    87.5-180.0 180.0   5.0 450.0                            LAT/LON1/LON2/DLON/H
  116  116  116  116  116  115  115  115  116  116  115  115  115  116  116  116
  116  116  116  117  117  118  118  119  119  120  120  120  120  120  120  120
  119  119  119  118  117  117  117  117  116  116  116  116  116  116  116  117
  116  117  117  117  117  116  116  117  117  118  118  117  118  118  118  118
  117  117  116  117  117  117  117  117  116
    85.0-180.0 180.0   5.0 450.0                            LAT/LON1/LON2/DLON/H
  118  117  117  116  116  116  116  116  117  117  118  119  120  122  120  119
  120  120  121  122  124  125  126  127  128  130  129  129  128  126  124  123
  122  120  119  119  118  116  116  116  115  115  115  116  116  117  118  118
  118  119  121  122  124  123  123  123  123  123  123  124  123  123  122  121
  121  121  121  120  119  119  119  118  118
    82.5-180.0 180.0   5.0 450.0                            LAT/LON1/LON2/DLON/H
  119  117  115  113  113  111  111  111  111  112  112  114  114  116  117  119
  121  124  128  130  129  133  134  132  135  135  134  133  131  130  129  126
  124  122  120  118  116  116  115  117  117  117  117  115  116  116  119  121
  124  125  127  128  130  131  131  131  131  130  130  130  130  129  128  127
  127  126  125  125  124  122  122  120  119
    80.0-180.0 180.0   5.0 450.0                            LAT/LON1/LON2/DLON/H
  122  120  118  116  116  116  118  117  117  118  117  116  116  116  115  117
  117  119  121  123  127  130  135  131  132  135  135  134  132  130  128  126
  123  121  117  112  110  108  106  105  105  105  108  109  110  111  112  117
  123  127  131  134  136  138  139  139  138  137  136  135  134  134  133  132
  132  131  130  129  129  128  126  125  122
    77.5-180.0 180.0   5.0 450.0                            LAT/LON1/LON2/DLON/H
  130  130  128  130  131  131  132  129  127  125  121  119  116  116  119  121
  120  119  119  120  120  129  121  123  133  131  128  126  124  122  121  120
  119  116  113  112  110  106  101   98   97   97   97   99  101  104  106  111
  117  122  128  134  138  142  144  145  144  142  140  137  136  134  134  133
  134  133  134  135  135  135  134  133  130
    75.0-180.0 180.0   5.0 450.0                            LAT/LON1/LON2/DLON/H
  147  148  151  149  148  145  144  143  138  131  123  120  121  118  111  112
  117  112  113  123  111  109  110  110  115  116  121  123  116  116  114  112
  113  112  109  107  104  102   99   94   93   94   95   95   96   98  103  107
  113  119  127  133  138  143  146  147  147  143  139  136  132  131  130  130
  131  134  136  139  141  143  144  143  147
    72.5-180.0 180.0   5.0 450.0                            LAT/LON1/LON2/DLON/H
  165  166  167  162  157  159  157  153  145  134  131  129  120  116  119  110
  103  110  120  104   97   95   93   92  100  105  107  106  110  111  111  108
  107  107  108  105  103   97   94   92   90   92   94   95   93   93   97  102
  109  117  125  132  137  142  145  146  145  140  135  128  123  121  120  122
  127  131  137  142  147  150  153  158  165
    70.0-180.0 180.0   5.0 450.0                            LAT/LON1/LON2/DLON/H
  169  172  169  165  168  171  175  166  153  142  135  127  121  122  113  106
  109  111  103   97   96   82   76   76   79   87   95   98  102  104  108  110
  110  110  110  112  111  106  101  100   96   95   96   96   94   93   95   99
  106  113  122  129  134  138  142  142  140  133  125  117  111  109  110  114
  121  128  138  145  150  155  157  165  169
    67.5-180.0 180.0   5.0 450.0                            LAT/LON1/LON2/DLON/H
  158  159  158  161  178  187  186  178  163  153  142  132  131  133  126  125
  119  118  112   99   88   78   71   73   69   76   87   99  105  110  117  119
  118  120  121  122  121  121  118  115  111  109  105  102  100   99  102  104
  106  109  116  123  128  133  136  136  131  123  114  105  100   98  101  108
  117  128  139  147  152  154  155  154  158
    65.0-180.0 180.0   5.0 450.0                            LAT/LON1/LON2/DLON/H
  135  131  135  150  172  185  195  186  179  173  164  152  146  145  150  147
  135  143  123  108   98   90   79   79   77   79   92  111  120  122  133  135
  134  131  133  137  137  140  137  132  130  126  119  115  111  109  113  110
  109  107  110  116  121  126  127  126  122  114  106   98   92   91   96  105
  117  130  143  151  154  152  148  139  135
    62.5-180.0 180.0   5.0 450.0                            LAT/LON1/LON2/DLON/H
  122  118  121  137  160  185  202  204  201  199  196  182  160  160  162  158
  154  155  136  124  114  111   98   92   96   96  107  125  134  135  146  155
  153  146  147  150  149  151  150  148  146  141  135  130  125  121  122  118
  111  105  105  110  115  118  119  118  115  108  101   95   91   92   97  108
  122  137  149  156  157  152  143  132  122
    60.0-180.0 180.0   5.0 450.0                            LAT/LON1/LON2/DLON/H
  122  117  122  136  162  192  225  237  230  222  217  197  173  166  161  162
  168  170  154  140  134  132  118  111  121  122  130  142  148  151  160  169
  169  160  158  160  160  156  155  156  156  150  145  139  132  126  121  116
  109  104  101  104  109  111  112  113  112  107  102   98   95   97  103  115
  130  146  158  164  163  156  145  134  122
    57.5-180.0 180.0   5.0 450.0                            LAT/LON1/LON2/DLON/H
  133  129  134  146  167  199  244  272  270  246  230  202  178  164  161  167
  176  179  169  158  154  147  139  135  142  150  155  162  163  165  169  172
  169  163  157  158  158  155  154  154  153  149  144  138  130  122  115  111
  106  102  100  100  102  104  106  108  110  108  106  103  102  105  112  123
  139  155  167  172  170  162  152  141  133
    55.0-180.0 180.0   5.0 450.0                            LAT/LON1/LON2/DLON/H
  152  151  156  167  181  207  253  303  313  276  247  217  188  167  157  162
  170  174  174  170  166  162  161  161  161  167  169  171  169  165  167  166
  160  154  147  145  145  145  143  142  142  137  131  126  120  114  110  107
  103  102  101  101  102  102  105  107  111  112  112  112  112  116  122  132
  146  161  171  176  175  170  163  156  152
    52.5-180.0 180.0   5.0 450.0                            LAT/LON1/LON2/DLON/H
  179  183  191  198  203  211  242  309  335  317  277  241  206  173  153  149
  156  166  174  171  168  168  171  173  173  175  174  171  161  150  154  151
  143  136  130  128  129  128  127  126  123  119  115  112  110  109  107  105
  104  104  105  107  108  110  111  114  116  118  119  121  122  126  131  139
  151  162  170  176  177  177  176  176  179
    50.0-180.0 180.0   5.0 450.0                            LAT/LON1/LON2/DLON/H
  212  226  235  236  230  224  247  302  329  343  321  284  238  188  154  138
  143  154  163  165  163  164  168  172  175  175  170  159  143  129  130  127
  120  114  110  109  111  110  111  111  108  105  103  103  104  105  105  106
  107  109  113  116  119  122  123  124  125  126  128  130  131  134  139  146
  151  159  167  173  179  184  192  200  212
    47.5-180.0 180.0   5.0 450.0                            LAT/LON1/LON2/DLON/H
  251  272  280  273  257  239  244  286  310  343  367  352  303  230  176  143
  140  148  154  156  154  157  160  164  167  165  156  140  122  108  103   99
   96   95   93   93   95   97  100  101  101   99   99  100  103  106  106  109
  111  116  123  128  133  138  137  137  137  137  137  138  141  142  146  149
  152  157  166  173  183  195  210  230  251
    45.0-180.0 180.0   5.0 450.0                            LAT/LON1/LON2/DLON/H
  291  316  323  312  286  268  284  304  305  348  412  444  404  313  234  180
  157  154  154  146  145  149  148  149  150  147  138  123  108   96   87   84
   84   85   85   87   90   95   99  102  102  102  103  104  107  109  111  114
  118  125  134  144  152  158  156  155  154  153  150  149  151  153  157  160
  161  163  171  179  192  210  235  264  291
    42.5-180.0 180.0   5.0 450.0                            LAT/LON1/LON2/DLON/H
  332  357  365  354  324  301  317  335  331  388  476  527  511  424  332  248
  198  177  166  151  144  140  135  131  131  128  123  114  103   95   89   87
   89   92   93   94   97  103  108  111  113  113  113  114  115  117  119  122
  127  137  149  164  175  180  179  179  178  178  172  169  169  171  175  179
  178  179  187  196  210  232  265  299  332
    40.0-180.0 180.0   5.0 450.0                            LAT/LON1/LON2/DLON/H
  376  400  410  400  372  354  368  385  395  464  578  627  609  543  449  338
  273  236  206  183  164  148  136  126  123  121  117  116  114  110  108  111
  115  116  118  116  118  122  126  127  128  128  128  126  127  128  128  131
  137  148  163  182  196  201  203  205  209  209  203  198  197  200  203  208
  207  207  217  229  245  271  307  342  376
    37.5-180.0 180.0   5.0 450.0                            LAT/LON1/LON2/DLON/H
  430  450  454  449  434  421  441  464  481  553  691  732  724  661  554  455
  379  336  281  254  226  198  172  151  140  139  131  139  145  145  145  150
  155  159  157  154  152  150  149  148  146  144  141  139  138  137  136  140
  146  157  173  192  208  217  225  231  237  240  236  231  229  234  240  247
  247  250  261  274  298  326  365  401  430
    35.0-180.0 180.0   5.0 450.0                            LAT/LON1/LON2/DLON/H
  494  511  506  502  498  495  515  557  611  637  770  820  825  774  676  577
  493  449  393  378  344  302  256  219  181  175  171  178  186  189  191  197
  202  206  204  198  191  179  169  164  160  155  150  147  143  141  141  144
  151  161  175  194  211  228  244  254  263  270  268  266  264  271  282  293
  296  304  315  334  367  396  437  477  494
    32.5-180.0 180.0   5.0 450.0                            LAT/LON1/LON2/DLON/H
  586  583  578  572  571  580  591  641  711  731  847  889  915  889  799  702
  606  567  531  541  506  453  389  326  252  227  216  223  225  230  232  231
  236  245  247  237  226  200  183  171  163  158  152  146  141  141  142  145
  151  159  169  189  209  233  256  275  291  302  302  301  302  313  326  342
  350  361  374  403  444  472  516  563  586
    30.0-180.0 180.0   5.0 450.0                            LAT/LON1/LON2/DLON/H
  688  695  698  675  666  667  669  707  770  787  898  967  977  956  890  811
  715  666  664  700  658  610  546  447  343  289  263  254  244  248  248  248
  254  265  271  255  241  207  183  167  159  151  142  137  135  136  138  141
  145  151  161  177  203  234  267  297  320  330  335  336  339  354  372  390
  401  414  432  470  510  549  594  649  688
    27.5-180.0 180.0   5.0 450.0                            LAT/LON1/LON2/DLON/H
  779  805  812  790  768  763  755  773  812  846  929 1022 1024  994  947  890
  814  760  784  842  793  729  670  554  428  345  292  265  244  246  243  240
  245  253  265  246  231  203  174  156  147  139  130  125  125  127  130  133
  137  145  152  167  194  231  275  316  347  360  365  366  374  391  411  437
  451  463  483  523  569  614  674  729  779
    25.0-180.0 180.0   5.0 450.0                            LAT/LON1/LON2/DLON/H
  848  879  896  890  873  862  866  868  892  941 1003 1071 1078 1042  989  949
  885  837  889  971  926  836  758  633  482  375  299  257  235  229  217  208
  208  218  230  224  212  187  160  140  130  124  117  115  114  116  120  123
  131  138  144  159  186  230  280  333  370  386  391  392  403  425  449  474
  494  504  526  567  620  680  731  784  848
    22.5-180.0 180.0   5.0 450.0                            LAT/LON1/LON2/DLON/H
  880  914  932  954  963  959  964  975  995 1060 1136 1148 1126 1106 1059  998
  929  882  954 1059 1029  928  812  661  490  374  291  244  219  197  176  161
  160  169  183  188  181  164  140  122  114  112  109  107  105  105  109  114
  122  131  137  151  180  224  281  342  384  403  409  411  424  451  482  505
  522  535  563  596  652  713  764  821  880
    20.0-180.0 180.0   5.0 450.0                            LAT/LON1/LON2/DLON/H
  890  917  941  978 1011 1015 1033 1056 1093 1166 1247 1221 1179 1182 1149 1046
  957  906  974 1069 1063  966  817  643  470  354  270  217  189  162  131  114
  113  119  136  149  146  134  116  104  103  105  105  102   99   99  102  110
  119  124  127  139  170  217  281  343  389  413  421  422  434  465  504  532
  542  554  576  608  659  718  776  838  890
    17.5-180.0 180.0   5.0 450.0                            LAT/LON1/LON2/DLON/H
  897  917  934  979 1028 1047 1060 1103 1152 1231 1300 1272 1228 1255 1210 1103
  991  946  969 1038 1048  970  817  619  446  316  228  178  155  128   99   81
   73   79   94  111  113  104   95   91   96  105  108  104   99   98  103  111
  116  116  115  125  158  210  278  343  391  419  426  430  444  474  518  551
  561  568  585  622  673  720  783  852  897
    15.0-180.0 180.0   5.0 450.0                            LAT/LON1/LON2/DLON/H
  895  914  934  972 1017 1047 1062 1100 1148 1220 1287 1288 1262 1269 1227 1133
 1043 1007  989 1022 1010  948  810  611  423  269  175  141  127  102   78   60
   50   52   65   83   87   82   79   83   94  109  116  112  108  104  108  114
  114  112  109  116  148  208  276  339  393  422  431  438  455  488  532  566
  583  593  605  641  694  736  792  856  895
    12.5-180.0 180.0   5.0 450.0                            LAT/LON1/LON2/DLON/H
  877  903  925  959  994 1025 1042 1067 1109 1173 1237 1264 1261 1251 1219 1153
 1089 1068 1030 1015  976  902  764  581  396  227  139  116  109   90   70   53
   41   39   48   61   66   67   72   83   99  119  129  124  119  114  116  117
  115  111  106  112  145  205  275  335  388  423  438  446  465  502  549  580
  598  617  630  659  705  747  797  837  877
    10.0-180.0 180.0   5.0 450.0                            LAT/LON1/LON2/DLON/H
  865  887  909  939  969  993 1005 1015 1046 1104 1166 1204 1216 1201 1187 1149
 1114 1080 1031  989  949  863  702  517  351  205  123  104   97   88   72   56
   45   40   44   51   58   64   77   96  115  133  142  136  129  124  121  116
  112  110  104  110  141  201  265  327  380  423  446  459  483  524  564  593
  610  631  650  671  719  762  797  832  865
     7.5-180.0 180.0   5.0 450.0                            LAT/LON1/LON2/DLON/H
  867  879  897  925  947  964  966  961  976 1021 1076 1122 1141 1134 1136 1124
 1098 1055 1007  960  914  817  653  478  322  186  118   98   91   90   77   64
   56   49   48   53   61   74   94  117  138  149  151  144  137  129  120  114
  107  105  100  106  136  192  259  321  377  422  456  482  509  550  582  604
  624  640  661  683  725  769  812  844  867
     5.0-180.0 180.0   5.0 450.0                            LAT/LON1/LON2/DLON/H
  887  887  891  909  924  934  921  905  901  928  977 1016 1038 1048 1056 1069
 1060 1026  982  932  872  771  629  458  298  174  116   94   91   93   81   72
   65   59   58   65   76   94  119  146  164  169  159  150  142  131  120  109
  100   94   91   99  131  188  257  323  376  421  467  506  536  570  600  621
  639  654  672  698  737  781  830  869  887
     2.5-180.0 180.0   5.0 450.0                            LAT/LON1/LON2/DLON/H
  913  904  890  893  900  904  883  853  832  844  878  912  933  945  963  993
 1007  988  948  899  839  734  596  422  267  164  113   91   88   90   83   76
   72   71   77   87  100  125  155  170  185  177  159  149  137  129  118  105
   94   85   83   91  121  181  256  327  380  424  475  520  555  587  618  643
  658  673  692  720  763  808  855  897  913
