DORISInput/IGSGIM/2024/IGS0OPSFIN_20241410000_01D_02H_GIM.INX
     1.0            IONOSPHERE MAPS     MIX                 IONEX VERSION / TYPE
cmpcmb v1.2          GRL/UWM             5-jun-24 16:22     PGM / RUN BY / DATE 
ionex file containing IGS COMBINED Ionosphere maps          COMMENT             
global ionosphere maps for day 141, 2024                    DESCRIPTION         
IONEX file containing the COMBINED IGS TEC MAPS and DCBs    DESCRIPTION         
      IONEX files of the following IAACs were combined: cod DESCRIPTION         
                                                        jpl DESCRIPTION         
                                                        upc DESCRIPTION         
Contact address: Andrzej Krankowski                         DESCRIPTION
                 Geodynamics Research Laboratory            DESCRIPTION
                 University of Warmia and Mazury (GRL/UWM)  DESCRIPTION
                 Oczapowski St. 1                           DESCRIPTION
                 10-957-Olsztyn, POLAND                     DESCRIPTION
                 e-mail:  kand@uwm.edu.pl                   DESCRIPTION
                                                            DESCRIPTION         
  2024     5    20     0     0     0                        EPOCH OF FIRST MAP  
  2024     5    21     0     0     0                        EPOCH OF LAST MAP   
  7200                                                      INTERVAL            
    13                                                      # OF MAPS IN FILE   
  COSZ                                                      MAPPING FUNCTION    
     0.0                                                    ELEVATION CUTOFF    
combined TEC calculated as weighted mean of input TEC valuesOBSERVABLES USED    
   338                                                      # OF STATIONS       
    32                                                      # OF SATELLITES     
  6371.0                                                    BASE RADIUS         
     2                                                      MAP DIMENSION       
   450.0 450.0   0.0                                        HGT1 / HGT2 / DHGT  
    87.5 -87.5  -2.5                                        LAT1 / LAT2 / DLAT  
  -180.0 180.0   5.0                                        LON1 / LON2 / DLON  
    -1                                                      EXPONENT            
TEC values in 0.1 tec units;  9999, if no value available   COMMENT             
DCB values in nanoseconds, reference is Sum_of_SatDCBs = 0  COMMENT             
                                                            END OF HEADER       
[from data line 3432]
     9                                                      START OF TEC MAP    
  2024     5    20    16     0     0                        EPOCH OF CURRENT MAP
    87.5-180.0 180.0   5.0 450.0                            LAT/LON1/LON2/DLON/H
  254  255  255  255  256  256  257  257  258  258  259  260  261  261  261  261
  262  262  263  263  263  264  264  264  263  264  263  263  263  263  263  263
  263  263  262  263  263  262  262  262  263  263  263  262  263  263  263  262
  262  261  261  262  261  261  259  259  258  258  257  257  257  256  256  255
  255  255  254  254  254  254  254  254  254
    85.0-180.0 180.0   5.0 450.0                            LAT/LON1/LON2/DLON/H
  250  250  251  252  253  254  255  256  258  260  261  263  264  265  266  267
  268  269  269  267  267  267  267  266  266  267  266  267  266  265  266  265
  264  264  264  264  264  263  263  263  263  264  265  266  266  267  267  269
  269  268  269  269  269  268  267  265  264  262  262  260  259  258  257  255
  254  253  252  251  250  250  249  250  250
    82.5-180.0 180.0   5.0 450.0                            LAT/LON1/LON2/DLON/H
  244  245  246  247  249  250  253  255  257  260  262  264  266  267  269  270
  270  270  270  270  271  269  266  269  270  269  269  268  268  268  267  268
  266  267  266  267  266  266  265  264  265  265  266  266  268  269  271  273
  275  277  278  279  280  280  280  279  276  274  271  270  268  264  261  258
  255  252  250  248  247  246  245  244  244
    80.0-180.0 180.0   5.0 450.0                            LAT/LON1/LON2/DLON/H
  241  241  242  243  244  247  248  251  254  258  261  264  266  268  270  270
  271  271  271  270  270  268  265  271  269  267  267  266  267  266  266  265
  266  266  267  266  265  264  264  264  264  264  266  267  270  272  275  278
  282  285  288  290  292  294  294  294  292  288  284  281  278  272  267  262
  257  254  250  247  245  244  243  242  241
    77.5-180.0 180.0   5.0 450.0                            LAT/LON1/LON2/DLON/H
  240  238  239  238  238  241  245  249  253  257  259  261  263  265  266  266
  266  267  268  267  265  267  265  265  262  266  268  269  270  270  270  271
  270  270  268  265  264  263  263  263  265  266  268  270  273  276  280  284
  288  292  297  300  303  305  307  307  305  302  296  289  285  278  271  266
  261  255  251  248  246  245  244  242  240
    75.0-180.0 180.0   5.0 450.0                            LAT/LON1/LON2/DLON/H
  241  240  238  238  240  243  247  251  254  256  258  261  262  262  262  262
  262  260  258  258  257  256  259  262  263  262  264  267  268  270  272  272
  272  273  272  271  269  267  266  266  266  268  270  274  277  280  284  289
  293  299  304  308  312  314  316  315  313  309  302  295  289  281  274  267
  261  256  251  249  248  248  245  242  241
    72.5-180.0 180.0   5.0 450.0                            LAT/LON1/LON2/DLON/H
  245  245  245  246  246  248  251  255  256  258  261  261  262  262  261  258
  256  253  251  251  249  250  255  259  262  265  267  268  271  272  274  277
  276  277  277  276  276  274  273  272  271  272  274  277  281  284  288  293
  298  303  308  312  316  318  318  316  313  307  300  292  285  276  269  263
  258  253  250  249  249  249  247  245  245
    70.0-180.0 180.0   5.0 450.0                            LAT/LON1/LON2/DLON/H
  250  252  253  253  254  255  258  259  259  262  265  265  264  263  259  256
  252  249  248  247  246  249  253  259  264  267  269  271  274  275  278  281
  283  283  284  285  284  284  283  282  281  280  282  283  285  288  291  294
  298  303  306  310  312  313  313  309  305  298  289  280  273  263  256  251
  248  245  245  246  247  247  248  249  250
    67.5-180.0 180.0   5.0 450.0                            LAT/LON1/LON2/DLON/H
  254  256  258  259  260  263  264  265  266  269  270  269  268  265  261  258
  253  250  247  247  248  251  255  262  267  272  273  275  278  280  283  286
  289  291  293  293  294  293  294  292  292  292  291  290  290  291  293  294
  296  298  301  301  302  302  300  296  288  281  271  261  253  244  238  234
  233  233  234  236  240  242  246  250  254
    65.0-180.0 180.0   5.0 450.0                            LAT/LON1/LON2/DLON/H
  251  256  260  263  265  268  270  271  272  275  275  274  273  270  265  261
  257  253  250  251  254  257  262  267  273  277  280  282  283  286  289  292
  296  300  303  304  305  305  305  304  304  304  302  300  298  296  295  294
  293  293  292  291  290  287  283  277  269  260  249  239  231  221  216  213
  213  214  218  220  226  230  238  245  251
    62.5-180.0 180.0   5.0 450.0                            LAT/LON1/LON2/DLON/H
  243  252  261  266  270  273  274  276  277  279  281  280  279  275  270  266
  262  258  256  257  260  264  269  273  279  283  287  289  291  295  298  302
  308  312  314  316  317  317  316  316  317  315  314  311  307  304  300  295
  292  289  285  282  278  273  268  261  251  242  230  218  210  202  196  193
  192  194  196  200  206  212  223  232  243
    60.0-180.0 180.0   5.0 450.0                            LAT/LON1/LON2/DLON/H
  229  243  256  265  272  277  280  281  283  284  286  286  284  280  276  271
  267  263  262  262  265  269  273  278  284  288  292  297  300  306  310  316
  322  326  328  329  329  328  328  328  329  330  327  323  318  312  306  299
  294  289  285  277  271  264  257  249  241  230  218  208  201  190  183  179
  177  177  177  179  185  192  203  217  229
    57.5-180.0 180.0   5.0 450.0                            LAT/LON1/LON2/DLON/H
  212  229  243  258  269  278  283  286  288  289  290  290  288  285  280  275
  270  267  266  267  268  271  275  280  285  291  297  304  311  319  326  334
  340  343  344  344  342  341  340  342  343  343  342  338  330  323  315  307
  300  295  288  279  272  263  255  245  236  226  215  207  200  190  182  176
  172  167  165  165  168  174  184  197  212
    55.0-180.0 180.0   5.0 450.0                            LAT/LON1/LON2/DLON/H
  195  212  230  249  262  275  283  289  294  297  297  297  294  290  284  279
  273  270  268  268  268  270  274  279  285  293  302  311  324  336  345  355
  361  363  362  360  355  353  353  354  357  358  357  353  344  337  326  319
  311  305  296  289  280  270  261  250  241  231  223  217  212  202  193  185
  176  168  162  158  157  160  168  181  195
    52.5-180.0 180.0   5.0 450.0                            LAT/LON1/LON2/DLON/H
  183  200  219  237  256  272  284  294  302  307  308  306  302  295  288  282
  275  272  269  267  267  267  272  278  285  298  310  323  338  354  367  378
  385  385  382  377  370  367  366  368  371  373  372  368  360  352  343  334
  324  316  309  302  293  283  273  262  253  245  239  235  231  223  213  201
  190  179  168  161  155  155  159  169  183
    50.0-180.0 180.0   5.0 450.0                            LAT/LON1/LON2/DLON/H
  176  191  211  232  253  272  287  301  312  320  323  321  314  304  294  286
  279  274  270  268  267  268  272  280  290  306  323  340  356  376  390  402
  407  407  401  393  385  381  380  382  385  389  388  382  375  366  357  347
  337  329  324  317  307  298  286  274  266  259  255  253  251  242  233  220
  207  193  180  169  161  157  159  166  176
    47.5-180.0 180.0   5.0 450.0                            LAT/LON1/LON2/DLON/H
  178  190  207  227  252  276  295  312  326  337  342  340  331  316  304  294
  285  280  275  273  272  274  280  289  302  320  339  359  377  396  412  424
  428  427  420  409  401  396  396  397  401  403  401  396  388  380  369  360
  352  345  336  328  318  306  293  281  274  271  268  267  266  256  247  234
  220  206  193  180  171  166  166  170  178
    45.0-180.0 180.0   5.0 450.0                            LAT/LON1/LON2/DLON/H
  184  194  208  225  254  280  302  324  342  356  362  361  350  334  318  306
  297  291  286  286  285  288  296  306  321  341  361  382  400  418  433  444
  449  449  442  429  421  416  415  415  418  418  415  410  402  392  381  375
  365  356  345  334  323  309  295  284  277  274  273  272  272  259  251  241
  228  215  204  193  183  178  177  179  184
    42.5-180.0 180.0   5.0 450.0                            LAT/LON1/LON2/DLON/H
  192  199  211  230  258  284  311  337  360  376  385  384  371  354  338  324
  314  309  305  306  307  312  321  332  348  368  387  410  427  443  457  467
  473  476  469  455  447  441  439  437  439  437  431  426  419  409  399  392
  378  366  351  337  323  308  293  283  275  271  268  267  267  255  248  241
  231  220  211  204  196  191  190  190  192
    40.0-180.0 180.0   5.0 450.0                            LAT/LON1/LON2/DLON/H
  200  203  213  230  257  288  320  349  376  396  406  406  397  380  362  349
  340  334  332  335  338  345  356  367  382  401  419  442  458  470  487  497
  506  511  505  495  485  476  467  465  465  461  456  447  441  433  422  409
  392  375  359  343  325  307  292  282  274  268  263  261  259  251  245  238
  230  222  215  211  207  203  202  200  200
    37.5-180.0 180.0   5.0 450.0                            LAT/LON1/LON2/DLON/H
  205  207  212  228  253  288  324  357  387  411  426  428  421  410  394  382
  372  370  367  369  376  384  396  406  420  438  454  474  491  506  526  538
  553  562  562  547  533  520  507  501  498  491  485  476  473  460  449  429
  408  387  369  351  333  316  300  291  282  275  271  268  265  257  250  242
  235  229  224  220  218  214  211  208  205
    35.0-180.0 180.0   5.0 450.0                            LAT/LON1/LON2/DLON/H
  209  209  212  224  250  282  325  363  393  419  439  448  447  441  429  421
  414  411  408  413  418  426  438  448  459  474  488  508  531  552  579  595
  618  628  628  609  592  574  560  545  539  530  522  517  507  495  479  453
  431  409  388  372  355  340  325  316  308  302  298  296  291  281  272  263
  256  249  243  236  230  225  221  214  209
    32.5-180.0 180.0   5.0 450.0                            LAT/LON1/LON2/DLON/H
  213  211  213  222  245  282  324  365  397  424  448  462  468  470  466  461
  459  455  451  457  462  469  479  487  497  512  526  549  576  611  646  671
  697  709  703  689  667  633  612  600  592  583  572  564  547  533  510  483
  461  440  418  408  395  383  372  363  357  353  350  348  341  329  319  310
  298  286  276  263  251  241  231  221  213
    30.0-180.0 180.0   5.0 450.0                            LAT/LON1/LON2/DLON/H
  219  214  214  223  243  276  316  359  395  423  449  470  483  493  498  502
  500  498  496  500  504  509  517  523  533  552  570  597  631  677  720  763
  790  802  793  777  742  698  671  658  643  635  626  611  590  566  538  514
  496  476  459  457  451  444  437  431  426  427  423  422  414  403  393  382
  359  341  326  303  287  264  246  231  219
    27.5-180.0 180.0   5.0 450.0                            LAT/LON1/LON2/DLON/H
  230  219  216  224  243  273  312  355  391  420  448  474  494  511  524  532
  535  536  533  536  540  545  552  560  575  600  620  654  697  750  809  848
  883  894  879  857  805  757  727  709  694  682  672  659  629  593  559  538
  526  510  500  508  513  506  504  500  499  506  504  502  495  486  476  464
  436  414  390  356  335  301  271  248  230
    25.0-180.0 180.0   5.0 450.0                            LAT/LON1/LON2/DLON/H
  244  228  219  225  244  272  308  349  386  416  443  468  493  517  537  550
  557  564  565  567  570  576  585  599  621  650  678  719  769  830  893  925
  963  968  952  912  850  809  779  755  744  723  709  711  674  605  569  554
  546  534  534  550  559  556  556  553  555  567  567  564  559  549  543  535
  510  486  450  417  392  345  303  269  244
    22.5-180.0 180.0   5.0 450.0                            LAT/LON1/LON2/DLON/H
  259  238  225  223  238  268  305  344  378  408  434  459  486  512  536  554
  569  583  591  596  598  606  620  640  669  702  739  789  844  899  960  982
 1004 1004  995  945  895  855  830  792  778  758  739  746  707  621  580  562
  549  542  551  567  581  582  583  578  584  591  589  586  584  576  575  569
  553  531  495  468  429  380  335  292  259
    20.0-180.0 180.0   5.0 450.0                            LAT/LON1/LON2/DLON/H
  276  248  231  224  233  261  299  337  372  399  424  448  476  503  527  551
  573  597  613  622  627  639  659  684  718  758  798  848  900  941  984 1001
 1009 1006  998  957  910  881  860  821  798  788  773  770  727  637  588  559
  535  530  540  557  568  572  571  569  575  572  567  566  566  563  565  556
  545  525  502  473  437  393  349  311  276
    17.5-180.0 180.0   5.0 450.0                            LAT/LON1/LON2/DLON/H
  284  254  234  226  231  255  291  330  365  393  416  439  466  492  518  543
  572  606  629  644  655  672  699  731  771  814  855  906  943  964  980  987
  987  983  977  943  898  872  852  829  815  808  796  777  726  645  586  544
  512  502  508  519  525  532  531  532  533  529  521  517  519  516  516  503
  493  476  464  442  417  385  355  320  284
    15.0-180.0 180.0   5.0 450.0                            LAT/LON1/LON2/DLON/H
  284  256  234  225  230  251  282  321  359  388  412  436  462  486  510  535
  570  613  642  663  681  703  734  775  821  866  907  945  963  967  959  957
  953  947  939  915  880  855  840  836  831  821  801  769  710  637  568  521
  487  471  471  473  475  480  479  481  483  477  468  462  464  458  455  434
  424  412  406  394  382  365  347  320  284
    12.5-180.0 180.0   5.0 450.0                            LAT/LON1/LON2/DLON/H
  276  249  228  218  220  238  272  311  350  383  412  436  463  486  510  536
  572  619  655  683  707  732  766  811  860  902  938  959  961  946  926  916
  912  908  903  891  871  850  846  850  843  824  797  759  702  623  546  491
  454  440  440  437  434  436  430  434  440  438  433  424  424  416  407  385
  366  354  347  341  339  335  328  309  276
    10.0-180.0 180.0   5.0 450.0                            LAT/LON1/LON2/DLON/H
  264  238  220  207  206  223  257  300  341  378  411  442  470  495  521  548
  585  631  671  705  734  764  799  840  884  921  944  948  939  917  889  876
  876  879  882  882  873  865  866  864  854  829  801  757  690  614  532  466
  434  430  428  423  415  412  407  419  430  433  431  421  416  401  386  358
  329  309  295  294  296  299  304  293  264
     7.5-180.0 180.0   5.0 450.0                            LAT/LON1/LON2/DLON/H
  252  229  209  195  192  208  243  287  333  375  413  450  483  511  539  568
  605  650  692  730  763  795  831  866  901  925  934  929  910  885  861  848
  853  866  876  883  882  880  882  877  859  840  811  761  696  618  536  478
  452  451  451  446  435  429  434  455  468  468  463  451  438  414  392  357
  323  291  267  261  260  265  276  270  252
     5.0-180.0 180.0   5.0 450.0                            LAT/LON1/LON2/DLON/H
  232  212  191  176  174  192  230  276  325  373  417  460  498  531  561  592
  629  671  717  757  788  821  855  883  907  918  918  906  885  866  851  844
  856  875  890  900  900  898  893  881  866  853  819  772  710  635  564  525
  502  506  510  510  498  497  505  529  544  541  522  505  485  454  420  382
  343  298  261  245  239  242  249  244  232
     2.5-180.0 180.0   5.0 450.0                            LAT/LON1/LON2/DLON/H
  210  190  171  154  154  173  212  263  319  371  421  472  513  551  585  619
  653  695  736  775  807  839  869  891  906  907  900  886  872  864  862  864
  882  904  921  931  928  917  898  883  869  850  817  775  720  658  606  582
  572  584  603  601  598  589  586  610  625  622  595  564  539  505  461  416
  374  321  273  245  228  223  224  220  210
