DORISInput/IGSGIM/2024/IGS0OPSFIN_20241400000_01D_02H_GIM.INX
     1.0            IONOSPHERE MAPS     MIX                 IONEX VERSION / TYPE
cmpcmb v1.2          GRL/UWM             5-jun-24 16:17     PGM / RUN BY / DATE 
ionex file containing IGS COMBINED Ionosphere maps          COMMENT             
global ionosphere maps for day 140, 2024                    DESCRIPTION         
IONEX file containing the COMBINED IGS TEC MAPS and DCBs    DESCRIPTION         
      IONEX files of the following IAACs were combined: cod DESCRIPTION         
                                                        jpl DESCRIPTION         
                                                        upc DESCRIPTION         
Contact address: Andrzej Krankowski                         DESCRIPTION
                 Geodynamics Research Laboratory            DESCRIPTION
                 University of Warmia and Mazury (GRL/UWM)  DESCRIPTION
                 Oczapowski St. 1                           DESCRIPTION
                 10-957-Olsztyn, POLAND                     DESCRIPTION
                 e-mail:  kand@uwm.edu.pl                   DESCRIPTION
                                                            DESCRIPTION         
  2024     5    19     0     0     0                        EPOCH OF FIRST MAP  
  2024     5    20     0     0     0                        EPOCH OF LAST MAP   
  7200                                                      INTERVAL            
    13                                                      # OF MAPS IN FILE   
  COSZ                                                      MAPPING FUNCTION    
     0.0                                                    ELEVATION CUTOFF    
combined TEC calculated as weighted mean of input TEC valuesOBSERVABLES USED    
   336                                                      # OF STATIONS       
    32                                                      # OF SATELLITES     
  6371.0                                                    BASE RADIUS         
     2                                                      MAP DIMENSION       
   450.0 450.0   0.0                                        HGT1 / HGT2 / DHGT  
    87.5 -87.5  -2.5                                        LAT1 / LAT2 / DLAT  
  -180.0 180.0   5.0                                        LON1 / LON2 / DLON  
    -1                                                      EXPONENT            
TEC values in 0.1 tec units;  9999, if no value available   COMMENT             
DCB values in nanoseconds, reference is Sum_of_SatDCBs = 0  COMMENT             
                                                            END OF HEADER       
[from data line 2574]
     7                                                      START OF TEC MAP    
  2024     5    19    12     0     0                        EPOCH OF CURRENT MAP
    87.5-180.0 180.0   5.0 450.0                            LAT/LON1/LON2/DLON/H
  221  222  222  223  224  224  225  226  227  227  228  228  229  230  230  230
  231  231  231  231  231  231  231  230  229  229  227  226  226  225  224  223
  222  221  220  219  218  217  215  215  213  213  212  212  211  210  210  209
  209  210  209  209  210  209  210  210  211  211  212  213  213  214  214  215
  216  216  217  218  218  219  219  220  221
    85.0-180.0 180.0   5.0 450.0                            LAT/LON1/LON2/DLON/H
  225  226  227  227  229  230  231  232  234  235  236  238  239  240  241  242
  242  243  243  243  243  243  242  243  242  240  240  239  237  236  234  233
  231  229  227  225  222  220  217  215  213  211  209  208  207  206  207  206
  207  207  208  209  211  212  213  214  216  217  219  220  220  221  221  221
  222  222  222  222  222  223  224  224  225
    82.5-180.0 180.0   5.0 450.0                            LAT/LON1/LON2/DLON/H
  229  229  230  230  231  232  232  234  236  238  240  242  245  246  247  248
  249  249  250  250  249  248  249  252  252  252  250  247  246  244  242  241
  239  238  235  234  231  228  225  222  219  216  214  211  210  209  209  210
  211  213  216  219  222  225  228  231  234  236  238  240  240  240  240  239
  237  236  235  233  232  231  230  230  229
    80.0-180.0 180.0   5.0 450.0                            LAT/LON1/LON2/DLON/H
  233  231  230  229  229  231  232  234  236  237  239  241  242  245  246  247
  248  248  248  249  249  249  249  253  250  249  250  251  252  253  253  253
  252  250  249  249  247  245  242  237  232  228  224  222  220  219  220  221
  223  225  230  236  241  247  252  258  262  266  269  270  271  270  267  265
  261  257  253  249  245  241  238  235  233
    77.5-180.0 180.0   5.0 450.0                            LAT/LON1/LON2/DLON/H
  234  230  228  227  227  227  227  228  230  233  236  237  238  240  241  241
  241  241  243  247  254  246  245  247  246  249  254  257  261  265  268  270
  273  276  275  273  271  268  265  261  255  250  244  240  238  238  239  241
  245  249  255  262  270  277  285  291  296  301  304  305  305  302  298  293
  287  279  273  265  258  251  244  238  234
    75.0-180.0 180.0   5.0 450.0                            LAT/LON1/LON2/DLON/H
  233  228  225  223  221  220  220  222  225  226  226  228  230  231  230  232
  234  232  230  229  229  230  233  238  242  248  255  260  268  276  283  290
  297  302  305  304  301  298  294  287  282  277  272  268  266  268  268  271
  275  282  288  296  303  312  320  326  332  335  337  337  335  331  325  317
  308  298  287  277  266  256  247  239  233
    72.5-180.0 180.0   5.0 450.0                            LAT/LON1/LON2/DLON/H
  226  222  219  217  215  213  213  215  216  217  219  221  219  218  219  218
  213  209  209  209  212  213  218  223  232  241  252  263  272  285  295  306
  317  327  331  334  335  331  325  318  313  307  305  303  301  303  303  307
  310  315  321  328  336  343  349  355  357  359  359  357  353  347  339  329
  317  305  292  279  267  255  243  233  226
    70.0-180.0 180.0   5.0 450.0                            LAT/LON1/LON2/DLON/H
  215  212  209  207  206  205  205  206  209  209  208  208  208  208  205  202
  198  193  192  193  194  198  204  212  223  236  250  263  276  289  305  320
  333  344  353  358  360  360  355  351  345  341  339  336  336  337  338  339
  342  345  352  355  359  364  368  371  370  368  365  360  354  346  336  325
  312  298  285  271  258  244  232  221  215
    67.5-180.0 180.0   5.0 450.0                            LAT/LON1/LON2/DLON/H
  202  199  197  196  195  196  197  199  198  198  198  198  198  197  195  191
  188  184  182  182  184  189  195  206  220  234  250  267  281  296  312  329
  343  356  367  374  378  380  379  377  373  370  367  366  366  364  366  367
  369  368  371  372  372  374  372  370  366  360  353  344  336  327  316  305
  292  280  267  254  241  227  216  207  202
    65.0-180.0 180.0   5.0 450.0                            LAT/LON1/LON2/DLON/H
  187  185  184  184  184  185  186  188  188  187  187  191  191  189  189  186
  183  180  180  180  183  189  196  207  222  237  255  272  289  303  318  333
  349  363  375  384  391  395  397  395  393  391  390  390  390  389  388  387
  385  383  380  376  371  369  364  356  348  336  326  314  304  294  284  274
  263  252  241  232  220  210  198  190  187
    62.5-180.0 180.0   5.0 450.0                            LAT/LON1/LON2/DLON/H
  173  170  170  171  172  173  173  175  177  177  178  183  185  184  185  184
  183  181  180  182  186  193  201  211  225  240  257  274  293  308  322  338
  353  368  380  391  399  404  408  409  409  409  408  410  410  408  405  399
  394  386  379  370  363  354  345  333  321  307  295  281  270  259  249  240
  231  222  215  207  199  190  182  174  173
    60.0-180.0 180.0   5.0 450.0                            LAT/LON1/LON2/DLON/H
  163  160  161  161  161  161  162  162  164  166  169  174  178  181  184  184
  184  183  183  185  190  196  204  214  226  241  256  274  292  307  324  341
  357  372  384  396  405  411  416  419  422  423  425  426  424  421  415  407
  398  387  375  363  351  337  325  312  299  284  271  257  244  232  223  215
  207  199  193  187  180  174  167  162  163
    57.5-180.0 180.0   5.0 450.0                            LAT/LON1/LON2/DLON/H
  161  158  158  156  154  152  149  149  151  153  158  164  172  177  181  184
  185  186  188  190  194  200  206  214  225  238  253  271  290  306  324  342
  360  376  389  402  411  419  425  429  433  436  439  439  435  431  424  413
  403  389  374  359  343  330  317  304  292  276  263  250  237  226  215  205
  196  189  183  177  171  165  161  159  161
    55.0-180.0 180.0   5.0 450.0                            LAT/LON1/LON2/DLON/H
  167  164  161  158  152  147  142  140  139  141  147  153  162  171  177  182
  185  188  191  193  198  202  207  213  221  233  246  265  286  303  324  345
  365  382  397  411  422  430  435  441  444  449  451  449  446  440  431  420
  406  392  377  360  345  334  322  312  301  288  276  264  252  239  226  215
  203  195  188  181  175  170  166  165  167
    52.5-180.0 180.0   5.0 450.0                            LAT/LON1/LON2/DLON/H
  181  176  172  164  157  149  142  137  133  133  138  145  154  164  172  179
  184  189  192  197  200  204  207  211  218  227  239  259  281  301  325  350
  373  391  408  422  434  443  450  456  460  463  465  461  456  448  438  427
  413  398  383  368  356  347  338  332  325  315  306  293  281  266  252  238
  225  214  205  197  190  185  181  180  181
    50.0-180.0 180.0   5.0 450.0                            LAT/LON1/LON2/DLON/H
  201  195  188  178  167  158  148  139  134  132  134  141  149  159  169  176
  185  192  197  202  205  208  209  212  216  222  235  252  276  300  326  356
  380  402  421  438  450  460  467  475  479  482  481  476  468  459  447  436
  423  409  394  381  373  366  361  359  353  346  339  328  314  299  281  266
  252  240  228  219  211  206  203  201  201
    47.5-180.0 180.0   5.0 450.0                            LAT/LON1/LON2/DLON/H
  222  216  207  195  182  170  159  149  142  137  137  142  149  158  167  177
  187  197  206  212  215  216  216  216  217  223  235  252  277  305  333  363
  391  415  437  454  469  481  489  495  501  503  500  493  484  473  460  449
  435  422  408  398  391  388  385  384  380  373  366  356  342  326  307  290
  276  262  249  239  233  229  226  223  222
    45.0-180.0 180.0   5.0 450.0                            LAT/LON1/LON2/DLON/H
  240  234  225  213  198  185  173  161  152  147  146  149  154  161  170  181
  194  208  219  227  229  229  227  224  224  230  242  260  284  312  342  372
  401  429  454  476  491  504  514  523  527  528  525  515  505  491  480  470
  453  439  425  416  411  409  404  401  396  387  378  366  353  338  320  304
  290  276  262  254  248  246  243  241  240
    42.5-180.0 180.0   5.0 450.0                            LAT/LON1/LON2/DLON/H
  251  245  238  227  214  200  188  177  167  161  159  160  163  169  176  190
  206  224  238  246  247  246  242  239  238  244  254  272  296  322  351  383
  412  443  470  494  515  531  541  549  555  558  554  543  530  518  504  492
  475  461  448  440  432  426  420  410  399  387  373  357  344  332  318  304
  291  278  267  258  253  251  251  251  251
    40.0-180.0 180.0   5.0 450.0                            LAT/LON1/LON2/DLON/H
  254  249  243  235  224  213  202  192  183  177  175  174  175  179  186  201
  221  244  261  269  268  265  261  258  258  264  273  290  314  338  365  393
  425  457  489  517  542  560  573  580  588  590  587  578  566  554  538  523
  508  493  478  467  455  444  433  417  398  379  362  346  334  322  311  298
  286  276  265  255  249  247  249  251  254
    37.5-180.0 180.0   5.0 450.0                            LAT/LON1/LON2/DLON/H
  247  245  241  236  230  221  214  207  199  194  191  189  189  191  199  214
  236  263  284  293  292  288  285  283  283  289  297  313  333  356  380  407
  438  473  511  543  570  590  606  615  624  629  624  618  611  602  584  567
  550  534  516  503  488  473  456  432  406  383  364  349  336  325  313  301
  291  280  269  256  246  242  242  244  247
    35.0-180.0 180.0   5.0 450.0                            LAT/LON1/LON2/DLON/H
  244  236  234  232  229  225  220  216  212  209  206  204  202  203  210  226
  250  283  306  317  317  315  313  314  315  319  325  338  353  372  396  424
  454  491  531  569  601  621  638  652  663  668  668  667  661  657  641  625
  608  589  569  555  541  523  501  472  441  415  392  377  364  351  335  324
  315  305  290  271  258  247  243  242  244
    32.5-180.0 180.0   5.0 450.0                            LAT/LON1/LON2/DLON/H
  248  233  228  227  225  223  221  220  218  217  216  215  213  213  219  236
  265  298  324  338  342  342  345  349  350  351  355  363  377  391  414  444
  477  516  558  599  634  661  676  690  703  712  715  718  717  711  705  697
  681  660  643  632  620  601  578  548  512  483  458  442  428  411  393  380
  368  355  334  311  289  271  260  252  248
    30.0-180.0 180.0   5.0 450.0                            LAT/LON1/LON2/DLON/H
  270  244  233  226  222  220  219  219  219  219  221  222  221  222  227  244
  274  309  338  357  366  371  378  384  384  384  384  391  402  415  436  468
  503  545  589  635  673  703  717  729  740  756  762  770  768  764  767  769
  759  747  745  735  727  707  689  658  618  586  557  538  524  507  488  467
  451  435  408  378  345  317  300  282  270
    27.5-180.0 180.0   5.0 450.0                            LAT/LON1/LON2/DLON/H
  313  275  251  235  225  221  219  216  217  219  222  225  225  226  232  249
  278  314  347  375  389  398  408  416  417  416  415  420  431  444  466  497
  535  576  626  674  716  751  762  767  779  792  806  814  818  814  826  845
  845  850  858  860  850  833  822  789  742  707  674  652  639  622  602  574
  561  535  515  471  428  393  361  335  313
    25.0-180.0 180.0   5.0 450.0                            LAT/LON1/LON2/DLON/H
  372  317  285  256  238  229  223  218  215  219  221  224  225  227  232  249
  277  314  349  383  404  420  432  440  445  447  449  454  463  477  502  534
  573  616  661  710  752  788  806  805  809  826  838  849  858  858  884  922
  941  952  967  976  970  957  944  903  854  824  786  758  745  724  698  672
  652  627  619  575  526  487  445  403  372
    22.5-180.0 180.0   5.0 450.0                            LAT/LON1/LON2/DLON/H
  454  380  328  288  260  244  235  227  220  220  222  224  225  226  230  245
  273  309  348  382  410  431  446  457  466  476  481  487  497  513  543  576
  614  655  698  745  787  822  836  834  829  845  855  876  894  895  931  972
 1002 1032 1053 1060 1058 1041 1016  971  924  894  848  807  784  758  729  701
  692  681  673  650  610  574  531  488  454
    20.0-180.0 180.0   5.0 450.0                            LAT/LON1/LON2/DLON/H
  523  445  383  334  293  267  251  240  231  226  226  227  227  226  229  239
  264  302  340  375  407  433  450  466  483  499  510  521  532  557  589  623
  657  694  733  775  813  841  850  846  841  855  868  894  916  923  947  985
 1019 1062 1083 1083 1078 1058 1021  976  926  878  826  771  730  697  676  653
  655  651  652  652  631  613  587  552  523
    17.5-180.0 180.0   5.0 450.0                            LAT/LON1/LON2/DLON/H
  561  501  438  380  330  294  273  259  247  239  234  232  230  228  226  233
  253  288  326  364  399  426  448  469  492  515  536  554  572  601  633  669
  699  728  760  797  827  848  854  853  854  869  879  898  918  929  946  971
 1013 1051 1061 1051 1039 1010  975  931  874  808  744  679  626  583  565  553
  558  557  572  587  582  591  592  579  561
    15.0-180.0 180.0   5.0 450.0                            LAT/LON1/LON2/DLON/H
  563  533  480  420  366  323  296  280  266  254  245  238  233  228  224  225
  242  270  310  348  384  413  437  465  496  528  559  588  614  647  679  706
  731  753  779  811  836  853  863  864  863  873  883  895  910  919  934  959
  990 1008 1009  993  973  946  905  855  791  718  645  574  515  466  446  438
  439  443  460  479  503  527  553  563  563
    12.5-180.0 180.0   5.0 450.0                            LAT/LON1/LON2/DLON/H
  541  538  497  447  397  352  321  301  284  268  254  242  235  226  219  217
  228  251  289  327  364  395  424  458  497  539  580  618  653  690  719  738
  756  773  795  821  846  865  875  876  872  877  888  896  901  906  918  937
  956  959  949  927  905  878  839  784  714  637  559  487  430  382  353  340
  335  338  354  374  406  441  481  523  541
    10.0-180.0 180.0   5.0 450.0                            LAT/LON1/LON2/DLON/H
  497  518  494  458  420  377  343  319  300  279  261  244  233  223  213  210
  215  234  269  310  347  379  411  450  496  548  599  646  687  726  753  768
  782  794  813  836  861  881  890  890  885  888  898  898  896  900  906  918
  927  918  899  876  852  830  797  742  672  594  520  450  400  359  324  297
  280  274  282  297  327  366  415  466  497
     7.5-180.0 180.0   5.0 450.0                            LAT/LON1/LON2/DLON/H
  458  485  479  462  434  398  360  332  311  288  264  245  229  217  206  202
  205  223  257  297  334  366  402  447  499  558  616  670  715  753  781  795
  805  815  831  853  877  896  904  906  907  904  906  902  899  899  902  909
  910  898  875  854  835  817  788  745  681  608  537  478  437  404  365  327
  296  276  269  277  298  327  371  420  458
     5.0-180.0 180.0   5.0 450.0                            LAT/LON1/LON2/DLON/H
  438  463  465  457  434  404  369  340  315  291  265  243  225  210  199  193
  195  212  245  284  322  358  400  449  503  567  629  687  735  774  801  812
  821  831  847  869  892  905  912  917  916  914  912  906  901  904  909  915
  913  902  884  867  856  838  815  782  728  665  608  563  532  503  461  414
  370  335  319  320  329  343  366  403  438
     2.5-180.0 180.0   5.0 450.0                            LAT/LON1/LON2/DLON/H
  448  463  465  455  429  403  370  341  313  289  264  240  219  203  191  184
  183  198  230  270  313  356  402  455  511  572  635  693  743  783  809  820
  828  837  852  874  893  903  908  908  908  910  909  901  898  906  918  927
  931  925  912  907  901  886  872  846  807  756  712  681  663  634  589  540
  483  433  422  413  409  403  402  424  448
