DORISInput/IGSGIM/2024/IGS0OPSFIN_20241450000_01D_02H_GIM.INX
     1.0            IONOSPHERE MAPS     MIX                 IONEX VERSION / TYPE
cmpcmb v1.2          GRL/UWM             5-jun-24 16:44     PGM / RUN BY / DATE 
ionex file containing IGS COMBINED Ionosphere maps          COMMENT             
global ionosphere maps for day 145, 2024                    DESCRIPTION         
IONEX file containing the COMBINED IGS TEC MAPS and DCBs    DESCRIPTION         
      IONEX files of the following IAACs were combined: cod DESCRIPTION         
                                                        jpl DESCRIPTION         
                                                        upc DESCRIPTION         
Contact address: Andrzej Krankowski                         DESCRIPTION
                 Geodynamics Research Laboratory            DESCRIPTION
                 University of Warmia and Mazury (GRL/UWM)  DESCRIPTION
                 Oczapowski St. 1                           DESCRIPTION
                 10-957-Olsztyn, POLAND                     DESCRIPTION
                 e-mail:  kand@uwm.edu.pl                   DESCRIPTION
                                                            DESCRIPTION         
  2024     5    24     0     0     0                        EPOCH OF FIRST MAP  
  2024     5    25     0     0     0                        EPOCH OF LAST MAP   
  7200                                                      INTERVAL            
    13                                                      # OF MAPS IN FILE   
  COSZ                                                      MAPPING FUNCTION    
     0.0                                                    ELEVATION CUTOFF    
combined TEC calculated as weighted mean of input TEC valuesOBSERVABLES USED    
   335                                                      # OF STATIONS       
    32                                                      # OF SATELLITES     
  6371.0                                                    BASE RADIUS         
     2                                                      MAP DIMENSION       
   450.0 450.0   0.0                                        HGT1 / HGT2 / DHGT  
    87.5 -87.5  -2.5                                        LAT1 / LAT2 / DLAT  
  -180.0 180.0   5.0                                        LON1 / LON2 / DLON  
    -1                                                      EXPONENT            
TEC values in 0.1 tec units;  9999, if no value available   COMMENT             
DCB values in nanoseconds, reference is Sum_of_SatDCBs = 0  COMMENT             
                                                            END OF HEADER       
[from data line 429]
     2                                                      START OF TEC MAP    
  2024     5    24     2     0     0                        EPOCH OF CURRENT MAP
    87.5-180.0 180.0   5.0 450.0                            LAT/LON1/LON2/DLON/H
  205  206  207  207  208  209  210  210  211  211  211  212  212  212  212  212
  212  212  211  211  210  209  209  207  206  204  203  202  201  200  199  197
  197  195  194  194  193  192  191  191  190  190  189  189  189  189  189  189
  190  190  190  191  191  192  192  193  194  194  195  196  196  197  198  199
  200  200  201  202  202  203  203  204  205
    85.0-180.0 180.0   5.0 450.0                            LAT/LON1/LON2/DLON/H
  208  209  211  213  215  216  218  219  220  221  221  222  222  222  222  221
  221  220  219  218  217  215  213  210  207  205  203  201  198  195  193  191
  188  186  184  182  181  180  179  178  177  177  176  176  176  176  176  176
  176  177  178  179  180  181  183  184  185  186  188  189  190  192  192  195
  195  196  198  199  200  202  204  206  208
    82.5-180.0 180.0   5.0 450.0                            LAT/LON1/LON2/DLON/H
  207  211  213  216  218  220  223  224  226  227  229  230  230  231  230  230
  229  228  225  223  219  217  213  209  206  203  199  194  190  187  183  180
  178  175  172  171  169  167  166  164  162  162  162  164  164  165  165  165
  166  166  168  169  170  172  174  176  178  180  182  183  185  187  188  190
  191  192  194  196  199  200  203  204  207
    80.0-180.0 180.0   5.0 450.0                            LAT/LON1/LON2/DLON/H
  207  210  213  214  216  219  221  224  225  228  229  228  229  229  229  229
  228  227  225  223  219  216  212  207  202  198  194  189  183  179  174  170
  166  162  159  157  156  156  155  155  155  153  153  153  154  157  159  160
  160  161  162  164  166  167  169  171  174  175  178  181  183  184  187  189
  190  192  194  195  197  199  202  204  207
    77.5-180.0 180.0   5.0 450.0                            LAT/LON1/LON2/DLON/H
  207  207  210  211  214  217  221  223  227  228  229  230  231  230  230  228
  227  225  223  220  216  214  208  202  197  192  186  180  173  166  162  157
  154  151  149  149  148  147  147  147  148  149  149  150  151  152  154  156
  158  159  161  162  164  166  168  170  173  176  179  182  185  187  190  193
  195  197  198  199  199  200  202  204  207
    75.0-180.0 180.0   5.0 450.0                            LAT/LON1/LON2/DLON/H
  205  205  206  210  214  218  221  225  228  228  229  229  228  227  225  223
  220  218  214  212  207  204  200  196  188  185  178  169  162  158  154  147
  144  142  140  140  141  143  144  145  146  147  149  151  153  156  157  159
  160  162  164  166  168  170  171  174  175  178  182  186  190  194  197  201
  204  205  207  206  206  205  204  205  205
    72.5-180.0 180.0   5.0 450.0                            LAT/LON1/LON2/DLON/H
  206  206  207  209  215  219  224  227  230  231  231  229  228  225  222  218
  213  207  203  199  196  192  188  185  178  171  165  161  152  146  143  139
  137  136  136  137  138  140  142  145  147  149  152  155  159  162  164  165
  168  169  172  173  174  176  178  179  181  184  188  192  197  201  206  211
  214  216  217  217  215  213  210  208  206
    70.0-180.0 180.0   5.0 450.0                            LAT/LON1/LON2/DLON/H
  213  210  209  209  213  219  224  229  232  234  235  232  228  225  219  212
  204  199  193  189  184  179  175  172  166  159  153  148  144  140  138  134
  134  135  135  136  139  142  145  149  152  156  159  162  166  169  171  173
  175  177  179  182  184  185  185  187  189  191  195  198  203  209  215  220
  225  228  229  230  228  225  220  216  213
    67.5-180.0 180.0   5.0 450.0                            LAT/LON1/LON2/DLON/H
  221  217  214  213  213  217  225  230  235  239  239  236  234  226  218  209
  201  193  186  179  175  169  164  161  155  150  145  140  137  135  134  132
  133  135  138  139  142  146  151  155  159  163  166  169  173  175  178  181
  184  186  189  191  193  195  195  197  197  199  201  205  210  216  222  228
  233  236  239  241  240  237  232  227  221
    65.0-180.0 180.0   5.0 450.0                            LAT/LON1/LON2/DLON/H
  230  224  218  215  214  218  223  229  235  240  242  242  238  230  221  211
  202  192  184  176  170  163  157  152  148  143  140  137  135  134  134  134
  136  139  142  145  148  152  155  159  164  169  171  175  178  182  185  189
  193  196  200  203  206  206  206  206  206  207  209  211  215  220  226  232
  238  242  245  247  248  246  242  236  230
    62.5-180.0 180.0   5.0 450.0                            LAT/LON1/LON2/DLON/H
  239  232  226  221  218  219  222  228  234  240  243  246  243  237  228  218
  208  198  188  178  170  163  154  147  145  142  138  137  137  137  139  140
  143  144  147  149  151  154  157  162  167  172  175  180  183  188  193  197
  203  208  213  217  219  221  219  218  217  216  216  216  218  222  227  233
  237  242  246  251  252  252  249  245  239
    60.0-180.0 180.0   5.0 450.0                            LAT/LON1/LON2/DLON/H
  248  242  235  230  224  222  222  224  230  236  243  247  248  245  238  229
  220  209  199  187  176  168  158  149  145  145  142  142  143  145  147  149
  150  150  152  152  154  157  160  165  170  176  180  184  190  195  200  206
  213  219  225  231  233  234  232  229  227  226  224  222  220  222  226  230
  234  238  243  249  253  254  254  252  248
    57.5-180.0 180.0   5.0 450.0                            LAT/LON1/LON2/DLON/H
  259  254  248  243  235  227  223  224  226  233  240  246  250  249  247  243
  235  227  217  203  191  180  167  158  154  153  153  153  154  155  157  160
  160  158  158  158  159  161  165  169  174  180  186  191  196  203  209  216
  223  231  238  243  246  247  244  241  238  234  230  226  222  222  223  225
  229  233  239  247  252  255  258  258  259
    55.0-180.0 180.0   5.0 450.0                            LAT/LON1/LON2/DLON/H
  270  269  264  258  250  240  232  229  228  232  237  244  250  253  255  255
  252  246  237  225  213  200  187  178  172  169  170  173  172  174  174  174
  173  170  170  169  168  170  173  177  183  188  194  200  206  213  218  227
  234  242  250  255  258  259  257  253  247  242  236  231  226  223  222  223
  226  231  236  244  251  256  261  267  270
    52.5-180.0 180.0   5.0 450.0                            LAT/LON1/LON2/DLON/H
  286  287  285  281  272  261  251  242  237  235  238  244  249  256  262  266
  267  265  258  248  236  223  212  203  196  193  194  196  196  197  196  193
  190  187  186  184  184  184  185  188  192  198  204  211  217  224  232  239
  246  256  264  269  272  272  268  263  257  250  244  238  232  227  225  225
  228  230  237  245  252  259  268  277  286
    50.0-180.0 180.0   5.0 450.0                            LAT/LON1/LON2/DLON/H
  305  310  310  307  300  290  276  266  255  248  245  247  253  260  269  276
  281  281  278  271  260  250  240  231  225  223  222  223  223  222  220  215
  213  208  205  205  203  202  201  202  204  208  214  220  227  236  246  255
  265  273  281  287  288  286  283  277  269  262  255  249  241  235  231  230
  233  235  242  250  257  267  278  293  305
    47.5-180.0 180.0   5.0 450.0                            LAT/LON1/LON2/DLON/H
  327  336  339  339  334  323  310  295  280  270  261  259  261  268  277  286
  291  293  294  291  283  277  268  261  255  253  250  250  250  246  243  238
  233  232  231  230  227  225  221  220  218  219  223  229  238  248  260  273
  285  296  301  307  308  306  303  298  289  281  270  261  251  245  240  240
  241  246  252  260  268  279  294  311  327
    45.0-180.0 180.0   5.0 450.0                            LAT/LON1/LON2/DLON/H
  350  363  369  371  369  361  348  332  315  298  283  276  275  281  288  296
  300  303  304  303  300  297  292  286  281  278  274  274  272  271  268  262
  258  258  258  257  256  252  246  238  233  231  232  238  247  260  277  293
  307  319  326  331  335  334  330  323  315  304  288  274  265  259  255  255
  255  261  268  276  285  297  314  332  350
    42.5-180.0 180.0   5.0 450.0                            LAT/LON1/LON2/DLON/H
  375  389  397  403  402  398  386  370  349  329  311  299  296  298  304  311
  313  312  312  312  311  312  310  305  300  298  295  292  291  293  291  288
  286  287  288  289  287  281  271  259  249  243  241  246  257  274  294  316
  331  346  353  359  363  365  360  353  344  329  309  293  283  277  273  272
  271  278  288  297  306  319  338  358  375
    40.0-180.0 180.0   5.0 450.0                            LAT/LON1/LON2/DLON/H
  402  415  424  430  433  433  423  406  385  362  340  324  320  320  326  330
  328  325  322  321  323  325  326  323  318  316  311  309  310  312  311  314
  315  317  319  323  321  313  298  282  268  258  252  255  268  287  312  335
  357  373  380  384  389  394  391  384  373  356  334  318  306  299  296  293
  290  295  307  317  330  345  364  385  402
    37.5-180.0 180.0   5.0 450.0                            LAT/LON1/LON2/DLON/H
  427  438  450  455  460  463  457  440  419  396  372  355  346  346  349  349
  344  341  336  333  334  338  342  342  338  334  329  329  330  335  337  341
  343  346  351  356  353  341  323  304  286  272  264  267  279  298  327  355
  378  395  405  408  411  418  419  416  403  384  363  348  336  329  324  321
  315  314  326  336  352  369  392  410  427
    35.0-180.0 180.0   5.0 450.0                            LAT/LON1/LON2/DLON/H
  451  463  473  480  484  486  483  470  450  426  405  387  378  376  375  369
  362  357  350  349  349  352  359  360  359  353  348  350  354  360  363  364
  369  373  380  383  380  365  345  323  302  286  278  278  288  308  336  365
  390  410  418  423  426  435  439  441  432  414  397  386  374  365  357  350
  339  335  346  357  374  393  415  436  451
    32.5-180.0 180.0   5.0 450.0                            LAT/LON1/LON2/DLON/H
  477  490  499  504  508  509  510  497  478  456  437  420  413  410  405  395
  382  372  365  365  365  371  379  381  380  375  372  375  380  386  388  386
  390  396  401  403  397  382  361  337  315  299  290  288  294  311  338  367
  392  409  420  425  432  444  451  458  457  446  435  428  419  408  397  384
  365  358  368  376  394  412  435  460  477
    30.0-180.0 180.0   5.0 450.0                            LAT/LON1/LON2/DLON/H
  512  527  532  535  535  533  533  523  507  486  470  457  450  445  435  423
  406  390  382  381  381  389  399  401  402  399  399  403  405  407  406  402
  404  408  410  410  403  387  365  342  323  308  297  292  295  308  333  358
  383  400  409  417  428  442  456  469  476  476  474  470  466  456  441  424
  397  384  387  394  412  431  456  487  512
    27.5-180.0 180.0   5.0 450.0                            LAT/LON1/LON2/DLON/H
  545  562  568  572  568  566  563  552  536  521  507  498  489  482  466  450
  429  411  401  398  396  405  414  419  423  426  427  428  424  415  410  406
  405  405  406  405  397  379  355  335  321  306  297  289  289  296  315  339
  364  382  392  401  416  434  454  475  490  498  504  509  510  504  488  467
  434  414  412  415  434  453  480  514  545
    25.0-180.0 180.0   5.0 450.0                            LAT/LON1/LON2/DLON/H
  583  608  618  623  616  607  598  590  574  560  552  550  536  522  501  477
  450  433  421  415  412  418  425  434  443  449  450  442  427  414  403  393
  389  388  389  386  379  361  337  317  305  293  286  277  273  277  290  317
  341  359  371  383  400  423  448  477  500  515  528  543  552  551  535  511
  477  453  442  446  463  481  510  547  583
    22.5-180.0 180.0   5.0 450.0                            LAT/LON1/LON2/DLON/H
  628  662  684  686  678  666  650  638  622  610  604  601  588  567  539  510
  475  455  441  433  427  429  437  447  459  463  460  439  412  392  376  365
  357  355  352  352  350  332  310  289  277  271  266  257  251  251  263  288
  312  333  352  368  388  414  445  478  508  530  552  573  590  596  582  558
  525  496  482  483  494  514  548  589  628
    20.0-180.0 180.0   5.0 450.0                            LAT/LON1/LON2/DLON/H
  682  721  752  758  751  739  717  701  681  667  662  653  638  610  576  539
  502  478  462  448  438  438  443  454  466  465  455  423  385  357  337  325
  316  316  311  311  313  298  274  254  244  243  240  233  227  226  235  256
  282  311  337  359  383  414  449  485  516  547  575  599  620  634  623  603
  570  540  526  527  536  555  589  634  682
    17.5-180.0 180.0   5.0 450.0                            LAT/LON1/LON2/DLON/H
  734  774  817  830  827  816  801  776  748  730  719  706  683  649  613  568
  528  499  479  461  444  441  439  449  457  450  429  390  343  308  289  276
  270  273  272  271  269  258  234  220  212  213  213  209  205  204  211  233
  265  303  337  363  392  425  462  499  532  564  595  621  647  666  666  649
  614  585  574  577  584  600  628  677  734
    15.0-180.0 180.0   5.0 450.0                            LAT/LON1/LON2/DLON/H
  767  815  861  885  890  880  866  844  814  788  773  754  724  685  643  597
  554  521  494  468  447  437  429  429  431  415  385  336  285  253  238  230
  231  234  239  241  238  225  204  191  186  189  191  192  190  188  196  221
  261  302  341  375  409  444  482  520  555  587  617  644  672  694  700  686
  660  633  624  629  637  650  668  711  767
    12.5-180.0 180.0   5.0 450.0                            LAT/LON1/LON2/DLON/H
  785  834  885  920  933  928  916  895  870  841  817  796  760  716  668  621
  581  544  512  479  449  430  414  403  391  365  325  278  231  201  193  195
  204  212  219  221  215  203  186  174  168  173  179  183  182  180  188  213
  255  305  348  387  426  465  506  545  581  615  644  667  694  719  728  714
  692  675  672  676  685  696  708  738  785
    10.0-180.0 180.0   5.0 450.0                            LAT/LON1/LON2/DLON/H
  796  839  885  918  937  941  933  920  896  871  847  822  785  737  686  640
  605  571  537  496  457  424  398  373  345  310  267  225  189  166  167  178
  191  202  209  212  205  194  181  170  164  165  174  178  179  177  182  208
  251  303  350  395  438  483  528  571  610  645  673  694  720  744  754  738
  717  706  704  710  725  734  741  764  796
     7.5-180.0 180.0   5.0 450.0                            LAT/LON1/LON2/DLON/H
  799  834  872  901  920  926  922  910  893  874  853  826  792  746  696  652
  622  595  563  515  469  424  384  345  305  265  221  185  160  152  161  178
  192  202  210  211  204  196  187  177  170  170  175  178  178  174  177  201
  243  295  346  395  444  495  548  596  640  674  702  724  749  771  776  759
  731  718  718  728  746  757  765  778  799
     5.0-180.0 180.0   5.0 450.0                            LAT/LON1/LON2/DLON/H
  804  831  863  888  901  904  899  884  867  853  833  804  775  731  689  649
  627  604  574  528  478  425  375  325  278  234  194  164  152  158  173  190
  200  210  218  216  210  203  196  190  181  181  182  182  176  168  168  190
  230  280  335  386  441  501  563  619  665  700  729  750  776  794  792  771
  737  715  715  725  750  767  779  788  804
     2.5-180.0 180.0   5.0 450.0                            LAT/LON1/LON2/DLON/H
  815  838  864  882  892  889  879  859  838  821  796  768  734  693  656  625
  607  589  563  522  475  421  367  313  265  224  189  168  166  182  198  216
  221  225  227  223  217  209  202  198  191  189  184  179  169  158  156  174
  211  259  314  369  431  497  565  630  680  716  746  766  790  806  800  776
  737  707  702  713  738  760  780  797  815
