DORISInput/IGSGIM/2024/IGS0OPSFIN_20241560000_01D_02H_GIM.INX
     1.0            IONOSPHERE MAPS     MIX                 IONEX VERSION / TYPE
cmpcmb v1.2          GRL/UWM            24-jun-24 16:03     PGM / RUN BY / DATE 
ionex file containing IGS COMBINED Ionosphere maps          COMMENT             
global ionosphere maps for day 156, 2024                    DESCRIPTION         
IONEX file containing the COMBINED IGS TEC MAPS and DCBs    DESCRIPTION         
      IONEX files of the following IAACs were combined: cod DESCRIPTION         
                                                        jpl DESCRIPTION         
                                                        upc DESCRIPTION         
Contact address: Andrzej Krankowski                         DESCRIPTION
                 Geodynamics Research Laboratory            DESCRIPTION
                 University of Warmia and Mazury (GRL/UWM)  DESCRIPTION
                 Oczapowski St. 1                           DESCRIPTION
                 10-957-Olsztyn, POLAND                     DESCRIPTION
                 e-mail:  kand@uwm.edu.pl                   DESCRIPTION
                                                            DESCRIPTION         
  2024     6     4     0     0     0                        EPOCH OF FIRST MAP  
  2024     6     5     0     0     0                        EPOCH OF LAST MAP   
  7200                                                      INTERVAL            
    13                                                      # OF MAPS IN FILE   
  COSZ                                                      MAPPING FUNCTION    
     0.0                                                    ELEVATION CUTOFF    
combined TEC calculated as weighted mean of input TEC valuesOBSERVABLES USED    
   335                                                      # OF STATIONS       
    32                                                      # OF SATELLITES     
  6371.0                                                    BASE RADIUS         
     2                                                      MAP DIMENSION       
   450.0 450.0   0.0                                        HGT1 / HGT2 / DHGT  
    87.5 -87.5  -2.5                                        LAT1 / LAT2 / DLAT  
  -180.0 180.0   5.0                                        LON1 / LON2 / DLON  
    -1                                                      EXPONENT            
TEC values in 0.1 tec units;  9999, if no value available   COMMENT             
DCB values in nanoseconds, reference is Sum_of_SatDCBs = 0  COMMENT             
                                                            END OF HEADER       
[from data line 1287]
     4                                                      START OF TEC MAP    
  2024     6     4     6     0     0                        EPOCH OF CURRENT MAP
    87.5-180.0 180.0   5.0 450.0                            LAT/LON1/LON2/DLON/H
  230  230  231  231  232  233  234  235  236  236  237  238  239  240  240  241
  242  242  243  243  243  242  242  242  241  241  241  240  239  238  238  235
  235  234  231  230  229  229  228  227  227  226  226  225  225  225  227  227
  226  227  227  227  228  228  229  228  228  229  229  229  229  229  229  229
  229  229  229  229  229  229  229  230  230
    85.0-180.0 180.0   5.0 450.0                            LAT/LON1/LON2/DLON/H
  221  222  222  224  225  227  228  230  232  234  236  239  241  242  244  247
  248  249  250  251  251  250  248  248  246  244  243  241  238  237  234  232
  230  227  226  222  222  220  219  218  218  217  216  217  217  218  219  220
  221  223  224  225  227  229  229  229  229  229  229  229  228  228  227  226
  224  223  222  221  221  220  220  221  221
    82.5-180.0 180.0   5.0 450.0                            LAT/LON1/LON2/DLON/H
  211  210  210  211  212  214  216  219  221  225  228  232  236  239  242  245
  247  249  251  251  254  254  251  251  249  246  242  237  233  229  225  221
  218  214  212  209  207  206  206  206  207  209  211  215  217  220  221  222
  225  226  228  232  235  237  239  239  239  239  237  236  236  234  231  227
  224  221  219  218  216  215  213  212  211
    80.0-180.0 180.0   5.0 450.0                            LAT/LON1/LON2/DLON/H
  203  201  200  200  201  204  206  210  213  217  221  226  232  237  242  246
  249  252  253  254  251  249  249  249  243  237  232  227  222  216  211  207
  204  201  199  199  198  197  197  198  200  203  206  210  216  220  224  229
  233  237  241  244  250  253  256  257  258  258  256  254  252  249  244  238
  234  229  225  221  217  213  209  205  203
    77.5-180.0 180.0   5.0 450.0                            LAT/LON1/LON2/DLON/H
  201  198  196  195  195  197  198  202  206  210  214  219  224  228  233  237
  240  243  245  248  246  243  243  236  227  224  218  211  204  197  193  189
  185  183  182  183  184  186  189  192  197  201  207  213  218  225  231  238
  244  252  258  262  269  273  277  281  282  283  281  279  275  269  264  258
  251  243  237  229  223  216  210  205  201
    75.0-180.0 180.0   5.0 450.0                            LAT/LON1/LON2/DLON/H
  207  203  200  196  194  193  195  195  197  201  205  209  213  216  221  225
  229  232  235  231  234  234  231  227  217  207  198  191  183  177  172  168
  169  169  171  174  177  182  187  192  199  206  213  221  228  236  244  253
  261  270  278  283  288  295  300  304  306  307  307  304  300  295  288  280
  271  261  253  243  234  225  218  212  207
    72.5-180.0 180.0   5.0 450.0                            LAT/LON1/LON2/DLON/H
  222  217  211  205  200  196  193  192  192  194  196  198  201  202  206  209
  213  216  218  219  218  217  213  207  198  188  178  170  162  156  155  153
  154  159  165  172  180  187  195  203  211  220  230  239  248  258  266  275
  283  291  296  302  308  313  317  322  325  326  327  325  321  316  309  300
  291  280  270  260  250  241  234  227  222
    70.0-180.0 180.0   5.0 450.0                            LAT/LON1/LON2/DLON/H
  243  237  230  221  212  205  197  193  190  189  188  189  189  190  192  196
  200  200  202  201  200  197  194  186  179  168  159  152  145  142  142  144
  149  156  166  178  188  200  212  222  231  243  255  262  273  282  290  297
  304  308  313  316  320  324  328  332  335  337  338  337  335  330  323  316
  307  297  287  278  269  261  254  248  243
    67.5-180.0 180.0   5.0 450.0                            LAT/LON1/LON2/DLON/H
  266  261  253  243  233  221  208  199  192  187  184  183  182  182  183  184
  185  184  186  185  182  178  175  169  162  153  145  140  137  136  139  145
  153  164  177  191  205  221  234  246  256  268  277  288  298  303  311  316
  320  322  324  326  327  329  331  334  336  338  339  339  338  335  329  323
  314  307  300  293  286  280  275  270  266
    65.0-180.0 180.0   5.0 450.0                            LAT/LON1/LON2/DLON/H
  286  281  275  265  253  240  223  209  198  189  183  181  179  176  175  174
  172  171  171  168  166  162  160  154  151  143  138  136  136  139  145  154
  167  182  196  210  227  243  256  267  279  290  300  311  319  325  330  332
  334  333  332  331  329  329  329  329  330  330  331  331  331  329  325  320
  315  310  306  303  299  296  292  290  286
    62.5-180.0 180.0   5.0 450.0                            LAT/LON1/LON2/DLON/H
  301  297  292  282  270  257  240  224  208  197  190  185  180  174  169  166
  162  160  158  154  153  149  147  143  141  137  136  138  141  149  161  174
  189  205  219  234  248  262  275  285  298  310  320  331  338  343  347  347
  346  342  339  335  332  330  326  323  321  319  318  318  318  316  313  309
  307  305  305  304  305  304  305  303  301
    60.0-180.0 180.0   5.0 450.0                            LAT/LON1/LON2/DLON/H
  309  305  300  293  282  268  253  239  224  209  203  194  186  178  170  163
  158  153  151  146  143  140  139  137  137  136  139  145  152  163  177  195
  212  228  243  256  267  277  288  300  312  324  336  346  353  359  362  361
  359  354  350  345  340  335  328  321  315  310  308  307  305  302  298  295
  295  295  297  300  304  308  311  311  309
    57.5-180.0 180.0   5.0 450.0                            LAT/LON1/LON2/DLON/H
  311  308  304  299  290  278  266  251  239  228  220  210  198  187  176  166
  158  153  150  143  140  138  138  138  138  142  147  155  164  177  194  216
  233  247  262  274  283  291  300  311  323  335  347  358  366  372  374  376
  375  371  367  362  353  345  337  326  318  310  306  302  298  292  286  284
  282  286  289  295  300  307  312  313  311
    55.0-180.0 180.0   5.0 450.0                            LAT/LON1/LON2/DLON/H
  311  307  305  301  295  287  274  262  250  241  235  227  215  202  189  174
  165  160  156  149  145  144  146  144  145  151  158  165  176  191  209  230
  249  264  278  287  294  299  307  317  329  344  358  370  378  385  388  390
  392  391  386  382  370  362  352  343  332  322  316  310  302  293  283  279
  278  280  285  291  298  305  310  311  311
    52.5-180.0 180.0   5.0 450.0                            LAT/LON1/LON2/DLON/H
  309  308  306  304  300  294  283  270  258  251  246  238  230  217  202  188
  178  171  168  163  159  160  160  158  159  164  171  179  189  205  221  242
  261  276  288  295  299  303  310  322  337  353  370  381  392  399  403  409
  413  414  412  408  397  387  378  370  358  347  339  330  317  304  291  282
  280  281  285  292  300  305  308  309  309
    50.0-180.0 180.0   5.0 450.0                            LAT/LON1/LON2/DLON/H
  311  311  310  311  309  304  292  277  265  258  252  245  237  225  213  202
  194  189  189  186  183  181  180  178  179  183  187  195  204  217  233  251
  269  284  294  301  302  306  314  328  346  366  385  400  409  418  424  432
  437  440  441  440  431  422  411  402  390  379  369  356  339  324  307  295
  289  289  291  298  304  307  309  310  311
    47.5-180.0 180.0   5.0 450.0                            LAT/LON1/LON2/DLON/H
  319  319  319  319  320  315  302  287  273  263  254  245  238  229  220  212
  208  207  209  210  209  206  203  201  202  204  207  213  220  231  244  260
  276  289  298  302  304  309  320  338  361  386  407  421  432  441  450  460
  465  470  473  473  468  459  447  435  422  410  399  384  365  348  329  314
  306  303  305  309  314  316  317  318  319
    45.0-180.0 180.0   5.0 450.0                            LAT/LON1/LON2/DLON/H
  331  331  330  331  331  326  312  295  280  268  256  246  237  229  222  218
  218  221  226  230  230  227  224  223  224  226  228  233  238  246  254  268
  282  295  303  306  309  317  332  357  384  412  433  447  458  469  480  490
  497  503  504  504  502  496  480  469  452  439  427  410  391  373  354  339
  328  325  326  329  331  332  332  332  331
    42.5-180.0 180.0   5.0 450.0                            LAT/LON1/LON2/DLON/H
  347  343  342  342  341  334  319  301  286  271  256  245  236  229  224  223
  225  232  238  244  245  243  241  241  245  249  252  256  258  262  268  279
  291  302  308  312  319  330  350  379  412  441  462  474  484  494  506  518
  527  535  535  536  534  527  513  499  478  460  448  432  415  397  382  368
  358  353  354  354  355  352  353  350  347
    40.0-180.0 180.0   5.0 450.0                            LAT/LON1/LON2/DLON/H
  366  360  353  349  345  336  319  303  288  271  257  246  237  231  227  227
  231  239  247  254  256  256  257  260  266  273  277  280  281  281  285  292
  303  311  316  322  333  349  375  406  440  468  487  496  504  515  528  543
  554  563  565  566  562  553  538  524  505  486  471  456  440  424  411  400
  392  388  386  384  383  379  378  373  366
    37.5-180.0 180.0   5.0 450.0                            LAT/LON1/LON2/DLON/H
  386  374  363  352  340  329  314  300  288  273  261  251  243  236  232  233
  237  245  252  259  264  267  270  277  286  296  303  306  305  301  301  305
  312  321  327  336  351  371  400  431  462  486  501  509  515  527  543  561
  575  582  587  588  586  579  565  551  537  522  504  488  473  458  443  437
  429  424  420  416  417  412  406  399  386
    35.0-180.0 180.0   5.0 450.0                            LAT/LON1/LON2/DLON/H
  406  387  371  352  333  316  306  296  287  277  267  260  253  247  241  242
  244  251  256  262  269  276  283  294  308  321  328  332  329  320  316  319
  322  328  334  347  366  389  416  446  473  492  504  509  516  530  548  568
  584  594  601  603  607  605  597  587  577  566  549  533  517  502  485  478
  469  462  457  453  455  448  438  425  406
    32.5-180.0 180.0   5.0 450.0                            LAT/LON1/LON2/DLON/H
  430  405  383  356  330  314  302  293  287  283  275  271  266  260  255  253
  251  254  258  265  275  287  298  314  332  346  354  356  350  338  332  331
  328  331  338  354  375  399  426  450  471  486  494  498  508  525  546  566
  585  597  607  617  629  635  638  635  628  621  607  591  573  555  535  523
  512  504  497  493  489  482  470  453  430
    30.0-180.0 180.0   5.0 450.0                            LAT/LON1/LON2/DLON/H
  455  430  405  375  344  322  306  298  292  290  287  284  279  274  269  263
  258  256  258  268  285  300  315  336  355  367  372  372  364  353  342  332
  325  324  334  352  375  398  422  443  459  467  474  481  494  514  538  561
  581  597  613  632  651  670  686  694  692  688  678  661  640  615  590  570
  557  546  539  529  522  512  500  479  455
    27.5-180.0 180.0   5.0 450.0                            LAT/LON1/LON2/DLON/H
  480  458  436  405  374  348  330  316  307  304  301  299  293  288  281  271
  264  260  260  274  296  314  333  353  370  380  381  375  366  354  341  324
  307  306  316  338  364  387  410  426  437  442  448  458  476  500  526  551
  576  598  621  646  676  706  735  753  758  759  751  733  710  680  648  621
  604  586  576  564  553  541  524  503  480
    25.0-180.0 180.0   5.0 450.0                            LAT/LON1/LON2/DLON/H
  508  488  474  447  416  389  368  348  332  325  321  316  313  304  293  281
  273  269  269  287  309  329  349  365  378  383  378  367  354  340  324  301
  278  274  290  313  343  369  388  400  409  416  424  438  461  486  512  540
  570  597  625  659  697  736  775  804  818  823  819  804  781  749  709  673
  644  625  613  597  582  568  548  530  508
    22.5-180.0 180.0   5.0 450.0                            LAT/LON1/LON2/DLON/H
  539  527  515  497  469  440  419  393  368  353  344  337  332  324  310  299
  286  283  283  304  325  344  361  374  379  375  364  349  327  311  289  264
  240  239  255  283  316  347  364  375  387  398  410  428  453  478  503  532
  562  591  626  666  709  751  794  834  856  864  865  856  839  808  766  721
  687  666  653  631  609  591  572  555  539
    20.0-180.0 180.0   5.0 450.0                            LAT/LON1/LON2/DLON/H
  571  569  566  557  533  505  473  443  411  387  372  363  355  345  330  317
  304  299  299  319  338  355  369  376  370  356  337  316  293  266  241  216
  200  202  220  252  290  324  345  360  376  393  410  430  455  479  506  529
  557  590  627  669  712  750  792  830  852  863  869  870  863  841  807  761
  727  708  686  659  635  613  597  582  571
    17.5-180.0 180.0   5.0 450.0                            LAT/LON1/LON2/DLON/H
  601  607  613  608  594  563  525  487  451  423  403  390  376  363  347  334
  322  315  314  328  345  358  366  366  351  328  299  267  245  219  187  169
  162  167  189  224  266  304  331  354  379  401  422  446  465  490  515  539
  563  593  631  671  708  742  772  799  817  829  840  850  854  848  829  794
  762  738  710  683  656  634  620  608  601
    15.0-180.0 180.0   5.0 450.0                            LAT/LON1/LON2/DLON/H
  626  632  647  639  633  605  561  516  480  452  430  414  398  380  363  349
  336  331  330  333  342  349  351  343  322  292  256  217  195  171  148  133
  129  138  161  201  244  284  321  354  382  411  440  464  485  509  533  555
  575  603  639  672  702  725  743  758  771  783  797  815  831  838  833  813
  788  758  730  706  677  655  638  630  626
    12.5-180.0 180.0   5.0 450.0                            LAT/LON1/LON2/DLON/H
  645  650  653  646  637  618  576  526  494  472  451  432  415  396  376  361
  348  341  337  333  333  332  326  313  288  254  215  177  154  134  118  110
  109  118  140  176  223  266  308  349  390  426  456  486  506  528  552  571
  591  621  653  679  697  706  714  720  728  740  755  778  802  820  827  821
  803  774  746  725  699  674  656  648  645
    10.0-180.0 180.0   5.0 450.0                            LAT/LON1/LON2/DLON/H
  664  657  644  626  608  586  555  516  493  480  465  444  428  409  388  370
  356  345  339  327  319  309  298  280  253  221  184  150  127  112  103  100
   99  106  125  160  206  248  293  343  392  431  465  498  518  541  565  585
  609  641  669  690  698  698  699  702  708  717  729  750  777  803  818  817
  800  775  752  732  712  689  673  668  664
     7.5-180.0 180.0   5.0 450.0                            LAT/LON1/LON2/DLON/H
  683  664  628  593  559  530  507  489  477  478  469  454  439  421  401  381
  363  347  337  318  302  286  271  251  227  197  164  133  113  102   98   98
   98  102  119  149  189  231  280  334  387  431  467  496  517  542  568  592
  621  656  685  707  713  708  705  708  719  723  729  742  763  787  803  801
  784  760  739  723  710  696  689  687  683
     5.0-180.0 180.0   5.0 450.0                            LAT/LON1/LON2/DLON/H
  699  675  622  563  515  481  462  455  451  464  467  460  450  434  413  390
  369  347  335  310  288  268  249  230  208  181  151  125  108  102  101  102
  102  105  119  142  175  216  265  323  379  426  460  485  505  529  558  589
  628  670  706  728  737  733  731  740  751  753  751  754  762  777  790  785
  763  737  712  697  691  688  693  700  699
     2.5-180.0 180.0   5.0 450.0                            LAT/LON1/LON2/DLON/H
  707  684  623  544  486  450  436  435  435  450  459  458  456  445  423  396
  372  346  332  303  279  255  233  216  196  172  147  125  113  108  109  110
  108  110  119  138  166  203  253  311  365  410  441  463  483  508  537  577
  626  680  722  747  767  769  771  782  795  793  784  776  774  776  783  772
  741  706  672  660  657  664  682  700  707
