DORISInput/IGSGIM/2024/IGS0OPSFIN_20241420000_01D_02H_GIM.INX
     1.0            IONOSPHERE MAPS     MIX                 IONEX VERSION / TYPE
cmpcmb v1.2          GRL/UWM             5-jun-24 16:28     PGM / RUN BY / DATE 
ionex file containing IGS COMBINED Ionosphere maps          COMMENT             
global ionosphere maps for day 142, 2024                    DESCRIPTION         
IONEX file containing the COMBINED IGS TEC MAPS and DCBs    DESCRIPTION         
      IONEX files of the following IAACs were combined: cod DESCRIPTION         
                                                        jpl DESCRIPTION         
                                                        upc DESCRIPTION         
Contact address: Andrzej Krankowski                         DESCRIPTION
                 Geodynamics Research Laboratory            DESCRIPTION
                 University of Warmia and Mazury (GRL/UWM)  DESCRIPTION
                 Oczapowski St. 1                           DESCRIPTION
                 10-957-Olsztyn, POLAND                     DESCRIPTION
                 e-mail:  kand@uwm.edu.pl                   DESCRIPTION
                                                            DESCRIPTION         
  2024     5    21     0     0     0                        EPOCH OF FIRST MAP  
  2024     5    22     0     0     0                        EPOCH OF LAST MAP   
  7200                                                      INTERVAL            
    13                                                      # OF MAPS IN FILE   
  COSZ                                                      MAPPING FUNCTION    
     0.0                                                    ELEVATION CUTOFF    
combined TEC calculated as weighted mean of input TEC valuesOBSERVABLES USED    
   335                                                      # OF STATIONS       
    32                                                      # OF SATELLITES     
  6371.0                                                    BASE RADIUS         
     2                                                      MAP DIMENSION       
   450.0 450.0   0.0                                        HGT1 / HGT2 / DHGT  
    87.5 -87.5  -2.5                                        LAT1 / LAT2 / DLAT  
  -180.0 180.0   5.0                                        LON1 / LON2 / DLON  
    -1                                                      EXPONENT            
TEC values in 0.1 tec units;  9999, if no value available   COMMENT             
DCB values in nanoseconds, reference is Sum_of_SatDCBs = 0  COMMENT             
                                                            END OF HEADER       
[from data line 4290]
    11                                                      START OF TEC MAP    
  2024     5    21    20     0     0                        EPOCH OF CURRENT MAP
    87.5-180.0 180.0   5.0 450.0                            LAT/LON1/LON2/DLON/H
  250  249  249  249  250  251  251  251  252  252  253  254  256  256  256  258
  257  257  258  258  259  259  260  260  260  260  261  261  261  261  260  259
  260  259  259  259  258  258  258  258  257  256  257  256  256  256  256  255
  255  255  255  255  255  255  255  255  255  255  254  254  254  253  253  252
  251  251  251  250  250  249  249  249  250
    85.0-180.0 180.0   5.0 450.0                            LAT/LON1/LON2/DLON/H
  238  238  239  239  239  240  241  243  244  246  248  250  252  254  256  259
  261  263  265  265  265  265  264  264  264  265  265  264  263  262  261  259
  258  257  256  255  254  253  252  252  251  251  250  250  250  251  250  250
  251  251  251  251  251  252  252  252  253  253  253  252  251  251  249  248
  247  245  244  242  241  240  239  239  238
    82.5-180.0 180.0   5.0 450.0                            LAT/LON1/LON2/DLON/H
  228  227  227  226  227  228  229  230  233  235  240  243  247  250  255  259
  263  266  269  271  271  270  269  269  269  267  265  264  262  260  258  256
  254  252  250  249  247  246  245  243  242  241  240  239  239  238  239  239
  241  242  244  245  245  245  246  247  247  248  248  249  248  247  245  244
  242  239  237  235  234  232  230  229  228
    80.0-180.0 180.0   5.0 450.0                            LAT/LON1/LON2/DLON/H
  221  219  218  217  216  216  217  219  223  227  232  238  243  248  254  258
  263  267  270  273  275  281  276  273  273  271  267  265  261  258  254  251
  248  245  242  240  238  236  234  234  232  231  230  229  228  229  228  229
  231  232  234  236  237  238  239  239  240  242  243  244  244  244  243  241
  239  237  234  232  230  227  225  223  221
    77.5-180.0 180.0   5.0 450.0                            LAT/LON1/LON2/DLON/H
  221  218  215  212  209  208  210  214  219  223  227  231  237  244  251  256
  262  268  274  279  282  284  280  277  275  273  269  265  261  257  253  250
  247  245  241  238  235  232  230  228  227  225  223  222  220  220  220  221
  223  224  227  229  230  231  232  233  234  236  238  240  241  242  241  241
  240  238  236  233  231  229  226  224  221
    75.0-180.0 180.0   5.0 450.0                            LAT/LON1/LON2/DLON/H
  229  224  219  215  213  212  213  214  218  220  225  231  237  244  250  257
  267  273  278  280  284  284  284  283  279  275  272  269  264  259  255  251
  248  246  244  240  237  234  232  229  226  224  221  219  217  216  215  216
  217  220  222  224  226  226  226  227  229  231  232  235  237  238  239  240
  241  241  240  239  238  236  235  233  229
    72.5-180.0 180.0   5.0 450.0                            LAT/LON1/LON2/DLON/H
  243  238  232  226  222  218  216  217  219  225  232  237  243  250  257  267
  273  278  279  283  288  288  288  288  285  280  276  271  268  265  261  258
  256  254  250  248  244  240  238  235  231  228  225  222  220  218  217  217
  218  218  220  221  222  222  222  223  224  225  227  230  233  236  238  241
  244  245  247  249  249  249  249  248  243
    70.0-180.0 180.0   5.0 450.0                            LAT/LON1/LON2/DLON/H
  263  258  250  243  236  231  228  228  231  237  244  251  257  262  271  275
  281  282  286  288  291  292  293  293  290  286  281  278  276  272  271  269
  268  265  262  260  257  252  249  246  242  239  236  231  228  226  223  222
  222  220  220  220  219  219  218  218  219  221  223  226  230  234  238  243
  248  252  257  261  264  266  266  266  263
    67.5-180.0 180.0   5.0 450.0                            LAT/LON1/LON2/DLON/H
  282  278  270  262  255  249  246  245  247  254  261  268  274  279  283  286
  288  290  294  295  296  298  298  299  296  293  289  287  285  283  282  282
  281  281  277  274  271  268  264  260  257  252  247  243  239  236  234  230
  229  225  224  221  219  217  215  214  215  216  219  222  226  231  237  244
  252  258  267  274  279  283  284  285  282
    65.0-180.0 180.0   5.0 450.0                            LAT/LON1/LON2/DLON/H
  299  295  289  281  273  268  263  262  265  272  279  286  292  296  297  296
  296  298  299  302  304  308  308  307  305  302  300  297  294  294  294  294
  295  295  293  289  286  282  278  274  271  266  261  256  252  247  244  240
  238  231  226  222  218  214  212  210  211  212  213  217  221  228  234  244
  253  264  274  284  291  296  299  300  299
    62.5-180.0 180.0   5.0 450.0                            LAT/LON1/LON2/DLON/H
  312  309  306  299  289  284  280  278  280  286  295  303  308  310  309  306
  305  304  306  309  312  317  318  317  315  311  308  306  304  305  306  307
  309  308  305  303  300  297  292  289  286  282  275  270  265  259  254  246
  243  235  229  223  217  213  209  208  207  208  210  213  218  225  233  244
  256  269  281  292  300  306  309  312  312
    60.0-180.0 180.0   5.0 450.0                            LAT/LON1/LON2/DLON/H
  320  319  316  311  303  297  293  292  293  297  308  317  321  322  321  317
  314  313  314  316  320  324  326  325  323  320  317  316  315  315  317  321
  322  321  320  317  313  309  307  305  301  297  290  282  275  268  261  254
  250  239  231  223  217  211  207  205  205  206  207  212  218  226  237  248
  263  276  289  299  307  312  315  318  320
    57.5-180.0 180.0   5.0 450.0                            LAT/LON1/LON2/DLON/H
  324  323  322  319  313  308  304  303  306  311  321  330  334  335  334  330
  328  326  326  327  330  333  334  334  331  330  327  325  326  329  331  336
  338  337  336  332  327  323  321  318  315  308  300  292  282  274  267  260
  255  243  233  224  216  209  205  203  202  203  206  213  222  231  244  258
  274  290  303  312  317  320  322  323  324
    55.0-180.0 180.0   5.0 450.0                            LAT/LON1/LON2/DLON/H
  329  327  327  325  322  317  316  318  321  328  337  345  349  350  349  345
  342  340  340  340  342  343  344  344  341  342  339  339  341  345  350  355
  357  356  354  349  343  338  334  330  325  318  309  299  288  279  272  263
  258  245  234  225  215  208  203  201  200  202  207  216  227  239  256  274
  292  311  325  332  335  334  332  330  329
    52.5-180.0 180.0   5.0 450.0                            LAT/LON1/LON2/DLON/H
  337  335  334  333  331  328  330  335  341  350  357  361  365  365  364  362
  359  357  355  355  354  354  353  354  353  355  355  357  360  365  371  375
  378  378  375  369  360  354  348  342  335  326  316  305  293  283  274  267
  260  247  237  226  216  210  204  202  202  203  209  220  233  249  270  295
  315  337  353  360  360  356  350  344  337
    50.0-180.0 180.0   5.0 450.0                            LAT/LON1/LON2/DLON/H
  356  346  343  342  342  341  344  352  361  371  376  381  383  383  382  381
  379  376  371  369  366  365  365  366  368  372  375  380  384  389  394  397
  398  399  396  390  380  371  362  353  343  334  323  309  296  286  278  271
  264  250  240  230  221  214  210  207  207  208  213  223  239  259  285  316
  344  367  388  394  394  386  377  365  356
    47.5-180.0 180.0   5.0 450.0                            LAT/LON1/LON2/DLON/H
  377  361  353  352  351  355  362  370  379  390  396  398  400  402  401  400
  398  395  389  385  381  379  380  382  387  393  399  406  409  413  415  416
  416  419  417  410  402  391  379  366  353  341  326  312  300  291  284  277
  270  257  245  235  228  222  218  217  215  214  218  227  245  271  299  337
  371  396  420  432  432  422  409  392  377
    45.0-180.0 180.0   5.0 450.0                            LAT/LON1/LON2/DLON/H
  397  378  366  361  362  365  375  386  395  405  413  416  417  419  419  419
  417  413  407  402  398  397  398  403  410  418  425  431  436  436  434  433
  434  436  437  432  425  412  397  381  364  347  331  317  305  296  291  287
  282  266  254  248  241  237  232  229  226  222  223  230  248  278  310  351
  391  424  449  465  467  456  441  420  397
    42.5-180.0 180.0   5.0 450.0                            LAT/LON1/LON2/DLON/H
  420  397  380  370  367  372  383  396  410  422  429  433  432  435  438  438
  437  434  427  422  419  419  422  428  435  446  453  459  461  457  454  451
  450  455  459  458  449  435  417  398  377  357  339  323  311  304  300  297
  292  279  271  264  259  257  251  245  238  232  229  233  249  279  316  358
  403  443  472  489  494  484  467  444  420
    40.0-180.0 180.0   5.0 450.0                            LAT/LON1/LON2/DLON/H
  437  412  392  379  373  377  387  402  420  436  446  448  448  453  459  461
  460  457  450  446  445  447  452  459  466  475  482  488  488  480  476  472
  473  479  488  487  480  464  440  416  394  370  350  333  324  316  312  308
  304  295  289  285  281  278  270  263  251  242  236  238  252  280  316  359
  407  451  483  503  510  502  486  463  437
    37.5-180.0 180.0   5.0 450.0                            LAT/LON1/LON2/DLON/H
  449  423  401  387  380  383  393  409  431  451  463  466  472  476  482  487
  487  485  479  477  476  482  488  494  501  508  513  518  516  507  503  497
  504  511  522  523  515  495  467  438  413  389  369  355  349  337  332  325
  322  314  308  304  302  298  290  280  266  254  248  246  256  280  315  359
  406  451  485  507  516  511  497  476  449
    35.0-180.0 180.0   5.0 450.0                            LAT/LON1/LON2/DLON/H
  457  433  413  399  392  394  404  422  445  467  481  491  497  505  512  520
  522  520  514  510  513  520  525  533  536  542  542  548  547  541  537  534
  541  553  561  561  551  529  498  464  441  420  400  391  380  370  358  345
  340  330  325  322  320  316  309  296  282  270  262  257  262  282  314  358
  404  448  481  503  513  512  501  481  457
    32.5-180.0 180.0   5.0 450.0                            LAT/LON1/LON2/DLON/H
  463  446  431  420  414  413  422  441  465  486  505  517  529  542  552  559
  563  560  552  550  554  562  564  572  573  577  573  579  581  577  577  582
  588  598  603  603  590  562  530  499  476  459  447  441  424  410  386  364
  356  344  338  336  333  330  323  312  299  287  279  273  275  291  320  360
  404  444  474  493  504  504  497  481  463
    30.0-180.0 180.0   5.0 450.0                            LAT/LON1/LON2/DLON/H
  473  464  456  449  445  444  450  468  490  512  532  548  566  585  596  605
  609  604  594  592  595  601  601  607  606  607  604  612  618  621  626  635
  641  647  646  644  629  602  563  536  513  502  503  502  483  454  418  387
  375  358  349  346  343  337  333  326  315  305  298  291  292  305  330  368
  410  443  467  484  492  493  490  482  473
    27.5-180.0 180.0   5.0 450.0                            LAT/LON1/LON2/DLON/H
  488  489  490  488  486  487  493  505  524  545  570  588  607  629  647  660
  659  651  640  637  635  636  634  635  632  632  635  650  664  675  686  694
  699  697  687  681  662  627  587  565  540  536  547  550  530  495  451  410
  394  374  360  351  343  339  336  333  326  321  316  310  310  320  341  377
  416  448  465  475  480  483  485  487  488
    25.0-180.0 180.0   5.0 450.0                            LAT/LON1/LON2/DLON/H
  502  514  522  529  534  541  545  554  569  589  611  631  654  680  698  712
  706  698  685  682  673  667  662  661  658  661  672  693  714  736  752  753
  759  739  724  698  669  623  594  570  538  537  548  545  536  510  458  421
  402  379  362  347  336  331  331  331  331  331  330  325  325  334  353  385
  419  448  464  470  472  475  482  491  502
    22.5-180.0 180.0   5.0 450.0                            LAT/LON1/LON2/DLON/H
  515  535  552  568  580  588  593  606  618  633  651  677  701  728  748  761
  755  747  734  725  708  696  687  688  690  700  714  737  768  794  815  814
  808  774  728  682  641  590  568  544  510  510  512  507  498  478  436  411
  391  368  348  333  323  318  319  325  334  338  340  334  333  342  360  387
  416  441  459  466  468  472  480  495  515
    20.0-180.0 180.0   5.0 450.0                            LAT/LON1/LON2/DLON/H
  524  550  572  592  610  625  636  650  661  674  689  713  740  769  790  805
  800  796  779  762  740  721  710  714  724  741  761  786  813  838  857  851
  825  770  701  630  570  517  494  476  451  455  456  453  444  429  404  389
  370  351  331  316  306  304  312  324  339  346  345  337  335  341  357  378
  402  425  446  457  464  472  482  500  524
    17.5-180.0 180.0   5.0 450.0                            LAT/LON1/LON2/DLON/H
  534  561  584  605  628  648  663  678  691  704  719  742  769  800  822  838
  840  834  819  798  771  744  731  736  755  782  807  828  847  862  865  851
  808  732  646  561  489  438  415  399  384  391  393  394  389  381  373  367
  352  335  320  304  295  298  312  328  345  352  346  335  330  333  344  358
  379  400  426  444  460  472  487  507  534
    15.0-180.0 180.0   5.0 450.0                            LAT/LON1/LON2/DLON/H
  546  574  593  613  638  659  677  692  706  720  738  760  788  818  843  859
  867  864  855  833  802  772  755  756  783  820  847  860  863  862  847  823
  770  677  586  502  424  378  354  338  326  329  332  336  344  344  346  347
  339  329  315  303  296  301  315  330  348  354  343  330  322  320  323  330
  349  370  401  428  451  470  493  519  546
    12.5-180.0 180.0   5.0 450.0                            LAT/LON1/LON2/DLON/H
  558  584  601  620  644  667  686  700  713  727  745  768  795  826  852  872
  885  890  887  868  834  805  783  782  808  847  872  869  857  842  820  781
  719  635  540  456  387  347  323  304  291  287  288  297  308  317  329  333
  332  328  319  311  306  309  321  336  350  350  335  321  312  302  301  299
  313  335  371  406  439  467  499  530  558
    10.0-180.0 180.0   5.0 450.0                            LAT/LON1/LON2/DLON/H
  569  595  612  629  651  674  693  708  719  732  749  773  799  828  857  881
  900  915  917  903  866  835  810  808  828  860  876  860  836  809  781  743
  689  607  519  441  383  349  327  306  286  277  274  282  296  309  321  325
  330  336  332  325  318  319  330  341  346  340  323  308  297  284  279  270
  279  300  338  381  424  464  502  538  569
     7.5-180.0 180.0   5.0 450.0                            LAT/LON1/LON2/DLON/H
  580  607  626  644  663  684  702  717  730  742  756  776  799  828  858  888
  915  936  942  931  896  859  834  829  844  864  869  845  811  776  745  713
  667  599  526  457  411  388  368  345  320  299  286  297  311  321  329  334
  344  355  352  345  332  330  336  338  336  325  309  292  280  271  261  252
  255  277  314  360  411  458  504  545  580
     5.0-180.0 180.0   5.0 450.0                            LAT/LON1/LON2/DLON/H
  593  620  642  666  683  701  717  733  748  760  771  784  803  829  859  889
  919  943  954  946  915  881  857  849  857  864  856  826  787  752  724  703
  669  617  559  508  473  460  443  414  377  339  321  337  351  349  358  367
  379  384  374  363  348  339  336  330  320  306  290  273  265  258  251  241
  240  259  298  350  406  456  507  554  593
     2.5-180.0 180.0   5.0 450.0                            LAT/LON1/LON2/DLON/H
  603  636  662  690  711  724  740  755  771  782  790  797  810  830  857  885
  910  932  947  944  922  896  876  866  867  861  842  808  770  741  722  712
  691  650  607  575  555  552  537  501  453  395  377  394  401  399  408  412
  421  413  393  372  351  337  327  316  300  284  268  254  250  250  246  237
  234  249  288  341  399  453  508  559  603
