DORISInput/IGSGIM/2024/IGS0OPSFIN_20241510000_01D_02H_GIM.INX
     1.0            IONOSPHERE MAPS     MIX                 IONEX VERSION / TYPE
cmpcmb v1.2          GRL/UWM            12-jun-24 16:22     PGM / RUN BY / DATE 
ionex file containing IGS COMBINED Ionosphere maps          COMMENT             
global ionosphere maps for day 151, 2024                    DESCRIPTION         
IONEX file containing the COMBINED IGS TEC MAPS and DCBs    DESCRIPTION         
      IONEX files of the following IAACs were combined: cod DESCRIPTION         
                                                        jpl DESCRIPTION         
                                                        upc DESCRIPTION         
Contact address: Andrzej Krankowski                         DESCRIPTION
                 Geodynamics Research Laboratory            DESCRIPTION
                 University of Warmia and Mazury (GRL/UWM)  DESCRIPTION
                 Oczapowski St. 1                           DESCRIPTION
                 10-957-Olsztyn, POLAND                     DESCRIPTION
                 e-mail:  kand@uwm.edu.pl                   DESCRIPTION
                                                            DESCRIPTION         
  2024     5    30     0     0     0                        EPOCH OF FIRST MAP  
  2024     5    31     0     0     0                        EPOCH OF LAST MAP   
  7200                                                      INTERVAL            
    13                                                      # OF MAPS IN FILE   
  COSZ                                                      MAPPING FUNCTION    
     0.0                                                    ELEVATION CUTOFF    
combined TEC calculated as weighted mean of input TEC valuesOBSERVABLES USED    
   334                                                      # OF STATIONS       
    32                                                      # OF SATELLITES     
  6371.0                                                    BASE RADIUS         
     2                                                      MAP DIMENSION       
   450.0 450.0   0.0                                        HGT1 / HGT2 / DHGT  
    87.5 -87.5  -2.5                                        LAT1 / LAT2 / DLAT  
  -180.0 180.0   5.0                                        LON1 / LON2 / DLON  
    -1                                                      EXPONENT            
TEC values in 0.1 tec units;  9999, if no value available   COMMENT             
DCB values in nanoseconds, reference is Sum_of_SatDCBs = 0  COMMENT             
                                                            END OF HEADER       
[from data line 2574]
     7                                                      START OF TEC MAP    
  2024     5    30    12     0     0                        EPOCH OF CURRENT MAP
    87.5-180.0 180.0   5.0 450.0                            LAT/LON1/LON2/DLON/H
  216  215  215  214  214  214  213  213  213  213  213  213  212  212  213  213
  213  213  213  213  213  213  213  213  212  212  212  212  212  212  212  211
  212  212  211  212  212  212  212  213  212  213  214  214  214  215  216  216
  217  217  218  219  219  219  220  220  220  220  220  220  220  220  220  220
  219  219  219  218  218  217  217  216  216
    85.0-180.0 180.0   5.0 450.0                            LAT/LON1/LON2/DLON/H
  217  216  215  214  214  212  212  212  212  211  211  211  212  211  211  212
  212  212  212  213  213  214  214  214  214  213  214  214  214  215  215  215
  215  216  216  216  216  216  216  216  215  215  215  216  217  217  218  220
  221  223  224  226  228  229  230  231  231  232  232  232  232  231  230  229
  228  227  225  224  222  220  219  218  217
    82.5-180.0 180.0   5.0 450.0                            LAT/LON1/LON2/DLON/H
  216  213  212  210  210  209  209  209  209  209  209  210  210  210  210  210
  211  211  212  212  213  211  216  216  217  219  219  221  221  221  222  222
  222  222  222  221  221  220  219  219  219  218  219  219  219  219  221  223
  225  228  232  235  238  241  242  244  245  246  246  246  245  244  242  240
  237  234  232  228  226  223  220  217  216
    80.0-180.0 180.0   5.0 450.0                            LAT/LON1/LON2/DLON/H
  213  210  208  206  205  205  206  207  207  207  208  209  210  211  211  210
  210  210  210  210  211  212  216  222  221  220  221  222  224  226  226  227
  228  229  228  228  228  226  226  224  223  223  222  222  223  223  225  226
  229  233  238  244  248  253  255  257  259  260  261  260  259  257  254  250
  246  242  237  233  228  224  219  216  213
    77.5-180.0 180.0   5.0 450.0                            LAT/LON1/LON2/DLON/H
  207  203  200  199  199  200  200  201  202  204  205  206  207  207  206  207
  208  208  208  209  208  208  212  217  222  225  227  227  229  232  237  239
  240  241  240  240  239  237  235  232  230  229  228  228  229  229  231  233
  235  239  246  252  258  263  266  269  271  272  273  272  271  269  265  260
  254  248  242  235  228  222  216  211  207
    75.0-180.0 180.0   5.0 450.0                            LAT/LON1/LON2/DLON/H
  200  194  192  191  191  191  193  193  195  198  200  201  199  200  202  200
  198  198  196  197  199  202  206  209  215  220  224  229  235  239  244  248
  252  254  255  254  252  249  247  243  239  237  234  234  235  238  239  240
  243  248  253  260  265  270  273  276  277  279  280  280  279  276  271  266
  259  252  243  233  226  218  209  204  200
    72.5-180.0 180.0   5.0 450.0                            LAT/LON1/LON2/DLON/H
  192  187  185  183  183  183  183  184  186  189  191  193  194  194  192  191
  188  187  188  187  189  193  197  202  206  215  221  228  235  242  248  256
  262  265  266  266  265  261  257  253  250  246  244  243  243  245  246  249
  252  256  259  264  268  272  274  278  279  281  282  282  281  279  273  268
  260  251  241  232  223  212  204  197  192
    70.0-180.0 180.0   5.0 450.0                            LAT/LON1/LON2/DLON/H
  190  184  180  176  175  175  175  175  179  182  185  186  187  187  185  183
  181  179  179  179  181  184  190  196  202  210  219  226  235  243  251  258
  265  271  275  276  275  272  268  264  259  256  254  252  252  253  255  257
  259  260  262  265  267  268  270  273  275  277  278  278  277  275  270  264
  257  248  238  230  218  210  203  195  190
    67.5-180.0 180.0   5.0 450.0                            LAT/LON1/LON2/DLON/H
  192  184  177  173  170  168  167  168  171  174  177  177  179  179  181  178
  176  175  173  175  177  181  188  196  201  209  218  226  234  242  251  259
  267  275  280  282  283  282  278  273  269  265  263  262  261  263  263  263
  263  262  262  261  261  262  262  263  265  267  268  268  267  265  261  256
  250  242  235  227  218  211  204  197  192
    65.0-180.0 180.0   5.0 450.0                            LAT/LON1/LON2/DLON/H
  195  185  179  173  168  164  162  162  163  165  168  171  172  175  176  176
  174  173  174  178  180  186  193  201  205  212  220  228  234  242  250  258
  268  276  284  288  290  290  287  282  277  273  271  270  271  270  271  269
  267  264  261  258  255  252  251  251  252  253  255  255  254  253  249  245
  241  236  231  224  216  211  205  199  195
    62.5-180.0 180.0   5.0 450.0                            LAT/LON1/LON2/DLON/H
  199  191  184  177  170  163  157  156  156  157  161  165  168  172  173  175
  175  177  180  185  189  195  201  207  213  218  224  230  234  242  250  259
  269  277  287  293  297  297  294  290  286  283  281  281  280  280  278  275
  271  266  261  255  249  244  242  241  240  241  243  244  244  241  238  236
  232  229  225  221  216  212  209  202  199
    60.0-180.0 180.0   5.0 450.0                            LAT/LON1/LON2/DLON/H
  208  197  190  182  173  164  157  152  151  152  154  160  164  168  171  175
  178  183  189  193  198  203  208  215  218  222  227  232  235  242  250  259
  270  280  290  297  302  304  302  299  297  293  292  291  290  289  286  282
  277  270  262  255  247  241  237  235  234  236  238  239  238  235  231  229
  226  223  221  219  217  216  214  211  208
    57.5-180.0 180.0   5.0 450.0                            LAT/LON1/LON2/DLON/H
  214  205  197  188  178  167  157  151  148  147  149  153  158  164  169  176
  182  190  197  203  208  212  215  219  220  223  228  232  237  244  252  262
  273  284  293  302  308  311  312  311  308  306  303  302  300  298  295  290
  284  276  266  257  248  242  237  236  236  238  240  241  239  234  229  226
  223  221  220  220  220  221  221  217  214
    55.0-180.0 180.0   5.0 450.0                            LAT/LON1/LON2/DLON/H
  223  212  204  195  183  170  159  151  145  143  144  148  153  159  167  176
  185  196  205  212  216  218  219  220  221  224  228  233  239  246  255  267
  279  290  300  309  314  319  321  322  320  319  316  313  311  308  305  299
  292  283  273  261  253  247  243  243  244  246  249  249  246  240  234  228
  224  222  221  223  224  225  227  224  223
    52.5-180.0 180.0   5.0 450.0                            LAT/LON1/LON2/DLON/H
  225  217  210  200  189  174  162  152  146  143  143  145  149  156  163  175
  187  200  211  220  223  223  222  220  221  224  229  235  242  250  262  273
  286  297  308  316  322  327  332  334  336  333  331  327  322  319  313  308
  300  292  281  270  262  257  255  255  256  258  261  261  257  251  242  235
  230  228  226  226  228  230  230  227  225
    50.0-180.0 180.0   5.0 450.0                            LAT/LON1/LON2/DLON/H
  227  219  213  204  192  179  165  155  149  146  145  146  150  154  163  174
  189  204  218  227  230  228  225  223  222  225  232  239  248  258  270  284
  296  307  316  323  330  337  342  346  349  349  345  340  334  329  323  317
  310  302  292  285  278  273  270  270  270  273  275  274  270  263  253  246
  239  235  234  233  232  232  232  229  227
    47.5-180.0 180.0   5.0 450.0                            LAT/LON1/LON2/DLON/H
  226  218  214  205  194  183  171  160  154  151  150  150  153  157  164  176
  192  208  223  233  236  235  231  228  227  232  239  247  256  268  282  295
  307  318  326  334  339  347  355  363  365  366  362  353  347  340  336  332
  323  317  309  303  297  291  288  286  287  289  290  288  282  274  265  257
  250  245  242  240  237  233  231  227  226
    45.0-180.0 180.0   5.0 450.0                            LAT/LON1/LON2/DLON/H
  221  216  211  203  193  185  174  165  158  156  156  157  159  162  167  179
  194  212  229  240  244  244  241  238  238  244  251  258  268  280  294  310
  321  331  338  344  351  360  370  377  382  383  378  369  363  358  352  350
  344  338  330  326  320  312  309  306  304  303  304  300  294  286  277  268
  262  256  251  246  239  233  227  223  221
    42.5-180.0 180.0   5.0 450.0                            LAT/LON1/LON2/DLON/H
  218  212  206  200  192  186  177  169  162  161  162  164  166  170  174  184
  199  218  235  248  254  256  255  254  256  261  267  274  283  296  309  325
  338  348  355  360  368  376  388  395  401  400  396  389  383  380  376  373
  369  365  358  354  347  339  334  329  324  316  313  311  306  297  290  280
  273  264  256  248  240  232  226  220  218
    40.0-180.0 180.0   5.0 450.0                            LAT/LON1/LON2/DLON/H
  216  207  202  196  190  186  179  172  166  166  168  171  175  178  181  190
  205  223  241  256  266  272  275  278  279  284  289  294  301  313  326  342
  356  367  374  380  389  399  411  417  421  423  416  411  409  409  406  404
  400  399  390  384  378  369  363  356  347  336  328  323  317  309  301  292
  283  272  260  250  240  233  226  219  216
    37.5-180.0 180.0   5.0 450.0                            LAT/LON1/LON2/DLON/H
  215  206  199  194  189  186  182  175  171  171  174  179  183  186  189  197
  211  229  249  266  279  289  296  302  306  311  316  318  322  331  343  358
  373  386  395  404  415  427  435  443  447  445  440  438  441  445  445  444
  441  435  425  418  412  403  395  385  375  363  351  340  330  323  314  305
  293  279  267  254  243  236  229  221  215
    35.0-180.0 180.0   5.0 450.0                            LAT/LON1/LON2/DLON/H
  218  206  199  194  191  189  186  180  175  174  178  185  191  194  199  206
  218  236  258  277  293  308  319  324  331  341  343  342  344  348  360  374
  391  406  418  430  442  455  464  473  475  473  469  471  478  483  487  488
  483  475  464  454  449  440  431  418  405  390  374  359  345  336  327  317
  304  290  277  262  250  242  234  225  218
    32.5-180.0 180.0   5.0 450.0                            LAT/LON1/LON2/DLON/H
  226  212  203  198  195  196  194  186  180  178  182  189  196  201  207  214
  224  243  266  288  307  326  339  346  356  367  369  364  364  365  375  388
  408  427  445  457  470  485  495  503  507  506  505  510  520  525  535  537
  527  514  503  495  488  483  470  456  441  422  401  379  362  348  338  327
  314  301  287  275  263  253  245  235  226
    30.0-180.0 180.0   5.0 450.0                            LAT/LON1/LON2/DLON/H
  240  223  212  205  204  207  205  196  186  184  187  192  201  207  211  218
  231  253  274  299  322  342  355  364  375  385  386  382  381  378  387  402
  423  445  465  483  498  514  524  532  541  536  538  546  558  569  582  584
  570  558  543  539  531  525  511  496  477  452  426  398  378  361  349  337
  323  310  298  288  279  269  261  251  240
    27.5-180.0 180.0   5.0 450.0                            LAT/LON1/LON2/DLON/H
  257  241  229  219  217  218  215  207  196  192  193  196  204  210  214  222
  239  259  284  310  332  352  365  373  383  391  391  392  394  391  399  416
  438  461  482  503  520  537  548  557  564  564  566  574  588  604  620  621
  611  598  587  581  574  565  547  529  506  475  444  413  389  371  356  342
  329  317  307  301  295  286  278  269  257
    25.0-180.0 180.0   5.0 450.0                            LAT/LON1/LON2/DLON/H
  273  259  246  235  231  231  227  220  209  205  203  203  209  214  217  226
  243  265  291  317  337  353  364  370  380  388  391  397  402  404  415  431
  453  476  498  522  543  561  573  581  585  583  586  594  610  631  646  651
  645  633  625  619  610  598  577  555  527  492  456  421  394  374  356  340
  328  318  310  308  306  301  293  284  273
    22.5-180.0 180.0   5.0 450.0                            LAT/LON1/LON2/DLON/H
  285  274  260  247  244  243  241  232  222  218  214  214  216  220  222  229
  246  270  296  320  336  349  356  362  371  383  391  401  411  418  431  448
  469  492  516  542  566  584  597  604  602  600  603  612  628  645  661  673
  671  664  657  651  640  624  600  577  544  504  461  423  395  373  352  335
  323  314  310  311  313  307  301  296  285
    20.0-180.0 180.0   5.0 450.0                            LAT/LON1/LON2/DLON/H
  293  285  270  255  250  249  247  240  231  224  222  223  223  225  227  233
  250  274  300  322  336  345  348  354  363  379  393  407  421  434  448  466
  487  509  534  561  588  609  617  623  619  615  620  628  639  655  673  689
  692  689  684  677  664  646  619  595  558  510  462  421  391  369  348  330
  316  308  304  308  311  307  302  301  293
    17.5-180.0 180.0   5.0 450.0                            LAT/LON1/LON2/DLON/H
  296  294  278  259  249  246  243  238  232  226  227  230  230  230  230  235
  252  276  303  323  334  340  342  347  358  375  396  417  435  453  469  486
  503  523  550  579  605  625  634  638  631  628  632  639  646  659  681  703
  711  713  708  701  689  667  641  614  569  515  465  422  390  365  346  327
  309  299  296  299  305  303  298  299  296
    15.0-180.0 180.0   5.0 450.0                            LAT/LON1/LON2/DLON/H
  299  300  282  259  243  238  233  229  225  224  227  231  233  234  232  236
  251  275  303  321  329  334  337  343  355  376  402  429  453  473  491  505
  521  541  564  592  621  640  648  648  644  638  638  645  651  665  690  715
  729  733  730  718  706  684  660  624  575  521  469  425  390  362  342  320
  302  290  285  289  295  297  293  297  299
    12.5-180.0 180.0   5.0 450.0                            LAT/LON1/LON2/DLON/H
  303  302  282  256  237  229  224  216  215  218  223  228  232  233  232  235
  249  272  296  313  322  326  330  339  355  380  411  441  468  491  510  522
  538  556  580  607  637  656  663  661  653  643  644  648  659  675  697  722
  739  745  740  728  713  694  666  626  577  523  473  428  390  359  337  315
  296  281  274  278  284  289  292  297  303
    10.0-180.0 180.0   5.0 450.0                            LAT/LON1/LON2/DLON/H
  308  305  284  256  236  221  214  207  206  210  215  222  228  230  230  232
  245  264  286  300  310  314  322  335  358  388  422  452  482  507  526  539
  555  573  594  623  651  667  673  670  660  649  649  654  667  682  702  723
  741  747  738  724  709  693  664  627  582  534  486  441  402  368  341  318
  296  277  268  268  275  285  291  300  308
     7.5-180.0 180.0   5.0 450.0                            LAT/LON1/LON2/DLON/H
  312  305  284  261  239  220  207  199  199  202  208  215  222  225  225  225
  234  251  270  283  294  301  315  337  366  398  431  463  492  520  539  554
  569  587  608  634  657  670  673  669  661  653  653  654  666  680  698  719
  733  735  725  711  698  685  662  634  598  559  517  474  432  395  362  336
  309  286  273  269  270  282  296  305  312
     5.0-180.0 180.0   5.0 450.0                            LAT/LON1/LON2/DLON/H
  316  303  284  263  244  227  212  201  197  198  201  207  214  216  216  213
  218  233  251  265  278  292  313  341  375  409  439  469  497  525  544  561
  576  590  609  632  650  660  661  656  650  645  642  643  653  666  685  704
  714  713  704  692  683  675  662  645  620  592  560  522  477  440  402  368
  335  311  296  286  278  289  303  312  316
     2.5-180.0 180.0   5.0 450.0                            LAT/LON1/LON2/DLON/H
  322  299  282  266  254  239  225  210  202  196  196  197  202  206  205  201
  202  214  232  249  266  284  311  346  382  416  446  472  496  522  541  554
  566  578  592  612  629  635  635  633  628  623  619  618  626  639  658  678
  688  686  679  671  668  664  658  647  631  617  599  568  525  488  442  397
  363  341  327  316  301  308  320  324  322
