DORISInput/IGSGIM/2024/IGS0OPSFIN_20241530000_01D_02H_GIM.INX
     1.0            IONOSPHERE MAPS     MIX                 IONEX VERSION / TYPE
cmpcmb v1.2          GRL/UWM            12-jun-24 16:32     PGM / RUN BY / DATE 
ionex file containing IGS COMBINED Ionosphere maps          COMMENT             
global ionosphere maps for day 153, 2024                    DESCRIPTION         
IONEX file containing the COMBINED IGS TEC MAPS and DCBs    DESCRIPTION         
      IONEX files of the following IAACs were combined: cod DESCRIPTION         
                                                        jpl DESCRIPTION         
                                                        upc DESCRIPTION         
Contact address: Andrzej Krankowski                         DESCRIPTION
                 Geodynamics Research Laboratory            DESCRIPTION
                 University of Warmia and Mazury (GRL/UWM)  DESCRIPTION
                 Oczapowski St. 1                           DESCRIPTION
                 10-957-Olsztyn, POLAND                     DESCRIPTION
                 e-mail:  kand@uwm.edu.pl                   DESCRIPTION
                                                            DESCRIPTION         
  2024     6     1     0     0     0                        EPOCH OF FIRST MAP  
  2024     6     2     0     0     0                        EPOCH OF LAST MAP   
  7200                                                      INTERVAL            
    13                                                      # OF MAPS IN FILE   
  COSZ                                                      MAPPING FUNCTION    
     0.0                                                    ELEVATION CUTOFF    
combined TEC calculated as weighted mean of input TEC valuesOBSERVABLES USED    
   334                                                      # OF STATIONS       
    32                                                      # OF SATELLITES     
  6371.0                                                    BASE RADIUS         
     2                                                      MAP DIMENSION       
   450.0 450.0   0.0                                        HGT1 / HGT2 / DHGT  
    87.5 -87.5  -2.5                                        LAT1 / LAT2 / DLAT  
  -180.0 180.0   5.0                                        LON1 / LON2 / DLON  
    -1                                                      EXPONENT            
TEC values in 0.1 tec units;  9999, if no value available   COMMENT             
DCB values in nanoseconds, reference is Sum_of_SatDCBs = 0  COMMENT             
                                                            END OF HEADER       
[from data line 1716]
     5                                                      START OF TEC MAP    
  2024     6     1     8     0     0                        EPOCH OF CURRENT MAP
    87.5-180.0 180.0   5.0 450.0                            LAT/LON1/LON2/DLON/H
  184  184  184  183  184  183  184  185  185  186  186  186  186  186  186  187
  187  187  188  188  188  189  189  188  189  189  189  189  189  189  190  190
  191  191  191  193  193  194  193  194  195  195  196  195  197  197  197  197
  197  197  196  197  197  196  196  195  194  194  192  191  191  189  188  187
  187  186  185  185  184  184  184  184  184
    85.0-180.0 180.0   5.0 450.0                            LAT/LON1/LON2/DLON/H
  184  184  184  185  184  185  185  185  186  186  187  188  189  188  188  189
  189  188  189  189  189  189  188  188  187  186  186  187  188  188  191  191
  193  194  195  197  198  200  201  203  204  205  207  208  208  209  210  211
  212  212  211  211  210  210  208  207  205  203  200  198  195  193  191  189
  187  186  185  184  184  183  183  183  184
    82.5-180.0 180.0   5.0 450.0                            LAT/LON1/LON2/DLON/H
  185  184  182  181  182  183  184  185  187  188  189  190  191  192  192  192
  191  191  190  189  187  187  185  185  184  184  185  184  185  186  187  189
  190  193  195  198  200  204  207  210  213  217  220  222  224  227  228  229
  230  230  230  230  229  228  226  223  221  217  214  211  207  204  200  197
  194  192  190  189  187  187  186  186  185
    80.0-180.0 180.0   5.0 450.0                            LAT/LON1/LON2/DLON/H
  185  182  181  182  182  183  185  186  189  191  192  193  195  195  194  194
  194  192  190  189  186  185  183  181  180  179  178  178  179  181  182  185
  188  191  195  198  203  208  211  215  219  223  228  233  238  241  245  248
  250  252  252  252  253  251  250  247  243  239  235  231  226  222  217  213
  209  205  202  199  196  193  191  187  185
    77.5-180.0 180.0   5.0 450.0                            LAT/LON1/LON2/DLON/H
  190  188  185  185  185  186  187  189  189  190  191  191  193  192  192  192
  191  189  188  184  182  179  175  173  172  171  171  172  173  175  177  179
  183  188  192  197  202  207  214  218  223  229  234  240  245  252  257  262
  267  271  274  276  277  277  277  275  272  267  262  256  251  246  241  236
  230  225  220  214  210  204  199  194  190
    75.0-180.0 180.0   5.0 450.0                            LAT/LON1/LON2/DLON/H
  203  198  193  190  188  188  187  185  185  186  188  189  190  188  187  187
  186  184  183  179  176  173  170  168  167  167  166  166  168  170  174  178
  182  187  192  196  202  207  213  218  224  230  236  243  249  257  264  272
  280  286  291  295  297  299  300  299  296  292  287  282  277  272  266  261
  255  248  242  235  228  221  215  208  203
    72.5-180.0 180.0   5.0 450.0                            LAT/LON1/LON2/DLON/H
  217  209  200  194  191  187  184  181  181  181  181  181  181  181  181  180
  180  178  176  174  170  167  165  162  163  161  162  163  165  169  173  178
  183  188  193  198  203  207  212  217  223  229  236  242  250  259  267  276
  285  293  300  306  310  313  314  314  312  308  305  301  296  293  288  283
  277  271  264  257  249  242  234  225  217
    70.0-180.0 180.0   5.0 450.0                            LAT/LON1/LON2/DLON/H
  231  220  209  200  193  188  181  176  174  172  171  171  172  173  173  172
  173  170  168  166  165  162  161  158  159  159  159  162  166  171  176  182
  187  193  196  201  205  209  213  217  221  227  233  240  247  256  265  275
  285  294  302  309  314  318  320  319  317  315  311  310  307  304  301  297
  293  287  282  275  267  258  249  240  231
    67.5-180.0 180.0   5.0 450.0                            LAT/LON1/LON2/DLON/H
  240  229  218  207  197  189  180  174  170  167  163  162  162  165  165  165
  163  161  161  161  160  158  157  157  158  160  161  165  171  176  183  189
  194  198  202  205  208  211  214  216  219  224  229  236  243  252  262  271
  281  290  299  306  311  314  315  314  312  310  308  307  306  304  302  300
  298  294  289  283  276  268  259  250  240
    65.0-180.0 180.0   5.0 450.0                            LAT/LON1/LON2/DLON/H
  244  234  224  213  202  192  182  174  167  161  155  155  154  156  157  156
  155  154  154  154  154  154  155  156  159  162  166  172  177  185  191  196
  202  206  208  210  212  213  214  215  217  221  225  231  239  247  257  268
  277  286  293  299  302  304  304  303  300  297  295  294  293  292  292  292
  291  289  286  282  277  271  263  255  244
    62.5-180.0 180.0   5.0 450.0                            LAT/LON1/LON2/DLON/H
  246  237  228  218  207  196  185  174  165  156  149  147  146  147  147  147
  144  146  145  146  147  149  152  155  159  166  171  179  186  194  199  205
  209  213  214  215  215  215  214  214  216  218  222  229  236  245  256  267
  276  283  289  293  294  294  292  289  284  281  278  276  275  275  275  275
  274  274  273  271  269  266  261  256  246
    60.0-180.0 180.0   5.0 450.0                            LAT/LON1/LON2/DLON/H
  245  238  231  222  212  201  189  176  163  153  145  139  137  138  136  136
  135  136  135  136  139  143  147  153  160  169  178  187  194  202  208  213
  217  219  220  220  219  217  216  215  216  218  221  227  236  246  258  270
  280  284  288  291  291  288  284  278  272  267  264  261  259  258  256  255
  255  255  255  256  256  256  255  251  245
    57.5-180.0 180.0   5.0 450.0                            LAT/LON1/LON2/DLON/H
  245  239  235  228  218  206  192  178  164  151  140  132  130  127  126  126
  126  125  125  127  131  136  142  150  159  169  180  192  202  211  217  222
  224  225  225  224  222  220  218  217  217  219  223  230  238  252  267  279
  287  292  295  296  294  289  283  275  267  261  258  255  251  248  243  240
  238  236  238  241  244  247  249  248  245
    55.0-180.0 180.0   5.0 450.0                            LAT/LON1/LON2/DLON/H
  248  245  241  235  227  214  198  181  163  149  136  128  126  119  118  117
  116  116  117  119  123  129  137  145  155  169  183  197  209  220  227  230
  232  232  232  229  226  223  221  220  220  223  227  234  244  259  274  289
  298  303  305  306  302  297  290  281  273  268  264  259  254  247  240  234
  228  226  227  231  237  243  246  248  248
    52.5-180.0 180.0   5.0 450.0                            LAT/LON1/LON2/DLON/H
  255  254  252  247  238  221  203  183  163  147  134  123  120  115  113  111
  110  109  111  114  119  125  134  142  153  168  184  201  217  228  237  240
  240  240  238  235  231  228  225  225  226  228  233  241  251  265  283  297
  306  313  317  316  314  309  303  296  289  285  280  274  266  257  247  238
  231  226  226  231  238  245  251  254  255
    50.0-180.0 180.0   5.0 450.0                            LAT/LON1/LON2/DLON/H
  266  266  264  259  250  233  210  190  168  151  136  124  120  115  112  110
  109  109  111  116  120  126  134  141  153  170  188  208  225  239  246  249
  250  249  246  242  237  233  232  233  234  237  241  247  258  273  289  304
  315  323  327  329  328  324  320  314  309  303  299  292  283  272  261  249
  240  235  235  240  247  254  260  263  266
    47.5-180.0 180.0   5.0 450.0                            LAT/LON1/LON2/DLON/H
  275  275  273  268  260  243  221  199  176  159  143  131  126  119  116  114
  114  116  118  124  130  134  138  145  157  173  194  215  235  250  258  259
  259  259  255  249  243  241  240  241  244  248  251  256  267  281  295  311
  324  335  340  344  344  340  336  331  325  320  316  310  301  289  276  263
  254  250  250  255  262  267  272  274  275
    45.0-180.0 180.0   5.0 450.0                            LAT/LON1/LON2/DLON/H
  280  279  276  272  265  251  232  211  190  171  156  143  137  128  125  123
  124  127  132  138  143  146  149  153  164  180  203  227  249  263  270  271
  270  268  263  256  251  250  251  253  257  262  264  268  277  289  304  321
  336  347  354  360  361  359  352  345  339  334  330  325  315  304  290  279
  271  269  271  274  278  281  282  282  280
    42.5-180.0 180.0   5.0 450.0                            LAT/LON1/LON2/DLON/H
  280  276  272  269  264  254  238  221  202  185  171  158  152  142  138  137
  139  142  148  156  161  163  163  165  174  189  213  241  263  277  281  282
  279  276  270  264  260  260  263  268  275  281  281  284  292  303  317  338
  350  364  371  379  381  378  370  361  352  345  340  335  324  314  302  294
  289  289  290  293  293  291  287  284  280
    40.0-180.0 180.0   5.0 450.0                            LAT/LON1/LON2/DLON/H
  274  267  261  260  256  251  241  229  215  199  187  175  168  159  154  153
  154  159  167  174  179  181  180  180  187  202  225  254  276  288  292  291
  286  282  276  271  269  271  276  286  297  303  305  308  313  324  340  357
  372  386  394  402  405  402  392  382  370  360  352  346  335  324  314  308
  306  307  309  308  304  298  290  282  274
    37.5-180.0 180.0   5.0 450.0                            LAT/LON1/LON2/DLON/H
  266  254  246  245  244  242  238  232  224  212  203  191  184  176  171  169
  171  177  183  192  196  197  196  195  200  213  236  265  286  297  299  295
  290  285  282  279  279  283  293  307  321  330  336  337  342  350  367  385
  399  413  424  432  436  434  423  412  400  388  377  367  354  342  330  323
  322  324  324  320  313  303  291  279  266
    35.0-180.0 180.0   5.0 450.0                            LAT/LON1/LON2/DLON/H
  261  244  232  229  228  229  230  231  226  220  215  206  199  190  185  183
  186  192  198  205  209  212  212  211  211  221  243  268  289  299  298  294
  290  287  286  287  290  298  311  329  346  358  364  369  373  384  400  417
  431  449  459  470  475  477  469  461  449  436  422  408  389  371  353  343
  341  342  343  335  324  310  297  279  261
    32.5-180.0 180.0   5.0 450.0                            LAT/LON1/LON2/DLON/H
  268  246  227  217  213  216  223  226  226  224  222  217  212  203  197  197
  199  204  209  215  219  223  226  224  221  226  245  266  283  292  290  287
  287  287  290  295  303  315  332  353  372  382  390  397  405  417  433  450
  467  484  500  516  526  534  530  528  519  506  491  473  446  416  388  372
  365  365  365  357  344  327  309  289  268
    30.0-180.0 180.0   5.0 450.0                            LAT/LON1/LON2/DLON/H
  288  264  237  219  210  208  216  221  223  224  224  223  220  214  210  210
  210  213  215  220  225  230  235  233  228  231  244  258  269  278  278  278
  280  285  293  303  316  332  352  374  392  406  413  422  433  449  463  481
  501  523  544  566  583  599  605  610  605  593  577  556  522  478  437  413
  398  395  394  386  374  355  337  316  288
    27.5-180.0 180.0   5.0 450.0                            LAT/LON1/LON2/DLON/H
  329  295  263  237  220  215  217  220  221  224  226  227  226  225  223  223
  220  219  219  221  226  232  236  236  232  233  238  245  251  259  263  266
  274  285  297  312  329  350  372  393  412  425  432  443  458  474  491  507
  532  562  588  615  640  667  685  698  699  690  672  642  605  553  501  465
  440  432  429  422  415  398  380  359  329
    25.0-180.0 180.0   5.0 450.0                            LAT/LON1/LON2/DLON/H
  380  344  304  274  251  237  231  229  228  229  231  234  235  236  236  234
  228  225  223  222  225  231  235  235  233  229  227  226  229  235  242  255
  268  284  302  322  345  371  394  414  430  440  447  462  476  495  512  533
  564  599  630  662  695  723  754  776  790  785  767  732  686  632  573  526
  491  476  469  467  465  449  433  411  380
    22.5-180.0 180.0   5.0 450.0                            LAT/LON1/LON2/DLON/H
  430  397  363  327  298  280  264  255  247  244  243  246  247  250  250  245
  238  231  226  222  224  228  233  234  231  222  210  203  203  209  222  242
  262  283  307  334  363  393  416  436  447  451  461  478  493  512  531  558
  592  630  665  697  737  767  802  829  851  855  837  802  756  703  642  589
  548  527  515  517  510  495  484  462  430
    20.0-180.0 180.0   5.0 450.0                            LAT/LON1/LON2/DLON/H
  467  439  411  384  357  335  314  297  280  271  268  266  266  266  262  256
  248  237  229  223  223  227  232  234  226  210  190  178  176  186  205  231
  257  284  314  347  381  413  438  459  464  466  476  494  510  529  551  580
  614  655  691  718  755  788  818  842  861  865  848  822  783  739  691  642
  603  578  561  562  552  532  514  495  467
    17.5-180.0 180.0   5.0 450.0                            LAT/LON1/LON2/DLON/H
  480  458  445  434  414  394  370  349  327  311  301  291  287  283  275  266
  256  244  232  224  222  226  230  228  217  194  169  154  151  164  191  223
  254  285  322  361  401  435  464  482  484  484  496  511  527  545  570  599
  632  667  699  723  750  778  800  814  821  820  808  794  776  753  718  682
  649  625  600  585  566  541  523  505  480
    15.0-180.0 180.0   5.0 450.0                            LAT/LON1/LON2/DLON/H
  466  456  460  469  462  443  428  403  376  353  335  315  307  297  286  274
  262  247  235  225  221  222  222  217  201  175  149  131  128  145  178  216
  251  289  331  374  419  455  487  503  504  504  518  531  546  565  590  615
  650  676  699  714  729  750  763  764  761  756  754  753  754  751  735  710
  683  658  627  593  557  521  500  488  466
    12.5-180.0 180.0   5.0 450.0                            LAT/LON1/LON2/DLON/H
  430  432  449  476  491  485  467  445  423  392  364  339  325  305  292  278
  262  246  235  225  220  217  213  203  184  156  130  111  108  127  165  208
  251  295  340  387  433  471  501  517  522  528  541  555  569  591  612  637
  665  688  701  705  713  725  728  720  709  704  706  716  730  740  739  722
  697  668  631  590  539  490  456  444  430
    10.0-180.0 180.0   5.0 450.0                            LAT/LON1/LON2/DLON/H
  385  395  416  449  480  495  492  478  457  420  385  354  336  307  290  274
  258  241  231  222  217  212  204  191  168  141  115   96   93  114  153  201
  252  300  349  396  440  475  501  519  531  547  563  577  594  618  637  659
  684  700  707  707  713  720  716  702  686  676  680  694  715  734  736  721
  698  665  623  577  519  460  418  389  385
     7.5-180.0 180.0   5.0 450.0                            LAT/LON1/LON2/DLON/H
  347  360  381  413  449  475  486  483  469  432  393  358  337  302  283  265
  248  231  222  216  213  206  196  180  157  130  104   86   85  103  140  193
  248  301  352  396  436  466  488  509  529  553  574  593  615  639  658  678
  699  712  718  724  734  741  737  720  698  684  686  699  720  742  739  717
  687  653  613  566  501  435  384  355  347
     5.0-180.0 180.0   5.0 450.0                            LAT/LON1/LON2/DLON/H
  336  343  363  391  422  448  460  460  454  426  387  352  331  294  272  252
  234  218  211  208  204  197  186  169  146  119   96   81   80   97  134  186
  242  300  347  390  426  448  467  488  514  544  570  594  621  644  666  688
  707  723  737  752  771  782  780  763  741  725  724  735  749  759  746  710
  673  643  609  561  495  430  374  344  336
     2.5-180.0 180.0   5.0 450.0                            LAT/LON1/LON2/DLON/H
  356  360  375  394  415  434  440  433  424  401  367  337  317  282  258  237
  217  203  198  195  191  185  175  158  136  111   90   77   76   94  130  180
  236  291  338  379  408  424  438  457  487  522  549  575  604  630  659  685
  709  732  758  785  812  829  831  818  800  788  787  792  792  783  752  702
  660  633  608  568  507  446  396  366  356
