DORISInput/IGSGIM/2024/IGS0OPSFIN_20241420000_01D_02H_GIM.INX
     1.0            IONOSPHERE MAPS     MIX                 IONEX VERSION / TYPE
cmpcmb v1.2          GRL/UWM             5-jun-24 16:28     PGM / RUN BY / DATE 
ionex file containing IGS COMBINED Ionosphere maps          COMMENT             
global ionosphere maps for day 142, 2024                    DESCRIPTION         
IONEX file containing the COMBINED IGS TEC MAPS and DCBs    DESCRIPTION         
      IONEX files of the following IAACs were combined: cod DESCRIPTION         
                                                        jpl DESCRIPTION         
                                                        upc DESCRIPTION         
Contact address: Andrzej Krankowski                         DESCRIPTION
                 Geodynamics Research Laboratory            DESCRIPTION
                 University of Warmia and Mazury (GRL/UWM)  DESCRIPTION
                 Oczapowski St. 1                           DESCRIPTION
                 10-957-Olsztyn, POLAND                     DESCRIPTION
                 e-mail:  kand@uwm.edu.pl                   DESCRIPTION
                                                            DESCRIPTION         
  2024     5    21     0     0     0                        EPOCH OF FIRST MAP  
  2024     5    22     0     0     0                        EPOCH OF LAST MAP   
  7200                                                      INTERVAL            
    13                                                      # OF MAPS IN FILE   
  COSZ                                                      MAPPING FUNCTION    
     0.0                                                    ELEVATION CUTOFF    
combined TEC calculated as weighted mean of input TEC valuesOBSERVABLES USED    
   335                                                      # OF STATIONS       
    32                                                      # OF SATELLITES     
  6371.0                                                    BASE RADIUS         
     2                                                      MAP DIMENSION       
   450.0 450.0   0.0                                        HGT1 / HGT2 / DHGT  
    87.5 -87.5  -2.5                                        LAT1 / LAT2 / DLAT  
  -180.0 180.0   5.0                                        LON1 / LON2 / DLON  
    -1                                                      EXPONENT            
TEC values in 0.1 tec units;  9999, if no value available   COMMENT             
DCB values in nanoseconds, reference is Sum_of_SatDCBs = 0  COMMENT             
                                                            END OF HEADER       
[from data line 429]
     2                                                      START OF TEC MAP    
  2024     5    21     2     0     0                        EPOCH OF CURRENT MAP
    87.5-180.0 180.0   5.0 450.0                            LAT/LON1/LON2/DLON/H
  245  244  244  244  244  244  244  244  244  244  245  245  245  245  246  246
  246  246  246  246  246  246  246  246  245  245  245  245  244  244  244  243
  243  243  243  242  242  242  241  242  241  241  241  242  242  241  242  242
  242  242  243  243  244  244  244  245  245  245  245  245  246  246  246  246
  246  246  246  246  246  246  246  245  245
    85.0-180.0 180.0   5.0 450.0                            LAT/LON1/LON2/DLON/H
  251  250  249  249  248  248  249  248  249  249  250  251  252  253  254  254
  255  256  256  256  256  255  254  253  252  252  251  251  250  249  248  247
  246  245  244  243  243  242  242  242  241  241  242  242  242  242  243  243
  244  245  245  246  248  249  250  252  253  254  256  256  257  258  258  258
  258  257  256  256  255  254  252  252  251
    82.5-180.0 180.0   5.0 450.0                            LAT/LON1/LON2/DLON/H
  262  260  257  256  254  254  253  252  253  254  254  256  259  261  262  264
  265  266  267  267  267  266  264  261  261  259  258  256  255  252  250  248
  246  244  242  241  240  240  240  240  240  241  241  242  243  245  245  246
  248  248  250  252  254  257  259  261  264  267  270  271  273  275  276  275
  275  274  273  272  269  268  267  264  262
    80.0-180.0 180.0   5.0 450.0                            LAT/LON1/LON2/DLON/H
  271  267  264  260  257  255  254  255  256  258  260  262  265  268  270  273
  275  275  276  276  275  274  271  268  267  264  261  257  253  249  247  244
  243  241  241  240  238  237  237  237  238  240  241  243  245  246  248  250
  251  253  255  257  260  264  268  272  276  281  285  289  291  292  294  294
  294  293  291  289  286  283  279  275  271
    77.5-180.0 180.0   5.0 450.0                            LAT/LON1/LON2/DLON/H
  279  274  269  265  262  260  259  260  262  264  264  266  269  273  276  279
  281  280  280  280  280  277  273  269  266  262  257  253  248  244  242  239
  237  235  236  236  235  236  237  237  238  240  244  245  247  249  251  254
  255  257  260  263  266  271  276  281  286  292  297  301  304  307  309  309
  309  308  306  303  299  295  289  284  279
    75.0-180.0 180.0   5.0 450.0                            LAT/LON1/LON2/DLON/H
  286  280  274  270  266  264  264  265  266  267  269  272  274  278  280  280
  281  280  279  280  277  271  267  265  259  255  251  246  242  239  236  232
  231  231  231  232  233  234  235  237  239  242  245  248  252  254  256  259
  262  264  267  270  274  278  283  288  293  298  303  307  312  315  316  318
  319  318  317  314  310  305  299  293  286
    72.5-180.0 180.0   5.0 450.0                            LAT/LON1/LON2/DLON/H
  291  285  279  273  269  267  266  268  269  271  274  276  280  280  280  278
  279  277  277  273  268  263  257  254  250  244  240  237  234  231  230  228
  227  226  227  229  231  232  235  238  243  246  250  254  258  261  264  267
  270  272  276  279  282  286  290  294  297  301  304  308  312  314  317  319
  321  322  322  320  316  312  306  299  291
    70.0-180.0 180.0   5.0 450.0                            LAT/LON1/LON2/DLON/H
  296  289  283  276  272  269  268  270  272  275  279  281  281  280  279  278
  274  273  269  265  259  254  250  244  239  235  232  228  226  227  227  223
  224  224  225  228  231  234  238  243  248  254  258  261  266  270  273  276
  280  283  286  290  292  294  296  298  299  300  302  304  306  308  311  314
  317  319  321  321  319  316  310  303  296
    67.5-180.0 180.0   5.0 450.0                            LAT/LON1/LON2/DLON/H
  299  293  286  280  275  271  271  272  274  277  280  282  281  279  279  276
  272  268  261  258  252  247  243  238  234  230  228  225  223  223  224  223
  223  225  227  229  233  237  241  246  253  260  265  269  274  278  282  287
  293  296  301  303  303  304  303  302  301  299  298  297  298  299  300  304
  308  311  314  316  316  315  311  305  299
    65.0-180.0 180.0   5.0 450.0                            LAT/LON1/LON2/DLON/H
  301  295  289  283  278  274  272  272  274  276  279  281  281  280  279  273
  269  262  259  254  248  244  241  238  233  229  228  226  225  227  228  229
  229  230  232  233  236  239  243  248  255  263  269  274  281  288  294  301
  307  313  318  320  318  317  314  310  305  300  295  292  289  289  289  292
  296  299  303  306  309  310  308  305  301
    62.5-180.0 180.0   5.0 450.0                            LAT/LON1/LON2/DLON/H
  302  298  293  286  280  276  272  271  271  274  277  279  280  280  278  273
  266  260  259  253  249  245  242  240  238  235  234  234  232  237  239  241
  241  239  237  237  237  238  242  247  254  261  269  277  286  297  307  316
  325  332  340  341  337  334  327  321  313  305  297  291  285  282  281  282
  284  288  291  295  299  302  303  304  302
    60.0-180.0 180.0   5.0 450.0                            LAT/LON1/LON2/DLON/H
  303  301  297  291  285  278  273  269  269  270  273  275  276  278  277  274
  267  262  262  255  252  250  247  247  248  250  248  251  248  254  254  255
  251  245  240  237  235  234  237  243  249  257  266  277  291  303  317  330
  341  353  359  362  359  353  345  336  326  316  305  296  287  281  278  276
  276  277  280  285  291  295  299  301  303
    57.5-180.0 180.0   5.0 450.0                            LAT/LON1/LON2/DLON/H
  307  308  305  300  292  284  276  271  267  266  268  272  273  276  277  276
  273  271  270  265  263  261  259  258  262  265  263  267  265  266  266  264
  258  249  241  236  232  231  233  236  243  251  262  276  290  308  327  342
  358  371  380  382  378  375  367  357  344  332  319  309  298  290  283  277
  274  273  275  282  288  292  298  302  307
    55.0-180.0 180.0   5.0 450.0                            LAT/LON1/LON2/DLON/H
  315  317  316  311  305  295  285  276  269  266  266  270  272  276  278  279
  280  280  278  276  275  273  274  272  274  275  276  278  278  276  274  269
  262  252  242  235  230  228  228  231  235  243  254  269  288  311  332  352
  371  383  394  399  397  395  389  378  366  353  339  328  318  307  297  288
  281  278  279  284  290  295  301  308  315
    52.5-180.0 180.0   5.0 450.0                            LAT/LON1/LON2/DLON/H
  327  332  332  332  323  312  301  288  278  272  270  271  274  277  281  284
  286  286  285  284  283  282  283  283  281  282  284  285  285  284  282  274
  266  254  244  235  230  226  225  225  228  235  245  263  284  309  336  360
  377  393  406  411  413  413  408  399  390  379  367  357  345  332  319  307
  299  293  293  295  299  305  311  318  327
    50.0-180.0 180.0   5.0 450.0                            LAT/LON1/LON2/DLON/H
  347  352  354  353  347  337  324  311  297  285  279  277  279  281  284  288
  291  292  291  291  289  287  288  289  288  289  291  292  293  291  288  280
  270  258  248  240  232  227  224  222  223  227  237  255  279  308  337  360
  383  401  413  422  427  429  426  420  413  405  397  388  375  359  345  331
  320  313  312  314  316  322  329  336  347
    47.5-180.0 180.0   5.0 450.0                            LAT/LON1/LON2/DLON/H
  369  378  381  383  380  369  355  339  321  307  296  291  289  288  290  292
  294  296  296  297  295  293  294  295  296  298  300  302  302  298  294  286
  275  265  255  247  239  232  226  221  219  222  231  250  275  304  335  362
  386  405  419  432  441  445  445  442  437  431  422  415  403  386  368  354
  341  336  335  338  340  344  352  359  369
    45.0-180.0 180.0   5.0 450.0                            LAT/LON1/LON2/DLON/H
  396  407  412  415  416  406  392  375  356  336  320  309  303  300  298  298
  299  300  301  302  301  299  300  302  305  309  311  312  311  308  304  295
  284  275  265  257  248  239  232  225  221  222  231  248  272  302  333  362
  386  406  426  442  454  461  463  462  458  453  445  435  423  408  391  376
  364  359  361  363  366  371  378  385  396
    42.5-180.0 180.0   5.0 450.0                            LAT/LON1/LON2/DLON/H
  425  437  443  449  448  444  430  411  391  370  349  335  325  316  311  309
  307  307  307  307  307  306  307  312  317  323  326  325  321  319  315  309
  300  289  279  269  259  248  240  232  228  229  234  250  273  302  333  361
  387  410  433  452  465  475  479  479  476  471  463  453  440  425  409  395
  384  381  386  389  392  397  406  415  425
    40.0-180.0 180.0   5.0 450.0                            LAT/LON1/LON2/DLON/H
  458  467  475  479  483  482  468  448  427  406  384  365  353  340  330  325
  321  319  317  317  317  316  319  326  333  341  343  340  335  331  328  325
  319  309  295  286  274  262  251  244  241  240  244  256  277  304  333  360
  388  415  440  459  475  487  492  494  491  486  477  468  455  442  427  413
  405  403  409  412  419  426  437  448  458
    37.5-180.0 180.0   5.0 450.0                            LAT/LON1/LON2/DLON/H
  489  495  502  509  515  516  504  484  463  442  422  403  387  373  357  347
  339  336  334  331  330  329  335  343  354  362  361  356  352  349  346  345
  338  328  315  303  290  276  265  260  257  255  257  266  284  305  334  362
  392  419  445  464  482  495  501  503  502  497  489  482  473  462  449  438
  430  427  435  439  447  457  473  481  489
    35.0-180.0 180.0   5.0 450.0                            LAT/LON1/LON2/DLON/H
  521  525  531  539  543  539  532  515  496  474  460  444  429  412  393  375
  361  356  351  348  345  345  352  361  373  382  379  373  369  367  364  361
  355  345  333  318  304  290  281  276  274  272  273  279  291  309  333  363
  392  419  444  465  483  496  504  506  507  506  503  502  496  489  480  471
  462  457  466  470  478  491  507  517  521
    32.5-180.0 180.0   5.0 450.0                            LAT/LON1/LON2/DLON/H
  557  558  560  563  567  565  559  543  525  508  498  485  474  458  434  412
  391  376  367  365  363  361  368  379  390  399  396  389  383  382  379  374
  366  359  346  332  315  303  295  292  291  289  288  290  297  310  332  359
  385  410  437  459  477  490  501  506  511  517  521  527  530  526  518  512
  501  494  502  503  515  525  541  554  557
    30.0-180.0 180.0   5.0 450.0                            LAT/LON1/LON2/DLON/H
  601  601  595  593  591  590  586  573  559  543  536  530  521  503  479  453
  424  400  384  380  375  375  385  394  404  411  409  402  394  391  387  380
  373  366  353  340  326  314  308  306  305  301  297  294  297  307  326  350
  375  401  427  448  464  478  492  504  517  530  542  554  566  569  565  562
  550  542  542  539  549  561  579  597  601
    27.5-180.0 180.0   5.0 450.0                            LAT/LON1/LON2/DLON/H
  644  641  634  631  625  627  624  611  598  586  578  578  572  556  524  491
  457  423  401  390  383  385  396  404  412  419  416  409  398  391  385  378
  372  363  353  342  332  322  318  314  310  303  296  290  289  296  313  334
  362  390  414  432  448  463  479  500  523  544  565  585  605  614  617  620
  608  595  589  580  591  599  618  639  644
    25.0-180.0 180.0   5.0 450.0                            LAT/LON1/LON2/DLON/H
  694  696  687  685  677  675  670  663  649  638  631  634  627  604  565  525
  481  445  416  399  390  392  400  407  417  422  416  405  392  381  372  365
  358  348  344  343  340  331  321  313  304  294  285  276  274  279  292  319
  349  375  397  413  428  447  467  495  526  556  587  616  642  660  669  677
  668  653  639  632  639  644  662  684  694
    22.5-180.0 180.0   5.0 450.0                            LAT/LON1/LON2/DLON/H
  747  756  757  749  742  741  737  736  722  708  696  690  677  648  604  555
  502  461  426  405  394  397  405  413  420  421  413  396  375  360  348  344
  331  327  330  343  346  328  315  301  287  276  266  256  252  257  271  299
  330  355  378  394  412  433  457  491  530  567  603  639  670  697  713  722
  720  706  689  682  681  689  711  733  747
    20.0-180.0 180.0   5.0 450.0                            LAT/LON1/LON2/DLON/H
  799  814  823  818  814  819  822  829  819  797  777  750  723  686  635  577
  519  471  432  408  400  404  414  420  422  415  404  381  355  334  320  314
  301  301  305  324  342  318  300  284  264  253  241  231  228  233  247  275
  307  334  357  379  400  426  458  499  541  580  617  654  687  718  739  751
  751  740  729  723  723  732  751  775  799
    17.5-180.0 180.0   5.0 450.0                            LAT/LON1/LON2/DLON/H
  842  858  878  882  885  899  915  937  932  902  864  818  773  718  662  595
  530  478  437  413  405  411  420  422  418  402  382  354  320  297  284  275
  263  264  267  277  306  290  279  260  239  226  217  208  203  207  220  248
  280  314  344  370  400  433  472  517  561  600  637  670  702  734  759  777
  775  765  757  757  756  764  784  812  842
    15.0-180.0 180.0   5.0 450.0                            LAT/LON1/LON2/DLON/H
  867  890  909  924  937  959  988 1031 1041  999  943  879  812  744  679  610
  542  488  447  422  413  417  422  418  404  378  348  308  270  249  239  234
  228  228  233  247  264  258  249  232  216  204  194  187  180  181  195  223
  259  298  333  370  408  450  497  542  587  628  663  695  724  752  776  797
  799  789  781  784  786  793  809  837  867
    12.5-180.0 180.0   5.0 450.0                            LAT/LON1/LON2/DLON/H
  874  895  914  933  958  988 1035 1089 1116 1078 1002  926  847  767  691  622
  557  504  464  438  428  429  424  408  382  343  301  260  221  200  196  198
  201  204  213  226  230  227  221  209  196  184  175  171  165  162  174  201
  238  285  330  375  422  470  521  571  618  659  694  722  749  776  797  813
  815  808  804  805  809  816  828  850  874
    10.0-180.0 180.0   5.0 450.0                            LAT/LON1/LON2/DLON/H
  872  888  900  911  936  967 1018 1086 1122 1099 1029  946  861  777  700  634
  576  528  490  463  451  444  424  393  352  300  248  208  179  164  169  176
  187  194  203  210  208  205  201  192  182  171  166  165  158  153  160  184
  227  278  329  382  435  488  546  602  653  694  728  754  781  808  825  834
  832  825  821  822  828  833  841  854  872
     7.5-180.0 180.0   5.0 450.0                            LAT/LON1/LON2/DLON/H
  868  881  884  880  889  911  954 1016 1067 1062 1005  929  851  770  700  642
  593  550  514  489  476  457  426  378  321  257  201  162  143  141  156  171
  185  193  203  204  198  194  190  182  172  168  168  165  157  149  152  175
  217  272  329  389  446  505  571  634  688  731  767  796  826  854  866  864
  855  840  832  832  838  844  849  855  868
     5.0-180.0 180.0   5.0 450.0                            LAT/LON1/LON2/DLON/H
  867  876  874  861  847  850  877  926  970  976  935  870  809  735  681  632
  597  559  529  507  489  461  424  359  285  218  165  132  123  138  160  185
  194  202  210  204  195  188  185  175  168  170  170  166  157  148  149  168
  207  263  326  390  453  520  591  659  717  766  806  841  876  907  917  902
  880  851  837  834  840  848  851  856  867
     2.5-180.0 180.0   5.0 450.0                            LAT/LON1/LON2/DLON/H
  876  882  876  857  829  811  816  837  863  867  832  784  731  673  629  594
  571  548  525  504  483  450  403  330  255  193  148  124  125  151  176  212
  220  220  219  204  190  182  175  167  165  167  167  164  155  147  146  161
  198  252  317  385  453  526  599  673  738  792  838  877  915  948  958  940
  899  855  834  827  832  841  852  863  876
