DORISInput/IGSGIM/2024/IGS0OPSFIN_20241330000_01D_02H_GIM.INX
     1.0            IONOSPHERE MAPS     MIX                 IONEX VERSION / TYPE
cmpcmb v1.2          GRL/UWM            28-may-24 18:09     PGM / RUN BY / DATE 
ionex file containing IGS COMBINED Ionosphere maps          COMMENT             
global ionosphere maps for day 133, 2024                    DESCRIPTION         
IONEX file containing the COMBINED IGS TEC MAPS and DCBs    DESCRIPTION         
      IONEX files of the following IAACs were combined: cod DESCRIPTION         
                                                        jpl DESCRIPTION         
                                                        upc DESCRIPTION         
Contact address: Andrzej Krankowski                         DESCRIPTION
                 Geodynamics Research Laboratory            DESCRIPTION
                 University of Warmia and Mazury (GRL/UWM)  DESCRIPTION
                 Oczapowski St. 1                           DESCRIPTION
                 10-957-Olsztyn, POLAND                     DESCRIPTION
                 e-mail:  kand@uwm.edu.pl                   DESCRIPTION
                                                            DESCRIPTION         
  2024     5    12     0     0     0                        EPOCH OF FIRST MAP  
  2024     5    13     0     0     0                        EPOCH OF LAST MAP   
  7200                                                      INTERVAL            
    13                                                      # OF MAPS IN FILE   
  COSZ                                                      MAPPING FUNCTION    
     0.0                                                    ELEVATION CUTOFF    
combined TEC calculated as weighted mean of input TEC valuesOBSERVABLES USED    
   338                                                      # OF STATIONS       
    32                                                      # OF SATELLITES     
  6371.0                                                    BASE RADIUS         
     2                                                      MAP DIMENSION       
   450.0 450.0   0.0                                        HGT1 / HGT2 / DHGT  
    87.5 -87.5  -2.5                                        LAT1 / LAT2 / DLAT  
  -180.0 180.0   5.0                                        LON1 / LON2 / DLON  
    -1                                                      EXPONENT            
TEC values in 0.1 tec units;  9999, if no value available   COMMENT             
DCB values in nanoseconds, reference is Sum_of_SatDCBs = 0  COMMENT             
                                                            END OF HEADER       
     1                                                      START OF TEC MAP    
  2024     5    12     0     0     0                        EPOCH OF CURRENT MAP
    87.5-180.0 180.0   5.0 450.0                            LAT/LON1/LON2/DLON/H
  132  132  133  133  132  133  133  133  133  134  134  135  134  134  134  135
  134  135  134  134  133  131  130  129  129  128  127  127  126  126  126  126
  126  125  124  125  124  124  124  124  125  125  125  125  125  126  127  127
  128  128  128  129  129  129  129  130  130  130  130  130  131  131  131  131
  131  131  131  130  131  131  131  131  132
    85.0-180.0 180.0   5.0 450.0                            LAT/LON1/LON2/DLON/H
  134  135  136  138  138  139  140  141  141  141  141  140  140  139  138  137
  135  135  133  132  130  129  126  125  124  123  122  121  120  118  117  117
  116  116  115  115  115  115  115  116  116  117  119  119  120  121  122  123
  123  123  124  124  124  124  125  125  125  125  125  126  126  126  126  127
  126  126  127  128  129  130  131  133  134
    82.5-180.0 180.0   5.0 450.0                            LAT/LON1/LON2/DLON/H
  137  139  141  141  143  143  142  143  142  142  143  142  142  142  141  140
  139  137  136  135  133  128  122  120  119  117  117  115  114  112  111  109
  108  107  106  105  105  106  108  109  110  112  113  114  115  116  117  119
  120  121  121  121  121  121  121  121  121  121  121  121  122  122  122  122
  122  124  125  127  129  131  133  135  137
    80.0-180.0 180.0   5.0 450.0                            LAT/LON1/LON2/DLON/H
  139  142  144  145  147  148  148  148  148  148  146  145  145  145  146  145
  144  142  140  139  135  132  124  122  122  120  115  112  109  105  103  102
  101   99   99   99  100  101  101  103  105  107  110  111  112  112  113  114
  116  117  118  119  119  119  118  118  118  117  117  117  116  116  117  117
  118  120  122  125  128  131  134  137  139
    77.5-180.0 180.0   5.0 450.0                            LAT/LON1/LON2/DLON/H
  144  148  152  156  158  159  161  159  159  157  155  153  150  148  145  143
  142  141  139  138  137  135  129  126  121  117  112  107  103  100   96   95
   93   92   92   93   94   96   98  100  102  104  107  110  111  111  112  112
  113  114  116  117  118  118  118  117  116  115  115  114  113  113  113  114
  115  118  120  123  127  131  136  139  144
    75.0-180.0 180.0   5.0 450.0                            LAT/LON1/LON2/DLON/H
  149  156  162  167  173  176  177  177  174  169  169  164  158  153  147  142
  141  139  139  137  135  131  129  125  121  116  112  106  100   96   93   90
   89   88   88   90   92   94   97   99  102  104  106  108  109  110  111  111
  113  115  115  117  118  119  119  119  118  116  115  114  113  113  113  113
  114  117  120  124  129  134  139  143  149
    72.5-180.0 180.0   5.0 450.0                            LAT/LON1/LON2/DLON/H
  152  160  167  176  182  187  192  191  191  189  184  176  168  160  151  146
  142  139  138  135  133  131  127  123  119  115  110  106  100   95   91   88
   88   88   89   91   93   95   98  100  103  104  105  105  107  106  107  109
  111  114  116  118  119  121  121  122  122  120  119  117  116  115  115  115
  117  119  122  126  131  136  141  146  152
    70.0-180.0 180.0   5.0 450.0                            LAT/LON1/LON2/DLON/H
  150  158  167  175  183  192  197  201  202  202  195  189  179  168  160  152
  145  142  138  134  130  129  124  121  117  112  110  106  101   96   93   91
   90   91   92   93   95   96   98   99  102  103  103  103  102  102  103  105
  109  112  115  118  121  123  124  126  127  126  124  123  121  120  119  119
  121  122  126  129  133  138  141  144  150
    67.5-180.0 180.0   5.0 450.0                            LAT/LON1/LON2/DLON/H
  145  152  160  167  176  187  197  205  212  213  208  201  191  180  171  160
  153  146  140  135  128  126  123  125  117  110  108  106  103   99   97   96
   94   94   94   94   95   96   97   97   99   99  100   99   97   97   98  100
  104  109  114  118  122  124  128  129  130  130  129  127  126  125  125  125
  126  128  130  133  135  138  139  141  145
    65.0-180.0 180.0   5.0 450.0                            LAT/LON1/LON2/DLON/H
  138  143  150  157  165  177  190  202  211  217  217  212  204  194  182  171
  161  152  144  137  132  127  126  126  119  112  108  106  104  102  102  100
   99   96   94   93   93   92   93   93   94   95   96   95   92   92   93   96
  100  106  111  116  121  125  128  131  132  132  131  131  130  129  130  131
  133  134  135  135  136  136  136  137  138
    62.5-180.0 180.0   5.0 450.0                            LAT/LON1/LON2/DLON/H
  132  135  138  144  152  163  174  188  202  211  220  221  216  208  196  185
  172  160  151  142  137  133  130  126  118  113  109  106  105  103  104  103
   99   95   92   87   85   84   84   86   87   88   89   88   87   87   88   91
   95  102  107  114  119  124  127  130  131  132  132  132  132  133  133  136
  137  139  139  138  137  136  134  132  132
    60.0-180.0 180.0   5.0 450.0                            LAT/LON1/LON2/DLON/H
  129  128  128  131  137  145  156  170  186  202  215  224  225  220  212  199
  185  170  159  150  144  139  134  127  120  113  108  106  104  102  103  100
   95   90   84   78   76   73   74   75   77   79   80   80   80   80   82   86
   91   98  104  111  117  121  124  127  128  130  131  132  132  133  135  137
  139  142  142  141  139  136  133  130  129
    57.5-180.0 180.0   5.0 450.0                            LAT/LON1/LON2/DLON/H
  129  127  124  123  125  130  137  151  167  185  203  218  226  228  224  213
  200  184  171  160  152  146  138  130  122  114  108  104  102   99   97   93
   87   82   74   67   64   61   62   64   66   67   69   70   72   72   76   81
   88   95  103  108  114  118  121  123  126  128  130  131  132  133  134  137
  140  143  143  143  140  138  135  131  129
    55.0-180.0 180.0   5.0 450.0                            LAT/LON1/LON2/DLON/H
  134  130  127  124  122  122  125  135  148  167  186  204  219  227  229  224
  215  201  186  174  164  154  145  135  125  114  107  100   96   92   88   82
   76   71   64   57   54   52   52   54   56   58   59   61   63   66   71   78
   85   94  101  107  112  115  119  121  125  129  132  133  134  135  135  138
  141  143  144  143  141  139  137  136  134
    52.5-180.0 180.0   5.0 450.0                            LAT/LON1/LON2/DLON/H
  143  141  138  134  128  123  121  125  134  148  167  187  205  219  226  228
  224  214  202  188  175  163  151  138  125  113  104   95   89   83   78   72
   66   62   57   54   51   50   50   50   51   52   53   55   58   63   68   75
   84   92  100  107  112  117  122  126  130  136  139  140  139  138  137  139
  141  143  144  143  143  142  142  143  143
    50.0-180.0 180.0   5.0 450.0                            LAT/LON1/LON2/DLON/H
  154  155  154  149  142  133  126  125  127  134  149  167  186  205  217  223
  224  220  209  198  184  170  154  138  123  112  101   92   84   78   72   65
   62   60   59   58   57   57   56   55   54   52   52   54   57   61   67   74
   82   91  100  109  117  125  133  139  145  152  154  154  151  146  141  141
  142  145  146  146  145  145  147  150  154
    47.5-180.0 180.0   5.0 450.0                            LAT/LON1/LON2/DLON/H
  165  171  172  168  161  150  139  132  128  129  137  151  168  186  201  211
  217  216  209  198  185  169  153  136  122  111  101   93   86   78   73   67
   65   66   69   71   72   72   70   68   62   59   57   57   61   65   69   74
   82   91  103  114  128  142  152  164  173  180  180  176  169  159  151  148
  148  150  152  150  149  149  151  158  165
    45.0-180.0 180.0   5.0 450.0                            LAT/LON1/LON2/DLON/H
  175  184  188  187  181  171  159  148  139  134  135  143  154  169  184  194
  203  205  201  192  180  163  148  131  119  109  103   97   92   84   79   75
   76   81   87   91   93   93   90   85   79   73   69   68   70   72   74   77
   82   92  105  123  144  168  184  202  215  224  220  208  193  179  166  162
  161  162  162  158  155  153  158  166  175
    42.5-180.0 180.0   5.0 450.0                            LAT/LON1/LON2/DLON/H
  183  193  200  201  198  191  181  168  157  148  143  145  150  158  166  175
  185  190  190  184  172  154  138  123  113  105  103  102  100   96   91   89
   91   98  105  110  114  116  112  107  100   93   87   84   84   84   82   81
   84   93  109  133  164  197  225  252  271  278  269  248  224  203  187  179
  175  178  177  169  162  159  163  171  183
    40.0-180.0 180.0   5.0 450.0                            LAT/LON1/LON2/DLON/H
  189  199  207  210  210  208  202  191  179  168  159  155  155  155  157  161
  167  173  177  172  162  146  130  115  106  102  104  107  109  107  104  104
  107  113  120  128  134  136  135  129  122  114  107  102   99   95   90   86
   86   93  111  143  183  225  266  306  332  336  315  285  256  230  211  201
  194  194  192  182  173  166  169  177  189
    37.5-180.0 180.0   5.0 450.0                            LAT/LON1/LON2/DLON/H
  194  202  207  212  216  219  219  213  204  191  182  175  169  163  158  156
  157  161  164  160  152  138  123  111  104  104  107  115  118  117  116  117
  119  124  130  139  146  151  151  147  141  132  124  117  112  105   97   89
   86   92  112  148  193  248  301  357  390  389  356  317  284  253  233  222
  213  211  207  195  184  176  176  184  194
    35.0-180.0 180.0   5.0 450.0                            LAT/LON1/LON2/DLON/H
  198  203  204  207  214  223  231  231  227  217  210  201  192  181  172  164
  159  158  157  153  145  133  120  112  108  111  115  121  123  123  123  126
  128  130  135  142  150  158  160  158  152  145  136  128  120  110  100   91
   86   91  110  147  200  258  325  395  429  420  386  341  305  273  250  237
  227  224  219  207  195  186  185  192  198
    32.5-180.0 180.0   5.0 450.0                            LAT/LON1/LON2/DLON/H
  206  205  201  200  208  223  235  243  245  244  240  232  222  210  196  183
  172  165  161  155  144  134  123  118  117  121  124  126  125  124  126  129
  130  131  134  140  147  156  160  161  156  149  141  132  122  112  100   90
   86   88  104  140  193  259  333  406  437  422  390  349  315  281  254  243
  234  230  224  213  202  194  195  202  206
    30.0-180.0 180.0   5.0 450.0                            LAT/LON1/LON2/DLON/H
  220  214  205  198  203  220  237  250  260  265  270  268  258  247  228  214
  196  184  174  165  153  142  133  129  129  131  132  128  124  122  124  128
  127  126  127  132  139  146  152  155  152  145  136  128  117  106   95   87
   82   83   95  127  180  249  328  396  423  408  374  338  309  277  251  240
  235  229  222  213  205  202  208  218  220
    27.5-180.0 180.0   5.0 450.0                            LAT/LON1/LON2/DLON/H
  246  238  223  209  208  224  242  258  271  283  296  304  300  291  270  252
  231  214  197  184  169  157  147  141  140  141  137  128  120  116  119  123
  122  119  117  119  125  133  138  142  141  136  127  117  106   96   87   81
   77   76   87  115  160  228  311  377  400  389  353  319  291  265  243  231
  227  223  217  211  210  218  231  242  246
    25.0-180.0 180.0   5.0 450.0                            LAT/LON1/LON2/DLON/H
  282  275  257  238  231  240  257  271  286  308  328  341  345  341  317  299
  277  254  229  210  191  175  163  154  151  148  140  127  114  109  111  115
  114  110  106  108  113  119  125  128  127  121  112  101   91   82   77   73
   71   70   79  100  137  199  279  348  370  362  334  299  270  249  232  221
  216  214  213  214  220  240  259  274  282
    22.5-180.0 180.0   5.0 450.0                            LAT/LON1/LON2/DLON/H
  330  322  308  285  272  274  286  296  313  350  382  384  391  396  378  357
  336  308  273  246  220  198  182  170  162  155  142  126  111  103  104  108
  107  103   99  100  103  108  112  114  112  105   95   84   75   69   66   66
   66   66   70   83  114  169  247  318  350  344  320  285  257  236  224  215
  209  209  214  222  239  267  292  316  330
    20.0-180.0 180.0   5.0 450.0                            LAT/LON1/LON2/DLON/H
  384  381  367  350  330  325  330  333  358  410  448  440  452  461  451  429
  408  378  332  290  255  226  201  183  169  159  143  124  107  100  101  106
  106  104   99  100  101  103  105  103   98   89   79   69   62   58   56   58
   61   62   61   67   93  145  221  296  342  340  316  284  255  235  224  218
  210  212  225  244  271  303  332  363  384
    17.5-180.0 180.0   5.0 450.0                            LAT/LON1/LON2/DLON/H
  445  452  444  432  405  388  385  387  413  483  514  511  526  548  532  520
  489  448  399  340  293  257  222  194  173  158  142  121  106  101  104  109
  111  110  107  106  107  106  103   97   89   78   67   58   53   50   50   53
   58   59   54   54   75  125  201  283  338  351  331  301  266  245  233  228
  224  232  254  286  325  354  385  419  445
    15.0-180.0 180.0   5.0 450.0                            LAT/LON1/LON2/DLON/H
  514  528  537  532  501  470  450  444  464  528  574  586  604  626  616  605
  574  526  463  395  333  291  247  206  175  154  136  119  108  108  113  118
  121  120  120  119  118  115  109   99   85   70   60   53   49   47   47   49
   53   55   49   45   63  112  189  273  345  371  359  334  293  267  251  246
  247  266  298  349  397  429  459  495  514
    12.5-180.0 180.0   5.0 450.0                            LAT/LON1/LON2/DLON/H
  599  611  633  645  609  567  529  512  523  568  617  649  677  700  698  687
  648  597  530  450  375  323  271  218  180  151  133  122  117  120  127  134
  135  136  136  133  129  126  116  101   82   67   57   53   51   48   47   47
   50   52   46   41   57  106  184  275  357  395  390  363  331  299  277  277
  283  315  359  422  479  519  546  582  599
    10.0-180.0 180.0   5.0 450.0                            LAT/LON1/LON2/DLON/H
  682  698  720  738  707  656  614  589  592  616  661  707  740  774  775  759
  716  659  583  495  417  352  287  229  186  158  138  133  133  139  150  155
  156  154  154  149  142  132  118   99   79   65   58   55   54   52   47   45
   45   49   45   41   54  101  179  279  368  420  428  403  377  349  321  324
  341  387  440  506  567  619  645  666  682
     7.5-180.0 180.0   5.0 450.0                            LAT/LON1/LON2/DLON/H
  768  780  792  802  776  728  686  658  655  674  715  757  798  836  845  819
  772  705  621  534  453  379  307  248  203  170  152  146  150  160  178  181
  177  173  170  161  151  135  119   97   79   67   61   59   60   56   49   44
   43   46   45   42   56   99  178  281  375  441  474  468  441  416  388  388
  411  467  523  587  646  701  731  751  768
     5.0-180.0 180.0   5.0 450.0                            LAT/LON1/LON2/DLON/H
  839  846  847  850  833  795  754  721  715  727  755  797  839  873  886  860
  802  724  639  559  483  410  337  274  224  190  167  161  167  181  198  199
  190  186  177  164  152  133  115   97   82   72   67   66   66   61   51   44
   42   43   45   47   62  102  175  276  376  455  510  531  514  484  459  461
  487  543  592  652  711  766  802  826  839
     2.5-180.0 180.0   5.0 450.0                            LAT/LON1/LON2/DLON/H
  900  906  903  898  884  854  816  779  760  760  778  807  842  872  881  855
  793  715  636  563  497  432  365  301  247  208  182  175  182  193  201  198
  190  185  174  157  144  125  109   96   85   76   72   71   71   65   52   43
   40   42   45   50   67  103  170  266  371  463  534  574  574  542  520  530
  559  608  649  697  756  810  852  883  900
