DORISInput/IGSGIM/2024/IGS0OPSFIN_20241290000_01D_02H_GIM.INX
     1.0            IONOSPHERE MAPS     MIX                 IONEX VERSION / TYPE
cmpcmb v1.2          GRL/UWM            28-may-24 16:14     PGM / RUN BY / DATE 
ionex file containing IGS COMBINED Ionosphere maps          COMMENT             
global ionosphere maps for day 129, 2024                    DESCRIPTION         
IONEX file containing the COMBINED IGS TEC MAPS and DCBs    DESCRIPTION         
      IONEX files of the following IAACs were combined: cod DESCRIPTION         
                                                        jpl DESCRIPTION         
                                                        upc DESCRIPTION         
Contact address: Andrzej Krankowski                         DESCRIPTION
                 Geodynamics Research Laboratory            DESCRIPTION
                 University of Warmia and Mazury (GRL/UWM)  DESCRIPTION
                 Oczapowski St. 1                           DESCRIPTION
                 10-957-Olsztyn, POLAND                     DESCRIPTION
                 e-mail:  kand@uwm.edu.pl                   DESCRIPTION
                                                            DESCRIPTION         
  2024     5     8     0     0     0                        EPOCH OF FIRST MAP  
  2024     5     9     0     0     0                        EPOCH OF LAST MAP   
  7200                                                      INTERVAL            
    13                                                      # OF MAPS IN FILE   
  COSZ                                                      MAPPING FUNCTION    
     0.0                                                    ELEVATION CUTOFF    
combined TEC calculated as weighted mean of input TEC valuesOBSERVABLES USED    
   338                                                      # OF STATIONS       
    32                                                      # OF SATELLITES     
  6371.0                                                    BASE RADIUS         
     2                                                      MAP DIMENSION       
   450.0 450.0   0.0                                        HGT1 / HGT2 / DHGT  
    87.5 -87.5  -2.5                                        LAT1 / LAT2 / DLAT  
  -180.0 180.0   5.0                                        LON1 / LON2 / DLON  
    -1                                                      EXPONENT            
TEC values in 0.1 tec units;  9999, if no value available   COMMENT             
DCB values in nanoseconds, reference is Sum_of_SatDCBs = 0  COMMENT             
                                                            END OF HEADER       
[from data line 5148]
    13                                                      START OF TEC MAP    
  2024     5     9     0     0     0                        EPOCH OF CURRENT MAP
    87.5-180.0 180.0   5.0 450.0                            LAT/LON1/LON2/DLON/H
  256  257  258  259  260  261  261  262  262  263  262  263  263  263  263  262
  261  260  260  259  258  257  255  254  253  252  251  250  248  247  245  243
  242  241  240  237  236  235  235  235  234  232  232  232  232  232  233  233
  233  234  234  234  235  237  237  239  240  241  241  242  243  244  246  247
  249  250  250  252  252  253  254  256  256
    85.0-180.0 180.0   5.0 450.0                            LAT/LON1/LON2/DLON/H
  262  264  265  266  267  268  269  271  272  274  274  275  276  277  276  276
  275  274  273  270  268  266  263  261  259  257  253  249  246  243  239  237
  234  230  229  225  225  223  222  220  220  220  219  220  220  221  222  224
  225  226  228  229  231  233  234  236  237  238  241  243  243  245  247  249
  250  252  254  256  257  258  260  261  262
    82.5-180.0 180.0   5.0 450.0                            LAT/LON1/LON2/DLON/H
  263  264  265  265  266  268  272  274  278  280  284  286  288  289  290  290
  290  289  286  285  278  273  269  266  262  254  248  241  238  233  229  225
  223  219  217  214  214  213  213  213  214  215  216  217  218  220  221  223
  224  226  228  230  232  234  235  237  239  241  243  244  246  248  250  251
  253  255  256  257  259  260  261  262  263
    80.0-180.0 180.0   5.0 450.0                            LAT/LON1/LON2/DLON/H
  262  262  265  267  270  272  276  279  283  287  291  294  297  300  301  302
  301  300  298  295  293  289  277  261  255  251  244  239  232  227  222  220
  218  215  213  211  212  211  211  213  214  215  217  218  220  222  224  226
  227  229  231  232  234  235  237  239  241  243  245  246  249  251  252  254
  255  256  257  258  258  260  261  261  262
    77.5-180.0 180.0   5.0 450.0                            LAT/LON1/LON2/DLON/H
  261  264  264  266  268  271  277  283  290  295  299  302  304  306  307  307
  306  305  300  295  290  280  271  261  253  246  239  234  228  221  216  214
  213  211  212  212  214  214  215  217  219  222  223  224  226  227  228  230
  230  231  232  233  234  236  237  239  241  243  245  247  250  252  253  255
  256  257  258  258  258  259  259  260  261
    75.0-180.0 180.0   5.0 450.0                            LAT/LON1/LON2/DLON/H
  261  261  261  262  265  271  277  283  290  295  300  303  305  306  307  306
  303  300  295  289  283  276  270  262  253  246  240  231  225  219  215  212
  210  209  211  214  216  219  221  224  226  227  228  230  231  231  231  232
  232  232  232  233  234  234  235  238  240  242  245  248  250  252  255  256
  258  259  260  260  260  259  259  260  261
    72.5-180.0 180.0   5.0 450.0                            LAT/LON1/LON2/DLON/H
  262  260  258  260  262  267  272  279  287  294  300  302  305  306  305  301
  297  290  287  281  276  270  265  261  253  246  240  234  225  218  215  214
  213  213  213  218  220  223  226  228  230  231  230  230  231  230  230  229
  229  229  229  230  231  233  234  236  239  242  245  248  251  254  257  260
  262  263  264  264  264  264  263  262  262
    70.0-180.0 180.0   5.0 450.0                            LAT/LON1/LON2/DLON/H
  267  262  260  260  262  264  269  276  284  292  300  305  306  305  302  297
  288  284  279  273  270  264  262  259  252  247  242  235  229  222  218  216
  217  218  219  220  222  225  226  227  228  228  226  226  225  223  223  223
  223  223  224  227  228  230  233  236  239  244  247  252  256  260  262  266
  269  270  273  274  273  273  271  271  267
    67.5-180.0 180.0   5.0 450.0                            LAT/LON1/LON2/DLON/H
  274  269  265  261  259  262  267  275  283  292  300  307  309  308  302  296
  287  282  277  271  268  263  263  261  255  251  248  243  236  229  225  222
  220  221  221  221  221  220  220  220  220  219  217  216  214  213  212  211
  213  215  218  222  226  229  234  238  242  248  253  259  264  269  272  277
  280  281  283  285  285  284  282  279  274
    65.0-180.0 180.0   5.0 450.0                            LAT/LON1/LON2/DLON/H
  284  278  272  267  263  264  268  274  283  293  302  309  313  313  308  301
  296  288  286  281  277  275  274  273  268  263  259  255  248  242  234  229
  226  224  222  218  217  212  210  207  205  204  203  201  199  198  198  199
  201  206  212  219  225  232  236  243  248  256  262  269  276  282  286  290
  291  293  294  295  295  295  292  289  284
    62.5-180.0 180.0   5.0 450.0                            LAT/LON1/LON2/DLON/H
  295  289  282  276  270  269  270  275  283  294  304  313  317  318  315  310
  306  301  301  297  297  296  295  294  287  281  276  269  261  254  246  238
  231  225  220  214  210  202  197  193  189  188  187  185  183  183  184  187
  193  202  210  219  227  236  242  250  257  266  275  283  291  298  303  306
  306  306  305  304  303  302  301  299  295
    60.0-180.0 180.0   5.0 450.0                            LAT/LON1/LON2/DLON/H
  308  302  300  291  283  278  278  279  286  296  307  317  323  325  324  322
  318  314  316  318  318  318  318  316  309  301  292  283  273  264  254  244
  233  224  215  205  199  189  184  179  174  174  172  171  170  170  171  177
  188  198  209  219  231  240  251  259  268  278  288  300  309  317  320  322
  322  318  315  312  310  309  311  310  308
    57.5-180.0 180.0   5.0 450.0                            LAT/LON1/LON2/DLON/H
  322  318  320  312  302  293  288  288  292  301  311  322  330  333  335  334
  333  332  334  338  338  338  337  335  328  320  307  294  284  272  261  248
  234  221  208  196  189  180  174  169  166  164  162  162  161  161  163  171
  182  195  208  221  236  248  260  268  279  292  304  317  328  336  339  339
  337  330  324  319  316  317  319  323  322
    55.0-180.0 180.0   5.0 450.0                            LAT/LON1/LON2/DLON/H
  338  342  342  342  329  315  306  302  304  310  318  328  337  342  345  348
  349  349  352  355  355  355  352  348  340  333  313  301  292  279  267  252
  235  219  203  189  182  175  170  167  165  162  161  160  159  159  161  168
  180  194  209  226  243  256  269  280  292  307  321  336  346  354  356  354
  348  342  334  327  323  325  332  336  338
    52.5-180.0 180.0   5.0 450.0                            LAT/LON1/LON2/DLON/H
  354  361  371  371  365  348  335  329  325  326  330  338  345  351  356  359
  362  364  367  368  367  365  362  357  349  341  317  305  297  287  272  255
  235  217  200  186  181  175  173  172  171  169  168  166  162  161  162  170
  183  197  216  235  252  269  284  297  310  325  338  352  361  366  367  366
  361  355  347  338  332  335  348  350  354
    50.0-180.0 180.0   5.0 450.0                            LAT/LON1/LON2/DLON/H
  371  382  394  404  406  391  375  364  356  352  350  351  355  360  366  370
  374  375  376  376  374  373  368  363  356  343  324  311  302  292  276  256
  235  214  198  187  185  181  181  182  182  181  178  175  170  167  169  176
  186  203  224  246  265  285  301  320  333  345  355  366  372  375  376  377
  374  369  363  353  348  349  366  369  371
    47.5-180.0 180.0   5.0 450.0                            LAT/LON1/LON2/DLON/H
  398  413  427  438  446  438  423  411  401  387  377  372  369  371  374  378
  382  383  383  382  380  380  376  372  363  342  327  315  305  293  275  254
  232  213  199  191  191  191  192  194  193  191  188  184  179  176  177  183
  193  210  232  255  278  302  320  340  352  362  371  379  383  384  385  387
  387  385  383  375  369  372  386  393  398
    45.0-180.0 180.0   5.0 450.0                            LAT/LON1/LON2/DLON/H
  433  451  464  478  484  485  474  462  446  431  414  400  391  385  383  386
  388  388  388  388  387  387  386  382  370  343  330  318  307  291  272  251
  229  213  202  198  200  201  204  207  206  203  198  194  188  186  187  191
  201  217  238  262  288  313  334  353  368  380  388  393  397  398  397  401
  401  404  405  402  399  398  414  425  433
    42.5-180.0 180.0   5.0 450.0                            LAT/LON1/LON2/DLON/H
  474  489  506  520  525  531  525  512  497  480  456  434  419  406  398  395
  394  394  394  396  397  398  398  392  377  353  335  322  307  290  269  248
  228  215  207  205  210  213  218  220  220  217  213  206  202  199  200  203
  211  222  242  268  296  321  344  365  382  395  404  410  412  412  413  415
  419  424  430  432  432  432  446  459  474
    40.0-180.0 180.0   5.0 450.0                            LAT/LON1/LON2/DLON/H
  512  525  545  556  572  577  574  562  549  530  502  474  452  433  417  409
  405  404  405  408  412  414  413  402  384  364  343  328  310  290  269  249
  231  220  215  215  221  226  231  234  236  234  229  223  222  220  217  218
  219  226  245  271  299  327  354  377  396  409  420  426  428  426  428  431
  437  445  456  464  473  473  485  495  512
    37.5-180.0 180.0   5.0 450.0                            LAT/LON1/LON2/DLON/H
  549  564  578  595  606  613  620  610  599  578  553  521  492  465  443  430
  422  419  421  427  432  434  431  417  395  374  353  335  316  295  275  256
  241  232  229  230  235  239  245  250  253  252  247  244  244  240  233  229
  225  228  245  272  303  330  361  386  406  422  433  440  442  440  441  446
  455  467  483  492  507  515  524  534  549
    35.0-180.0 180.0   5.0 450.0                            LAT/LON1/LON2/DLON/H
  588  604  618  628  640  649  661  656  649  633  608  572  537  504  478  460
  448  442  446  453  457  454  446  430  406  384  363  344  328  309  289  271
  258  251  247  248  251  254  259  267  270  269  266  264  262  255  247  236
  226  226  241  268  298  331  363  389  412  430  442  450  453  453  454  461
  474  491  508  520  539  550  562  575  588
    32.5-180.0 180.0   5.0 450.0                            LAT/LON1/LON2/DLON/H
  625  640  654  664  670  684  700  702  694  687  665  626  586  550  518  495
  479  468  472  479  479  466  453  437  415  394  376  361  348  330  312  294
  281  275  269  266  267  270  276  284  288  287  284  281  276  268  257  240
  226  224  234  257  288  324  357  385  411  432  446  456  461  463  465  475
  492  512  531  548  568  582  597  611  625
    30.0-180.0 180.0   5.0 450.0                            LAT/LON1/LON2/DLON/H
  655  665  684  693  697  711  735  744  743  738  720  684  640  598  558  528
  509  499  497  500  492  471  455  439  422  406  392  381  372  355  338  321
  311  301  293  286  282  282  287  295  301  302  300  296  290  279  264  245
  228  223  227  245  273  310  346  376  405  427  445  456  463  469  477  488
  507  530  552  573  592  608  626  643  655
    27.5-180.0 180.0   5.0 450.0                            LAT/LON1/LON2/DLON/H
  683  691  703  713  724  744  771  797  803  794  782  744  696  650  600  561
  537  526  520  516  499  476  457  443  431  422  414  409  398  383  367  351
  341  328  314  304  297  289  291  300  308  312  312  308  301  290  273  251
  233  222  221  235  260  294  329  361  390  415  436  450  461  472  484  500
  520  543  567  589  610  630  653  673  683
    25.0-180.0 180.0   5.0 450.0                            LAT/LON1/LON2/DLON/H
  714  723  730  736  754  783  816  847  862  853  839  804  756  702  645  597
  568  553  540  527  504  479  460  448  447  446  441  439  428  413  394  380
  370  352  338  317  308  288  289  299  309  316  318  316  311  298  280  257
  237  223  217  224  245  276  309  342  372  400  423  441  458  473  490  510
  530  553  574  597  621  645  670  694  714
    22.5-180.0 180.0   5.0 450.0                            LAT/LON1/LON2/DLON/H
  736  753  766  773  792  827  866  902  922  917  896  864  819  754  692  640
  604  580  558  536  508  482  464  460  472  476  470  466  447  427  411  401
  388  369  363  334  322  286  283  293  304  314  318  318  315  303  282  258
  239  223  213  215  230  257  291  324  355  385  411  433  455  474  496  520
  543  562  580  601  625  651  680  709  736
    20.0-180.0 180.0   5.0 450.0                            LAT/LON1/LON2/DLON/H
  754  786  802  817  841  879  920  958  983  972  950  919  874  810  745  686
  643  609  579  548  517  490  474  484  493  494  483  469  446  418  399  398
  385  370  375  350  337  289  277  283  293  305  311  312  308  297  276  253
  235  217  207  205  215  238  271  307  340  374  404  432  456  480  504  529
  556  576  591  609  631  658  687  716  754
    17.5-180.0 180.0   5.0 450.0                            LAT/LON1/LON2/DLON/H
  762  811  840  862  888  929  973 1011 1030 1024  998  969  929  868  803  738
  688  644  605  568  533  507  495  505  506  495  469  439  410  383  362  365
  356  346  352  351  340  304  274  273  278  289  297  298  294  283  263  243
  226  210  200  194  200  219  254  291  331  368  403  436  464  491  518  545
  570  591  609  627  649  674  696  721  762
    15.0-180.0 180.0   5.0 450.0                            LAT/LON1/LON2/DLON/H
  766  819  862  891  924  967 1013 1048 1062 1059 1038 1008  970  920  860  799
  739  683  636  592  555  529  516  519  506  479  437  391  354  328  311  315
  320  314  317  333  323  302  271  266  268  276  280  281  278  268  250  233
  218  203  191  182  184  205  241  282  327  368  407  444  476  508  536  565
  590  614  633  656  677  696  712  732  766
    12.5-180.0 180.0   5.0 450.0                            LAT/LON1/LON2/DLON/H
  776  818  863  899  939  985 1031 1066 1082 1081 1067 1042 1007  967  913  855
  790  729  667  618  579  547  526  512  481  428  385  332  294  274  271  278
  284  282  287  298  292  287  270  265  266  266  268  266  263  255  240  225
  211  195  178  168  169  190  224  272  323  370  414  455  492  526  557  588
  615  640  661  687  707  723  736  751  776
    10.0-180.0 180.0   5.0 450.0                            LAT/LON1/LON2/DLON/H
  792  824  855  891  932  978 1021 1055 1075 1083 1079 1064 1038 1008  956  902
  843  777  702  644  599  559  523  486  435  369  316  271  242  238  251  268
  275  276  283  288  287  286  280  275  267  264  258  254  250  242  228  215
  201  184  163  152  150  171  208  261  318  370  418  463  504  542  576  610
  640  666  689  714  737  755  763  774  792
     7.5-180.0 180.0   5.0 450.0                            LAT/LON1/LON2/DLON/H
  809  829  854  881  913  948  984 1009 1033 1050 1054 1056 1043 1021  984  936
  880  812  734  669  614  565  513  454  386  311  259  225  214  227  256  282
  290  289  295  300  304  309  304  291  276  264  247  241  236  225  210  198
  185  169  147  131  132  154  196  254  314  367  415  462  507  551  590  625
  658  688  713  739  768  785  787  796  809
     5.0-180.0 180.0   5.0 450.0                            LAT/LON1/LON2/DLON/H
  828  841  855  872  888  909  927  944  960  976  994 1009 1014 1003  976  937
  885  820  748  677  616  555  491  416  341  269  229  209  221  251  286  315
  322  315  316  325  335  342  332  314  291  262  239  232  221  205  189  175
  163  148  131  116  119  144  191  250  310  364  409  454  502  550  594  631
  668  700  731  760  795  812  813  820  828
     2.5-180.0 180.0   5.0 450.0                            LAT/LON1/LON2/DLON/H
  848  857  866  871  875  878  875  872  870  886  908  930  948  945  925  902
  860  800  735  665  599  532  460  380  304  248  225  227  256  315  350  377
  371  352  346  356  371  373  358  334  302  260  232  218  200  180  162  152
  141  130  118  107  111  139  188  245  305  356  399  440  486  536  584  623
  662  695  730  765  807  832  841  843  848
