DORISInput/IGSGIM/2024/IGS0OPSFIN_20241580000_01D_02H_GIM.INX
     1.0            IONOSPHERE MAPS     MIX                 IONEX VERSION / TYPE
cmpcmb v1.2          GRL/UWM            24-jun-24 16:13     PGM / RUN BY / DATE 
ionex file containing IGS COMBINED Ionosphere maps          COMMENT             
global ionosphere maps for day 158, 2024                    DESCRIPTION         
IONEX file containing the COMBINED IGS TEC MAPS and DCBs    DESCRIPTION         
      IONEX files of the following IAACs were combined: cod DESCRIPTION         
                                                        jpl DESCRIPTION         
                                                        upc DESCRIPTION         
Contact address: Andrzej Krankowski                         DESCRIPTION
                 Geodynamics Research Laboratory            DESCRIPTION
                 University of Warmia and Mazury (GRL/UWM)  DESCRIPTION
                 Oczapowski St. 1                           DESCRIPTION
                 10-957-Olsztyn, POLAND                     DESCRIPTION
                 e-mail:  kand@uwm.edu.pl                   DESCRIPTION
                                                            DESCRIPTION         
  2024     6     6     0     0     0                        EPOCH OF FIRST MAP  
  2024     6     7     0     0     0                        EPOCH OF LAST MAP   
  7200                                                      INTERVAL            
    13                                                      # OF MAPS IN FILE   
  COSZ                                                      MAPPING FUNCTION    
     0.0                                                    ELEVATION CUTOFF    
combined TEC calculated as weighted mean of input TEC valuesOBSERVABLES USED    
   335                                                      # OF STATIONS       
    32                                                      # OF SATELLITES     
  6371.0                                                    BASE RADIUS         
     2                                                      MAP DIMENSION       
   450.0 450.0   0.0                                        HGT1 / HGT2 / DHGT  
    87.5 -87.5  -2.5                                        LAT1 / LAT2 / DLAT  
  -180.0 180.0   5.0                                        LON1 / LON2 / DLON  
    -1                                                      EXPONENT            
TEC values in 0.1 tec units;  9999, if no value available   COMMENT             
DCB values in nanoseconds, reference is Sum_of_SatDCBs = 0  COMMENT             
                                                            END OF HEADER       
[from data line 3003]
     8                                                      START OF TEC MAP    
  2024     6     6    14     0     0                        EPOCH OF CURRENT MAP
    87.5-180.0 180.0   5.0 450.0                            LAT/LON1/LON2/DLON/H
  200  200  199  199  198  198  198  198  198  199  200  200  201  201  202  203
  204  205  206  206  208  208  209  210  211  212  213  214  214  215  215  216
  217  217  218  218  218  219  219  219  219  220  220  220  220  220  219  219
  219  220  219  218  217  216  216  214  214  213  213  211  211  210  209  208
  207  206  205  204  203  202  201  201  200
    85.0-180.0 180.0   5.0 450.0                            LAT/LON1/LON2/DLON/H
  194  193  191  190  190  190  190  190  191  193  194  195  197  198  200  202
  204  206  208  210  211  213  215  217  219  221  221  223  224  225  227  227
  228  229  228  229  229  229  229  229  229  229  229  229  229  230  230  231
  231  231  231  231  231  230  229  227  225  224  223  221  220  218  216  213
  211  209  207  203  201  199  197  195  194
    82.5-180.0 180.0   5.0 450.0                            LAT/LON1/LON2/DLON/H
  190  187  186  184  184  183  183  183  185  186  188  190  192  195  198  200
  202  206  212  214  218  219  220  224  225  228  228  230  232  234  234  236
  237  239  238  240  239  239  239  238  237  236  236  235  236  237  237  239
  240  241  242  243  244  244  244  243  242  241  240  238  235  231  227  223
  219  214  211  207  203  200  196  193  190
    80.0-180.0 180.0   5.0 450.0                            LAT/LON1/LON2/DLON/H
  190  187  184  181  180  180  180  180  182  184  186  188  192  194  197  202
  205  208  212  215  219  222  226  231  233  235  237  238  240  241  242  243
  245  246  247  247  246  245  245  245  245  244  243  242  242  243  244  246
  248  250  252  255  256  258  259  260  260  260  258  256  253  249  243  236
  230  224  219  213  209  203  199  194  190
    77.5-180.0 180.0   5.0 450.0                            LAT/LON1/LON2/DLON/H
  194  189  186  184  183  182  182  183  184  186  189  192  197  201  206  211
  214  217  223  228  233  237  232  236  239  239  238  241  243  246  248  250
  251  252  253  253  252  252  251  251  250  250  249  248  248  250  252  254
  257  260  263  266  269  272  274  276  276  276  275  273  270  265  257  247
  241  234  228  223  216  210  204  199  194
    75.0-180.0 180.0   5.0 450.0                            LAT/LON1/LON2/DLON/H
  201  197  194  192  189  188  188  190  191  193  196  201  205  209  212  218
  223  229  233  237  241  242  241  243  244  244  245  245  244  245  249  252
  254  255  255  255  255  255  255  254  254  255  254  254  254  256  258  261
  265  270  274  277  281  284  286  288  289  289  288  285  279  273  265  258
  250  243  237  230  224  217  211  206  201
    72.5-180.0 180.0   5.0 450.0                            LAT/LON1/LON2/DLON/H
  210  206  203  201  200  200  200  200  201  204  207  210  212  215  221  224
  229  234  239  243  248  248  248  248  248  246  246  246  245  245  248  250
  253  256  256  257  256  257  257  258  258  258  260  260  260  262  264  268
  272  277  281  285  289  292  294  295  295  295  293  289  284  278  270  262
  255  247  243  237  231  224  219  214  210
    70.0-180.0 180.0   5.0 450.0                            LAT/LON1/LON2/DLON/H
  217  215  213  213  213  212  212  212  213  215  216  218  220  223  225  229
  233  239  243  248  251  253  253  250  250  247  244  244  243  242  244  248
  250  253  255  256  257  257  258  260  260  262  264  265  266  268  271  273
  277  280  284  287  290  292  294  295  295  294  292  287  282  276  268  261
  255  248  244  240  235  230  226  221  217
    67.5-180.0 180.0   5.0 450.0                            LAT/LON1/LON2/DLON/H
  223  222  223  223  225  225  224  225  226  227  228  229  230  229  231  233
  237  242  246  251  255  258  257  253  251  249  244  242  239  239  240  243
  248  250  252  254  256  257  258  259  261  264  266  268  270  273  275  278
  280  282  284  286  287  288  288  289  288  288  285  281  276  269  261  255
  249  244  241  239  236  232  228  225  223
    65.0-180.0 180.0   5.0 450.0                            LAT/LON1/LON2/DLON/H
  228  227  227  228  230  232  234  235  237  239  239  238  238  236  236  237
  241  246  251  256  260  262  260  257  253  249  244  241  239  237  238  240
  245  248  249  251  253  254  255  257  259  263  267  270  273  275  279  281
  282  282  282  282  281  281  280  280  279  278  276  271  266  258  251  245
  240  237  237  236  234  232  228  228  228
    62.5-180.0 180.0   5.0 450.0                            LAT/LON1/LON2/DLON/H
  227  225  224  226  229  233  238  242  244  246  246  246  244  243  241  241
  245  250  256  261  264  266  265  261  256  251  247  243  241  239  239  241
  243  246  248  248  249  250  251  253  257  262  267  272  276  280  282  283
  283  281  280  278  276  275  274  273  272  270  267  263  256  250  243  236
  232  229  230  230  230  226  225  228  227
    60.0-180.0 180.0   5.0 450.0                            LAT/LON1/LON2/DLON/H
  220  217  218  221  225  231  237  242  246  248  250  250  248  247  246  245
  248  253  260  265  268  270  269  265  260  256  252  249  246  244  244  244
  245  246  247  247  246  247  248  251  257  263  270  275  280  283  286  285
  284  282  280  278  274  273  271  270  268  265  263  259  253  245  237  230
  225  223  223  224  222  220  219  221  220
    57.5-180.0 180.0   5.0 450.0                            LAT/LON1/LON2/DLON/H
  212  209  209  213  219  227  233  239  243  246  247  248  248  248  248  250
  253  259  264  270  272  274  273  271  267  265  261  259  256  253  251  251
  250  249  249  247  246  247  250  254  260  267  274  280  284  288  289  289
  288  286  284  282  278  276  274  274  271  269  268  263  256  248  237  228
  222  219  218  219  218  214  213  213  212
    55.0-180.0 180.0   5.0 450.0                            LAT/LON1/LON2/DLON/H
  203  200  201  205  212  220  228  234  238  241  244  244  246  249  251  255
  259  265  269  274  276  278  279  278  278  276  273  272  269  265  263  262
  259  256  254  250  249  250  254  259  266  274  282  287  291  294  295  294
  294  292  291  289  286  284  283  283  283  282  282  276  269  257  243  233
  223  219  218  217  215  211  208  206  203
    52.5-180.0 180.0   5.0 450.0                            LAT/LON1/LON2/DLON/H
  196  192  192  197  203  212  222  228  234  238  240  241  245  250  256  262
  267  273  277  279  282  283  285  287  289  289  287  288  286  281  278  276
  272  266  263  259  255  258  262  269  276  284  291  296  300  302  302  301
  301  300  300  300  299  298  298  298  299  300  300  295  285  272  256  242
  231  224  222  218  215  211  205  200  196
    50.0-180.0 180.0   5.0 450.0                            LAT/LON1/LON2/DLON/H
  191  186  185  189  196  206  217  225  230  235  237  240  246  253  261  270
  277  282  284  286  288  291  293  298  301  303  304  306  305  302  297  291
  286  280  274  270  267  269  275  280  288  296  304  309  312  312  311  310
  308  307  309  310  312  313  314  315  317  316  316  311  300  286  269  252
  242  233  229  224  219  212  205  197  191
    47.5-180.0 180.0   5.0 450.0                            LAT/LON1/LON2/DLON/H
  191  185  181  184  191  200  212  221  227  233  236  241  249  257  267  278
  286  292  294  296  297  300  304  311  317  322  325  328  328  323  318  312
  304  296  288  282  280  283  290  296  303  311  318  322  325  324  322  320
  316  316  318  320  322  325  326  329  329  329  327  321  310  296  277  260
  250  242  239  232  225  218  208  199  191
    45.0-180.0 180.0   5.0 450.0                            LAT/LON1/LON2/DLON/H
  195  187  182  182  187  195  207  218  226  233  236  243  253  263  274  285
  295  301  303  305  307  311  318  327  337  345  349  352  352  347  344  339
  328  317  306  299  295  298  306  314  320  327  334  338  341  340  337  334
  328  327  328  330  331  334  334  334  334  333  330  323  312  299  281  267
  257  251  249  241  235  226  215  204  195
    42.5-180.0 180.0   5.0 450.0                            LAT/LON1/LON2/DLON/H
  202  191  184  182  184  189  201  215  223  232  238  246  257  269  281  294
  304  310  312  315  317  323  332  345  358  371  377  379  378  374  374  370
  358  345  330  318  313  316  321  329  337  346  352  356  359  356  354  350
  344  341  340  340  340  341  339  335  332  328  323  315  305  295  282  272
  265  262  260  253  245  235  225  213  202
    40.0-180.0 180.0   5.0 450.0                            LAT/LON1/LON2/DLON/H
  213  200  188  183  181  183  195  210  222  232  240  250  263  276  289  302
  313  319  323  326  329  337  348  363  380  397  405  409  407  408  407  402
  392  376  358  343  335  334  341  348  357  366  373  378  380  381  376  369
  362  357  353  353  351  348  343  335  327  320  313  304  298  290  282  277
  273  271  272  266  258  247  237  225  213
    37.5-180.0 180.0   5.0 450.0                            LAT/LON1/LON2/DLON/H
  226  210  195  185  179  180  189  203  219  231  243  257  271  286  300  312
  323  331  336  340  345  352  365  382  403  423  435  441  439  440  441  442
  432  414  394  374  363  360  364  371  383  392  394  400  406  407  401  394
  383  377  372  369  366  359  350  338  325  316  308  300  298  293  288  285
  283  282  284  279  271  261  250  238  226
    35.0-180.0 180.0   5.0 450.0                            LAT/LON1/LON2/DLON/H
  239  222  203  189  180  178  183  195  213  230  248  265  282  299  313  325
  336  346  352  357  362  370  384  404  427  449  462  469  470  469  475  479
  472  458  436  416  400  394  393  401  412  419  421  429  435  438  434  425
  411  402  395  390  385  379  366  348  333  320  311  307  307  306  301  300
  299  299  301  293  286  275  264  253  239
    32.5-180.0 180.0   5.0 450.0                            LAT/LON1/LON2/DLON/H
  253  234  214  197  185  181  180  188  206  228  253  276  297  315  330  343
  353  365  371  377  383  391  404  424  448  470  484  492  496  497  507  516
  516  508  489  470  448  439  435  441  448  451  452  461  466  467  466  460
  444  434  426  421  416  407  393  373  354  336  325  324  326  327  324  323
  321  320  320  310  302  290  279  269  253
    30.0-180.0 180.0   5.0 450.0                            LAT/LON1/LON2/DLON/H
  269  249  229  210  195  187  183  188  203  228  257  286  311  332  349  364
  375  387  394  400  404  413  424  439  463  484  497  508  516  523  537  551
  562  560  546  530  510  500  490  490  487  486  486  492  496  497  500  494
  482  473  470  463  458  447  432  410  386  366  352  351  354  358  357  353
  348  343  338  325  313  301  292  283  269
    27.5-180.0 180.0   5.0 450.0                            LAT/LON1/LON2/DLON/H
  282  266  247  227  210  201  195  194  203  227  260  295  325  351  369  383
  397  410  419  423  426  432  440  451  471  490  505  520  535  550  569  587
  605  609  607  602  583  573  560  549  537  522  517  521  523  525  529  527
  521  519  517  514  505  490  472  450  423  399  385  382  387  392  392  385
  378  364  353  337  321  309  300  293  282
    25.0-180.0 180.0   5.0 450.0                            LAT/LON1/LON2/DLON/H
  291  280  264  245  228  217  209  204  210  230  267  305  339  368  387  402
  418  433  442  446  448  450  454  464  479  494  512  530  555  577  602  624
  648  663  664  670  659  643  626  609  585  564  555  552  551  554  558  562
  563  563  566  560  544  526  506  482  455  431  417  414  417  420  421  415
  402  380  364  340  323  310  302  297  291
    22.5-180.0 180.0   5.0 450.0                            LAT/LON1/LON2/DLON/H
  292  285  274  258  242  232  223  218  220  238  274  316  355  383  402  419
  436  452  462  464  464  465  468  478  489  501  519  541  569  603  632  659
  688  711  723  734  725  711  689  659  629  609  591  583  582  584  594  596
  602  610  608  594  571  546  526  501  478  454  439  433  431  432  435  426
  408  383  364  333  317  306  299  293  292
    20.0-180.0 180.0   5.0 450.0                            LAT/LON1/LON2/DLON/H
  282  281  276  266  251  240  233  230  231  247  279  322  361  390  412  430
  449  466  474  476  475  477  481  491  499  512  530  556  589  628  661  691
  724  752  773  781  769  757  731  695  666  649  626  615  615  620  634  642
  645  648  640  614  581  553  530  504  483  460  443  432  426  424  424  410
  391  368  350  321  307  299  292  284  282
    17.5-180.0 180.0   5.0 450.0                            LAT/LON1/LON2/DLON/H
  271  272  272  264  252  243  238  238  241  252  280  321  361  390  413  433
  455  471  477  481  484  487  492  502  511  523  544  575  612  652  688  724
  753  781  805  808  792  778  751  719  694  678  658  649  645  650  664  678
  681  676  657  619  576  543  519  495  475  455  437  422  412  405  399  384
  364  338  321  303  293  284  279  272  271
    15.0-180.0 180.0   5.0 450.0                            LAT/LON1/LON2/DLON/H
  262  264  265  258  247  241  239  239  243  253  276  313  353  383  407  431
  456  466  473  481  488  494  501  511  523  536  559  594  633  674  713  745
  772  794  817  817  803  785  760  735  714  699  685  675  673  677  688  705
  706  689  658  612  562  521  495  471  458  446  429  413  398  382  369  353
  334  314  301  286  277  268  263  260  262
    12.5-180.0 180.0   5.0 450.0                            LAT/LON1/LON2/DLON/H
  256  258  258  251  239  233  233  233  239  248  267  299  337  368  397  422
  445  457  467  478  487  496  507  521  535  552  579  616  656  695  731  758
  780  800  814  816  803  785  763  745  726  714  703  696  695  692  699  714
  714  686  647  593  541  495  468  450  443  438  425  407  386  363  347  330
  309  293  284  273  265  257  253  253  256
    10.0-180.0 180.0   5.0 450.0                            LAT/LON1/LON2/DLON/H
  252  253  252  241  228  224  225  228  231  238  253  280  318  349  380  406
  433  451  464  475  485  497  512  531  550  573  604  643  682  716  744  764
  781  796  807  807  794  774  756  748  733  720  712  707  699  692  694  703
  703  671  627  576  523  482  457  446  447  446  436  417  393  364  345  323
  299  285  278  266  259  253  251  250  252
     7.5-180.0 180.0   5.0 450.0                            LAT/LON1/LON2/DLON/H
  254  252  246  232  219  215  218  223  225  228  239  261  295  330  363  394
  423  447  464  475  485  499  517  541  565  597  631  671  708  735  756  766
  779  791  800  796  777  757  744  737  726  716  705  696  680  675  674  679
  675  656  610  567  521  487  469  467  471  473  466  449  421  393  368  339
  312  298  290  277  266  259  257  254  254
     5.0-180.0 180.0   5.0 450.0                            LAT/LON1/LON2/DLON/H
  261  254  243  226  213  208  211  217  219  218  223  241  273  311  350  385
  417  442  462  476  488  503  524  552  584  621  657  693  726  747  760  766
  775  785  791  782  762  740  727  714  703  692  677  660  649  641  644  648
  644  631  605  566  532  505  496  501  507  510  505  490  463  434  406  372
  344  328  318  306  295  283  272  266  261
     2.5-180.0 180.0   5.0 450.0                            LAT/LON1/LON2/DLON/H
  272  256  241  224  210  204  205  210  211  209  211  224  254  296  339  379
  412  438  461  478  493  509  532  566  603  642  677  708  733  747  754  758
  765  771  772  760  739  715  695  684  672  656  636  620  607  600  601  606
  611  606  592  568  544  526  525  529  535  536  530  516  495  470  441  406
  382  364  353  342  331  317  298  283  272
