DORISInput/IGSGIM/2024/IGS0OPSFIN_20241460000_01D_02H_GIM.INX
     1.0            IONOSPHERE MAPS     MIX                 IONEX VERSION / TYPE
cmpcmb v1.2          GRL/UWM             5-jun-24 16:49     PGM / RUN BY / DATE 
ionex file containing IGS COMBINED Ionosphere maps          COMMENT             
global ionosphere maps for day 146, 2024                    DESCRIPTION         
IONEX file containing the COMBINED IGS TEC MAPS and DCBs    DESCRIPTION         
      IONEX files of the following IAACs were combined: cod DESCRIPTION         
                                                        jpl DESCRIPTION         
                                                        upc DESCRIPTION         
Contact address: Andrzej Krankowski                         DESCRIPTION
                 Geodynamics Research Laboratory            DESCRIPTION
                 University of Warmia and Mazury (GRL/UWM)  DESCRIPTION
                 Oczapowski St. 1                           DESCRIPTION
                 10-957-Olsztyn, POLAND                     DESCRIPTION
                 e-mail:  kand@uwm.edu.pl                   DESCRIPTION
                                                            DESCRIPTION         
  2024     5    25     0     0     0                        EPOCH OF FIRST MAP  
  2024     5    26     0     0     0                        EPOCH OF LAST MAP   
  7200                                                      INTERVAL            
    13                                                      # OF MAPS IN FILE   
  COSZ                                                      MAPPING FUNCTION    
     0.0                                                    ELEVATION CUTOFF    
combined TEC calculated as weighted mean of input TEC valuesOBSERVABLES USED    
   338                                                      # OF STATIONS       
    32                                                      # OF SATELLITES     
  6371.0                                                    BASE RADIUS         
     2                                                      MAP DIMENSION       
   450.0 450.0   0.0                                        HGT1 / HGT2 / DHGT  
    87.5 -87.5  -2.5                                        LAT1 / LAT2 / DLAT  
  -180.0 180.0   5.0                                        LON1 / LON2 / DLON  
    -1                                                      EXPONENT            
TEC values in 0.1 tec units;  9999, if no value available   COMMENT             
DCB values in nanoseconds, reference is Sum_of_SatDCBs = 0  COMMENT             
                                                            END OF HEADER       
[from data line 4290]
    11                                                      START OF TEC MAP    
  2024     5    25    20     0     0                        EPOCH OF CURRENT MAP
    87.5-180.0 180.0   5.0 450.0                            LAT/LON1/LON2/DLON/H
  233  233  233  233  234  234  235  235  236  236  237  238  239  240  240  241
  242  241  241  241  241  241  240  240  240  240  241  240  240  240  240  239
  240  239  240  240  240  240  240  240  240  240  240  240  240  239  239  238
  239  238  237  237  237  236  236  236  236  236  236  235  235  235  235  234
  234  234  233  233  233  233  233  233  233
    85.0-180.0 180.0   5.0 450.0                            LAT/LON1/LON2/DLON/H
  221  221  221  221  222  223  224  226  227  230  231  232  235  236  237  239
  241  242  243  243  243  242  241  240  240  239  238  238  237  236  236  235
  234  233  233  233  233  233  234  234  234  234  235  235  236  235  235  235
  235  235  234  234  234  234  234  233  233  232  232  232  231  230  229  228
  228  226  225  224  223  222  222  221  221
    82.5-180.0 180.0   5.0 450.0                            LAT/LON1/LON2/DLON/H
  209  210  209  210  211  212  213  215  217  220  222  225  228  231  234  236
  239  241  241  241  241  241  240  238  236  235  233  232  230  228  226  224
  223  223  222  222  222  222  222  223  224  224  224  225  226  225  226  226
  227  227  228  229  229  230  231  230  230  229  229  228  227  226  224  223
  221  219  217  215  213  212  211  209  209
    80.0-180.0 180.0   5.0 450.0                            LAT/LON1/LON2/DLON/H
  201  200  198  197  196  198  199  202  205  209  212  216  220  224  228  231
  234  237  239  240  241  242  239  235  232  229  227  224  221  218  215  214
  212  211  211  210  211  211  212  213  214  214  215  216  216  216  216  217
  217  216  217  219  221  222  224  225  226  226  225  225  224  223  222  220
  217  215  213  210  208  206  204  202  201
    77.5-180.0 180.0   5.0 450.0                            LAT/LON1/LON2/DLON/H
  196  192  190  188  188  189  191  194  198  202  208  214  218  222  226  230
  234  237  239  243  246  241  238  230  227  224  221  217  213  209  207  205
  204  203  202  202  202  203  205  206  207  208  208  208  208  209  209  209
  209  209  209  210  212  214  216  217  219  220  221  222  222  221  220  219
  218  216  213  211  208  206  203  200  196
    75.0-180.0 180.0   5.0 450.0                            LAT/LON1/LON2/DLON/H
  203  198  195  192  191  191  192  194  198  203  208  211  216  220  224  229
  234  239  245  244  242  242  239  233  225  221  216  212  209  205  202  200
  199  199  199  199  200  200  201  204  204  205  205  204  204  203  203  204
  204  205  205  205  206  208  209  210  212  214  216  218  220  221  221  222
  222  221  220  219  216  214  211  207  203
    72.5-180.0 180.0   5.0 450.0                            LAT/LON1/LON2/DLON/H
  219  215  210  206  203  202  201  201  205  208  211  214  218  224  228  233
  239  245  246  245  246  244  242  236  228  223  218  213  209  207  205  204
  202  202  202  203  203  204  204  206  207  207  208  207  205  203  201  200
  200  202  202  202  202  203  204  204  206  208  211  215  218  221  224  226
  229  230  230  231  230  229  227  224  219
    70.0-180.0 180.0   5.0 450.0                            LAT/LON1/LON2/DLON/H
  241  236  229  225  220  217  216  216  217  219  223  225  227  231  235  239
  245  249  252  251  249  248  247  243  236  230  225  221  218  214  214  213
  212  212  212  212  213  213  214  214  215  214  213  212  210  207  204  202
  200  199  199  198  198  198  199  200  201  204  208  212  216  221  226  231
  235  239  243  246  247  247  245  244  241
    67.5-180.0 180.0   5.0 450.0                            LAT/LON1/LON2/DLON/H
  262  257  251  245  240  237  234  234  235  238  237  239  242  243  244  246
  251  256  259  259  258  257  255  252  246  241  236  232  230  228  227  227
  227  227  226  226  227  227  227  226  226  225  223  220  218  215  212  208
  204  199  196  195  194  193  193  194  196  199  202  207  212  218  224  231
  238  245  253  258  262  264  263  264  262
    65.0-180.0 180.0   5.0 450.0                            LAT/LON1/LON2/DLON/H
  277  274  269  263  259  255  253  252  254  256  256  257  258  258  256  256
  259  262  267  268  269  268  267  264  261  256  251  248  246  244  245  244
  245  246  245  243  243  243  243  241  241  239  235  232  229  225  221  215
  210  202  197  192  189  187  186  187  188  192  195  199  204  211  219  227
  236  246  255  263  270  275  277  277  277
    62.5-180.0 180.0   5.0 450.0                            LAT/LON1/LON2/DLON/H
  287  285  283  279  274  271  269  268  270  272  276  278  276  275  270  267
  267  269  273  276  278  279  278  277  273  270  265  264  262  262  262  262
  264  263  261  260  260  259  257  257  256  252  248  245  241  235  229  218
  212  203  195  189  184  180  178  178  180  184  187  192  197  204  212  221
  231  241  252  262  270  276  281  285  287
    60.0-180.0 180.0   5.0 450.0                            LAT/LON1/LON2/DLON/H
  288  290  289  287  283  281  280  281  284  288  294  296  294  290  286  281
  278  278  280  282  283  285  284  283  280  278  276  274  273  273  276  278
  277  277  275  274  272  271  271  270  269  267  261  256  248  241  233  224
  216  202  194  185  179  173  171  170  172  175  180  185  192  198  207  216
  227  237  247  256  264  271  278  284  288
    57.5-180.0 180.0   5.0 450.0                            LAT/LON1/LON2/DLON/H
  285  288  289  288  286  285  286  290  295  302  311  317  316  311  306  299
  293  291  290  289  289  288  286  285  282  280  280  278  278  280  285  287
  289  290  288  286  283  283  282  281  280  276  270  262  253  244  235  225
  217  203  192  182  174  167  165  164  165  169  173  177  185  192  203  213
  225  235  245  253  258  265  271  278  285
    55.0-180.0 180.0   5.0 450.0                            LAT/LON1/LON2/DLON/H
  281  285  287  286  285  285  288  295  305  317  328  337  338  335  329  320
  313  307  304  300  297  293  290  286  283  281  280  281  283  286  291  296
  300  301  300  297  295  292  292  290  288  283  276  267  256  245  236  223
  215  202  191  180  171  163  160  158  161  164  168  172  180  189  202  215
  228  241  250  255  258  262  268  275  281
    52.5-180.0 180.0   5.0 450.0                            LAT/LON1/LON2/DLON/H
  283  288  290  288  285  285  290  298  312  329  343  352  358  356  351  344
  335  327  320  315  307  301  295  289  286  284  284  286  289  293  301  305
  310  313  313  311  307  304  302  299  295  289  281  270  258  246  234  224
  217  202  191  179  168  162  158  157  159  162  165  170  178  190  205  223
  238  253  263  266  267  270  273  278  283
    50.0-180.0 180.0   5.0 450.0                            LAT/LON1/LON2/DLON/H
  298  300  298  295  292  290  293  301  314  335  351  364  374  376  373  366
  357  348  339  331  321  312  304  297  293  292  292  296  299  304  312  317
  322  326  327  325  320  316  312  308  302  295  286  273  259  246  235  225
  218  204  193  181  170  163  159  158  159  162  166  171  180  194  213  235
  256  272  284  287  287  288  291  293  298
    47.5-180.0 180.0   5.0 450.0                            LAT/LON1/LON2/DLON/H
  323  322  317  313  305  301  301  305  318  336  354  370  382  389  389  384
  377  367  358  349  337  327  317  309  306  306  307  311  314  318  324  328
  334  340  341  338  334  329  324  317  310  301  288  274  259  247  236  227
  221  207  197  186  175  168  164  163  163  165  168  174  184  202  223  249
  275  293  309  315  316  315  318  320  323
    45.0-180.0 180.0   5.0 450.0                            LAT/LON1/LON2/DLON/H
  354  354  347  340  333  322  316  316  322  337  355  371  387  397  400  397
  392  385  376  368  356  344  334  326  323  324  326  331  333  334  337  341
  346  353  355  353  350  344  336  328  318  306  292  277  262  249  239  229
  224  212  201  192  183  176  171  170  170  170  173  178  189  208  230  259
  289  314  333  343  347  347  351  353  354
    42.5-180.0 180.0   5.0 450.0                            LAT/LON1/LON2/DLON/H
  391  391  384  376  365  353  341  333  336  344  357  373  389  401  407  407
  404  401  396  390  378  366  355  348  345  347  350  354  354  352  352  355
  359  366  370  370  366  359  350  341  329  315  299  283  267  253  243  235
  231  219  211  203  195  187  181  178  177  177  178  182  192  210  236  264
  297  327  351  366  375  379  385  388  391
    40.0-180.0 180.0   5.0 450.0                            LAT/LON1/LON2/DLON/H
  428  429  422  414  404  390  373  361  355  357  366  376  390  404  414  417
  418  419  419  414  403  391  380  372  370  372  374  377  376  371  372  373
  375  381  387  387  385  378  367  356  343  327  310  292  276  262  250  240
  236  227  220  214  207  198  192  188  186  185  186  189  197  211  235  263
  298  331  360  380  397  407  417  424  428
    37.5-180.0 180.0   5.0 450.0                            LAT/LON1/LON2/DLON/H
  461  464  459  452  442  429  411  394  384  382  384  389  401  414  424  430
  435  441  444  443  432  418  404  396  396  397  399  402  401  396  394  392
  394  399  405  407  405  398  386  373  359  342  324  308  292  275  262  249
  244  235  229  223  216  209  203  199  195  193  196  199  204  214  233  260
  293  328  360  388  409  426  441  454  461
    35.0-180.0 180.0   5.0 450.0                            LAT/LON1/LON2/DLON/H
  484  490  492  488  480  467  451  432  420  415  410  413  421  432  441  450
  459  467  473  474  462  447  430  423  423  427  428  430  429  426  421  416
  417  421  425  426  424  418  406  392  378  363  344  330  314  295  277  261
  253  243  237  231  225  219  214  210  205  204  207  209  211  219  234  258
  289  325  359  388  413  435  456  473  484
    32.5-180.0 180.0   5.0 450.0                            LAT/LON1/LON2/DLON/H
  497  508  518  520  517  504  493  477  462  451  448  447  452  461  469  478
  489  501  509  510  495  476  458  448  448  456  458  459  458  454  449  445
  442  442  444  444  442  435  423  412  401  385  369  356  340  320  298  277
  266  253  246  241  237  232  226  222  216  215  219  221  221  226  238  261
  292  325  357  387  413  438  460  481  497
    30.0-180.0 180.0   5.0 450.0                            LAT/LON1/LON2/DLON/H
  504  521  536  546  547  543  538  526  512  499  492  488  492  500  506  520
  529  541  549  548  531  506  482  471  473  484  489  491  491  486  482  477
  469  464  460  457  452  445  434  429  419  405  392  380  364  346  324  301
  287  267  258  254  250  242  237  233  229  227  230  232  232  237  249  272
  301  330  359  387  411  435  459  482  504
    27.5-180.0 180.0   5.0 450.0                            LAT/LON1/LON2/DLON/H
  507  528  550  566  573  579  580  570  561  551  544  537  538  544  552  566
  575  587  594  589  568  534  504  494  498  511  523  524  525  522  519  511
  498  485  472  461  451  441  437  438  429  417  408  403  385  368  352  326
  308  286  273  266  260  252  246  242  239  239  242  243  244  250  264  288
  317  346  370  392  412  434  456  480  507
    25.0-180.0 180.0   5.0 450.0                            LAT/LON1/LON2/DLON/H
  506  533  559  580  595  606  609  606  603  602  592  587  591  599  604  617
  625  636  638  632  606  565  531  521  527  542  555  558  558  558  558  546
  528  502  478  454  434  423  429  432  424  415  411  413  402  381  369  349
  329  302  286  274  267  256  251  246  245  247  252  255  258  266  283  310
  339  366  386  402  419  435  456  479  506
    22.5-180.0 180.0   5.0 450.0                            LAT/LON1/LON2/DLON/H
  507  531  562  587  606  621  627  632  635  638  635  639  645  656  661  672
  678  688  687  673  641  595  559  552  562  577  586  589  592  596  597  583
  560  521  477  437  406  393  402  404  402  397  399  407  393  375  370  359
  338  309  290  280  270  258  251  248  248  254  261  266  270  282  302  331
  359  384  402  416  428  442  461  481  507
    20.0-180.0 180.0   5.0 450.0                            LAT/LON1/LON2/DLON/H
  510  531  558  584  606  621  633  644  654  664  669  681  693  705  714  724
  731  742  732  708  668  620  590  587  598  614  620  619  624  631  634  615
  583  530  472  420  376  358  359  359  358  360  373  383  372  365  365  358
  339  312  293  282  271  259  252  251  256  264  273  276  281  296  318  346
  371  397  415  428  439  453  469  488  510
    17.5-180.0 180.0   5.0 450.0                            LAT/LON1/LON2/DLON/H
  515  531  553  576  597  612  628  643  660  676  690  710  727  745  759  770
  781  786  773  740  694  648  624  623  633  647  652  646  653  661  657  630
  586  521  460  400  351  325  321  320  319  326  343  352  352  355  358  354
  339  316  298  286  276  264  259  260  269  278  284  287  291  304  326  349
  373  396  417  431  444  459  477  495  515
    15.0-180.0 180.0   5.0 450.0                            LAT/LON1/LON2/DLON/H
  520  533  549  566  584  600  617  636  656  677  700  725  749  772  792  807
  819  821  806  769  721  677  655  651  662  675  676  665  662  670  660  629
  578  506  442  381  330  304  299  293  299  307  316  321  329  335  342  350
  340  322  309  298  286  275  269  272  285  295  296  294  296  303  320  339
  361  382  401  419  437  457  480  502  520
    12.5-180.0 180.0   5.0 450.0                            LAT/LON1/LON2/DLON/H
  521  535  549  562  576  592  610  628  651  674  700  730  760  789  817  834
  845  846  830  795  747  703  679  673  683  695  688  670  660  666  659  623
  570  503  431  372  330  309  299  285  288  293  292  297  305  317  331  342
  338  329  322  312  299  288  282  288  301  310  308  301  296  297  307  317
  333  352  373  396  422  450  479  503  521
    10.0-180.0 180.0   5.0 450.0                            LAT/LON1/LON2/DLON/H
  523  539  554  565  577  590  606  626  649  674  699  730  764  799  830  850
  862  863  845  814  767  722  697  689  694  703  692  670  658  656  650  625
  580  513  445  394  359  342  329  311  297  293  287  292  300  313  327  333
  335  339  336  329  315  304  299  304  316  322  316  303  292  288  289  290
  299  314  337  367  404  440  473  502  523
     7.5-180.0 180.0   5.0 450.0                            LAT/LON1/LON2/DLON/H
  528  549  566  580  588  598  613  634  656  679  702  729  763  801  833  857
  870  871  854  823  778  734  708  698  696  702  693  674  660  653  647  631
  593  535  481  439  413  409  394  365  336  315  304  306  309  317  327  334
  339  351  354  349  335  327  316  316  326  329  320  303  287  279  271  265
  265  278  303  339  384  427  465  501  528
     5.0-180.0 180.0   5.0 450.0                            LAT/LON1/LON2/DLON/H
  536  563  585  604  610  618  632  651  674  694  712  733  761  795  828  852
  866  866  851  823  780  740  712  698  697  699  692  677  665  657  652  638
  610  565  523  496  493  499  471  437  392  355  336  333  330  332  340  349
  355  363  368  369  361  348  329  323  327  326  314  297  280  267  254  241
  237  248  277  322  372  416  460  502  536
     2.5-180.0 180.0   5.0 450.0                            LAT/LON1/LON2/DLON/H
  543  579  609  630  640  645  658  677  699  715  727  740  759  786  815  837
  848  847  837  811  775  740  712  697  696  697  693  682  671  664  659  648
  626  586  557  550  566  566  536  499  447  405  378  366  359  362  369  371
  374  373  375  377  372  353  330  319  319  312  296  280  268  255  239  222
  214  223  256  305  358  407  454  502  543
