DORISInput/IGSGIM/2024/IGS0OPSFIN_20241540000_01D_02H_GIM.INX
     1.0            IONOSPHERE MAPS     MIX                 IONEX VERSION / TYPE
cmpcmb v1.2          GRL/UWM            24-jun-24 15:53     PGM / RUN BY / DATE 
ionex file containing IGS COMBINED Ionosphere maps          COMMENT             
global ionosphere maps for day 154, 2024                    DESCRIPTION         
IONEX file containing the COMBINED IGS TEC MAPS and DCBs    DESCRIPTION         
      IONEX files of the following IAACs were combined: cod DESCRIPTION         
                                                        jpl DESCRIPTION         
                                                        upc DESCRIPTION         
Contact address: Andrzej Krankowski                         DESCRIPTION
                 Geodynamics Research Laboratory            DESCRIPTION
                 University of Warmia and Mazury (GRL/UWM)  DESCRIPTION
                 Oczapowski St. 1                           DESCRIPTION
                 10-957-Olsztyn, POLAND                     DESCRIPTION
                 e-mail:  kand@uwm.edu.pl                   DESCRIPTION
                                                            DESCRIPTION         
  2024     6     2     0     0     0                        EPOCH OF FIRST MAP  
  2024     6     3     0     0     0                        EPOCH OF LAST MAP   
  7200                                                      INTERVAL            
    13                                                      # OF MAPS IN FILE   
  COSZ                                                      MAPPING FUNCTION    
     0.0                                                    ELEVATION CUTOFF    
combined TEC calculated as weighted mean of input TEC valuesOBSERVABLES USED    
   334                                                      # OF STATIONS       
    32                                                      # OF SATELLITES     
  6371.0                                                    BASE RADIUS         
     2                                                      MAP DIMENSION       
   450.0 450.0   0.0                                        HGT1 / HGT2 / DHGT  
    87.5 -87.5  -2.5                                        LAT1 / LAT2 / DLAT  
  -180.0 180.0   5.0                                        LON1 / LON2 / DLON  
    -1                                                      EXPONENT            
TEC values in 0.1 tec units;  9999, if no value available   COMMENT             
DCB values in nanoseconds, reference is Sum_of_SatDCBs = 0  COMMENT             
                                                            END OF HEADER       
[from data line 858]
     3                                                      START OF TEC MAP    
  2024     6     2     4     0     0                        EPOCH OF CURRENT MAP
    87.5-180.0 180.0   5.0 450.0                            LAT/LON1/LON2/DLON/H
  253  254  254  254  254  254  254  254  255  255  255  255  255  255  255  255
  256  256  256  256  255  255  255  254  254  253  253  252  252  251  251  251
  251  250  250  249  249  249  249  248  249  249  248  248  248  248  249  249
  249  249  249  249  249  251  251  251  251  253  252  253  253  253  253  253
  253  253  253  253  253  253  253  253  253
    85.0-180.0 180.0   5.0 450.0                            LAT/LON1/LON2/DLON/H
  250  250  250  250  251  251  252  252  254  254  255  256  257  258  259  259
  259  259  259  259  259  259  258  258  257  257  256  255  255  254  254  253
  252  252  251  250  250  250  250  250  251  251  251  251  251  251  251  252
  252  252  252  252  252  253  253  254  254  254  255  255  255  255  255  254
  254  253  253  252  252  251  251  251  250
    82.5-180.0 180.0   5.0 450.0                            LAT/LON1/LON2/DLON/H
  246  246  246  246  247  249  251  253  255  257  259  261  261  263  263  264
  264  264  265  265  264  263  262  261  260  259  258  255  254  252  251  251
  250  249  249  248  249  250  251  252  253  253  254  255  255  257  257  257
  258  259  259  259  260  260  260  260  260  261  262  261  261  260  260  259
  258  257  254  253  252  250  248  248  246
    80.0-180.0 180.0   5.0 450.0                            LAT/LON1/LON2/DLON/H
  244  243  243  245  248  250  252  255  258  262  265  267  269  270  270  270
  270  269  268  266  264  263  262  261  259  255  254  252  252  251  250  249
  248  248  249  251  252  253  254  256  257  259  260  261  262  263  264  265
  265  265  266  267  267  268  268  269  271  271  271  272  271  271  269  268
  265  263  260  257  254  250  248  245  244
    77.5-180.0 180.0   5.0 450.0                            LAT/LON1/LON2/DLON/H
  242  241  243  244  245  247  251  255  259  262  265  268  269  270  270  270
  269  267  265  262  259  257  255  252  251  251  250  250  248  247  247  247
  248  249  251  254  256  258  261  264  266  268  270  271  271  271  272  273
  272  272  273  274  274  276  277  278  280  281  283  283  283  282  280  278
  275  271  267  262  258  253  248  244  242
    75.0-180.0 180.0   5.0 450.0                            LAT/LON1/LON2/DLON/H
  243  241  239  240  241  243  247  251  255  260  263  265  267  267  267  266
  263  261  259  255  253  248  247  245  243  242  243  242  243  245  246  246
  249  252  256  260  264  268  272  274  277  279  279  280  281  281  280  280
  279  279  279  279  281  282  284  286  288  290  292  293  294  292  291  288
  284  279  274  269  263  257  251  246  243
    72.5-180.0 180.0   5.0 450.0                            LAT/LON1/LON2/DLON/H
  244  241  238  236  237  238  242  247  251  255  259  261  263  263  260  259
  256  254  249  246  242  239  237  235  234  235  234  236  237  239  244  248
  251  256  262  268  274  279  283  287  290  290  290  290  289  288  286  284
  283  283  283  283  284  287  289  290  292  294  296  297  298  298  297  294
  291  287  282  277  271  264  256  249  244
    70.0-180.0 180.0   5.0 450.0                            LAT/LON1/LON2/DLON/H
  248  242  238  235  234  235  237  242  246  251  253  257  258  257  256  253
  249  244  239  235  231  228  227  227  227  230  229  231  236  240  244  251
  256  262  268  276  283  289  293  296  298  300  300  298  297  295  292  289
  287  286  286  286  286  287  287  289  289  291  292  294  296  297  298  296
  294  291  288  283  277  270  263  255  248
    67.5-180.0 180.0   5.0 450.0                            LAT/LON1/LON2/DLON/H
  251  245  239  236  231  231  233  236  240  243  247  251  253  253  253  250
  243  236  232  227  223  221  222  222  223  225  227  231  237  243  249  256
  263  269  276  283  288  294  299  301  303  304  305  304  302  301  298  295
  293  290  289  287  285  284  283  281  282  282  283  285  287  289  290  291
  291  290  288  285  281  274  267  259  251
    65.0-180.0 180.0   5.0 450.0                            LAT/LON1/LON2/DLON/H
  254  247  241  235  230  228  229  231  233  237  242  245  248  249  248  245
  239  233  228  222  220  218  219  220  222  223  226  233  239  247  253  260
  267  273  279  285  290  294  298  303  305  306  306  306  305  303  301  299
  297  294  291  288  283  280  276  273  271  270  271  272  274  276  278  280
  282  283  282  282  279  275  270  262  254
    62.5-180.0 180.0   5.0 450.0                            LAT/LON1/LON2/DLON/H
  255  248  241  235  230  227  226  226  228  232  236  239  242  244  244  241
  237  232  226  221  219  217  219  220  223  225  231  238  243  251  256  260
  265  269  274  280  285  289  293  298  302  304  305  306  306  305  304  302
  301  299  295  291  284  278  272  266  263  260  260  260  261  262  264  266
  269  271  272  273  273  271  268  262  255
    60.0-180.0 180.0   5.0 450.0                            LAT/LON1/LON2/DLON/H
  255  249  242  235  230  226  224  223  225  228  231  233  237  239  239  239
  237  232  227  222  219  219  221  224  226  230  236  242  246  250  253  255
  256  258  262  266  272  277  284  290  296  301  304  306  307  308  309  307
  307  305  302  297  289  282  273  267  260  256  254  253  253  252  254  254
  256  259  261  263  264  265  264  261  255
    57.5-180.0 180.0   5.0 450.0                            LAT/LON1/LON2/DLON/H
  255  249  243  237  232  228  224  224  224  226  227  230  233  234  235  237
  237  233  230  226  222  224  225  229  232  235  240  243  244  243  244  242
  241  242  244  248  254  263  271  281  291  299  305  309  312  314  315  315
  315  315  311  306  297  290  282  273  265  259  255  252  251  250  249  248
  249  249  250  253  256  259  260  258  255
    55.0-180.0 180.0   5.0 450.0                            LAT/LON1/LON2/DLON/H
  255  251  246  241  237  232  228  225  224  225  226  228  230  231  232  234
  234  232  229  226  224  227  229  231  235  238  242  240  239  235  232  226
  224  223  225  229  237  247  259  272  287  299  309  316  320  322  324  325
  328  329  325  319  312  305  295  285  274  267  262  259  258  256  254  252
  247  246  245  247  251  254  257  257  255
    52.5-180.0 180.0   5.0 450.0                            LAT/LON1/LON2/DLON/H
  259  255  252  248  245  241  236  231  230  228  228  228  228  229  229  229
  229  227  226  223  224  227  229  232  237  240  243  240  235  229  221  213
  209  207  207  212  221  233  249  268  287  303  316  326  330  334  336  340
  342  344  343  337  333  325  311  299  288  281  276  274  273  271  267  263
  254  248  246  246  249  253  257  259  259
    50.0-180.0 180.0   5.0 450.0                            LAT/LON1/LON2/DLON/H
  264  263  261  258  256  252  247  241  237  234  231  229  227  227  225  224
  223  222  221  220  222  224  229  234  240  245  246  244  236  226  214  204
  199  195  195  199  207  221  242  263  287  308  325  337  343  348  352  355
  356  360  362  360  355  346  333  319  306  298  294  293  292  290  284  276
  266  257  252  252  254  257  262  264  264
    47.5-180.0 180.0   5.0 450.0                            LAT/LON1/LON2/DLON/H
  275  274  273  270  268  265  260  252  247  241  236  233  228  225  222  219
  217  215  215  217  220  224  230  239  246  252  254  251  242  229  215  203
  197  192  189  190  199  215  236  262  289  314  333  346  356  363  368  372
  374  378  383  384  380  371  358  344  330  320  315  313  312  308  299  290
  281  271  264  263  264  267  271  274  275
    45.0-180.0 180.0   5.0 450.0                            LAT/LON1/LON2/DLON/H
  290  290  288  284  280  278  272  264  256  249  243  238  232  225  219  214
  211  209  210  213  219  226  235  245  254  261  264  261  252  238  223  212
  204  197  191  189  195  210  232  258  288  314  338  355  367  376  382  389
  394  400  405  409  407  399  387  372  357  346  338  333  331  325  316  305
  296  288  284  280  281  282  287  288  290
    42.5-180.0 180.0   5.0 450.0                            LAT/LON1/LON2/DLON/H
  309  308  305  300  295  291  285  275  267  259  251  244  236  227  218  212
  207  205  206  212  220  231  240  252  263  274  278  275  266  255  241  228
  219  209  198  191  194  206  227  254  284  314  341  360  375  387  396  405
  415  422  430  436  435  429  418  403  388  374  364  356  349  341  333  322
  313  307  306  304  304  302  307  308  309
    40.0-180.0 180.0   5.0 450.0                            LAT/LON1/LON2/DLON/H
  331  328  324  318  313  305  296  286  278  269  259  251  241  231  221  212
  206  204  206  214  226  236  248  262  274  292  295  293  284  274  261  249
  237  223  208  199  197  205  223  249  280  312  338  361  380  396  409  421
  430  442  451  459  464  459  450  437  423  406  392  380  368  359  349  340
  331  327  328  329  329  328  332  331  331
    37.5-180.0 180.0   5.0 450.0                            LAT/LON1/LON2/DLON/H
  357  351  345  336  328  317  308  298  290  279  271  260  249  238  227  216
  208  206  211  221  234  245  261  278  292  312  319  314  305  295  284  268
  256  241  222  209  203  206  218  242  272  302  333  358  380  400  417  431
  442  454  466  477  485  486  482  472  460  442  425  409  395  382  372  363
  354  351  355  356  357  356  360  358  357
    35.0-180.0 180.0   5.0 450.0                            LAT/LON1/LON2/DLON/H
  385  381  370  358  347  333  323  312  304  293  286  274  260  248  236  224
  216  213  219  230  245  261  279  297  313  336  345  337  328  318  306  288
  273  256  237  221  209  207  215  234  263  295  325  353  376  397  416  432
  445  458  473  486  499  507  510  506  495  482  465  448  430  415  399  391
  383  382  385  386  385  384  386  387  385
    32.5-180.0 180.0   5.0 450.0                            LAT/LON1/LON2/DLON/H
  417  409  399  384  370  356  340  329  319  311  303  290  275  261  248  238
  230  226  230  241  260  281  302  320  337  362  369  360  350  338  322  303
  287  267  247  228  212  206  210  228  255  286  318  346  368  389  407  424
  439  456  472  489  508  522  532  536  531  523  512  494  475  455  435  423
  415  413  416  416  414  412  415  418  417
    30.0-180.0 180.0   5.0 450.0                            LAT/LON1/LON2/DLON/H
  449  445  430  415  398  386  367  353  344  338  323  310  295  279  264  255
  247  242  244  257  276  301  325  348  365  390  390  378  366  348  330  310
  293  273  251  229  212  201  204  220  244  274  307  334  358  378  396  411
  428  444  462  483  506  525  544  559  562  560  556  544  526  504  479  464
  451  448  446  445  444  441  443  448  449
    27.5-180.0 180.0   5.0 450.0                            LAT/LON1/LON2/DLON/H
  483  483  473  455  436  420  399  386  378  367  355  338  322  306  288  277
  265  260  263  274  295  323  350  376  392  412  405  393  370  346  328  307
  287  267  246  227  209  197  196  210  232  264  294  321  345  365  381  396
  410  427  446  468  493  519  545  568  581  589  594  591  579  557  530  511
  494  487  483  478  470  469  473  480  483
    25.0-180.0 180.0   5.0 450.0                            LAT/LON1/LON2/DLON/H
  516  520  513  498  480  464  442  427  416  405  394  376  359  345  324  306
  291  284  285  298  320  349  378  405  417  427  413  392  362  331  311  291
  270  250  233  216  200  189  187  199  221  250  280  307  331  351  365  379
  393  410  428  451  478  507  540  571  591  608  622  631  627  610  581  561
  540  529  521  513  502  501  503  511  516
    22.5-180.0 180.0   5.0 450.0                            LAT/LON1/LON2/DLON/H
  547  554  551  540  525  508  492  471  455  444  433  418  405  389  367  345
  329  320  320  334  353  382  409  432  436  431  408  376  338  304  280  261
  241  224  211  197  185  178  177  187  206  233  265  292  318  337  351  362
  379  396  415  438  465  495  531  566  593  616  636  651  659  653  629  605
  589  571  558  547  536  533  534  540  547
    20.0-180.0 180.0   5.0 450.0                            LAT/LON1/LON2/DLON/H
  578  582  581  575  565  551  535  515  493  480  471  458  449  433  413  396
  377  365  364  376  395  420  439  449  441  420  385  343  300  263  240  222
  205  192  183  173  164  161  161  167  187  214  245  276  304  324  338  353
  371  390  412  437  462  491  523  555  584  609  633  656  675  677  660  638
  625  610  596  584  572  567  565  572  578
    17.5-180.0 180.0   5.0 450.0                            LAT/LON1/LON2/DLON/H
  611  615  613  612  601  585  567  549  526  511  501  496  489  475  462  449
  429  413  413  425  439  455  462  455  431  392  345  294  250  214  194  184
  171  165  156  148  142  136  134  140  163  192  224  256  288  313  331  349
  370  395  421  447  472  495  521  548  574  595  622  651  674  685  678  664
  654  641  633  620  611  603  599  606  611
    15.0-180.0 180.0   5.0 450.0                            LAT/LON1/LON2/DLON/H
  647  650  649  647  634  618  600  580  553  533  524  523  522  517  509  498
  478  462  461  469  479  483  472  445  404  345  290  233  195  167  150  146
  142  140  136  129  120  112  109  115  138  166  202  241  276  306  329  351
  376  408  439  465  490  507  529  549  568  587  611  640  666  685  688  682
  675  667  660  655  651  641  634  641  647
    12.5-180.0 180.0   5.0 450.0                            LAT/LON1/LON2/DLON/H
  680  684  684  680  668  649  629  604  569  543  532  535  542  545  545  542
  520  504  503  506  511  504  473  420  364  289  231  177  147  126  116  117
  119  120  117  109   99   91   88   93  111  143  183  228  268  303  332  358
  390  425  460  487  510  528  545  560  573  588  608  634  663  686  697  694
  688  684  684  687  683  674  670  674  680
    10.0-180.0 180.0   5.0 450.0                            LAT/LON1/LON2/DLON/H
  707  711  713  707  694  677  653  618  577  543  526  529  541  555  564  564
  543  532  533  537  536  515  463  386  318  237  178  136  110   96   94  100
  103  104  101   92   81   74   68   72   90  124  169  218  263  300  331  363
  399  437  474  507  534  556  573  587  596  606  622  644  671  696  710  707
  699  695  699  706  707  702  700  703  707
     7.5-180.0 180.0   5.0 450.0                            LAT/LON1/LON2/DLON/H
  730  735  736  728  712  694  662  620  572  533  509  507  523  539  555  557
  546  541  549  555  549  509  440  350  274  188  135  104   85   80   85   91
   93   92   88   79   69   60   53   56   74  108  154  206  253  292  323  359
  396  441  483  522  558  591  616  636  643  647  654  670  694  718  731  725
  710  702  706  714  721  721  723  726  730
     5.0-180.0 180.0   5.0 450.0                            LAT/LON1/LON2/DLON/H
  752  757  759  749  729  702  664  613  557  510  479  472  483  498  513  521
  518  525  542  549  538  486  406  307  229  149  107   85   75   76   82   87
   89   86   80   72   62   50   43   45   63   96  137  189  241  279  313  347
  389  437  485  533  585  630  669  697  706  705  703  711  727  746  753  740
  720  707  708  716  726  731  738  745  752
     2.5-180.0 180.0   5.0 450.0                            LAT/LON1/LON2/DLON/H
  772  778  780  770  748  715  669  608  538  482  443  422  427  443  448  454
  457  476  502  509  496  440  356  258  185  120   89   77   76   79   84   87
   88   85   79   70   60   46   38   39   57   85  126  176  225  264  297  332
  377  426  481  542  604  662  715  754  769  767  757  757  765  774  769  749
  724  708  704  709  721  733  746  760  772
