DORISInput/IGSGIM/2024/IGS0OPSFIN_20241350000_01D_02H_GIM.INX
     1.0            IONOSPHERE MAPS     MIX                 IONEX VERSION / TYPE
cmpcmb v1.2          GRL/UWM            28-may-24 18:20     PGM / RUN BY / DATE 
ionex file containing IGS COMBINED Ionosphere maps          COMMENT             
global ionosphere maps for day 135, 2024                    DESCRIPTION         
IONEX file containing the COMBINED IGS TEC MAPS and DCBs    DESCRIPTION         
      IONEX files of the following IAACs were combined: cod DESCRIPTION         
                                                        jpl DESCRIPTION         
                                                        upc DESCRIPTION         
Contact address: Andrzej Krankowski                         DESCRIPTION
                 Geodynamics Research Laboratory            DESCRIPTION
                 University of Warmia and Mazury (GRL/UWM)  DESCRIPTION
                 Oczapowski St. 1                           DESCRIPTION
                 10-957-Olsztyn, POLAND                     DESCRIPTION
                 e-mail:  kand@uwm.edu.pl                   DESCRIPTION
                                                            DESCRIPTION         
  2024     5    14     0     0     0                        EPOCH OF FIRST MAP  
  2024     5    15     0     0     0                        EPOCH OF LAST MAP   
  7200                                                      INTERVAL            
    13                                                      # OF MAPS IN FILE   
  COSZ                                                      MAPPING FUNCTION    
     0.0                                                    ELEVATION CUTOFF    
combined TEC calculated as weighted mean of input TEC valuesOBSERVABLES USED    
   334                                                      # OF STATIONS       
    32                                                      # OF SATELLITES     
  6371.0                                                    BASE RADIUS         
     2                                                      MAP DIMENSION       
   450.0 450.0   0.0                                        HGT1 / HGT2 / DHGT  
    87.5 -87.5  -2.5                                        LAT1 / LAT2 / DLAT  
  -180.0 180.0   5.0                                        LON1 / LON2 / DLON  
    -1                                                      EXPONENT            
TEC values in 0.1 tec units;  9999, if no value available   COMMENT             
DCB values in nanoseconds, reference is Sum_of_SatDCBs = 0  COMMENT             
                                                            END OF HEADER       
[from data line 3861]
    10                                                      START OF TEC MAP    
  2024     5    14    18     0     0                        EPOCH OF CURRENT MAP
    87.5-180.0 180.0   5.0 450.0                            LAT/LON1/LON2/DLON/H
  287  288  288  289  290  291  292  292  293  294  294  295  296  296  297  297
  298  298  298  298  298  297  297  296  295  294  293  292  291  290  289  288
  287  286  285  284  284  283  282  282  281  281  280  280  279  279  279  278
  278  278  278  278  278  278  279  279  279  279  280  280  281  281  281  282
  282  284  284  284  286  286  286  286  287
    85.0-180.0 180.0   5.0 450.0                            LAT/LON1/LON2/DLON/H
  285  286  287  288  289  290  291  293  294  296  297  299  300  302  303  304
  305  306  306  307  307  307  306  304  302  301  298  296  294  292  290  288
  287  285  283  282  280  279  278  277  276  275  274  273  273  273  273  273
  273  273  274  274  274  275  276  276  276  277  278  278  279  279  280  281
  282  282  282  282  282  283  283  284  285
    82.5-180.0 180.0   5.0 450.0                            LAT/LON1/LON2/DLON/H
  282  282  283  283  284  285  286  289  291  293  297  299  303  304  306  308
  309  310  311  312  312  312  311  310  306  303  302  301  299  297  294  291
  288  284  281  279  277  275  273  271  270  270  269  269  268  269  269  270
  271  272  272  273  274  275  276  277  279  280  281  281  281  282  283  283
  283  282  282  281  281  281  281  282  282
    80.0-180.0 180.0   5.0 450.0                            LAT/LON1/LON2/DLON/H
  280  279  280  280  280  282  283  285  288  290  293  297  299  301  304  306
  308  310  311  312  312  315  314  309  310  309  306  304  301  298  294  291
  287  284  280  276  274  271  270  268  268  268  269  269  269  270  270  271
  272  274  276  277  277  279  280  283  284  286  287  287  288  287  287  287
  286  286  284  283  282  282  281  280  280
    77.5-180.0 180.0   5.0 450.0                            LAT/LON1/LON2/DLON/H
  283  283  281  281  280  281  282  284  286  288  290  291  293  296  298  301
  302  304  305  307  309  311  311  312  309  308  307  304  301  299  295  292
  289  286  283  280  276  273  271  270  270  270  270  271  272  273  274  275
  276  278  281  282  283  284  285  288  290  292  292  292  293  292  292  292
  291  290  289  289  288  286  285  284  283
    75.0-180.0 180.0   5.0 450.0                            LAT/LON1/LON2/DLON/H
  294  292  290  288  288  288  288  288  289  288  289  289  290  292  294  296
  297  298  299  302  303  305  308  308  310  309  308  304  302  299  297  293
  289  286  283  280  279  277  275  274  274  275  275  276  277  278  280  281
  281  283  285  286  288  289  290  291  292  293  293  293  292  292  293  293
  293  294  296  297  298  297  297  294  294
    72.5-180.0 180.0   5.0 450.0                            LAT/LON1/LON2/DLON/H
  308  307  304  303  300  300  299  297  294  293  291  291  291  292  291  290
  293  292  294  295  298  303  305  305  305  309  307  305  302  300  297  294
  291  287  284  282  281  281  280  280  281  282  282  283  283  284  285  287
  288  288  289  289  290  290  289  288  288  288  288  287  287  287  288  289
  291  295  298  302  304  307  308  308  308
    70.0-180.0 180.0   5.0 450.0                            LAT/LON1/LON2/DLON/H
  320  320  319  318  316  314  311  307  303  300  299  296  295  293  291  292
  291  289  291  293  298  303  303  304  304  305  305  303  302  299  298  296
  293  291  287  286  285  285  285  286  287  288  289  289  289  288  289  288
  290  290  290  289  287  286  284  281  279  277  276  275  274  275  277  280
  284  290  295  300  306  311  316  318  320
    67.5-180.0 180.0   5.0 450.0                            LAT/LON1/LON2/DLON/H
  330  333  333  332  331  328  322  319  314  310  305  303  299  296  294  293
  292  292  294  296  300  303  304  305  306  306  306  303  302  301  299  298
  297  295  292  290  290  290  291  291  293  294  294  293  292  290  288  287
  287  286  286  284  281  278  275  270  266  263  260  257  256  257  260  265
  269  278  287  295  304  313  320  326  330
    65.0-180.0 180.0   5.0 450.0                            LAT/LON1/LON2/DLON/H
  337  341  344  345  343  339  333  329  323  317  312  307  304  300  297  296
  296  296  298  302  305  307  309  310  309  309  308  305  303  303  301  300
  300  300  299  297  296  295  296  296  298  298  297  296  293  290  287  283
  281  278  276  274  270  266  262  254  249  244  240  236  233  235  239  244
  250  261  272  285  297  310  321  330  337
    62.5-180.0 180.0   5.0 450.0                            LAT/LON1/LON2/DLON/H
  336  343  348  351  350  345  341  335  329  322  317  311  307  304  301  299
  299  301  304  308  311  313  315  315  313  311  309  307  305  305  305  305
  305  305  305  304  303  301  300  301  303  304  302  300  296  291  285  278
  273  269  266  262  257  252  248  240  233  228  221  217  214  214  218  222
  230  239  253  268  284  299  314  326  336
    60.0-180.0 180.0   5.0 450.0                            LAT/LON1/LON2/DLON/H
  326  336  344  348  348  345  342  336  329  323  317  312  308  305  303  301
  302  304  309  312  316  319  320  319  317  314  312  311  309  311  312  313
  314  314  314  312  311  310  309  309  310  311  310  306  300  292  283  274
  268  263  258  253  247  240  236  228  220  216  209  205  201  200  202  204
  211  220  234  250  266  284  299  315  326
    57.5-180.0 180.0   5.0 450.0                            LAT/LON1/LON2/DLON/H
  312  324  333  339  341  340  338  333  327  320  314  311  307  304  302  301
  303  306  310  315  319  322  322  322  320  318  316  316  316  319  322  325
  327  327  326  325  322  320  319  321  321  321  319  314  306  296  285  275
  267  260  254  247  241  233  228  220  214  210  204  200  196  194  193  194
  199  207  219  233  249  266  283  298  312
    55.0-180.0 180.0   5.0 450.0                            LAT/LON1/LON2/DLON/H
  298  311  323  329  332  334  333  328  322  316  310  307  303  301  300  299
  300  304  309  315  319  322  323  323  323  322  322  323  326  330  335  339
  342  343  342  340  336  335  334  334  336  335  332  325  315  303  290  279
  269  261  252  246  238  230  226  220  215  212  207  204  200  198  195  194
  196  201  211  223  237  253  269  285  298
    52.5-180.0 180.0   5.0 450.0                            LAT/LON1/LON2/DLON/H
  290  304  316  323  328  331  330  324  319  312  307  305  303  301  299  298
  299  302  306  312  316  320  321  323  324  326  329  332  338  343  350  354
  357  360  359  357  353  350  350  352  351  351  347  337  325  312  297  284
  274  264  256  248  240  234  230  225  222  220  217  215  212  210  207  203
  202  203  211  220  233  248  262  276  290
    50.0-180.0 180.0   5.0 450.0                            LAT/LON1/LON2/DLON/H
  292  304  317  324  329  333  331  326  319  312  308  306  306  305  303  301
  300  302  305  310  314  318  320  323  328  333  338  345  352  359  364  369
  372  374  373  371  367  365  365  367  368  366  360  348  334  318  304  292
  280  270  262  253  245  239  236  233  232  230  229  228  227  225  223  219
  215  214  219  228  237  249  265  279  292
    47.5-180.0 180.0   5.0 450.0                            LAT/LON1/LON2/DLON/H
  303  316  328  334  339  341  338  331  324  316  312  311  312  313  312  309
  307  307  309  313  316  319  323  328  335  343  350  358  367  374  377  380
  381  383  384  382  379  379  380  382  383  378  370  355  338  323  309  298
  287  278  268  258  251  246  243  241  240  239  239  241  242  242  240  237
  233  231  233  239  248  258  274  289  303
    45.0-180.0 180.0   5.0 450.0                            LAT/LON1/LON2/DLON/H
  320  335  346  352  356  356  353  345  335  326  321  321  323  326  326  324
  322  321  321  324  326  328  332  338  347  356  364  373  380  386  388  389
  389  391  391  391  392  394  396  396  395  388  375  358  340  324  312  302
  293  285  274  265  258  253  250  247  246  245  245  248  252  255  254  251
  247  245  245  250  260  274  289  305  320
    42.5-180.0 180.0   5.0 450.0                            LAT/LON1/LON2/DLON/H
  341  359  370  377  378  379  377  365  351  340  336  337  343  346  346  347
  345  344  343  343  343  344  347  353  362  372  379  388  393  398  400  400
  401  403  404  405  408  411  413  411  406  395  379  361  343  327  315  308
  299  292  281  272  265  260  257  252  250  248  247  251  256  262  263  261
  256  253  254  258  269  285  306  324  341
    40.0-180.0 180.0   5.0 450.0                            LAT/LON1/LON2/DLON/H
  364  384  397  404  407  408  403  391  376  365  358  358  367  372  377  378
  376  378  375  373  371  369  370  375  384  393  399  406  411  414  418  421
  423  425  425  429  433  436  434  431  422  409  388  371  352  337  326  318
  309  301  290  282  275  269  267  262  257  254  252  255  261  267  268  266
  263  258  257  262  273  292  316  341  364
    37.5-180.0 180.0   5.0 450.0                            LAT/LON1/LON2/DLON/H
  382  407  424  433  436  437  430  418  404  394  387  387  396  407  412  418
  418  420  418  416  408  402  401  404  414  421  423  431  437  441  450  458
  462  466  466  469  472  472  466  459  448  431  412  391  374  359  350  338
  326  315  308  299  291  286  284  279  272  267  265  268  272  276  276  273
  269  263  260  263  275  294  321  351  382
    35.0-180.0 180.0   5.0 450.0                            LAT/LON1/LON2/DLON/H
  393  423  445  457  460  459  454  445  433  424  422  423  432  446  454  460
  465  469  467  463  452  443  438  439  447  453  456  464  473  484  500  510
  522  526  529  527  528  524  512  502  486  466  450  434  418  397  383  369
  351  338  332  327  317  313  313  305  298  293  291  292  294  295  292  287
  279  271  265  266  274  294  321  356  393
    32.5-180.0 180.0   5.0 450.0                            LAT/LON1/LON2/DLON/H
  395  430  455  469  474  476  476  471  462  459  463  467  477  493  498  509
  514  518  520  513  499  486  476  474  482  488  497  508  522  540  566  581
  597  603  604  608  598  593  583  568  546  511  498  492  474  449  429  410
  382  363  361  357  350  349  352  345  340  335  333  332  331  327  319  308
  296  284  275  270  273  287  319  357  395
    30.0-180.0 180.0   5.0 450.0                            LAT/LON1/LON2/DLON/H
  396  430  456  473  481  488  493  494  494  497  507  515  528  541  549  558
  563  567  566  561  547  531  517  511  518  529  542  561  582  613  641  665
  685  694  693  696  686  671  665  642  609  582  562  560  537  514  484  456
  416  391  387  386  388  396  399  396  394  391  389  387  381  371  356  339
  322  305  290  279  273  281  309  351  396
    27.5-180.0 180.0   5.0 450.0                            LAT/LON1/LON2/DLON/H
  387  425  453  471  486  498  507  517  526  538  552  565  581  596  601  607
  610  610  611  606  593  573  557  549  556  574  592  618  648  687  729  762
  776  790  792  790  776  766  752  717  669  630  614  615  587  559  529  495
  454  424  414  419  431  443  448  453  454  452  450  443  436  419  398  375
  352  332  310  292  278  278  301  341  387
    25.0-180.0 180.0   5.0 450.0                            LAT/LON1/LON2/DLON/H
  374  412  442  463  484  501  518  536  556  575  594  614  632  648  652  655
  651  652  652  648  634  613  595  586  593  617  643  673  714  768  813  837
  849  861  866  860  845  836  800  745  682  635  622  618  598  572  549  514
  480  453  442  453  473  484  488  503  508  503  500  493  481  461  436  410
  383  359  332  307  286  277  291  328  374
    22.5-180.0 180.0   5.0 450.0                            LAT/LON1/LON2/DLON/H
  357  396  425  450  475  500  526  552  579  604  629  657  679  696  699  698
  694  695  692  688  673  652  632  624  632  659  691  724  778  832  872  885
  891  892  895  892  870  840  798  721  650  611  589  586  577  550  534  514
  487  467  461  477  497  510  510  524  529  527  524  518  505  483  459  432
  406  383  354  326  294  278  283  314  357
    20.0-180.0 180.0   5.0 450.0                            LAT/LON1/LON2/DLON/H
  336  373  406  435  464  495  528  560  592  622  653  687  715  732  737  732
  728  730  729  727  712  688  669  661  671  699  732  767  821  869  895  903
  907  898  887  873  854  816  758  672  592  553  538  539  532  517  509  497
  474  460  463  479  495  504  500  504  513  514  513  508  494  470  450  428
  410  392  367  339  302  275  274  297  336
    17.5-180.0 180.0   5.0 450.0                            LAT/LON1/LON2/DLON/H
  311  353  386  421  454  487  525  562  595  629  664  700  730  751  761  758
  754  758  763  765  750  727  706  698  708  734  767  796  842  876  885  889
  889  879  854  827  808  766  704  614  524  491  486  487  481  472  464  454
  440  436  445  463  475  478  470  466  472  476  478  472  458  439  415  398
  391  380  364  340  301  268  259  278  311
    15.0-180.0 180.0   5.0 450.0                            LAT/LON1/LON2/DLON/H
  288  329  371  409  446  484  521  559  592  626  660  697  730  755  769  772
  773  780  790  798  784  763  739  729  738  761  793  818  846  860  851  847
  847  834  811  788  768  717  646  553  470  445  440  432  418  408  395  395
  395  404  419  437  449  449  437  424  425  431  433  427  411  389  369  357
  352  351  342  323  290  256  245  259  288
    12.5-180.0 180.0   5.0 450.0                            LAT/LON1/LON2/DLON/H
  270  311  356  400  442  482  521  556  586  616  648  682  716  747  767  775
  781  794  810  822  814  791  767  755  761  784  814  832  840  831  809  798
  798  789  776  759  733  677  602  513  439  413  398  377  356  340  330  339
  352  374  396  414  425  423  409  390  388  392  393  385  366  343  324  311
  310  312  306  293  267  240  229  242  270
    10.0-180.0 180.0   5.0 450.0                            LAT/LON1/LON2/DLON/H
  255  297  346  395  441  483  523  558  586  610  636  666  699  733  759  773
  784  803  824  841  836  814  791  778  785  811  838  848  841  818  785  764
  766  765  759  742  710  660  587  500  429  392  369  346  317  300  294  303
  330  362  387  405  414  410  396  376  368  368  367  356  336  310  286  273
  271  273  270  259  240  221  214  225  255
     7.5-180.0 180.0   5.0 450.0                            LAT/LON1/LON2/DLON/H
  244  287  340  397  445  491  534  572  598  617  637  660  689  721  750  770
  787  811  837  854  853  835  812  802  810  835  861  867  855  825  789  761
  761  764  764  748  718  674  611  529  453  405  378  348  317  300  295  307
  344  379  403  417  425  419  406  384  372  366  358  344  323  294  265  247
  241  241  238  229  216  203  199  213  244
     5.0-180.0 180.0   5.0 450.0                            LAT/LON1/LON2/DLON/H
  237  286  342  399  455  504  551  595  625  642  656  670  690  719  746  769
  789  817  847  867  869  855  833  825  832  855  879  887  874  844  810  785
  786  793  794  781  753  719  668  593  512  455  421  388  360  349  346  365
  392  424  441  453  453  441  428  414  396  380  365  345  320  288  256  232
  221  217  214  205  195  185  187  204  237
     2.5-180.0 180.0   5.0 450.0                            LAT/LON1/LON2/DLON/H
  231  282  342  406  465  523  575  625  661  683  695  700  710  730  753  776
  796  823  855  875  881  870  852  844  852  874  899  909  900  873  845  829
  835  842  842  830  805  777  735  667  590  528  485  455  440  438  435  450
  467  488  493  501  493  468  457  443  420  396  373  347  318  286  253  224
  207  199  195  188  180  173  177  196  231
