DORISInput/IGSGIM/2024/IGS0OPSFIN_20241510000_01D_02H_GIM.INX
     1.0            IONOSPHERE MAPS     MIX                 IONEX VERSION / TYPE
cmpcmb v1.2          GRL/UWM            12-jun-24 16:22     PGM / RUN BY / DATE 
ionex file containing IGS COMBINED Ionosphere maps          COMMENT             
global ionosphere maps for day 151, 2024                    DESCRIPTION         
IONEX file containing the COMBINED IGS TEC MAPS and DCBs    DESCRIPTION         
      IONEX files of the following IAACs were combined: cod DESCRIPTION         
                                                        jpl DESCRIPTION         
                                                        upc DESCRIPTION         
Contact address: Andrzej Krankowski                         DESCRIPTION
                 Geodynamics Research Laboratory            DESCRIPTION
                 University of Warmia and Mazury (GRL/UWM)  DESCRIPTION
                 Oczapowski St. 1                           DESCRIPTION
                 10-957-Olsztyn, POLAND                     DESCRIPTION
                 e-mail:  kand@uwm.edu.pl                   DESCRIPTION
                                                            DESCRIPTION         
  2024     5    30     0     0     0                        EPOCH OF FIRST MAP  
  2024     5    31     0     0     0                        EPOCH OF LAST MAP   
  7200                                                      INTERVAL            
    13                                                      # OF MAPS IN FILE   
  COSZ                                                      MAPPING FUNCTION    
     0.0                                                    ELEVATION CUTOFF    
combined TEC calculated as weighted mean of input TEC valuesOBSERVABLES USED    
   334                                                      # OF STATIONS       
    32                                                      # OF SATELLITES     
  6371.0                                                    BASE RADIUS         
     2                                                      MAP DIMENSION       
   450.0 450.0   0.0                                        HGT1 / HGT2 / DHGT  
    87.5 -87.5  -2.5                                        LAT1 / LAT2 / DLAT  
  -180.0 180.0   5.0                                        LON1 / LON2 / DLON  
    -1                                                      EXPONENT            
TEC values in 0.1 tec units;  9999, if no value available   COMMENT             
DCB values in nanoseconds, reference is Sum_of_SatDCBs = 0  COMMENT             
                                                            END OF HEADER       
[from data line 3432]
     9                                                      START OF TEC MAP    
  2024     5    30    16     0     0                        EPOCH OF CURRENT MAP
    87.5-180.0 180.0   5.0 450.0                            LAT/LON1/LON2/DLON/H
  239  239  239  240  240  241  241  241  241  242  242  243  243  243  242  243
  243  242  242  241  240  239  237  236  235  233  231  231  230  228  228  227
  227  226  224  224  224  224  224  224  224  224  224  224  224  225  226  227
  227  228  228  229  230  231  231  232  232  233  233  234  235  235  235  236
  236  237  236  237  237  237  237  238  239
    85.0-180.0 180.0   5.0 450.0                            LAT/LON1/LON2/DLON/H
  234  235  236  237  239  240  242  243  244  245  245  245  246  245  245  245
  245  244  243  242  240  238  234  232  228  225  222  221  218  217  215  213
  211  210  209  208  207  207  207  208  208  210  211  212  214  215  217  218
  220  221  223  224  225  226  227  228  228  228  229  229  229  229  229  229
  229  229  229  230  231  231  232  233  234
    82.5-180.0 180.0   5.0 450.0                            LAT/LON1/LON2/DLON/H
  225  227  228  231  232  235  236  238  240  241  243  244  245  246  246  245
  245  242  239  237  236  235  231  227  222  220  217  211  209  205  202  201
  198  197  195  194  194  194  195  196  198  199  201  203  206  208  211  214
  217  219  221  223  224  225  225  225  225  224  224  223  223  222  221  220
  221  220  220  221  221  222  223  224  225
    80.0-180.0 180.0   5.0 450.0                            LAT/LON1/LON2/DLON/H
  212  214  216  218  219  221  223  226  230  231  234  238  240  241  242  241
  241  240  239  237  232  231  227  220  214  208  205  202  200  200  197  195
  193  190  189  187  186  186  187  188  189  192  195  197  201  205  209  213
  216  219  222  224  225  225  225  224  223  222  220  219  217  215  214  212
  210  209  209  209  208  208  209  210  212
    77.5-180.0 180.0   5.0 450.0                            LAT/LON1/LON2/DLON/H
  198  199  201  201  203  205  208  212  215  219  222  226  229  231  233  234
  234  233  230  234  237  234  227  222  222  218  213  208  204  201  198  197
  194  193  191  188  186  186  186  187  188  191  193  197  200  205  209  213
  217  220  223  226  226  227  226  224  222  220  218  216  213  210  207  204
  201  199  198  198  196  197  196  197  198
    75.0-180.0 180.0   5.0 450.0                            LAT/LON1/LON2/DLON/H
  188  188  189  189  190  193  196  199  202  207  211  214  218  220  220  221
  222  224  228  228  228  231  230  226  223  221  221  218  213  208  207  205
  202  203  203  200  196  194  193  192  194  196  198  201  205  209  212  216
  219  222  225  226  227  227  225  223  221  219  217  214  211  206  202  198
  195  193  191  191  189  189  187  187  188
    72.5-180.0 180.0   5.0 450.0                            LAT/LON1/LON2/DLON/H
  185  185  185  184  185  188  189  191  193  197  200  204  206  207  209  211
  211  214  217  217  224  228  235  235  234  229  230  231  228  225  220  220
  220  220  218  217  216  211  207  206  205  206  208  209  212  215  218  221
  223  226  227  228  227  226  225  222  220  217  215  212  209  205  200  196
  193  191  190  189  188  187  186  186  185
    70.0-180.0 180.0   5.0 450.0                            LAT/LON1/LON2/DLON/H
  190  188  187  186  186  187  187  187  188  191  193  197  198  200  200  201
  204  204  207  211  219  227  237  244  249  244  246  245  247  242  242  244
  244  243  243  242  238  235  230  226  224  222  221  220  222  224  226  228
  229  230  231  231  229  227  224  221  218  215  213  211  208  205  200  197
  196  193  193  192  192  192  191  190  190
    67.5-180.0 180.0   5.0 450.0                            LAT/LON1/LON2/DLON/H
  199  197  196  193  192  192  191  190  190  189  192  195  196  198  198  198
  200  201  205  211  220  231  241  251  258  257  258  259  260  262  264  267
  269  271  272  271  266  262  257  250  243  239  237  235  236  236  236  236
  237  236  236  234  231  229  224  220  217  214  212  211  208  206  203  201
  199  198  197  197  198  199  199  199  199
    65.0-180.0 180.0   5.0 450.0                            LAT/LON1/LON2/DLON/H
  210  211  210  207  205  204  200  197  196  196  198  200  202  202  201  201
  204  205  209  217  225  236  246  255  261  263  263  266  268  272  278  282
  289  293  295  294  292  286  278  270  263  257  253  250  249  248  247  247
  246  244  241  238  233  230  225  221  217  215  213  211  209  207  205  202
  200  199  199  200  202  204  207  209  210
    62.5-180.0 180.0   5.0 450.0                            LAT/LON1/LON2/DLON/H
  220  223  226  226  224  221  215  212  210  209  210  211  212  212  211  211
  214  214  220  225  233  242  251  258  262  263  264  267  271  277  285  291
  299  305  308  309  307  301  293  285  278  272  267  264  263  261  260  260
  258  253  249  242  237  234  229  224  220  217  215  211  210  207  205  202
  199  198  199  200  202  206  210  215  220
    60.0-180.0 180.0   5.0 450.0                            LAT/LON1/LON2/DLON/H
  221  229  235  240  239  234  230  228  225  224  225  226  226  226  227  228
  228  228  233  235  241  247  253  258  261  262  263  266  272  279  287  295
  304  310  314  316  315  311  304  297  291  286  282  278  276  274  273  272
  268  263  257  250  245  239  233  227  224  220  217  214  212  208  205  200
  197  195  196  196  198  201  207  214  221
    57.5-180.0 180.0   5.0 450.0                            LAT/LON1/LON2/DLON/H
  216  226  236  244  247  246  245  243  241  239  241  242  242  243  243  243
  242  243  245  246  248  251  254  257  258  261  263  268  273  281  290  297
  305  312  316  320  320  317  313  308  304  300  296  293  289  286  284  282
  278  273  267  261  252  243  237  231  227  222  219  215  214  209  204  200
  195  192  190  189  190  193  198  206  216
    55.0-180.0 180.0   5.0 450.0                            LAT/LON1/LON2/DLON/H
  206  219  231  241  250  253  254  253  253  253  254  257  258  259  259  257
  256  257  257  255  254  254  254  255  257  260  264  269  277  285  294  301
  308  315  318  322  323  322  320  318  317  314  313  309  305  301  296  291
  288  284  277  269  259  250  242  235  230  226  223  219  217  211  205  200
  195  189  185  182  180  182  187  195  206
    52.5-180.0 180.0   5.0 450.0                            LAT/LON1/LON2/DLON/H
  196  209  223  237  250  257  260  261  263  265  267  269  272  273  273  271
  269  268  265  262  259  256  254  253  256  260  267  276  285  294  302  311
  317  321  324  327  327  329  330  330  329  329  328  325  321  316  309  302
  298  292  284  274  265  258  251  242  237  232  228  224  221  215  209  202
  196  190  182  177  173  173  177  184  196
    50.0-180.0 180.0   5.0 450.0                            LAT/LON1/LON2/DLON/H
  186  199  217  232  247  257  264  269  272  275  278  282  286  287  286  284
  281  278  273  269  264  259  257  256  259  266  275  286  298  309  318  325
  329  333  335  337  337  339  341  344  344  345  344  342  338  332  321  313
  307  300  291  279  272  266  259  252  247  241  236  232  228  221  214  208
  201  193  185  176  171  169  170  176  186
    47.5-180.0 180.0   5.0 450.0                            LAT/LON1/LON2/DLON/H
  179  192  208  227  243  255  265  273  278  284  291  296  300  300  298  296
  292  287  282  277  272  268  265  265  270  279  290  303  316  328  338  346
  349  352  351  351  352  354  358  358  361  362  362  360  355  347  335  325
  316  307  298  286  278  272  267  263  258  252  248  242  236  228  221  215
  208  200  191  181  175  171  170  173  179
    45.0-180.0 180.0   5.0 450.0                            LAT/LON1/LON2/DLON/H
  178  187  203  220  238  253  266  276  283  292  301  308  313  313  310  307
  302  298  292  289  285  283  281  282  289  299  311  326  338  351  361  369
  375  375  374  372  374  377  379  380  381  381  380  377  371  362  350  339
  325  315  305  295  285  280  276  275  271  267  260  253  246  236  229  223
  218  210  202  193  185  179  176  175  178
    42.5-180.0 180.0   5.0 450.0                            LAT/LON1/LON2/DLON/H
  180  185  198  216  234  253  268  279  289  300  309  320  325  325  323  318
  314  309  305  304  304  304  305  310  317  327  340  354  364  373  387  397
  402  406  402  403  405  407  408  406  405  404  401  396  390  379  367  352
  335  324  313  303  294  288  285  285  285  281  274  265  257  247  239  234
  229  222  216  207  198  191  185  181  180
    40.0-180.0 180.0   5.0 450.0                            LAT/LON1/LON2/DLON/H
  183  183  193  210  232  252  269  283  296  309  321  331  337  338  335  331
  327  324  323  324  328  334  338  344  352  363  373  385  393  401  416  428
  435  440  441  440  444  445  441  437  433  427  423  417  411  399  385  367
  350  336  323  312  302  297  296  297  297  294  287  278  270  259  251  246
  240  236  230  222  213  204  195  188  183
    37.5-180.0 180.0   5.0 450.0                            LAT/LON1/LON2/DLON/H
  186  182  188  204  226  248  268  286  304  321  334  344  350  351  349  346
  342  342  343  348  356  367  375  382  390  401  409  418  423  431  447  458
  473  478  483  484  488  490  484  474  463  454  447  442  437  424  404  384
  367  350  334  321  309  305  306  307  308  304  297  289  283  272  264  258
  252  247  242  233  226  216  205  195  186
    35.0-180.0 180.0   5.0 450.0                            LAT/LON1/LON2/DLON/H
  190  182  184  199  219  245  267  289  310  332  349  359  364  364  363  361
  359  363  367  375  387  402  413  420  428  440  447  452  455  466  479  492
  508  517  524  531  534  535  527  513  497  483  473  468  461  448  425  401
  381  361  342  328  317  313  312  312  314  311  307  301  295  284  277  270
  265  259  254  245  238  226  214  203  190
    32.5-180.0 180.0   5.0 450.0                            LAT/LON1/LON2/DLON/H
  194  183  182  193  217  245  269  292  317  343  364  375  378  378  377  376
  379  386  393  403  416  434  447  454  461  475  482  487  490  497  512  531
  546  557  566  574  578  575  567  549  528  510  501  498  486  470  445  417
  392  369  349  334  323  318  317  316  317  315  313  309  304  295  288  280
  275  269  261  252  243  231  222  209  194
    30.0-180.0 180.0   5.0 450.0                            LAT/LON1/LON2/DLON/H
  197  185  181  189  212  243  273  300  326  355  379  389  393  393  391  393
  401  411  418  429  444  461  473  481  487  502  512  522  525  531  548  568
  584  596  605  614  617  616  602  582  556  539  531  527  511  486  457  429
  401  374  354  338  326  321  319  319  317  316  314  312  310  303  294  286
  279  272  264  254  244  234  223  211  197
    27.5-180.0 180.0   5.0 450.0                            LAT/LON1/LON2/DLON/H
  196  185  182  188  208  240  276  309  340  371  394  404  408  408  408  414
  424  434  443  453  468  485  497  504  508  522  538  552  559  566  581  601
  622  632  640  650  651  648  630  607  582  565  555  549  530  497  462  432
  404  376  355  339  328  322  318  317  313  310  311  312  311  304  295  285
  278  271  263  253  243  233  221  210  196
    25.0-180.0 180.0   5.0 450.0                            LAT/LON1/LON2/DLON/H
  193  184  181  189  210  239  280  320  356  384  406  417  423  426  427  436
  446  456  465  475  488  503  516  524  526  540  560  580  591  599  616  637
  656  663  676  685  679  672  661  631  603  583  572  561  538  499  459  430
  401  373  353  339  326  318  312  308  303  300  301  305  306  299  289  280
  273  265  254  246  237  227  217  205  193
    22.5-180.0 180.0   5.0 450.0                            LAT/LON1/LON2/DLON/H
  190  182  181  190  211  242  282  324  362  392  414  429  436  442  446  457
  467  477  484  493  503  515  528  536  543  560  581  604  621  633  650  668
  687  694  702  709  703  687  678  655  621  599  589  573  542  498  455  421
  392  367  349  336  323  314  305  298  292  289  290  295  296  289  279  270
  262  254  242  233  224  219  211  200  190
    20.0-180.0 180.0   5.0 450.0                            LAT/LON1/LON2/DLON/H
  185  179  179  186  206  237  277  320  360  393  416  435  447  456  462  476
  484  494  499  506  514  525  537  547  559  580  603  625  649  663  677  695
  711  716  717  717  703  689  684  664  634  615  608  587  549  499  452  415
  385  365  349  337  326  315  306  295  287  285  287  290  290  279  270  260
  251  242  230  218  214  209  203  193  185
    17.5-180.0 180.0   5.0 450.0                            LAT/LON1/LON2/DLON/H
  181  176  174  179  196  226  267  310  352  386  411  433  452  466  475  487
  498  505  509  515  523  536  549  561  576  599  625  647  669  683  694  711
  724  726  720  709  689  676  673  661  640  630  624  597  554  502  451  416
  394  377  362  352  339  327  318  306  295  294  296  294  291  274  264  256
  244  233  221  211  207  204  199  189  181
    15.0-180.0 180.0   5.0 450.0                            LAT/LON1/LON2/DLON/H
  181  176  171  171  184  212  250  295  338  373  399  425  449  469  482  493
  502  508  513  521  530  545  562  576  594  617  642  665  685  694  698  709
  721  723  716  699  675  667  663  656  645  638  629  601  562  507  459  426
  413  402  389  377  361  348  339  326  315  313  312  304  295  274  260  250
  239  225  213  208  205  203  198  190  181
    12.5-180.0 180.0   5.0 450.0                            LAT/LON1/LON2/DLON/H
  184  178  171  166  174  199  231  274  318  356  384  415  444  467  481  492
  500  506  512  521  533  549  569  587  607  631  655  678  693  697  696  700
  708  715  709  691  676  671  667  660  652  646  634  610  569  518  469  443
  440  432  419  403  385  372  360  347  338  334  328  315  301  275  257  242
  230  216  206  203  204  203  200  192  184
    10.0-180.0 180.0   5.0 450.0                            LAT/LON1/LON2/DLON/H
  187  180  172  163  164  183  216  258  300  339  372  402  434  459  475  486
  493  500  507  518  532  551  574  595  618  643  666  686  696  695  688  689
  699  709  705  694  684  682  680  673  662  656  646  620  578  529  485  466
  465  455  440  423  406  394  380  367  360  353  345  328  308  277  255  239
  223  208  199  197  199  200  199  193  187
     7.5-180.0 180.0   5.0 450.0                            LAT/LON1/LON2/DLON/H
  185  180  173  164  161  173  202  242  284  324  359  390  420  446  465  478
  486  495  504  514  529  551  577  601  627  652  676  691  696  691  682  681
  690  701  704  701  694  691  691  686  674  669  656  630  588  540  505  490
  482  471  456  439  424  415  400  388  380  374  362  341  317  282  260  244
  221  204  194  190  192  195  196  191  185
     5.0-180.0 180.0   5.0 450.0                            LAT/LON1/LON2/DLON/H
  179  176  169  160  159  169  194  232  273  314  349  380  409  435  455  470
  481  490  501  513  529  552  579  607  635  661  683  695  696  688  678  675
  683  693  701  703  698  698  701  696  685  677  655  629  587  546  518  503
  497  485  469  448  437  429  414  401  394  386  371  344  318  288  266  246
  223  203  192  188  187  187  189  185  179
     2.5-180.0 180.0   5.0 450.0                            LAT/LON1/LON2/DLON/H
  172  168  161  152  155  167  190  226  267  308  344  375  404  430  450  466
  479  490  500  514  530  554  582  611  642  667  689  700  697  687  678  673
  680  688  695  697  698  704  707  695  679  662  636  605  570  537  513  503
  500  488  464  443  429  421  410  397  388  377  362  336  311  284  263  245
  226  207  193  188  183  179  178  173  172
