DORISInput/IGSGIM/2024/IGS0OPSFIN_20241320000_01D_02H_GIM.INX
     1.0            IONOSPHERE MAPS     MIX                 IONEX VERSION / TYPE
cmpcmb v1.2          GRL/UWM            28-may-24 16:33     PGM / RUN BY / DATE 
ionex file containing IGS COMBINED Ionosphere maps          COMMENT             
global ionosphere maps for day 132, 2024                    DESCRIPTION         
IONEX file containing the COMBINED IGS TEC MAPS and DCBs    DESCRIPTION         
      IONEX files of the following IAACs were combined: cod DESCRIPTION         
                                                        jpl DESCRIPTION         
                                                        upc DESCRIPTION         
Contact address: Andrzej Krankowski                         DESCRIPTION
                 Geodynamics Research Laboratory            DESCRIPTION
                 University of Warmia and Mazury (GRL/UWM)  DESCRIPTION
                 Oczapowski St. 1                           DESCRIPTION
                 10-957-Olsztyn, POLAND                     DESCRIPTION
                 e-mail:  kand@uwm.edu.pl                   DESCRIPTION
                                                            DESCRIPTION         
  2024     5    11     0     0     0                        EPOCH OF FIRST MAP  
  2024     5    12     0     0     0                        EPOCH OF LAST MAP   
  7200                                                      INTERVAL            
    13                                                      # OF MAPS IN FILE   
  COSZ                                                      MAPPING FUNCTION    
     0.0                                                    ELEVATION CUTOFF    
combined TEC calculated as weighted mean of input TEC valuesOBSERVABLES USED    
   338                                                      # OF STATIONS       
    32                                                      # OF SATELLITES     
  6371.0                                                    BASE RADIUS         
     2                                                      MAP DIMENSION       
   450.0 450.0   0.0                                        HGT1 / HGT2 / DHGT  
    87.5 -87.5  -2.5                                        LAT1 / LAT2 / DLAT  
  -180.0 180.0   5.0                                        LON1 / LON2 / DLON  
    -1                                                      EXPONENT            
TEC values in 0.1 tec units;  9999, if no value available   COMMENT             
DCB values in nanoseconds, reference is Sum_of_SatDCBs = 0  COMMENT             
                                                            END OF HEADER       
[from data line 3432]
     9                                                      START OF TEC MAP    
  2024     5    11    16     0     0                        EPOCH OF CURRENT MAP
    87.5-180.0 180.0   5.0 450.0                            LAT/LON1/LON2/DLON/H
  149  149  150  150  151  150  151  152  152  152  152  152  153  152  153  152
  152  152  152  152  152  153  154  156  157  157  158  158  157  155  155  154
  152  151  150  149  148  147  146  145  144  144  143  142  142  141  141  142
  142  142  142  142  142  143  142  143  142  142  141  142  142  143  143  143
  144  145  145  146  147  148  148  149  149
    85.0-180.0 180.0   5.0 450.0                            LAT/LON1/LON2/DLON/H
  146  147  147  147  148  149  149  150  152  152  153  154  156  156  157  159
  160  161  162  162  163  163  165  166  167  165  164  163  161  160  158  157
  155  152  150  148  145  143  141  139  137  136  135  134  133  133  133  132
  133  133  134  135  136  137  139  139  140  140  140  141  141  142  142  143
  144  145  145  145  145  145  146  145  146
    82.5-180.0 180.0   5.0 450.0                            LAT/LON1/LON2/DLON/H
  143  143  143  143  143  144  144  145  146  148  150  151  154  155  157  158
  160  161  162  163  166  169  170  171  172  173  173  170  168  166  164  161
  159  156  153  150  147  144  141  138  135  131  129  127  127  127  128  129
  131  132  133  135  137  138  141  142  144  144  145  146  147  146  147  146
  146  145  143  143  143  142  142  142  143
    80.0-180.0 180.0   5.0 450.0                            LAT/LON1/LON2/DLON/H
  141  139  140  139  140  140  140  140  140  140  142  144  145  147  149  150
  152  155  157  159  162  165  169  174  174  175  174  174  171  169  167  164
  161  158  154  150  147  143  140  136  134  131  129  126  125  124  126  128
  131  135  138  141  144  148  151  153  156  158  160  159  159  158  156  154
  151  148  146  144  143  142  142  141  141
    77.5-180.0 180.0   5.0 450.0                            LAT/LON1/LON2/DLON/H
  138  138  136  135  133  131  131  131  132  134  135  135  134  133  133  136
  140  144  145  147  154  155  160  168  177  176  174  172  171  170  168  165
  162  158  154  150  146  143  140  137  135  133  131  129  129  130  131  134
  138  143  148  153  158  163  168  171  174  176  177  176  175  171  168  163
  158  154  150  147  144  142  140  139  138
    75.0-180.0 180.0   5.0 450.0                            LAT/LON1/LON2/DLON/H
  136  135  133  129  128  127  127  127  130  129  128  125  123  123  122  121
  124  126  131  135  140  145  153  161  168  172  172  172  172  170  168  165
  160  155  152  149  144  142  140  138  136  135  135  134  135  137  140  144
  148  154  161  168  175  181  187  190  193  194  193  190  187  182  176  170
  163  158  153  149  145  142  140  137  136
    72.5-180.0 180.0   5.0 450.0                            LAT/LON1/LON2/DLON/H
  136  134  131  128  127  126  126  128  127  126  123  120  117  114  112  112
  113  116  119  123  131  135  145  151  159  169  171  169  171  169  167  164
  160  157  150  145  142  139  138  137  135  135  136  138  140  143  148  154
  159  167  175  183  190  196  201  204  205  203  200  195  190  184  176  169
  162  157  153  150  146  144  140  138  136
    70.0-180.0 180.0   5.0 450.0                            LAT/LON1/LON2/DLON/H
  139  135  132  130  129  128  128  127  126  125  122  118  114  111  112  110
  108  106  110  115  121  127  138  146  155  167  169  171  172  170  167  162
  157  150  145  140  135  133  131  130  131  133  136  139  142  146  152  158
  165  173  182  191  198  204  206  206  204  200  194  187  180  172  165  158
  153  149  147  147  146  145  142  141  139
    67.5-180.0 180.0   5.0 450.0                            LAT/LON1/LON2/DLON/H
  142  139  135  133  133  132  129  127  125  123  122  118  115  115  114  108
  105  105  108  112  116  124  136  146  158  169  174  177  178  174  168  161
  154  148  140  135  131  127  126  125  126  129  133  136  140  144  149  156
  163  172  182  190  196  198  198  194  188  180  171  162  154  146  140  135
  132  132  134  137  141  144  145  144  142
    65.0-180.0 180.0   5.0 450.0                            LAT/LON1/LON2/DLON/H
  145  143  140  138  136  135  131  128  124  123  122  119  119  118  113  110
  108  107  108  113  117  126  138  149  163  176  183  188  187  181  175  166
  158  149  142  135  131  125  122  120  120  122  126  130  133  137  142  147
  153  161  169  176  179  179  174  166  155  144  133  123  114  107  103  101
  102  107  113  122  132  139  143  145  145
    62.5-180.0 180.0   5.0 450.0                            LAT/LON1/LON2/DLON/H
  144  146  147  144  140  136  132  128  125  123  122  120  121  119  116  114
  112  110  111  115  121  129  141  154  167  182  193  197  198  192  184  176
  167  157  148  138  131  124  119  116  114  116  119  122  124  125  127  131
  135  140  146  150  152  148  141  129  114  101   89   79   74   72   73   73
   74   78   89  102  116  127  134  139  144
    60.0-180.0 180.0   5.0 450.0                            LAT/LON1/LON2/DLON/H
  134  140  143  142  139  135  132  129  125  122  120  119  120  119  119  118
  117  113  113  116  123  131  142  155  171  186  198  202  203  200  192  186
  177  167  157  146  137  128  121  116  114  115  116  117  116  115  113  113
  114  117  120  121  121  115  106   93   76   62   55   54   54   53   55   56
   59   61   64   77   94  108  117  126  134
    57.5-180.0 180.0   5.0 450.0                            LAT/LON1/LON2/DLON/H
  113  123  129  131  132  131  130  127  123  120  116  116  117  118  121  120
  119  116  115  116  122  130  141  154  170  183  197  203  205  206  201  194
  187  178  169  160  148  138  130  125  122  121  120  118  115  110  103   99
   97   96   95   93   91   83   75   61   47   39   39   39   40   41   43   45
   47   50   53   56   69   82   91  103  113
    55.0-180.0 180.0   5.0 450.0                            LAT/LON1/LON2/DLON/H
   86   98  108  116  120  123  123  122  119  115  112  111  112  115  119  120
  118  116  114  114  118  124  135  146  163  178  189  200  206  209  208  204
  197  191  184  176  165  155  148  143  140  137  134  130  122  113  102   92
   85   80   76   74   71   64   57   45   36   33   34   36   37   40   41   40
   41   42   43   44   45   55   63   75   86
    52.5-180.0 180.0   5.0 450.0                            LAT/LON1/LON2/DLON/H
   58   70   84   95  104  111  115  116  113  111  108  106  108  111  115  116
  115  113  111  110  112  118  127  138  153  167  180  192  202  209  212  212
  208  203  198  192  183  174  169  166  163  162  158  151  141  129  113   98
   86   77   73   70   66   61   56   51   48   47   49   52   55   55   53   47
   40   39   37   36   36   34   37   46   58
    50.0-180.0 180.0   5.0 450.0                            LAT/LON1/LON2/DLON/H
   35   43   58   74   87   98  106  110  109  107  106  104  105  108  111  112
  112  109  107  107  108  113  121  130  143  155  170  183  195  205  212  215
  215  212  210  206  199  192  189  189  189  188  186  177  168  153  135  119
  101   90   83   78   74   71   71   74   78   83   89   95  100   98   94   85
   71   56   42   34   31   27   27   30   35
    47.5-180.0 180.0   5.0 450.0                            LAT/LON1/LON2/DLON/H
   28   35   44   54   71   86   98  106  108  108  107  105  105  107  109  111
  111  110  108  107  108  111  117  125  135  146  159  171  185  196  206  212
  216  219  220  218  215  210  209  209  211  211  209  204  196  183  163  145
  126  114  104   97   93   93   98  108  119  129  140  151  158  159  152  143
  119   97   75   51   33   25   22   23   28
    45.0-180.0 180.0   5.0 450.0                            LAT/LON1/LON2/DLON/H
   23   30   38   45   57   75   90  102  109  111  111  109  109  110  112  113
  114  113  112  111  112  114  118  123  131  139  151  161  173  186  198  207
  215  223  227  228  227  225  224  225  227  227  227  225  219  207  191  173
  155  143  130  121  116  118  126  140  155  171  188  205  214  229  218  214
  189  163  136   98   66   38   23   22   23
    42.5-180.0 180.0   5.0 450.0                            LAT/LON1/LON2/DLON/H
   25   29   36   42   50   66   84   99  110  115  117  116  114  115  116  117
  118  118  118  119  119  121  124  126  132  139  148  158  168  181  193  205
  216  227  233  236  236  234  233  234  235  236  236  237  235  225  212  198
  181  167  154  146  139  139  146  159  175  193  212  236  246  275  277  272
  257  236  207  169  126   80   46   26   25
    40.0-180.0 180.0   5.0 450.0                            LAT/LON1/LON2/DLON/H
   43   36   39   43   50   64   79   96  110  119  124  124  122  121  121  122
  123  125  126  127  128  130  131  134  138  144  151  160  169  180  193  206
  219  230  238  242  241  239  238  237  238  238  241  243  242  234  224  212
  198  184  173  163  156  153  158  167  182  198  218  238  250  286  300  305
  306  297  280  236  199  144   98   67   43
    37.5-180.0 180.0   5.0 450.0                            LAT/LON1/LON2/DLON/H
   90   69   62   60   61   69   79   93  110  123  130  131  129  127  126  127
  128  129  131  135  136  138  140  143  148  154  160  167  173  182  196  209
  223  236  244  247  247  244  241  240  239  239  241  243  242  237  228  218
  207  196  187  176  167  162  164  171  183  197  212  230  243  279  307  330
  346  352  344  312  270  217  171  125   90
    35.0-180.0 180.0   5.0 450.0                            LAT/LON1/LON2/DLON/H
  140  113  101   91   84   82   83   94  110  125  135  138  136  134  132  132
  132  132  134  138  141  144  147  153  160  169  173  175  178  185  199  214
  230  244  253  255  254  251  247  245  242  241  243  243  240  233  226  219
  211  203  195  185  174  167  166  171  182  192  203  218  233  272  310  350
  385  402  403  377  335  277  230  182  140
    32.5-180.0 180.0   5.0 450.0                            LAT/LON1/LON2/DLON/H
  185  158  145  132  119  105   95   99  113  129  141  145  144  143  141  139
  136  134  135  138  141  147  154  164  175  186  189  187  184  188  204  223
  241  256  264  269  269  265  261  258  255  250  250  248  240  232  222  216
  210  206  201  194  181  172  168  172  181  188  197  214  231  271  314  364
  411  437  441  423  385  323  268  224  185
    30.0-180.0 180.0   5.0 450.0                            LAT/LON1/LON2/DLON/H
  213  193  185  175  160  138  118  111  118  134  149  155  156  156  154  151
  145  141  138  138  143  150  161  175  191  204  205  199  194  195  214  237
  257  272  282  287  289  286  284  282  278  274  266  259  247  235  223  214
  210  209  207  203  190  178  172  173  179  187  197  214  235  276  321  373
  421  448  450  439  403  345  291  248  213
    27.5-180.0 180.0   5.0 450.0                            LAT/LON1/LON2/DLON/H
  227  211  212  210  201  177  147  129  129  143  163  170  175  178  175  173
  165  156  149  147  149  157  170  189  207  220  221  213  206  208  229  255
  278  294  306  317  322  324  321  319  312  304  292  279  262  246  230  219
  213  212  213  212  203  186  177  173  176  183  194  216  240  281  326  372
  418  437  436  425  390  344  293  256  227
    25.0-180.0 180.0   5.0 450.0                            LAT/LON1/LON2/DLON/H
  219  213  223  233  233  211  178  153  147  164  182  194  204  210  209  207
  197  187  177  171  168  171  182  201  219  233  236  228  221  229  251  281
  306  323  338  355  363  367  367  364  354  344  329  313  291  270  249  231
  218  216  220  220  210  195  184  175  174  181  191  213  239  278  318  356
  396  408  400  379  342  314  272  238  219
    22.5-180.0 180.0   5.0 450.0                            LAT/LON1/LON2/DLON/H
  188  194  216  234  243  234  206  182  172  187  205  220  240  250  252  257
  248  241  227  216  206  200  204  216  230  244  248  246  246  258  285  314
  344  357  385  404  411  417  422  416  408  391  376  361  339  311  282  252
  232  229  228  223  215  206  196  185  180  181  186  203  229  264  299  331
  359  361  344  312  284  257  228  196  188
    20.0-180.0 180.0   5.0 450.0                            LAT/LON1/LON2/DLON/H
  146  163  190  215  231  235  224  205  193  208  224  244  273  288  299  311
  315  313  300  287  267  246  238  235  242  253  262  268  281  299  331  361
  390  406  432  450  462  470  476  471  460  444  434  421  398  364  328  288
  258  246  237  230  224  219  212  201  193  186  181  191  212  241  273  300
  316  311  289  258  230  201  180  149  146
    17.5-180.0 180.0   5.0 450.0                            LAT/LON1/LON2/DLON/H
  113  133  157  185  209  224  228  217  208  219  238  263  295  320  344  365
  381  390  385  373  343  302  277  258  255  265  277  296  321  350  389  419
  446  466  484  497  513  525  530  523  513  499  493  480  461  425  384  339
  298  270  255  249  245  242  238  231  214  198  182  180  193  214  242  262
  273  266  248  218  188  160  135  113  113
    15.0-180.0 180.0   5.0 450.0                            LAT/LON1/LON2/DLON/H
   89  104  129  154  181  209  223  222  217  228  251  278  312  345  382  409
  431  452  459  451  409  351  308  279  270  280  302  328  368  410  455  485
  507  526  538  548  567  579  584  579  571  556  546  537  526  496  454  397
  347  307  284  277  276  276  276  270  247  218  191  174  177  192  213  230
  237  233  218  193  164  134  107   91   89
    12.5-180.0 180.0   5.0 450.0                            LAT/LON1/LON2/DLON/H
   75   86  104  124  148  186  215  222  224  236  262  292  323  359  397  433
  466  496  508  501  449  388  333  298  288  302  334  372  417  473  525  558
  573  586  593  602  620  631  638  634  628  611  596  597  585  560  524  462
  404  348  319  310  311  317  321  317  290  248  208  177  172  182  198  208
  216  214  202  180  149  118   92   78   75
    10.0-180.0 180.0   5.0 450.0                            LAT/LON1/LON2/DLON/H
   67   76   85   97  124  164  200  219  229  245  274  304  329  358  393  433
  480  524  535  526  474  411  351  316  310  333  375  423  475  536  589  626
  642  644  654  656  666  680  690  687  671  651  638  640  635  615  577  516
  448  391  359  347  351  362  371  368  340  292  241  202  191  195  203  208
  215  213  201  177  139  106   83   67   67
     7.5-180.0 180.0   5.0 450.0                            LAT/LON1/LON2/DLON/H
   63   70   74   82  107  148  190  218  237  257  286  315  335  356  385  424
  476  530  550  531  479  415  359  329  331  366  419  477  537  599  648  678
  695  700  709  703  706  717  725  719  699  680  672  670  664  649  614  548
  484  433  399  385  390  404  414  413  391  343  293  252  239  237  243  240
  237  230  212  181  136   96   72   60   63
     5.0-180.0 180.0   5.0 450.0                            LAT/LON1/LON2/DLON/H
   55   65   68   75   99  139  186  227  250  275  304  332  348  363  386  420
  466  514  533  511  458  397  352  334  351  396  461  530  592  644  685  711
  732  745  752  746  742  742  741  733  716  695  685  679  674  663  627  570
  515  470  433  414  418  436  449  449  429  390  346  308  297  299  308  297
  281  264  240  199  142   93   61   52   55
     2.5-180.0 180.0   5.0 450.0                            LAT/LON1/LON2/DLON/H
   42   54   60   67   93  139  193  243  276  303  333  361  373  388  403  433
  465  497  505  479  424  368  337  338  371  426  496  565  621  661  692  714
  744  761  765  764  758  749  743  735  717  696  680  669  663  649  609  568
  531  493  456  431  432  455  467  467  451  419  384  357  352  361  376  370
  345  318  282  229  159   98   54   39   42
