DORISInput/IGSGIM/2024/IGS0OPSFIN_20241470000_01D_02H_GIM.INX
     1.0            IONOSPHERE MAPS     MIX                 IONEX VERSION / TYPE
cmpcmb v1.2          GRL/UWM            12-jun-24 16:02     PGM / RUN BY / DATE 
ionex file containing IGS COMBINED Ionosphere maps          COMMENT             
global ionosphere maps for day 147, 2024                    DESCRIPTION         
IONEX file containing the COMBINED IGS TEC MAPS and DCBs    DESCRIPTION         
      IONEX files of the following IAACs were combined: cod DESCRIPTION         
                                                        jpl DESCRIPTION         
                                                        upc DESCRIPTION         
Contact address: Andrzej Krankowski                         DESCRIPTION
                 Geodynamics Research Laboratory            DESCRIPTION
                 University of Warmia and Mazury (GRL/UWM)  DESCRIPTION
                 Oczapowski St. 1                           DESCRIPTION
                 10-957-Olsztyn, POLAND                     DESCRIPTION
                 e-mail:  kand@uwm.edu.pl                   DESCRIPTION
                                                            DESCRIPTION         
  2024     5    26     0     0     0                        EPOCH OF FIRST MAP  
  2024     5    27     0     0     0                        EPOCH OF LAST MAP   
  7200                                                      INTERVAL            
    13                                                      # OF MAPS IN FILE   
  COSZ                                                      MAPPING FUNCTION    
     0.0                                                    ELEVATION CUTOFF    
combined TEC calculated as weighted mean of input TEC valuesOBSERVABLES USED    
   335                                                      # OF STATIONS       
    32                                                      # OF SATELLITES     
  6371.0                                                    BASE RADIUS         
     2                                                      MAP DIMENSION       
   450.0 450.0   0.0                                        HGT1 / HGT2 / DHGT  
    87.5 -87.5  -2.5                                        LAT1 / LAT2 / DLAT  
  -180.0 180.0   5.0                                        LON1 / LON2 / DLON  
    -1                                                      EXPONENT            
TEC values in 0.1 tec units;  9999, if no value available   COMMENT             
DCB values in nanoseconds, reference is Sum_of_SatDCBs = 0  COMMENT             
                                                            END OF HEADER       
[from data line 5148]
    13                                                      START OF TEC MAP    
  2024     5    27     0     0     0                        EPOCH OF CURRENT MAP
    87.5-180.0 180.0   5.0 450.0                            LAT/LON1/LON2/DLON/H
  201  201  202  204  204  205  205  205  205  206  206  206  206  206  206  206
  205  205  205  204  204  203  203  202  202  202  202  201  201  199  198  197
  197  196  196  194  194  194  194  194  193  192  192  192  191  192  192  192
  192  192  192  193  192  193  192  193  193  193  193  193  194  194  195  195
  196  196  197  198  198  199  199  201  201
    85.0-180.0 180.0   5.0 450.0                            LAT/LON1/LON2/DLON/H
  205  207  207  207  208  209  209  211  211  213  213  214  215  216  216  217
  217  217  216  214  213  212  212  212  211  209  207  204  203  201  200  199
  198  197  197  196  195  196  194  194  193  193  192  192  191  190  189  189
  188  188  189  190  191  193  193  194  194  194  195  195  195  196  196  197
  197  198  199  200  201  202  204  205  205
    82.5-180.0 180.0   5.0 450.0                            LAT/LON1/LON2/DLON/H
  206  206  207  207  209  210  212  214  216  218  221  222  223  224  226  226
  225  225  224  223  222  222  223  222  216  211  207  206  205  204  202  200
  198  195  194  193  193  190  191  192  192  192  192  193  193  193  193  192
  192  191  190  191  193  195  197  198  199  200  201  201  202  202  202  202
  202  202  202  203  203  203  204  205  206
    80.0-180.0 180.0   5.0 450.0                            LAT/LON1/LON2/DLON/H
  208  208  208  209  212  214  217  219  222  226  229  232  234  235  235  235
  234  234  232  231  228  224  228  217  216  216  214  211  207  203  201  198
  197  196  195  195  194  188  186  185  187  187  189  190  193  195  197  197
  197  198  197  197  199  201  202  204  206  208  209  210  212  212  213  213
  212  211  209  208  208  208  209  209  208
    77.5-180.0 180.0   5.0 450.0                            LAT/LON1/LON2/DLON/H
  211  212  211  214  217  219  222  226  231  235  238  245  246  247  245  244
  243  242  240  238  234  231  228  222  219  217  213  212  211  208  201  197
  196  195  194  194  194  194  193  190  189  190  191  194  195  198  200  202
  202  202  203  203  204  206  208  211  213  215  218  220  222  223  224  225
  224  222  221  219  218  216  215  213  211
    75.0-180.0 180.0   5.0 450.0                            LAT/LON1/LON2/DLON/H
  218  216  216  216  221  222  227  235  242  248  254  255  254  253  252  250
  249  246  243  239  235  233  228  224  219  217  213  209  206  204  203  202
  198  192  191  193  193  194  194  195  194  196  197  199  201  202  204  206
  206  207  207  208  208  210  213  216  219  222  225  228  230  233  234  236
  237  236  234  232  230  226  223  219  218
    72.5-180.0 180.0   5.0 450.0                            LAT/LON1/LON2/DLON/H
  225  221  219  220  222  228  235  243  251  258  261  264  264  262  257  254
  250  247  242  237  233  232  227  224  220  217  214  209  206  204  204  201
  198  194  193  193  193  192  193  194  197  201  203  204  205  206  207  208
  209  209  209  210  212  214  216  220  223  227  231  233  237  240  243  247
  249  248  247  244  240  236  233  229  225
    70.0-180.0 180.0   5.0 450.0                            LAT/LON1/LON2/DLON/H
  232  229  226  225  228  231  239  247  255  262  269  272  271  267  262  256
  251  246  241  235  231  231  226  225  222  218  215  211  208  206  204  202
  199  194  192  191  191  190  190  193  197  202  204  206  207  207  208  208
  209  210  210  212  214  217  220  224  228  231  235  238  243  246  251  254
  257  257  256  254  249  246  242  238  232
    67.5-180.0 180.0   5.0 450.0                            LAT/LON1/LON2/DLON/H
  242  237  233  231  231  234  239  248  257  265  273  278  277  271  266  260
  254  248  242  234  233  233  229  228  225  221  219  215  211  208  206  204
  199  196  194  191  190  187  188  190  195  199  201  203  204  206  206  206
  207  209  210  213  216  219  223  227  231  234  238  242  246  250  254  257
  259  260  261  260  258  255  251  248  242
    65.0-180.0 180.0   5.0 450.0                            LAT/LON1/LON2/DLON/H
  250  245  240  236  234  236  241  249  257  266  275  280  280  279  274  267
  260  255  248  242  240  239  238  235  232  229  224  221  216  210  207  206
  200  196  194  191  190  187  186  187  190  192  194  196  197  200  201  202
  204  207  210  213  219  222  227  232  235  239  241  244  248  251  254  256
  259  261  263  265  263  261  258  254  250
    62.5-180.0 180.0   5.0 450.0                            LAT/LON1/LON2/DLON/H
  257  253  249  244  241  243  246  251  258  266  275  282  285  286  282  275
  271  265  258  254  253  251  250  247  243  239  234  229  223  215  211  208
  204  198  195  191  188  185  182  182  182  183  184  186  188  191  192  194
  197  203  208  214  220  226  231  236  241  244  246  248  250  252  253  255
  258  261  265  266  266  265  262  259  257
    60.0-180.0 180.0   5.0 450.0                            LAT/LON1/LON2/DLON/H
  263  262  259  257  252  251  251  255  260  268  276  284  288  290  289  286
  283  280  275  273  271  269  266  262  258  250  245  239  233  226  219  213
  209  203  197  190  185  181  178  175  174  175  176  177  179  181  184  187
  192  199  207  215  222  231  237  244  249  252  254  255  255  254  254  254
  257  261  265  266  268  270  267  265  263
    57.5-180.0 180.0   5.0 450.0                            LAT/LON1/LON2/DLON/H
  269  272  274  272  267  262  261  262  266  272  279  285  291  293  294  295
  295  295  292  292  292  291  286  281  274  266  258  252  245  237  228  221
  214  208  199  191  185  178  175  172  170  170  170  170  171  173  175  180
  188  197  206  216  226  236  245  254  259  264  266  265  263  260  257  256
  258  261  265  266  269  271  272  269  269
    55.0-180.0 180.0   5.0 450.0                            LAT/LON1/LON2/DLON/H
  277  284  293  291  285  278  274  274  276  279  284  290  293  297  300  302
  305  306  308  309  310  310  306  302  293  283  274  267  256  248  239  232
  223  214  204  194  186  179  174  170  170  168  167  166  166  167  170  176
  184  194  205  219  232  244  255  265  273  278  280  279  276  272  266  263
  264  265  268  269  272  274  276  274  277
    52.5-180.0 180.0   5.0 450.0                            LAT/LON1/LON2/DLON/H
  286  296  309  311  307  300  294  293  291  292  293  296  298  302  306  310
  314  316  319  320  323  323  322  319  311  298  288  280  267  258  251  243
  232  220  209  196  189  181  175  172  171  169  167  166  165  165  166  172
  182  194  208  224  240  254  266  277  287  294  296  297  293  288  281  277
  275  276  277  276  279  280  285  286  286
    50.0-180.0 180.0   5.0 450.0                            LAT/LON1/LON2/DLON/H
  304  316  328  337  333  327  320  316  314  311  308  305  305  309  313  318
  322  325  326  328  332  333  334  333  325  309  298  291  278  271  263  252
  239  224  210  197  189  182  177  175  175  173  171  169  168  166  168  173
  183  194  211  229  246  261  276  288  301  309  313  314  312  306  299  295
  291  290  291  288  290  292  297  300  304
    47.5-180.0 180.0   5.0 450.0                            LAT/LON1/LON2/DLON/H
  331  344  355  364  361  358  352  347  343  336  328  320  317  318  322  326
  329  333  334  336  339  342  344  344  336  318  309  300  290  283  273  260
  243  226  210  196  189  185  182  180  180  179  179  177  174  171  172  178
  185  197  216  232  249  267  282  297  311  322  329  331  329  323  317  314
  311  309  310  308  307  308  316  323  331
    45.0-180.0 180.0   5.0 450.0                            LAT/LON1/LON2/DLON/H
  367  382  391  396  392  391  388  384  376  366  353  340  334  331  334  337
  339  342  343  345  348  351  354  355  348  329  321  309  300  292  281  264
  245  226  209  197  191  189  187  186  185  187  187  185  183  179  179  182
  190  203  222  236  254  272  289  305  321  333  342  346  344  338  334  332
  331  330  333  331  330  331  340  352  367
    42.5-180.0 180.0   5.0 450.0                            LAT/LON1/LON2/DLON/H
  401  416  429  428  431  427  425  423  416  403  383  366  355  351  351  351
  353  354  354  356  360  362  365  365  360  343  334  319  310  300  286  268
  247  227  211  200  195  193  193  192  192  193  194  194  192  189  188  191
  199  212  227  244  260  278  295  313  329  343  352  357  355  351  348  349
  351  355  357  356  358  359  369  382  401
    40.0-180.0 180.0   5.0 450.0                            LAT/LON1/LON2/DLON/H
  432  451  462  464  464  462  465  464  458  440  421  399  385  377  374  372
  370  369  370  373  376  375  375  375  371  356  346  334  319  307  292  272
  250  230  215  206  202  201  201  200  200  202  203  203  204  203  202  203
  209  219  232  247  264  283  302  321  336  350  359  364  364  362  360  362
  368  377  382  382  384  388  398  413  432
    37.5-180.0 180.0   5.0 450.0                            LAT/LON1/LON2/DLON/H
  459  476  488  495  500  507  508  508  503  484  463  438  420  411  404  400
  395  393  393  396  396  393  389  384  379  368  358  346  331  314  298  277
  255  236  224  216  213  213  211  211  211  213  215  218  219  218  216  214
  216  223  234  247  267  287  305  325  341  353  361  367  369  370  371  375
  384  397  403  405  409  415  426  442  459
    35.0-180.0 180.0   5.0 450.0                            LAT/LON1/LON2/DLON/H
  483  497  510  519  529  540  545  547  547  535  509  483  463  452  441  433
  426  425  426  426  421  414  409  398  387  377  365  354  341  323  306  285
  264  247  235  230  227  227  225  226  227  229  231  234  233  231  227  221
  219  222  231  245  265  286  304  324  340  350  358  365  371  375  380  387
  398  413  422  427  434  440  453  468  483
    32.5-180.0 180.0   5.0 450.0                            LAT/LON1/LON2/DLON/H
  505  516  528  537  553  568  577  583  586  583  556  532  513  498  481  469
  460  458  461  461  449  438  433  418  401  388  371  359  348  332  314  294
  273  258  247  244  242  241  241  243  246  247  249  249  246  239  233  225
  218  217  223  237  258  278  298  316  331  342  350  359  368  376  387  396
  407  423  435  447  458  468  480  495  505
    30.0-180.0 180.0   5.0 450.0                            LAT/LON1/LON2/DLON/H
  529  536  543  549  570  589  606  617  623  622  608  582  562  543  521  506
  496  493  495  495  478  460  450  435  417  402  384  369  356  340  323  302
  282  267  258  254  254  255  257  261  263  264  264  261  253  243  234  223
  215  211  211  223  241  266  287  304  319  329  339  350  362  376  390  403
  414  429  446  463  478  492  510  522  529
    27.5-180.0 180.0   5.0 450.0                            LAT/LON1/LON2/DLON/H
  554  558  561  564  585  611  630  646  656  661  652  626  604  585  561  544
  534  529  527  527  506  476  459  445  431  415  400  381  363  347  329  306
  290  273  262  257  259  264  268  274  277  278  276  269  257  245  234  223
  212  204  201  210  227  250  271  290  306  317  328  341  358  376  393  408
  425  439  456  472  493  514  532  545  554
    25.0-180.0 180.0   5.0 450.0                            LAT/LON1/LON2/DLON/H
  575  577  577  583  601  628  649  670  684  691  684  662  643  622  605  587
  573  566  560  554  528  496  476  456  443  430  413  389  369  352  333  310
  298  280  259  254  258  265  272  281  286  286  283  274  261  247  234  221
  206  197  193  199  214  235  254  275  294  307  320  337  356  377  395  415
  437  454  466  480  502  526  547  563  575
    22.5-180.0 180.0   5.0 450.0                            LAT/LON1/LON2/DLON/H
  588  595  594  598  619  644  665  690  706  713  708  692  675  662  645  630
  611  601  591  577  550  525  501  473  457  441  415  386  368  352  336  311
  303  281  252  247  254  261  270  282  287  286  285  276  262  248  233  216
  201  189  185  188  199  219  239  263  286  301  316  336  357  380  401  427
  451  467  477  489  512  536  558  575  588
    20.0-180.0 180.0   5.0 450.0                            LAT/LON1/LON2/DLON/H
  597  608  611  615  631  656  680  706  725  731  728  720  707  695  678  663
  648  636  620  605  579  552  524  489  468  443  401  370  349  335  323  296
  295  273  243  238  246  253  262  273  279  280  279  271  258  243  226  212
  194  180  176  175  184  205  228  256  279  298  319  341  365  390  415  443
  466  480  490  505  529  552  572  586  597
    17.5-180.0 180.0   5.0 450.0                            LAT/LON1/LON2/DLON/H
  610  621  630  637  649  671  695  719  739  748  748  744  736  724  707  695
  684  674  657  637  606  571  539  500  468  428  377  338  313  290  268  254
  273  258  238  230  239  240  248  256  262  265  263  255  248  235  218  201
  185  172  168  165  175  195  219  249  276  302  325  352  379  406  434  461
  480  493  507  527  550  574  593  604  610
    15.0-180.0 180.0   5.0 450.0                            LAT/LON1/LON2/DLON/H
  631  639  651  663  674  690  710  731  750  761  765  766  762  752  739  732
  719  713  693  669  630  586  544  502  457  399  341  293  261  235  221  225
  240  238  236  219  227  227  232  237  240  241  241  237  232  223  210  195
  181  169  162  161  169  186  213  246  280  310  336  366  396  425  454  481
  500  514  530  554  575  596  616  628  631
    12.5-180.0 180.0   5.0 450.0                            LAT/LON1/LON2/DLON/H
  656  664  678  690  701  712  726  743  760  773  781  785  783  781  773  767
  753  743  722  690  648  594  539  489  432  359  294  243  211  196  197  208
  216  223  230  216  220  218  218  219  219  217  217  220  219  214  204  190
  179  170  163  160  165  181  210  245  284  317  347  378  411  442  474  500
  521  541  559  584  602  621  639  651  656
    10.0-180.0 180.0   5.0 450.0                            LAT/LON1/LON2/DLON/H
  685  693  705  717  728  736  743  753  769  783  795  800  801  806  804  793
  779  763  740  701  652  590  524  459  389  312  248  204  181  177  187  198
  205  221  223  221  221  215  209  206  204  200  201  206  209  206  197  186
  178  172  163  156  159  176  207  244  283  320  354  388  423  459  491  516
  540  564  587  612  631  645  659  673  685
     7.5-180.0 180.0   5.0 450.0                            LAT/LON1/LON2/DLON/H
  710  719  732  745  754  757  757  761  772  788  801  810  816  821  818  806
  788  769  743  698  641  572  495  416  342  270  213  184  173  176  191  207
  217  226  233  232  230  215  207  203  200  194  193  200  202  198  191  182
  175  168  157  150  152  169  199  241  281  320  358  396  431  472  505  530
  555  582  608  637  656  670  682  697  710
     5.0-180.0 180.0   5.0 450.0                            LAT/LON1/LON2/DLON/H
  734  742  756  769  777  775  767  764  767  782  796  804  814  818  813  799
  778  757  729  680  618  544  459  372  299  250  200  182  182  194  217  230
  240  246  252  243  238  219  215  210  204  196  193  197  197  192  186  174
  166  158  145  140  142  160  191  230  274  315  355  396  435  474  511  538
  564  591  622  656  676  691  707  723  734
     2.5-180.0 180.0   5.0 450.0                            LAT/LON1/LON2/DLON/H
  754  760  774  791  797  790  775  764  762  770  781  787  796  796  791  777
  752  727  698  649  586  511  422  334  279  270  231  203  214  233  255  256
  263  265  264  250  245  231  227  219  211  203  195  194  191  183  174  161
  152  144  136  131  132  148  180  220  260  299  341  385  427  473  507  536
  563  591  623  659  682  702  724  744  754
