DORISInput/IGSGIM/2024/IGS0OPSFIN_20241370000_01D_02H_GIM.INX
     1.0            IONOSPHERE MAPS     MIX                 IONEX VERSION / TYPE
cmpcmb v1.2          GRL/UWM            28-may-24 18:31     PGM / RUN BY / DATE 
ionex file containing IGS COMBINED Ionosphere maps          COMMENT             
global ionosphere maps for day 137, 2024                    DESCRIPTION         
IONEX file containing the COMBINED IGS TEC MAPS and DCBs    DESCRIPTION         
      IONEX files of the following IAACs were combined: cod DESCRIPTION         
                                                        jpl DESCRIPTION         
                                                        upc DESCRIPTION         
Contact address: Andrzej Krankowski                         DESCRIPTION
                 Geodynamics Research Laboratory            DESCRIPTION
                 University of Warmia and Mazury (GRL/UWM)  DESCRIPTION
                 Oczapowski St. 1                           DESCRIPTION
                 10-957-Olsztyn, POLAND                     DESCRIPTION
                 e-mail:  kand@uwm.edu.pl                   DESCRIPTION
                                                            DESCRIPTION         
  2024     5    16     0     0     0                        EPOCH OF FIRST MAP  
  2024     5    17     0     0     0                        EPOCH OF LAST MAP   
  7200                                                      INTERVAL            
    13                                                      # OF MAPS IN FILE   
  COSZ                                                      MAPPING FUNCTION    
     0.0                                                    ELEVATION CUTOFF    
combined TEC calculated as weighted mean of input TEC valuesOBSERVABLES USED    
   336                                                      # OF STATIONS       
    32                                                      # OF SATELLITES     
  6371.0                                                    BASE RADIUS         
     2                                                      MAP DIMENSION       
   450.0 450.0   0.0                                        HGT1 / HGT2 / DHGT  
    87.5 -87.5  -2.5                                        LAT1 / LAT2 / DLAT  
  -180.0 180.0   5.0                                        LON1 / LON2 / DLON  
    -1                                                      EXPONENT            
TEC values in 0.1 tec units;  9999, if no value available   COMMENT             
DCB values in nanoseconds, reference is Sum_of_SatDCBs = 0  COMMENT             
                                                            END OF HEADER       
[from data line 2145]
     6                                                      START OF TEC MAP    
  2024     5    16    10     0     0                        EPOCH OF CURRENT MAP
    87.5-180.0 180.0   5.0 450.0                            LAT/LON1/LON2/DLON/H
  224  227  230  233  236  239  242  245  247  250  252  254  257  259  261  262
  263  265  266  267  268  268  268  269  269  269  269  269  268  268  267  266
  265  264  262  261  258  256  254  251  248  245  242  239  236  233  230  227
  224  221  218  216  213  211  208  207  205  204  203  202  202  202  203  204
  205  206  209  211  214  216  219  222  224
    85.0-180.0 180.0   5.0 450.0                            LAT/LON1/LON2/DLON/H
  209  213  217  221  225  230  235  240  244  249  254  258  262  265  269  273
  277  278  281  283  284  285  286  287  287  287  288  287  286  285  284  282
  281  279  277  274  271  267  263  258  254  248  243  238  233  227  222  216
  210  204  199  194  189  186  182  179  177  174  173  172  172  173  174  176
  179  183  185  189  193  197  202  205  209
    82.5-180.0 180.0   5.0 450.0                            LAT/LON1/LON2/DLON/H
  202  207  212  217  222  227  232  237  243  248  253  258  262  266  270  274
  277  280  282  283  282  284  289  289  288  289  288  285  286  284  283  282
  281  281  279  278  275  272  268  264  260  254  249  242  235  227  219  212
  204  197  190  184  178  173  168  165  162  160  159  159  159  161  162  164
  167  171  174  179  183  187  192  196  202
    80.0-180.0 180.0   5.0 450.0                            LAT/LON1/LON2/DLON/H
  209  212  216  219  222  226  230  236  242  246  250  253  255  257  258  260
  261  263  265  267  268  272  275  275  270  268  268  268  268  269  268  270
  270  271  271  273  274  276  275  273  270  266  259  253  244  236  227  218
  209  202  195  188  182  178  174  171  169  169  169  170  171  172  173  175
  177  180  184  188  192  196  200  205  209
    77.5-180.0 180.0   5.0 450.0                            LAT/LON1/LON2/DLON/H
  222  223  223  224  224  227  228  232  233  234  236  237  238  238  239  238
  240  243  245  243  243  246  242  241  240  243  239  239  240  239  238  240
  242  247  253  260  266  271  276  280  281  279  276  270  263  255  246  237
  228  222  214  208  203  200  198  199  199  200  202  203  204  205  206  207
  208  208  210  212  215  217  219  220  222
    75.0-180.0 180.0   5.0 450.0                            LAT/LON1/LON2/DLON/H
  235  233  231  229  227  226  224  224  224  223  220  215  211  210  209  209
  208  209  208  208  215  212  211  208  207  206  205  205  205  207  208  211
  216  224  234  241  253  263  275  285  291  294  292  291  287  283  275  269
  260  253  247  241  237  236  237  240  243  246  249  252  254  254  253  252
  250  248  247  245  243  240  239  238  235
    72.5-180.0 180.0   5.0 450.0                            LAT/LON1/LON2/DLON/H
  245  241  237  234  230  226  223  219  214  208  202  197  192  186  182  178
  175  174  175  178  182  175  179  177  174  176  173  176  177  178  182  186
  193  201  214  227  241  256  272  288  302  309  315  319  320  318  314  311
  301  292  287  280  278  278  282  286  292  297  301  304  306  307  303  299
  294  288  283  276  268  261  255  249  245
    70.0-180.0 180.0   5.0 450.0                            LAT/LON1/LON2/DLON/H
  247  242  239  236  232  226  221  214  206  198  191  185  175  169  162  158
  154  150  150  153  154  150  153  152  151  153  154  155  158  162  165  170
  178  189  201  217  232  252  272  293  312  328  342  349  355  357  354  350
  343  334  327  323  318  320  323  328  334  340  345  349  350  348  344  337
  329  318  308  296  284  273  263  253  247
    67.5-180.0 180.0   5.0 450.0                            LAT/LON1/LON2/DLON/H
  241  236  233  230  226  222  217  211  201  192  184  174  165  157  152  147
  141  139  138  140  139  137  140  138  141  142  144  146  149  153  158  165
  173  185  199  215  233  253  280  302  326  347  365  378  387  389  391  386
  380  370  364  357  351  351  353  358  362  368  373  377  378  375  368  359
  347  334  319  304  289  274  260  249  241
    65.0-180.0 180.0   5.0 450.0                            LAT/LON1/LON2/DLON/H
  231  225  221  217  215  213  209  202  194  187  177  168  160  155  150  144
  140  139  139  138  138  137  139  138  141  141  144  147  149  154  161  169
  180  192  206  222  242  266  290  317  343  367  388  405  416  421  423  418
  410  399  390  381  372  370  368  372  373  378  384  387  388  384  376  365
  352  335  319  302  285  269  252  240  231
    62.5-180.0 180.0   5.0 450.0                            LAT/LON1/LON2/DLON/H
  223  215  209  206  203  200  198  194  188  181  175  169  164  158  153  148
  146  146  145  144  145  144  145  145  147  147  150  153  156  162  170  180
  192  204  218  235  257  281  307  336  364  387  412  432  442  450  452  445
  436  421  408  395  381  376  372  373  373  377  382  385  386  383  374  362
  348  330  313  295  279  263  246  233  223
    60.0-180.0 180.0   5.0 450.0                            LAT/LON1/LON2/DLON/H
  221  211  202  198  195  192  190  187  182  178  174  170  165  162  158  154
  154  153  152  152  153  152  153  153  155  155  157  161  165  171  180  191
  205  217  234  254  277  300  328  358  387  414  437  456  470  474  474  466
  453  435  418  402  387  377  371  368  369  371  376  379  380  378  370  358
  340  325  308  295  280  265  249  232  221
    57.5-180.0 180.0   5.0 450.0                            LAT/LON1/LON2/DLON/H
  228  213  202  194  188  186  183  180  177  174  171  168  166  164  161  159
  159  159  158  159  159  160  161  161  162  162  164  167  172  178  188  201
  216  232  250  275  299  325  351  381  410  435  460  480  491  497  496  486
  469  448  428  408  391  377  369  365  365  367  371  375  377  377  370  358
  343  327  315  302  293  279  262  244  228
    55.0-180.0 180.0   5.0 450.0                            LAT/LON1/LON2/DLON/H
  253  232  213  199  188  181  175  171  168  167  167  164  163  162  161  161
  161  161  161  161  162  164  164  166  166  165  167  170  177  188  199  213
  230  249  271  294  321  347  376  405  434  458  481  502  514  521  518  506
  487  465  440  419  399  383  374  369  368  370  375  379  383  385  379  368
  356  344  334  325  318  308  292  271  253
    52.5-180.0 180.0   5.0 450.0                            LAT/LON1/LON2/DLON/H
  282  261  237  217  200  184  173  162  157  158  158  158  158  158  157  158
  158  159  159  159  161  163  165  166  165  167  169  175  184  197  211  229
  248  269  293  317  343  372  401  428  456  482  506  525  536  543  539  528
  510  485  459  438  415  399  390  385  383  384  388  392  398  401  398  391
  381  371  363  358  352  344  331  308  282
    50.0-180.0 180.0   5.0 450.0                            LAT/LON1/LON2/DLON/H
  316  289  262  240  220  198  182  161  151  148  149  149  149  149  149  150
  151  153  154  155  157  160  163  164  165  169  174  182  194  211  229  250
  269  294  319  346  371  400  427  456  482  507  530  547  560  564  561  552
  532  508  484  463  440  427  416  410  406  404  407  412  419  423  423  420
  412  403  397  392  387  380  366  342  316
    47.5-180.0 180.0   5.0 450.0                            LAT/LON1/LON2/DLON/H
  340  315  290  266  241  216  195  169  155  148  142  141  139  139  139  140
  144  147  149  151  152  156  161  164  168  175  182  193  210  229  252  278
  299  323  348  373  399  428  456  481  509  535  558  578  590  594  589  579
  559  537  513  492  473  459  447  440  433  429  430  434  442  449  451  449
  443  435  429  422  413  405  391  366  340
    45.0-180.0 180.0   5.0 450.0                            LAT/LON1/LON2/DLON/H
  353  330  310  290  264  235  212  184  166  155  147  141  137  134  132  133
  137  141  144  146  148  154  161  167  176  186  197  214  233  257  283  310
  335  359  381  404  430  458  486  512  540  566  589  606  621  626  619  609
  590  570  546  527  510  495  481  472  461  454  452  453  460  470  474  474
  469  460  454  444  432  420  402  379  353
    42.5-180.0 180.0   5.0 450.0                            LAT/LON1/LON2/DLON/H
  356  336  319  302  280  255  232  203  183  169  158  152  145  138  133  132
  135  139  143  144  148  153  162  173  186  202  219  241  265  290  321  348
  370  393  415  436  462  489  518  546  573  597  618  637  652  658  655  643
  625  606  582  566  547  531  513  501  487  476  469  468  472  483  489  490
  485  478  469  458  443  426  405  379  356
    40.0-180.0 180.0   5.0 450.0                            LAT/LON1/LON2/DLON/H
  352  333  321  311  296  277  256  225  203  186  175  168  161  152  144  141
  142  146  148  149  152  157  168  181  197  221  245  273  300  326  358  383
  403  421  442  464  490  517  546  576  603  627  650  668  685  690  690  679
  661  645  622  603  585  567  543  528  513  498  488  484  487  494  500  501
  497  488  476  465  448  426  400  375  352
    37.5-180.0 180.0   5.0 450.0                            LAT/LON1/LON2/DLON/H
  346  327  320  317  310  296  279  250  227  208  195  187  181  172  164  159
  159  161  162  163  164  168  180  194  214  240  270  300  331  358  387  408
  428  445  463  485  512  542  573  604  632  657  682  703  719  726  727  715
  698  685  661  643  624  605  579  562  545  528  518  513  513  515  517  515
  511  502  490  475  456  430  401  374  346
    35.0-180.0 180.0   5.0 450.0                            LAT/LON1/LON2/DLON/H
  352  330  325  326  325  316  304  276  251  231  215  208  202  197  188  182
  179  181  181  182  182  186  197  212  231  258  292  323  353  379  405  424
  442  459  477  500  530  562  597  628  657  683  709  733  750  762  762  752
  736  721  703  685  668  650  626  611  594  578  569  565  560  555  549  542
  536  528  518  499  476  446  417  385  352
    32.5-180.0 180.0   5.0 450.0                            LAT/LON1/LON2/DLON/H
  378  351  345  345  348  340  333  304  277  253  237  230  226  222  215  207
  202  201  202  203  204  209  217  232  250  280  311  338  365  390  413  432
  449  464  483  508  541  575  611  645  675  704  734  759  777  794  797  791
  772  759  745  733  722  710  695  681  667  656  650  645  635  622  606  593
  583  572  564  544  514  481  451  415  378
    30.0-180.0 180.0   5.0 450.0                            LAT/LON1/LON2/DLON/H
  425  394  382  376  377  375  371  338  306  277  258  250  249  246  239  232
  226  223  224  227  229  233  242  254  271  299  326  347  372  393  414  434
  452  469  491  517  552  588  623  657  688  720  751  777  799  821  828  823
  811  801  796  796  797  788  784  774  763  757  758  755  739  717  687  664
  646  637  631  612  578  540  503  467  425
    27.5-180.0 180.0   5.0 450.0                            LAT/LON1/LON2/DLON/H
  491  451  433  417  414  412  409  380  339  303  278  268  265  264  259  253
  246  243  245  252  254  258  268  277  289  312  336  356  378  398  414  437
  457  479  502  531  565  603  637  669  699  731  762  791  820  839  852  856
  850  849  856  868  882  883  891  886  879  878  887  886  864  832  786  749
  721  710  710  694  670  620  577  538  491
    25.0-180.0 180.0   5.0 450.0                            LAT/LON1/LON2/DLON/H
  567  523  490  467  458  456  454  425  374  329  298  283  279  279  275  270
  262  260  265  275  277  283  296  301  307  325  348  368  387  405  424  446
  470  495  520  550  585  623  654  684  712  741  772  803  835  860  876  888
  893  901  918  942  969  985  997  994  997 1004 1015 1011  988  946  885  837
  795  779  778  773  754  702  654  613  567
    22.5-180.0 180.0   5.0 450.0                            LAT/LON1/LON2/DLON/H
  632  590  553  531  512  507  505  474  418  363  321  300  292  291  286  283
  278  277  282  291  295  306  319  323  327  342  362  379  400  420  442  465
  490  515  543  576  606  643  678  706  729  755  787  819  852  880  899  921
  934  950  980 1007 1051 1068 1066 1064 1079 1093 1099 1095 1073 1022  951  890
  843  814  815  825  804  758  714  675  632
    20.0-180.0 180.0   5.0 450.0                            LAT/LON1/LON2/DLON/H
  674  642  612  598  574  558  555  523  465  402  351  323  310  304  296  295
  293  294  294  298  305  319  331  336  343  357  374  393  415  438  464  492
  519  543  570  602  634  671  702  729  751  774  807  838  867  898  924  950
  971  989 1019 1057 1090 1095 1087 1087 1097 1104 1103 1100 1074 1025  949  875
  826  794  794  804  788  757  733  706  674
    17.5-180.0 180.0   5.0 450.0                            LAT/LON1/LON2/DLON/H
  684  669  658  656  636  605  603  558  506  441  383  349  330  319  306  307
  308  305  299  299  306  318  326  334  345  361  379  400  426  454  486  518
  545  570  597  628  663  698  729  754  772  792  822  852  882  916  943  964
  988 1009 1034 1060 1082 1082 1076 1068 1061 1058 1055 1051 1023  974  901  820
  762  725  718  715  715  702  701  696  684
    15.0-180.0 180.0   5.0 450.0                            LAT/LON1/LON2/DLON/H
  656  659  659  671  672  625  623  576  529  467  409  370  349  333  322  320
  322  314  301  296  297  302  306  312  328  349  374  402  429  465  503  537
  564  590  615  646  686  723  754  777  793  808  834  864  895  929  952  970
  987 1007 1024 1038 1049 1049 1037 1016 1000  992  988  980  953  904  835  753
  688  639  613  597  599  601  622  645  656
    12.5-180.0 180.0   5.0 450.0                            LAT/LON1/LON2/DLON/H
  583  605  628  653  666  640  639  581  534  475  421  384  362  346  334  333
  332  319  300  284  277  272  271  278  299  327  360  394  426  467  508  546
  574  599  626  660  702  741  773  797  810  825  847  872  904  933  952  967
  981  996 1005 1008 1007 1002  984  959  936  924  916  906  880  833  772  688
  623  564  518  487  479  483  513  556  583
    10.0-180.0 180.0   5.0 450.0                            LAT/LON1/LON2/DLON/H
  488  521  564  605  624  631  630  568  521  469  422  389  371  356  343  340
  333  315  291  266  248  235  232  242  269  305  343  381  418  461  505  545
  571  598  629  666  708  749  783  803  816  831  853  880  910  933  948  957
  975  985  987  982  973  960  941  914  886  871  861  850  827  789  732  660
  590  524  460  411  386  383  413  457  488
     7.5-180.0 180.0   5.0 450.0                            LAT/LON1/LON2/DLON/H
  407  440  490  542  577  586  582  537  493  451  414  388  374  364  353  344
  330  307  276  245  219  201  198  212  244  284  327  368  410  454  497  535
  564  593  625  665  708  745  775  796  810  827  854  884  910  930  941  951
  971  977  977  972  959  939  916  889  864  848  837  826  806  779  740  679
  609  532  460  394  349  330  348  383  407
     5.0-180.0 180.0   5.0 450.0                            LAT/LON1/LON2/DLON/H
  374  395  436  503  539  541  530  493  454  424  400  385  375  367  357  345
  327  299  261  226  196  176  172  188  222  266  313  357  401  445  488  526
  557  584  615  655  696  730  756  776  792  814  848  878  904  924  935  952
  969  978  979  971  958  939  915  892  874  858  847  836  823  808  780  734
  669  596  521  446  390  351  346  361  374
     2.5-180.0 180.0   5.0 450.0                            LAT/LON1/LON2/DLON/H
  405  407  443  500  521  510  487  443  412  395  385  377  372  365  355  340
  319  288  249  211  180  160  154  169  204  252  302  348  392  437  479  517
  546  572  602  642  679  707  729  745  764  793  831  865  894  915  931  953
  971  983  985  977  967  955  940  925  913  898  885  877  868  864  848  808
  760  699  621  552  484  438  412  406  405
