DORISInput/IGSGIM/2024/IGS0OPSFIN_20241430000_01D_02H_GIM.INX
     1.0            IONOSPHERE MAPS     MIX                 IONEX VERSION / TYPE
cmpcmb v1.2          GRL/UWM             5-jun-24 16:33     PGM / RUN BY / DATE 
ionex file containing IGS COMBINED Ionosphere maps          COMMENT             
global ionosphere maps for day 143, 2024                    DESCRIPTION         
IONEX file containing the COMBINED IGS TEC MAPS and DCBs    DESCRIPTION         
      IONEX files of the following IAACs were combined: cod DESCRIPTION         
                                                        jpl DESCRIPTION         
                                                        upc DESCRIPTION         
Contact address: Andrzej Krankowski                         DESCRIPTION
                 Geodynamics Research Laboratory            DESCRIPTION
                 University of Warmia and Mazury (GRL/UWM)  DESCRIPTION
                 Oczapowski St. 1                           DESCRIPTION
                 10-957-Olsztyn, POLAND                     DESCRIPTION
                 e-mail:  kand@uwm.edu.pl                   DESCRIPTION
                                                            DESCRIPTION         
  2024     5    22     0     0     0                        EPOCH OF FIRST MAP  
  2024     5    23     0     0     0                        EPOCH OF LAST MAP   
  7200                                                      INTERVAL            
    13                                                      # OF MAPS IN FILE   
  COSZ                                                      MAPPING FUNCTION    
     0.0                                                    ELEVATION CUTOFF    
combined TEC calculated as weighted mean of input TEC valuesOBSERVABLES USED    
   337                                                      # OF STATIONS       
    32                                                      # OF SATELLITES     
  6371.0                                                    BASE RADIUS         
     2                                                      MAP DIMENSION       
   450.0 450.0   0.0                                        HGT1 / HGT2 / DHGT  
    87.5 -87.5  -2.5                                        LAT1 / LAT2 / DLAT  
  -180.0 180.0   5.0                                        LON1 / LON2 / DLON  
    -1                                                      EXPONENT            
TEC values in 0.1 tec units;  9999, if no value available   COMMENT             
DCB values in nanoseconds, reference is Sum_of_SatDCBs = 0  COMMENT             
                                                            END OF HEADER       
[from data line 2574]
     7                                                      START OF TEC MAP    
  2024     5    22    12     0     0                        EPOCH OF CURRENT MAP
    87.5-180.0 180.0   5.0 450.0                            LAT/LON1/LON2/DLON/H
  258  258  258  257  256  256  257  257  257  257  258  259  259  259  260  261
  261  262  263  263  264  264  265  265  266  266  266  267  267  267  267  268
  268  268  269  270  270  270  270  270  270  271  271  271  271  271  270  270
  270  270  270  270  269  269  269  269  268  268  268  267  267  266  265  264
  263  263  262  260  260  259  258  258  258
    85.0-180.0 180.0   5.0 450.0                            LAT/LON1/LON2/DLON/H
  248  248  248  247  248  248  248  249  250  251  252  253  255  256  257  258
  259  261  262  262  264  265  266  267  267  268  269  269  270  270  270  270
  270  271  270  272  272  272  272  273  273  274  274  275  275  275  276  276
  276  277  277  278  278  278  278  277  276  275  275  272  272  268  266  264
  261  260  257  255  253  252  250  249  248
    82.5-180.0 180.0   5.0 450.0                            LAT/LON1/LON2/DLON/H
  241  239  239  238  239  239  240  241  242  244  246  248  250  252  254  256
  258  260  261  262  263  264  266  269  269  269  270  269  270  271  271  272
  272  273  274  275  275  275  275  275  275  275  275  276  277  278  279  280
  280  281  283  284  285  286  287  288  288  288  287  285  281  278  275  271
  267  264  260  256  251  248  245  243  241
    80.0-180.0 180.0   5.0 450.0                            LAT/LON1/LON2/DLON/H
  237  234  232  231  230  231  232  234  236  238  239  242  245  247  250  253
  256  258  259  261  262  262  263  265  266  265  266  266  267  267  268  268
  270  271  271  273  274  275  276  276  276  275  275  276  276  278  279  281
  283  285  288  291  293  295  298  301  303  304  304  303  300  296  292  286
  280  274  268  261  255  249  244  240  237
    77.5-180.0 180.0   5.0 450.0                            LAT/LON1/LON2/DLON/H
  236  231  228  227  227  227  226  227  228  230  234  237  240  243  244  246
  249  251  252  254  255  255  251  256  256  256  257  259  260  263  265  268
  270  272  273  273  273  274  275  276  276  277  277  277  278  280  282  285
  288  292  295  299  303  308  312  316  320  322  323  322  320  316  310  304
  297  289  281  273  264  256  248  240  236
    75.0-180.0 180.0   5.0 450.0                            LAT/LON1/LON2/DLON/H
  241  233  229  227  224  223  222  222  222  225  227  230  232  234  236  238
  240  242  242  243  245  247  247  250  251  253  255  257  258  261  265  268
  272  275  277  278  278  279  278  278  279  280  280  281  283  285  287  291
  295  300  304  309  313  319  325  330  334  336  338  338  336  332  327  321
  314  307  296  288  278  266  256  246  241
    72.5-180.0 180.0   5.0 450.0                            LAT/LON1/LON2/DLON/H
  250  240  233  229  226  222  220  218  218  220  223  225  225  226  228  229
  229  228  231  233  237  239  241  243  247  249  253  256  258  263  267  271
  276  280  282  283  283  284  284  284  284  284  286  287  289  292  295  299
  302  307  311  316  321  326  331  336  341  344  346  347  345  342  338  332
  325  317  309  301  290  280  269  257  250
    70.0-180.0 180.0   5.0 450.0                            LAT/LON1/LON2/DLON/H
  264  251  242  236  230  225  222  220  218  218  218  220  221  221  221  221
  220  220  223  225  229  232  236  240  245  248  253  257  262  265  271  277
  281  285  288  289  289  288  290  291  291  293  294  296  298  300  303  306
  309  312  316  320  323  327  331  336  339  342  344  345  344  342  338  333
  328  321  315  309  300  292  283  271  264
    67.5-180.0 180.0   5.0 450.0                            LAT/LON1/LON2/DLON/H
  277  261  252  243  236  229  225  220  217  215  216  218  218  218  217  216
  214  214  217  219  224  230  234  239  246  251  256  260  265  269  275  280
  286  291  295  296  296  296  298  299  299  301  302  304  307  308  312  314
  315  317  318  319  321  323  326  329  331  333  334  335  335  333  329  326
  322  318  314  310  305  300  292  283  277
    65.0-180.0 180.0   5.0 450.0                            LAT/LON1/LON2/DLON/H
  278  265  255  246  237  229  223  218  214  212  214  216  216  214  214  213
  210  210  213  217  223  229  235  241  248  253  258  262  267  272  279  285
  292  297  302  304  304  305  305  306  307  308  310  314  316  318  320  320
  319  319  318  317  317  317  317  318  318  320  320  320  319  316  314  311
  309  307  305  304  302  299  292  284  278
    62.5-180.0 180.0   5.0 450.0                            LAT/LON1/LON2/DLON/H
  273  262  252  242  232  224  217  212  208  206  208  212  211  211  211  209
  209  209  212  216  223  230  236  242  249  252  257  262  268  275  283  292
  299  305  308  311  312  312  313  314  315  318  321  325  327  328  328  325
  323  321  318  315  313  312  310  309  308  308  308  306  303  301  298  296
  294  292  291  292  293  288  284  277  273
    60.0-180.0 180.0   5.0 450.0                            LAT/LON1/LON2/DLON/H
  267  255  245  234  225  217  210  204  201  200  201  204  206  207  208  209
  209  210  214  217  223  229  235  241  247  251  255  261  267  275  285  296
  306  312  316  318  320  322  322  324  327  329  333  336  338  338  337  333
  329  324  320  316  313  310  308  306  304  303  301  300  297  293  289  286
  283  280  280  279  278  275  274  270  267
    57.5-180.0 180.0   5.0 450.0                            LAT/LON1/LON2/DLON/H
  258  246  236  224  215  207  199  194  193  192  194  195  199  203  207  211
  213  216  220  223  225  229  233  238  243  247  252  259  266  274  286  299
  311  319  323  328  331  332  334  337  340  343  347  350  349  350  347  342
  337  331  325  320  316  313  311  309  308  306  305  304  302  298  292  287
  281  276  273  272  268  264  265  260  258
    55.0-180.0 180.0   5.0 450.0                            LAT/LON1/LON2/DLON/H
  253  238  227  215  205  197  189  184  182  182  184  186  193  201  209  217
  224  229  232  232  231  230  232  235  239  243  247  256  265  273  286  303
  317  327  334  340  345  346  349  353  355  360  363  365  365  364  360  352
  345  339  333  328  324  323  321  321  320  320  320  320  319  315  307  299
  289  282  275  270  265  261  259  256  253
    52.5-180.0 180.0   5.0 450.0                            LAT/LON1/LON2/DLON/H
  247  234  221  209  198  189  183  177  174  174  175  180  188  200  213  227
  238  247  251  247  240  235  232  233  235  240  245  255  264  275  290  310
  326  338  348  355  360  364  368  371  376  379  383  382  383  380  373  365
  355  349  343  340  338  338  338  340  340  341  343  345  344  338  329  319
  306  295  286  278  269  264  260  252  247
    50.0-180.0 180.0   5.0 450.0                            LAT/LON1/LON2/DLON/H
  250  233  220  208  197  188  181  176  171  169  169  175  185  199  217  237
  256  268  271  266  255  244  237  234  234  240  247  255  267  280  296  318
  337  354  366  375  381  385  390  392  397  402  404  406  404  399  390  379
  367  360  355  354  354  356  358  360  362  365  367  368  368  361  351  340
  327  313  302  292  280  272  266  257  250
    47.5-180.0 180.0   5.0 450.0                            LAT/LON1/LON2/DLON/H
  254  236  222  209  200  191  185  180  174  169  168  173  183  199  220  246
  270  289  295  289  275  260  249  242  242  248  255  265  278  294  311  332
  356  374  388  396  405  410  414  417  423  427  429  428  427  420  409  398
  383  375  370  369  371  374  374  378  381  383  384  386  385  380  370  358
  346  332  318  307  294  284  275  263  254
    45.0-180.0 180.0   5.0 450.0                            LAT/LON1/LON2/DLON/H
  256  241  228  216  205  197  191  186  179  174  171  173  183  198  223  250
  280  308  319  316  301  284  270  259  257  263  271  283  296  312  334  355
  378  399  413  426  432  439  444  449  453  456  459  456  453  446  434  422
  404  393  388  387  389  392  391  392  393  394  393  392  392  389  381  371
  359  345  333  319  305  295  283  265  256
    42.5-180.0 180.0   5.0 450.0                            LAT/LON1/LON2/DLON/H
  263  243  233  223  213  204  198  194  188  182  178  178  185  199  221  252
  288  321  340  345  332  315  298  286  283  287  295  308  321  336  359  383
  404  426  442  453  463  469  472  477  484  488  490  487  483  477  462  447
  427  416  409  409  409  408  406  403  399  397  392  388  388  388  383  375
  363  352  339  326  311  300  287  272  263
    40.0-180.0 180.0   5.0 450.0                            LAT/LON1/LON2/DLON/H
  264  245  236  226  218  212  207  204  198  193  187  186  190  201  220  251
  289  328  359  370  365  349  333  320  317  321  326  340  352  370  388  408
  434  454  473  485  497  503  509  511  517  520  523  522  520  512  495  475
  458  447  438  436  432  427  422  414  404  397  390  386  386  386  382  376
  366  352  339  325  310  298  286  272  264
    37.5-180.0 180.0   5.0 450.0                            LAT/LON1/LON2/DLON/H
  259  245  237  230  223  217  216  214  210  204  199  196  197  206  223  248
  287  333  371  392  395  384  372  359  354  359  363  375  387  402  419  441
  460  485  503  519  531  538  544  546  553  556  556  560  560  553  533  510
  490  479  470  466  461  451  443  429  416  407  399  395  393  390  387  381
  370  357  342  325  309  297  282  268  259
    35.0-180.0 180.0   5.0 450.0                            LAT/LON1/LON2/DLON/H
  258  244  237  231  227  224  222  222  220  216  213  208  207  212  224  246
  283  334  377  405  417  415  407  396  390  393  398  408  417  430  449  469
  488  513  533  553  567  574  577  581  587  591  594  600  603  598  581  555
  531  518  506  501  495  484  473  456  443  434  425  420  416  410  404  398
  386  369  352  332  315  299  282  267  258
    32.5-180.0 180.0   5.0 450.0                            LAT/LON1/LON2/DLON/H
  266  246  237  233  228  226  226  228  227  226  225  219  218  220  227  247
  283  332  378  411  428  433  430  420  417  421  428  434  442  454  473  493
  514  540  563  586  600  612  614  617  623  629  633  641  647  640  626  600
  575  562  549  546  539  528  516  500  487  479  470  464  458  451  440  430
  413  394  373  351  333  312  292  276  266
    30.0-180.0 180.0   5.0 450.0                            LAT/LON1/LON2/DLON/H
  284  259  246  238  231  228  228  231  232  232  231  229  228  229  234  251
  285  328  375  410  430  439  438  432  433  439  446  455  464  476  490  509
  536  565  591  616  636  649  651  653  658  670  679  688  688  679  672  646
  623  614  608  596  594  582  571  557  543  538  528  523  517  507  491  474
  454  433  410  387  360  335  315  297  284
    27.5-180.0 180.0   5.0 450.0                            LAT/LON1/LON2/DLON/H
  311  283  266  251  242  237  236  237  237  238  237  234  234  236  241  256
  285  325  369  403  427  436  436  435  439  448  460  471  480  489  503  526
  555  585  619  648  672  688  692  694  702  706  718  730  729  717  714  693
  675  672  667  660  653  641  634  621  612  605  592  586  580  568  546  523
  501  481  459  436  404  375  346  328  311
    25.0-180.0 180.0   5.0 450.0                            LAT/LON1/LON2/DLON/H
  343  318  296  275  260  252  250  248  246  245  243  239  239  242  247  260
  285  321  361  396  417  426  428  430  437  449  465  480  490  499  519  545
  577  609  642  676  703  720  729  730  737  743  751  765  765  759  759  744
  734  726  727  723  715  701  696  684  679  672  653  643  635  617  590  568
  551  525  512  485  451  419  389  362  343
    22.5-180.0 180.0   5.0 450.0                            LAT/LON1/LON2/DLON/H
  383  352  328  303  286  274  269  264  259  255  253  245  244  247  253  262
  283  315  353  383  402  411  415  422  431  444  463  482  498  514  539  567
  601  634  667  702  733  753  762  756  768  769  776  799  800  798  806  789
  786  786  783  778  770  754  748  735  726  716  691  670  652  629  604  590
  566  543  539  520  490  459  429  402  383
    20.0-180.0 180.0   5.0 450.0                            LAT/LON1/LON2/DLON/H
  415  385  360  338  314  297  287  284  276  271  263  254  250  253  257  265
  282  312  345  370  387  394  400  411  424  441  464  488  511  536  565  593
  625  658  691  725  753  773  779  770  780  783  801  831  833  832  837  833
  838  841  827  818  806  796  785  771  748  717  678  643  613  587  567  550
  536  525  523  522  502  482  459  431  415
    17.5-180.0 180.0   5.0 450.0                            LAT/LON1/LON2/DLON/H
  437  408  390  370  343  319  308  303  296  288  276  265  258  259  261  266
  279  307  338  359  373  379  384  398  417  440  468  500  530  562  591  624
  652  681  714  744  766  782  785  780  788  798  821  848  853  852  857  861
  870  867  847  834  821  809  801  781  751  701  633  577  536  508  490  472
  470  468  473  483  474  471  462  446  437
    15.0-180.0 180.0   5.0 450.0                            LAT/LON1/LON2/DLON/H
  431  417  409  394  365  337  322  318  311  301  286  274  266  264  263  264
  273  295  325  347  360  366  372  388  411  441  476  515  554  590  621  651
  676  700  735  762  778  791  795  793  797  811  830  851  861  865  871  875
  875  865  850  837  825  812  799  774  733  671  584  507  453  422  408  389
  391  398  407  417  430  433  430  433  431
    12.5-180.0 180.0   5.0 450.0                            LAT/LON1/LON2/DLON/H
  405  413  418  401  373  345  328  322  318  307  293  280  272  266  261  258
  262  274  303  329  347  355  364  382  409  445  486  533  576  617  649  675
  699  724  753  778  794  805  810  807  809  822  839  851  859  868  874  873
  868  857  848  838  828  810  794  767  718  641  544  459  395  355  341  326
  326  334  345  352  371  378  388  400  405
    10.0-180.0 180.0   5.0 450.0                            LAT/LON1/LON2/DLON/H
  370  393  407  390  360  337  320  315  313  305  293  282  274  264  254  245
  242  252  279  308  330  345  358  377  409  453  500  551  596  639  674  699
  722  745  772  795  812  820  823  818  820  831  841  845  853  862  865  862
  860  853  846  840  830  815  793  767  714  632  536  453  390  345  319  302
  300  300  306  310  321  332  347  360  370
     7.5-180.0 180.0   5.0 450.0                            LAT/LON1/LON2/DLON/H
  343  360  372  362  332  316  307  304  302  298  289  281  272  259  241  226
  220  230  258  288  314  336  356  380  416  464  514  567  613  656  694  718
  743  765  788  809  827  831  833  830  829  833  836  838  844  848  850  851
  852  853  850  846  834  818  800  779  732  654  566  494  442  399  364  338
  318  307  303  298  299  307  322  335  343
     5.0-180.0 180.0   5.0 450.0                            LAT/LON1/LON2/DLON/H
  334  334  334  324  303  293  288  290  287  285  280  274  264  248  224  205
  197  208  237  270  302  331  359  389  428  477  529  578  625  667  704  730
  755  775  795  814  828  833  835  835  832  833  829  828  833  838  839  840
  844  853  856  853  841  824  809  795  760  697  625  571  531  495  457  419
  375  347  332  321  316  322  327  332  334
     2.5-180.0 180.0   5.0 450.0                            LAT/LON1/LON2/DLON/H
  351  328  311  299  286  277  273  275  273  271  267  262  251  233  208  188
  177  188  218  254  292  328  363  400  440  486  539  585  627  666  702  727
  748  766  785  803  815  823  824  826  825  827  821  815  821  825  825  831
  837  848  856  856  848  829  816  807  785  742  698  667  641  613  573  521
  458  411  391  380  364  364  361  357  351
