DORISInput/IGSGIM/2024/IGS0OPSFIN_20241340000_01D_02H_GIM.INX
     1.0            IONOSPHERE MAPS     MIX                 IONEX VERSION / TYPE
cmpcmb v1.2          GRL/UWM            28-may-24 18:14     PGM / RUN BY / DATE 
ionex file containing IGS COMBINED Ionosphere maps          COMMENT             
global ionosphere maps for day 134, 2024                    DESCRIPTION         
IONEX file containing the COMBINED IGS TEC MAPS and DCBs    DESCRIPTION         
      IONEX files of the following IAACs were combined: cod DESCRIPTION         
                                                        jpl DESCRIPTION         
                                                        upc DESCRIPTION         
Contact address: Andrzej Krankowski                         DESCRIPTION
                 Geodynamics Research Laboratory            DESCRIPTION
                 University of Warmia and Mazury (GRL/UWM)  DESCRIPTION
                 Oczapowski St. 1                           DESCRIPTION
                 10-957-Olsztyn, POLAND                     DESCRIPTION
                 e-mail:  kand@uwm.edu.pl                   DESCRIPTION
                                                            DESCRIPTION         
  2024     5    13     0     0     0                        EPOCH OF FIRST MAP  
  2024     5    14     0     0     0                        EPOCH OF LAST MAP   
  7200                                                      INTERVAL            
    13                                                      # OF MAPS IN FILE   
  COSZ                                                      MAPPING FUNCTION    
     0.0                                                    ELEVATION CUTOFF    
combined TEC calculated as weighted mean of input TEC valuesOBSERVABLES USED    
   336                                                      # OF STATIONS       
    32                                                      # OF SATELLITES     
  6371.0                                                    BASE RADIUS         
     2                                                      MAP DIMENSION       
   450.0 450.0   0.0                                        HGT1 / HGT2 / DHGT  
    87.5 -87.5  -2.5                                        LAT1 / LAT2 / DLAT  
  -180.0 180.0   5.0                                        LON1 / LON2 / DLON  
    -1                                                      EXPONENT            
TEC values in 0.1 tec units;  9999, if no value available   COMMENT             
DCB values in nanoseconds, reference is Sum_of_SatDCBs = 0  COMMENT             
                                                            END OF HEADER       
[from data line 2574]
     7                                                      START OF TEC MAP    
  2024     5    13    12     0     0                        EPOCH OF CURRENT MAP
    87.5-180.0 180.0   5.0 450.0                            LAT/LON1/LON2/DLON/H
  183  182  182  182  182  181  182  182  182  183  183  183  183  183  184  184
  184  184  185  185  186  186  187  187  188  188  189  190  190  189  190  189
  190  190  190  191  190  190  190  190  191  192  191  191  192  191  191  191
  190  190  190  189  189  188  187  187  187  186  185  185  185  184  184  184
  183  183  183  183  182  183  183  182  183
    85.0-180.0 180.0   5.0 450.0                            LAT/LON1/LON2/DLON/H
  184  183  183  183  183  184  184  183  184  184  185  185  185  186  187  187
  188  188  189  189  190  190  191  192  191  191  191  192  192  192  193  194
  195  196  196  197  198  198  198  199  199  199  199  200  200  200  200  200
  200  200  199  199  198  198  197  196  195  195  194  193  193  192  191  190
  190  189  188  187  186  186  185  185  184
    82.5-180.0 180.0   5.0 450.0                            LAT/LON1/LON2/DLON/H
  189  188  187  187  186  186  185  185  184  184  183  184  184  185  185  187
  187  189  191  192  193  193  194  193  193  194  195  195  196  196  197  198
  198  200  200  203  204  205  206  208  208  209  210  211  212  213  213  213
  213  213  212  212  213  213  213  212  212  211  211  210  209  207  205  203
  201  199  197  195  194  192  191  190  189
    80.0-180.0 180.0   5.0 450.0                            LAT/LON1/LON2/DLON/H
  196  194  193  191  189  188  187  186  185  184  184  183  183  183  184  185
  187  188  189  190  191  192  194  196  194  195  195  195  196  197  198  199
  200  201  203  204  207  210  212  214  216  218  220  221  223  225  227  228
  229  230  230  231  231  232  233  233  234  234  234  233  231  228  225  221
  217  214  211  208  205  202  201  198  196
    77.5-180.0 180.0   5.0 450.0                            LAT/LON1/LON2/DLON/H
  205  201  199  197  195  193  190  187  185  182  180  179  179  180  180  181
  182  184  186  187  188  189  188  189  189  190  191  191  192  192  194  195
  197  201  204  207  211  214  217  221  224  226  228  231  233  235  238  241
  244  246  248  250  251  253  255  256  257  258  259  259  255  249  245  240
  235  231  226  222  218  215  211  208  205
    75.0-180.0 180.0   5.0 450.0                            LAT/LON1/LON2/DLON/H
  212  208  206  203  199  196  192  189  185  181  179  177  177  176  176  177
  178  178  179  181  182  183  184  185  186  186  187  187  188  190  192  193
  196  199  203  208  212  216  219  222  225  228  232  236  239  242  245  249
  253  257  262  265  269  272  275  277  278  280  281  279  274  268  263  257
  251  244  239  234  229  225  220  216  212
    72.5-180.0 180.0   5.0 450.0                            LAT/LON1/LON2/DLON/H
  214  210  208  204  201  197  193  189  185  183  179  177  175  172  171  172
  172  172  175  175  177  178  180  181  181  182  183  184  185  186  189  191
  194  197  200  204  209  214  218  221  224  228  231  236  241  246  250  254
  259  264  269  275  280  284  287  291  293  293  293  291  285  279  272  264
  258  251  245  239  234  230  225  219  214
    70.0-180.0 180.0   5.0 450.0                            LAT/LON1/LON2/DLON/H
  206  204  203  201  199  196  192  189  187  184  181  177  172  170  170  169
  168  169  170  172  173  176  176  178  178  179  180  180  181  182  184  187
  189  193  196  201  205  209  214  217  221  226  229  233  239  245  250  254
  260  265  271  277  283  288  292  295  296  296  294  291  285  278  269  262
  255  247  242  236  231  226  221  211  206
    67.5-180.0 180.0   5.0 450.0                            LAT/LON1/LON2/DLON/H
  193  191  192  191  190  190  190  189  188  185  181  177  174  171  169  168
  167  167  169  172  174  176  176  177  177  177  177  177  177  178  179  182
  185  188  191  196  201  205  208  213  218  222  226  230  235  241  247  252
  257  262  268  274  280  285  288  290  290  288  285  280  273  264  256  248
  241  235  229  222  217  210  205  197  193
    65.0-180.0 180.0   5.0 450.0                            LAT/LON1/LON2/DLON/H
  178  175  176  176  178  180  182  184  183  181  180  178  175  172  169  169
  169  171  172  175  176  178  178  178  177  175  174  174  174  175  177  179
  183  186  189  193  197  201  205  210  215  219  224  228  234  239  245  250
  255  259  264  269  274  278  280  281  279  275  269  262  253  243  235  226
  220  215  209  202  196  190  185  181  178
    62.5-180.0 180.0   5.0 450.0                            LAT/LON1/LON2/DLON/H
  163  155  156  158  162  164  168  171  175  175  176  176  174  172  171  171
  172  173  175  178  181  181  180  179  177  175  173  173  173  174  177  180
  183  186  188  191  194  199  203  209  215  221  226  231  236  241  247  252
  256  259  262  265  267  270  270  270  267  261  253  243  232  221  211  203
  199  194  190  183  177  172  168  165  163
    60.0-180.0 180.0   5.0 450.0                            LAT/LON1/LON2/DLON/H
  143  136  136  136  141  145  151  156  162  166  168  169  170  170  171  172
  173  175  178  181  183  183  181  179  176  174  172  172  173  175  178  181
  184  187  189  191  194  198  205  213  220  226  233  239  245  250  255  258
  261  263  264  265  265  265  264  262  258  250  241  229  217  204  195  188
  182  179  175  171  165  160  155  145  143
    57.5-180.0 180.0   5.0 450.0                            LAT/LON1/LON2/DLON/H
  136  124  120  117  117  123  126  135  143  150  155  158  161  164  167  170
  172  175  179  182  184  183  181  179  175  173  172  172  175  178  181  185
  187  189  191  193  197  203  212  222  231  239  247  253  258  264  267  271
  272  272  271  271  269  267  264  261  257  249  239  226  214  202  191  184
  177  174  169  164  159  150  145  137  136
    55.0-180.0 180.0   5.0 450.0                            LAT/LON1/LON2/DLON/H
  131  122  115  109  104  103  107  111  120  130  137  142  148  154  159  164
  167  172  175  180  181  182  180  178  176  175  174  175  179  183  187  190
  192  193  195  197  203  211  222  235  248  257  266  272  276  282  285  286
  286  284  282  281  279  277  274  270  266  259  251  240  227  215  204  195
  186  179  174  167  160  151  142  133  131
    52.5-180.0 180.0   5.0 450.0                            LAT/LON1/LON2/DLON/H
  138  127  118  106   99   93   91   93   98  107  116  124  132  141  149  156
  162  167  172  176  178  179  178  176  177  177  178  182  186  191  196  198
  199  199  200  203  209  221  237  253  267  279  287  290  295  299  302  303
  300  298  296  295  294  292  290  288  285  280  274  266  254  241  229  217
  207  198  189  180  169  158  148  140  138
    50.0-180.0 180.0   5.0 450.0                            LAT/LON1/LON2/DLON/H
  148  135  122  111  100   91   84   82   85   92   99  108  117  127  137  147
  156  162  168  173  175  176  176  177  180  183  186  191  196  201  205  207
  206  207  207  211  219  234  252  272  288  301  306  309  312  315  316  316
  315  314  311  310  309  309  308  307  306  304  301  292  282  271  257  244
  232  222  210  199  186  173  161  152  148
    47.5-180.0 180.0   5.0 450.0                            LAT/LON1/LON2/DLON/H
  160  146  133  119  106   94   85   80   82   86   90   97  106  117  129  140
  151  160  167  173  175  177  179  182  187  192  198  205  210  213  216  217
  215  213  213  217  228  247  267  288  307  319  325  327  327  328  328  329
  328  328  325  324  323  324  323  324  322  321  319  314  305  295  282  268
  254  242  230  215  202  189  178  166  160
    45.0-180.0 180.0   5.0 450.0                            LAT/LON1/LON2/DLON/H
  176  162  147  133  120  105   93   87   86   88   90   94  102  113  125  139
  152  162  171  178  182  185  188  193  199  207  214  221  226  228  229  228
  223  220  217  222  236  257  280  302  322  334  339  339  340  340  340  343
  341  340  339  337  336  336  335  335  332  329  326  321  314  305  295  282
  267  255  242  228  214  203  192  182  176
    42.5-180.0 180.0   5.0 450.0                            LAT/LON1/LON2/DLON/H
  190  176  163  148  134  119  107   99   96   95   95   97  104  114  127  142
  158  172  184  193  198  202  206  211  219  228  234  238  241  242  243  239
  232  226  222  227  243  263  288  312  333  346  353  355  356  356  357  357
  355  353  351  349  347  346  343  340  334  326  321  314  308  301  294  282
  269  257  244  233  221  210  202  194  190
    40.0-180.0 180.0   5.0 450.0                            LAT/LON1/LON2/DLON/H
  198  187  175  162  148  134  123  116  112  107  105  105  109  119  131  149
  167  187  202  215  222  227  230  235  242  251  256  257  257  257  257  252
  242  233  230  234  248  269  295  322  345  360  371  375  380  378  381  380
  376  373  367  365  362  359  353  347  336  323  313  304  297  292  284  276
  264  251  239  229  220  211  205  201  198
    37.5-180.0 180.0   5.0 450.0                            LAT/LON1/LON2/DLON/H
  198  193  182  172  161  151  142  135  130  125  119  117  119  125  138  156
  177  201  223  241  253  258  260  262  267  276  279  279  276  275  272  265
  255  243  239  242  257  277  306  335  362  381  395  405  414  419  419  417
  412  404  397  394  389  384  378  367  350  330  316  304  297  289  281  273
  260  246  232  222  215  208  203  199  198
    35.0-180.0 180.0   5.0 450.0                            LAT/LON1/LON2/DLON/H
  199  191  184  178  171  165  158  153  148  143  136  131  130  134  144  163
  186  216  244  268  285  292  292  289  294  302  303  304  300  297  290  281
  270  260  253  256  270  293  323  357  389  412  431  449  461  472  472  469
  461  454  446  442  435  430  424  411  389  363  342  324  313  304  293  282
  268  252  234  221  213  207  202  198  199
    32.5-180.0 180.0   5.0 450.0                            LAT/LON1/LON2/DLON/H
  199  189  184  181  178  173  171  167  163  156  150  143  140  142  150  166
  193  226  261  294  316  324  320  315  319  328  328  330  328  323  313  304
  295  284  277  280  294  318  351  388  426  458  483  510  527  543  551  547
  536  530  523  520  517  505  502  489  463  430  401  376  358  344  328  313
  296  275  254  234  221  212  206  200  199
    30.0-180.0 180.0   5.0 450.0                            LAT/LON1/LON2/DLON/H
  204  192  187  185  181  179  179  178  174  166  160  152  148  149  154  167
  193  230  272  316  343  351  345  341  345  352  355  358  361  357  346  337
  329  321  315  323  338  368  400  440  477  519  549  583  606  620  639  640
  635  632  627  631  635  620  615  599  567  525  490  457  432  413  391  369
  347  318  290  263  245  231  219  209  204
    27.5-180.0 180.0   5.0 450.0                            LAT/LON1/LON2/DLON/H
  212  201  193  189  185  183  183  183  179  172  166  160  156  153  156  164
  188  229  278  330  363  374  369  367  369  375  381  393  400  402  390  381
  380  373  373  388  405  434  467  509  547  593  629  665  691  713  734  742
  749  751  755  757  769  756  744  726  686  637  598  559  526  503  474  444
  408  373  343  310  284  264  245  224  212
    25.0-180.0 180.0   5.0 450.0                            LAT/LON1/LON2/DLON/H
  235  212  202  196  190  187  186  184  181  177  171  167  162  157  153  157
  181  227  281  335  373  390  391  387  387  394  408  428  443  452  448  447
  446  440  448  472  490  514  555  595  630  661  700  735  770  803  825  842
  861  866  871  880  893  881  862  845  800  752  700  657  620  595  561  524
  480  440  406  366  341  309  281  255  235
    22.5-180.0 180.0   5.0 450.0                            LAT/LON1/LON2/DLON/H
  262  231  216  207  197  192  189  186  183  179  175  173  167  158  150  152
  174  220  276  330  370  393  401  397  401  415  438  469  492  507  521  529
  530  530  531  550  581  602  639  676  699  730  766  799  836  874  900  922
  945  948  957  970  977  965  943  920  874  817  760  717  679  654  622  588
  547  509  465  425  406  366  327  290  262
    20.0-180.0 180.0   5.0 450.0                            LAT/LON1/LON2/DLON/H
  298  255  236  223  210  201  196  192  188  184  181  180  171  159  151  153
  169  209  264  317  359  385  400  404  417  442  473  509  549  569  599  613
  622  623  621  635  664  690  718  741  753  778  817  852  886  923  947  967
  984  994 1006 1013 1010  994  966  931  886  820  757  711  679  653  629  607
  585  556  514  483  469  426  380  332  298
    17.5-180.0 180.0   5.0 450.0                            LAT/LON1/LON2/DLON/H
  343  290  264  246  228  214  206  200  195  192  190  186  176  165  157  157
  167  199  249  301  345  375  397  410  434  469  509  553  596  633  668  687
  703  708  704  711  729  753  770  782  794  816  858  891  919  945  964  981
  993  998 1005 1002  990  971  933  890  843  775  708  661  631  608  595  585
  580  567  544  525  508  475  430  379  343
    15.0-180.0 180.0   5.0 450.0                            LAT/LON1/LON2/DLON/H
  385  329  303  276  253  234  219  210  204  200  197  193  182  172  164  161
  167  190  236  286  331  363  394  419  451  494  544  592  640  685  722  751
  764  772  768  762  771  788  801  812  828  850  885  913  931  947  958  967
  972  969  965  952  936  914  874  826  772  705  640  596  573  555  550  547
  550  551  548  540  534  516  476  422  385
    12.5-180.0 180.0   5.0 450.0                            LAT/LON1/LON2/DLON/H
  438  379  343  316  287  260  241  226  216  210  204  198  188  181  172  166
  168  186  226  273  318  355  393  426  469  518  574  629  677  726  766  790
  799  805  804  795  796  807  819  831  847  870  895  916  927  933  937  937
  929  917  906  889  872  849  811  762  703  639  580  541  525  517  512  510
  518  527  537  542  547  543  518  473  438
    10.0-180.0 180.0   5.0 450.0                            LAT/LON1/LON2/DLON/H
  484  428  390  358  330  296  266  245  231  220  212  204  196  189  181  173
  174  188  221  265  311  353  396  437  487  542  602  660  708  756  793  812
  820  823  818  808  807  815  827  839  856  878  898  909  913  913  911  897
  881  866  853  836  818  797  767  723  667  603  552  521  507  506  502  494
  495  508  527  541  554  559  546  513  484
     7.5-180.0 180.0   5.0 450.0                            LAT/LON1/LON2/DLON/H
  517  470  432  398  369  332  296  267  249  233  221  211  203  197  190  183
  182  194  220  262  309  357  404  451  507  567  629  684  730  773  803  819
  825  825  818  810  807  811  822  837  857  876  891  897  898  896  888  867
  849  834  822  806  789  775  756  720  666  606  562  542  538  537  525  508
  498  509  527  547  560  567  562  540  517
     5.0-180.0 180.0   5.0 450.0                            LAT/LON1/LON2/DLON/H
  534  498  462  430  398  361  325  291  267  245  228  216  207  203  199  193
  192  202  221  259  309  362  414  468  531  591  650  700  740  775  799  813
  818  815  808  800  796  797  807  826  851  868  881  886  889  886  875  858
  841  830  819  807  794  785  774  747  701  644  610  599  602  598  573  545
  531  530  542  557  568  573  569  553  534
     2.5-180.0 180.0   5.0 450.0                            LAT/LON1/LON2/DLON/H
  535  508  478  444  412  379  345  311  281  254  233  217  208  204  202  198
  199  205  221  258  311  368  428  486  550  610  664  706  738  765  784  796
  796  794  786  779  777  779  790  812  838  859  871  874  880  880  875  865
  859  847  840  831  828  822  820  798  760  710  685  681  687  670  641  602
  572  560  561  566  573  575  569  550  535
