DORISInput/IGSGIM/2024/IGS0OPSFIN_20241570000_01D_02H_GIM.INX
     1.0            IONOSPHERE MAPS     MIX                 IONEX VERSION / TYPE
cmpcmb v1.2          GRL/UWM            24-jun-24 16:08     PGM / RUN BY / DATE 
ionex file containing IGS COMBINED Ionosphere maps          COMMENT             
global ionosphere maps for day 157, 2024                    DESCRIPTION         
IONEX file containing the COMBINED IGS TEC MAPS and DCBs    DESCRIPTION         
      IONEX files of the following IAACs were combined: cod DESCRIPTION         
                                                        jpl DESCRIPTION         
                                                        upc DESCRIPTION         
Contact address: Andrzej Krankowski                         DESCRIPTION
                 Geodynamics Research Laboratory            DESCRIPTION
                 University of Warmia and Mazury (GRL/UWM)  DESCRIPTION
                 Oczapowski St. 1                           DESCRIPTION
                 10-957-Olsztyn, POLAND                     DESCRIPTION
                 e-mail:  kand@uwm.edu.pl                   DESCRIPTION
                                                            DESCRIPTION         
  2024     6     5     0     0     0                        EPOCH OF FIRST MAP  
  2024     6     6     0     0     0                        EPOCH OF LAST MAP   
  7200                                                      INTERVAL            
    13                                                      # OF MAPS IN FILE   
  COSZ                                                      MAPPING FUNCTION    
     0.0                                                    ELEVATION CUTOFF    
combined TEC calculated as weighted mean of input TEC valuesOBSERVABLES USED    
   336                                                      # OF STATIONS       
    32                                                      # OF SATELLITES     
  6371.0                                                    BASE RADIUS         
     2                                                      MAP DIMENSION       
   450.0 450.0   0.0                                        HGT1 / HGT2 / DHGT  
    87.5 -87.5  -2.5                                        LAT1 / LAT2 / DLAT  
  -180.0 180.0   5.0                                        LON1 / LON2 / DLON  
    -1                                                      EXPONENT            
TEC values in 0.1 tec units;  9999, if no value available   COMMENT             
DCB values in nanoseconds, reference is Sum_of_SatDCBs = 0  COMMENT             
                                                            END OF HEADER       
[from data line 2145]
     6                                                      START OF TEC MAP    
  2024     6     5    10     0     0                        EPOCH OF CURRENT MAP
    87.5-180.0 180.0   5.0 450.0                            LAT/LON1/LON2/DLON/H
  222  223  224  224  224  224  225  226  227  228  229  230  230  231  233  233
  234  236  237  238  238  238  238  238  238  238  238  238  238  238  238  238
  239  239  238  239  239  239  238  237  238  239  239  238  237  238  237  236
  236  235  233  233  232  230  229  227  227  225  225  224  223  223  222  222
  221  221  221  222  222  222  222  222  222
    85.0-180.0 180.0   5.0 450.0                            LAT/LON1/LON2/DLON/H
  222  223  223  225  226  227  229  230  232  233  235  237  238  240  241  241
  242  242  243  246  247  248  248  247  247  247  247  247  248  248  248  248
  250  251  251  252  252  252  253  255  254  254  255  254  253  251  250  248
  246  244  243  241  239  237  235  233  232  231  230  228  227  226  224  224
  223  223  222  221  221  220  221  221  222
    82.5-180.0 180.0   5.0 450.0                            LAT/LON1/LON2/DLON/H
  223  224  225  227  229  231  233  235  236  239  240  242  244  246  248  249
  251  253  254  253  251  253  255  253  253  253  254  254  255  255  256  257
  257  259  260  262  263  266  267  269  270  271  272  272  272  271  268  266
  264  260  257  254  252  249  247  245  245  244  243  241  240  238  237  235
  233  230  228  225  224  223  223  223  223
    80.0-180.0 180.0   5.0 450.0                            LAT/LON1/LON2/DLON/H
  227  228  229  230  230  233  235  237  240  243  245  246  248  249  250  251
  252  253  254  253  253  258  257  255  255  254  254  255  256  257  259  262
  265  269  273  278  283  286  290  294  293  295  295  296  296  294  291  288
  285  282  278  275  273  270  269  267  265  264  263  262  260  258  255  251
  247  242  239  235  232  229  228  227  227
    77.5-180.0 180.0   5.0 450.0                            LAT/LON1/LON2/DLON/H
  232  230  229  229  231  233  236  239  241  244  246  247  249  250  251  252
  253  253  253  253  254  255  250  252  254  250  249  251  252  255  259  265
  270  275  282  290  299  307  314  322  325  325  325  324  324  322  318  314
  310  307  304  302  300  299  296  294  293  291  290  287  285  282  278  273
  267  260  255  249  244  240  236  233  232
    75.0-180.0 180.0   5.0 450.0                            LAT/LON1/LON2/DLON/H
  235  232  230  230  231  233  236  238  241  244  245  246  245  247  247  247
  248  247  247  248  248  248  245  245  243  244  246  246  248  252  257  264
  273  282  293  304  314  325  335  342  348  352  351  351  349  349  345  341
  337  335  332  328  327  325  324  322  321  319  317  315  311  307  302  297
  290  282  274  267  260  253  246  241  235
    72.5-180.0 180.0   5.0 450.0                            LAT/LON1/LON2/DLON/H
  238  235  232  231  232  232  233  235  239  240  239  238  239  239  238  239
  238  237  239  237  235  235  235  235  232  234  236  240  245  252  259  268
  280  292  302  317  331  342  351  360  367  371  373  373  371  370  368  364
  360  357  352  351  348  347  346  344  343  341  339  337  333  329  325  319
  311  303  295  286  276  266  256  248  238
    70.0-180.0 180.0   5.0 450.0                            LAT/LON1/LON2/DLON/H
  244  238  233  230  228  227  228  230  231  231  230  231  232  231  230  230
  230  228  227  223  223  222  221  222  223  225  231  237  244  253  264  277
  289  302  316  329  343  354  365  373  380  385  387  388  387  385  382  378
  375  370  368  364  362  361  359  357  356  354  352  350  348  345  341  335
  329  321  312  302  290  278  265  253  244
    67.5-180.0 180.0   5.0 450.0                            LAT/LON1/LON2/DLON/H
  249  240  231  226  223  221  221  220  222  222  222  222  223  222  223  223
  221  222  218  215  214  211  212  215  218  222  229  239  248  259  273  285
  299  315  328  341  352  364  374  381  387  393  395  395  394  392  390  386
  382  377  373  370  366  364  362  360  358  355  353  352  351  349  345  342
  337  330  322  312  301  288  274  261  249
    65.0-180.0 180.0   5.0 450.0                            LAT/LON1/LON2/DLON/H
  254  242  232  223  217  213  212  211  210  210  210  211  212  214  215  215
  215  216  214  210  208  207  209  212  218  225  233  244  255  269  284  297
  312  327  340  350  361  369  377  384  391  396  398  399  398  396  393  389
  385  379  374  369  364  360  357  353  350  347  345  343  342  341  339  336
  332  328  323  315  305  294  280  268  254
    62.5-180.0 180.0   5.0 450.0                            LAT/LON1/LON2/DLON/H
  258  244  232  223  215  208  205  200  197  196  197  198  200  204  206  206
  210  210  209  206  204  206  209  214  222  231  241  253  265  281  296  312
  328  341  351  359  367  373  379  386  393  398  401  403  401  398  394  390
  384  379  372  365  359  352  347  342  338  334  331  329  327  325  323  321
  319  317  313  310  303  294  283  271  258
    60.0-180.0 180.0   5.0 450.0                            LAT/LON1/LON2/DLON/H
  262  246  235  224  214  205  200  190  184  182  182  183  187  192  196  199
  202  203  203  201  202  206  211  219  227  239  251  264  279  295  312  328
  341  353  361  367  373  378  382  389  397  402  406  408  406  402  398  392
  386  379  371  364  355  348  340  334  328  323  319  315  311  307  305  302
  300  300  301  300  298  292  285  276  262
    57.5-180.0 180.0   5.0 450.0                            LAT/LON1/LON2/DLON/H
  265  251  239  229  217  205  198  185  176  169  168  168  173  180  186  191
  195  197  200  200  202  207  214  224  235  249  262  277  293  309  325  342
  355  365  372  377  382  386  390  397  404  410  415  416  414  409  405  397
  391  382  373  366  356  347  337  331  325  319  313  308  302  296  291  287
  285  286  288  290  291  289  285  277  265
    55.0-180.0 180.0   5.0 450.0                            LAT/LON1/LON2/DLON/H
  268  258  248  236  224  212  202  184  172  161  157  156  160  167  174  180
  186  191  195  198  202  208  218  230  244  258  274  290  305  321  336  354
  368  377  385  390  395  398  403  409  417  423  428  428  424  420  414  407
  399  390  381  373  363  353  343  337  330  324  318  310  303  295  287  280
  276  276  279  283  285  286  283  278  268
    52.5-180.0 180.0   5.0 450.0                            LAT/LON1/LON2/DLON/H
  274  267  258  246  235  222  211  189  173  161  154  150  150  153  159  166
  174  181  188  194  201  210  221  235  251  267  285  300  314  330  347  364
  378  390  400  406  410  416  422  429  437  443  447  445  439  433  425  419
  411  405  398  388  378  366  357  350  342  336  330  323  315  305  293  284
  277  276  278  282  285  286  285  281  274
    50.0-180.0 180.0   5.0 450.0                            LAT/LON1/LON2/DLON/H
  281  277  271  260  250  236  223  198  181  167  156  150  146  145  149  154
  163  171  182  191  201  212  225  241  258  277  294  310  323  340  356  374
  390  404  414  423  431  438  447  453  461  467  468  464  457  448  440  434
  428  424  419  410  397  386  376  367  358  352  345  338  330  319  307  295
  286  284  285  287  289  289  288  285  281
    47.5-180.0 180.0   5.0 450.0                            LAT/LON1/LON2/DLON/H
  288  287  282  274  262  249  236  213  196  180  167  156  148  144  143  146
  154  164  177  189  202  215  230  248  267  287  304  319  332  348  364  382
  399  417  432  445  453  464  473  482  488  492  492  484  476  466  459  455
  449  447  442  434  421  408  396  385  374  367  359  351  345  336  324  312
  303  298  296  296  295  294  293  290  288
    45.0-180.0 180.0   5.0 450.0                            LAT/LON1/LON2/DLON/H
  294  293  291  284  272  259  246  227  210  195  181  167  156  147  142  144
  151  161  175  191  205  220  236  256  276  297  314  330  341  354  372  390
  408  428  445  461  476  488  499  508  515  519  515  507  497  488  480  478
  477  474  468  460  446  431  417  402  389  379  369  360  355  350  342  333
  324  316  310  306  302  298  295  294  294
    42.5-180.0 180.0   5.0 450.0                            LAT/LON1/LON2/DLON/H
  293  294  293  288  278  265  254  238  225  212  197  181  167  155  148  146
  152  162  176  194  209  226  243  264  285  307  325  339  350  364  380  398
  415  437  457  476  493  508  522  532  541  543  540  530  523  514  506  506
  508  507  500  491  476  456  437  417  399  385  372  363  360  358  355  349
  343  335  325  318  309  302  297  294  293
    40.0-180.0 180.0   5.0 450.0                            LAT/LON1/LON2/DLON/H
  290  290  289  285  277  264  254  244  236  226  212  196  180  167  158  154
  157  167  180  197  214  232  250  271  295  318  337  351  360  374  387  402
  420  443  464  485  505  523  540  552  563  566  562  555  551  543  538  540
  541  545  537  526  512  485  461  435  410  392  375  366  363  366  367  364
  357  349  338  328  315  303  295  290  290
    37.5-180.0 180.0   5.0 450.0                            LAT/LON1/LON2/DLON/H
  283  283  282  278  270  258  251  244  242  236  227  212  195  181  170  165
  165  173  186  202  220  238  258  281  306  329  349  361  370  380  392  406
  423  443  465  489  512  533  550  566  579  586  585  583  581  577  572  576
  581  584  577  565  549  523  494  463  434  409  388  375  373  377  381  379
  371  361  349  334  319  304  291  284  283
    35.0-180.0 180.0   5.0 450.0                            LAT/LON1/LON2/DLON/H
  277  276  273  269  262  252  247  243  245  244  239  226  210  195  184  178
  177  182  192  207  225  246  267  292  318  341  358  370  376  384  394  407
  422  441  464  488  514  538  559  577  592  604  608  611  612  610  610  617
  623  628  622  611  595  567  537  503  471  442  418  401  395  397  398  395
  385  372  358  341  323  307  291  281  277
    32.5-180.0 180.0   5.0 450.0                            LAT/LON1/LON2/DLON/H
  277  272  268  262  256  246  243  242  247  249  247  237  222  208  197  191
  189  191  198  212  230  253  278  304  330  352  367  375  379  386  394  406
  421  438  460  487  514  541  564  584  602  620  633  639  641  642  651  658
  665  672  672  666  651  624  595  561  529  497  469  448  435  427  423  412
  397  382  363  346  331  313  297  286  277
    30.0-180.0 180.0   5.0 450.0                            LAT/LON1/LON2/DLON/H
  286  278  272  263  255  246  243  243  249  253  250  241  227  216  207  204
  200  199  204  215  234  259  287  316  341  361  373  377  379  384  392  405
  418  434  458  487  516  543  567  590  610  630  651  659  665  670  683  696
  708  720  725  725  716  698  668  634  606  570  537  511  491  473  454  435
  410  389  370  353  340  323  308  297  286
    27.5-180.0 180.0   5.0 450.0                            LAT/LON1/LON2/DLON/H
  304  294  286  274  262  253  250  248  253  254  251  243  230  221  216  214
  210  208  209  218  238  263  293  325  349  365  374  375  376  380  390  404
  418  436  461  489  518  545  572  593  615  645  667  675  683  691  706  727
  752  768  782  787  785  774  746  719  690  652  616  586  559  529  494  462
  426  396  374  361  348  334  325  314  304
    25.0-180.0 180.0   5.0 450.0                            LAT/LON1/LON2/DLON/H
  325  316  307  294  278  267  263  260  261  257  252  245  233  227  224  224
  221  216  214  221  239  264  295  327  351  364  370  369  371  377  391  407
  425  444  468  498  527  553  578  600  624  654  673  682  695  707  728  755
  785  814  834  848  852  847  821  797  768  736  697  664  632  591  540  489
  443  403  379  369  360  350  343  336  325
    22.5-180.0 180.0   5.0 450.0                            LAT/LON1/LON2/DLON/H
  346  337  331  318  301  287  281  277  273  266  259  249  239  233  231  233
  231  225  222  226  239  263  294  324  346  357  361  361  366  378  397  418
  439  461  483  512  541  563  588  608  632  658  672  685  701  718  746  777
  812  846  873  893  899  896  873  850  826  796  756  726  695  650  588  520
  461  412  382  373  370  366  361  354  346
    20.0-180.0 180.0   5.0 450.0                            LAT/LON1/LON2/DLON/H
  361  354  348  338  322  306  297  292  287  280  270  256  247  242  243  244
  242  235  231  231  240  259  286  313  334  344  350  353  364  383  408  437
  460  482  504  529  558  579  602  619  640  660  673  688  702  723  753  790
  827  858  887  906  909  900  884  863  837  814  786  763  734  688  621  548
  478  421  387  373  371  371  372  370  361
    17.5-180.0 180.0   5.0 450.0                            LAT/LON1/LON2/DLON/H
  366  362  358  351  336  318  306  298  295  290  279  268  259  254  256  257
  252  244  237  234  238  253  274  297  316  329  337  348  367  393  426  458
  482  501  528  550  579  604  622  637  650  664  676  688  704  725  755  790
  822  847  872  883  878  870  858  835  815  802  788  775  749  705  641  569
  496  434  395  371  362  362  368  369  366
    15.0-180.0 180.0   5.0 450.0                            LAT/LON1/LON2/DLON/H
  355  355  357  354  340  320  307  295  296  296  289  281  274  270  269  268
  262  251  241  235  235  243  258  276  294  310  326  345  371  405  444  476
  502  524  547  570  598  627  646  657  668  675  682  691  706  726  750  779
  804  822  841  844  835  826  812  794  782  774  769  764  747  709  654  586
  513  445  396  363  346  343  347  350  355
    12.5-180.0 180.0   5.0 450.0                            LAT/LON1/LON2/DLON/H
  328  334  341  344  336  318  303  284  288  295  294  290  286  283  281  278
  270  257  243  233  229  228  237  251  270  289  312  340  375  416  458  493
  521  544  566  593  623  651  669  680  689  693  694  701  713  728  745  765
  783  794  804  805  793  782  768  756  748  743  742  744  735  703  653  590
  522  452  395  354  332  322  318  321  328
    10.0-180.0 180.0   5.0 450.0                            LAT/LON1/LON2/DLON/H
  299  306  317  323  323  311  297  270  274  287  292  292  292  291  290  285
  276  262  248  232  221  213  214  224  242  266  299  334  378  423  469  507
  537  562  586  614  645  668  685  699  710  713  711  717  727  734  743  752
  761  771  778  775  764  751  740  731  728  724  725  728  721  695  648  587
  523  456  399  353  323  303  294  293  299
     7.5-180.0 180.0   5.0 450.0                            LAT/LON1/LON2/DLON/H
  279  287  298  307  309  300  286  263  265  277  282  286  291  293  291  287
  278  266  251  232  214  198  193  199  218  247  289  330  377  425  475  517
  550  578  601  628  655  676  694  715  727  732  728  734  742  742  742  745
  750  759  765  761  751  739  734  732  730  725  722  724  719  696  651  592
  528  466  411  363  326  300  285  277  279
     5.0-180.0 180.0   5.0 450.0                            LAT/LON1/LON2/DLON/H
  280  284  292  301  303  294  282  260  259  266  271  276  283  289  288  283
  276  265  248  227  205  184  173  176  198  234  280  326  373  421  473  518
  557  583  605  628  651  673  698  721  735  743  741  745  751  747  743  744
  752  760  765  762  754  747  749  754  753  745  735  731  726  702  659  604
  542  483  430  386  348  319  298  285  280
     2.5-180.0 180.0   5.0 450.0                            LAT/LON1/LON2/DLON/H
  308  304  305  310  312  302  290  267  258  256  257  261  269  277  278  272
  265  254  238  214  192  170  155  159  183  224  271  319  362  412  461  513
  552  578  594  613  634  658  686  713  732  742  744  747  748  744  743  745
  755  768  772  772  767  765  775  786  785  773  755  743  731  707  664  610
  557  507  457  418  384  356  334  319  308
