DORISInput/IGSGIM/2024/IGS0OPSFIN_20241500000_01D_02H_GIM.INX
     1.0            IONOSPHERE MAPS     MIX                 IONEX VERSION / TYPE
cmpcmb v1.2          GRL/UWM            12-jun-24 16:17     PGM / RUN BY / DATE 
ionex file containing IGS COMBINED Ionosphere maps          COMMENT             
global ionosphere maps for day 150, 2024                    DESCRIPTION         
IONEX file containing the COMBINED IGS TEC MAPS and DCBs    DESCRIPTION         
      IONEX files of the following IAACs were combined: cod DESCRIPTION         
                                                        jpl DESCRIPTION         
                                                        upc DESCRIPTION         
Contact address: Andrzej Krankowski                         DESCRIPTION
                 Geodynamics Research Laboratory            DESCRIPTION
                 University of Warmia and Mazury (GRL/UWM)  DESCRIPTION
                 Oczapowski St. 1                           DESCRIPTION
                 10-957-Olsztyn, POLAND                     DESCRIPTION
                 e-mail:  kand@uwm.edu.pl                   DESCRIPTION
                                                            DESCRIPTION         
  2024     5    29     0     0     0                        EPOCH OF FIRST MAP  
  2024     5    30     0     0     0                        EPOCH OF LAST MAP   
  7200                                                      INTERVAL            
    13                                                      # OF MAPS IN FILE   
  COSZ                                                      MAPPING FUNCTION    
     0.0                                                    ELEVATION CUTOFF    
combined TEC calculated as weighted mean of input TEC valuesOBSERVABLES USED    
   335                                                      # OF STATIONS       
    32                                                      # OF SATELLITES     
  6371.0                                                    BASE RADIUS         
     2                                                      MAP DIMENSION       
   450.0 450.0   0.0                                        HGT1 / HGT2 / DHGT  
    87.5 -87.5  -2.5                                        LAT1 / LAT2 / DLAT  
  -180.0 180.0   5.0                                        LON1 / LON2 / DLON  
    -1                                                      EXPONENT            
TEC values in 0.1 tec units;  9999, if no value available   COMMENT             
DCB values in nanoseconds, reference is Sum_of_SatDCBs = 0  COMMENT             
                                                            END OF HEADER       
[from data line 3432]
     9                                                      START OF TEC MAP    
  2024     5    29    16     0     0                        EPOCH OF CURRENT MAP
    87.5-180.0 180.0   5.0 450.0                            LAT/LON1/LON2/DLON/H
  218  218  219  219  219  219  219  219  219  220  220  221  221  221  221  222
  222  223  223  223  224  224  226  226  227  227  227  228  228  229  228  228
  228  228  229  229  228  228  228  228  228  227  227  227  227  226  226  225
  225  224  224  224  223  222  222  222  221  221  220  220  220  219  219  219
  219  219  218  219  219  218  218  218  218
    85.0-180.0 180.0   5.0 450.0                            LAT/LON1/LON2/DLON/H
  218  218  218  219  219  220  220  221  221  221  222  222  223  223  224  224
  225  226  227  227  227  228  229  230  232  233  233  233  234  232  233  233
  233  234  234  235  235  235  235  235  235  235  234  234  233  232  232  232
  230  229  228  227  227  226  225  224  224  223  223  222  221  220  219  219
  218  218  217  217  217  217  217  218  218
    82.5-180.0 180.0   5.0 450.0                            LAT/LON1/LON2/DLON/H
  218  218  218  219  220  220  221  221  220  221  221  221  222  223  224  224
  227  228  229  230  232  234  234  235  235  235  236  238  239  240  240  242
  242  243  243  244  244  244  244  244  244  243  244  245  243  243  241  239
  239  238  237  236  235  233  232  230  229  228  227  226  225  223  222  220
  219  218  218  218  218  218  218  219  218
    80.0-180.0 180.0   5.0 450.0                            LAT/LON1/LON2/DLON/H
  219  219  221  222  223  223  222  222  222  222  222  223  223  224  225  226
  226  228  228  230  233  236  237  240  239  241  244  245  247  250  251  253
  254  255  254  253  253  253  253  253  252  252  252  252  251  251  251  249
  248  248  248  247  246  244  241  239  237  235  234  232  231  228  225  223
  221  220  220  219  219  219  219  219  219
    77.5-180.0 180.0   5.0 450.0                            LAT/LON1/LON2/DLON/H
  222  223  223  224  224  224  224  224  224  224  225  225  226  227  228  229
  230  231  233  234  237  242  242  245  253  254  257  259  259  261  263  266
  266  267  267  266  264  263  262  262  261  260  260  260  260  260  260  260
  259  259  259  259  259  257  253  249  246  244  243  241  239  234  231  227
  226  224  223  222  222  221  221  221  222
    75.0-180.0 180.0   5.0 450.0                            LAT/LON1/LON2/DLON/H
  225  225  227  226  227  228  228  229  230  230  230  230  231  232  231  231
  232  233  236  238  241  248  249  252  259  263  268  271  272  274  276  277
  278  278  278  278  275  273  272  270  271  270  269  269  269  269  270  271
  271  270  270  271  270  269  263  260  257  254  253  250  247  243  238  234
  231  228  227  225  225  225  226  225  225
    72.5-180.0 180.0   5.0 450.0                            LAT/LON1/LON2/DLON/H
  234  234  233  235  236  237  238  238  239  241  240  241  241  240  238  238
  240  241  242  242  246  254  259  262  268  273  276  280  283  286  286  288
  290  290  289  288  286  283  280  279  278  278  277  277  277  278  279  280
  280  280  279  279  277  276  273  269  266  264  261  258  254  249  243  240
  236  233  231  231  230  231  232  232  234
    70.0-180.0 180.0   5.0 450.0                            LAT/LON1/LON2/DLON/H
  239  240  242  245  248  249  250  252  253  253  255  255  254  251  252  252
  251  252  252  252  257  263  270  273  278  282  286  286  290  292  295  296
  297  297  298  297  295  293  290  288  286  285  285  284  284  284  285  285
  285  285  284  284  282  280  277  274  272  269  266  263  259  255  248  244
  240  237  235  234  235  236  236  238  239
    67.5-180.0 180.0   5.0 450.0                            LAT/LON1/LON2/DLON/H
  243  246  248  252  257  261  263  265  266  267  270  270  271  269  269  268
  265  265  264  267  269  273  279  283  285  289  290  291  292  295  299  302
  303  303  305  305  304  302  299  296  293  292  290  288  287  286  287  286
  286  286  286  284  282  280  277  274  271  268  266  262  259  255  250  245
  241  238  235  234  235  235  237  239  243
    65.0-180.0 180.0   5.0 450.0                            LAT/LON1/LON2/DLON/H
  247  252  257  261  265  269  272  275  278  283  285  287  287  288  285  282
  279  277  276  278  278  282  286  289  290  291  291  291  294  296  302  305
  309  311  313  313  312  310  306  304  301  297  295  292  290  288  287  287
  286  286  284  282  279  277  273  270  266  263  260  258  255  251  247  242
  237  234  231  229  230  231  236  241  247
    62.5-180.0 180.0   5.0 450.0                            LAT/LON1/LON2/DLON/H
  249  257  263  270  275  278  281  286  291  295  300  302  302  303  300  295
  291  287  285  284  284  287  289  292  292  291  290  290  294  298  303  309
  314  318  319  320  319  317  313  310  308  305  301  297  294  291  290  289
  289  286  285  281  277  273  269  265  261  257  254  251  249  245  241  235
  229  226  224  223  223  226  233  240  249
    60.0-180.0 180.0   5.0 450.0                            LAT/LON1/LON2/DLON/H
  245  256  266  275  282  285  290  296  300  305  311  314  314  314  312  307
  300  295  292  289  288  290  291  293  294  293  291  292  294  300  306  312
  319  323  326  326  326  324  321  319  316  313  309  305  302  298  295  294
  293  290  288  282  278  272  266  260  256  252  249  245  243  239  234  228
  222  218  216  215  215  219  226  235  245
    57.5-180.0 180.0   5.0 450.0                            LAT/LON1/LON2/DLON/H
  237  250  262  274  283  288  294  300  307  313  318  321  323  323  321  315
  309  303  299  294  292  292  294  295  296  297  295  297  299  304  312  319
  325  330  333  334  334  332  331  329  327  324  320  316  310  306  302  301
  301  300  297  292  283  273  265  258  254  249  246  241  240  236  230  223
  217  213  209  207  207  210  216  225  237
    55.0-180.0 180.0   5.0 450.0                            LAT/LON1/LON2/DLON/H
  228  241  255  267  278  288  293  300  307  314  319  324  327  328  328  322
  316  311  307  301  299  299  300  302  303  304  305  306  308  313  321  329
  335  340  343  344  344  343  342  341  341  338  336  331  324  319  315  313
  313  312  308  302  291  279  270  261  256  251  248  245  243  237  230  222
  216  210  205  202  199  202  207  216  228
    52.5-180.0 180.0   5.0 450.0                            LAT/LON1/LON2/DLON/H
  219  232  246  260  274  285  290  297  304  312  317  323  329  331  332  329
  325  321  315  312  309  309  311  314  315  318  318  321  324  329  337  344
  351  354  357  357  355  355  356  356  355  354  352  347  342  338  333  329
  327  324  319  309  297  289  279  269  263  259  256  252  250  244  235  227
  220  214  206  199  195  195  199  207  219
    50.0-180.0 180.0   5.0 450.0                            LAT/LON1/LON2/DLON/H
  210  222  238  253  268  278  285  296  302  308  314  322  329  333  335  336
  335  332  328  325  322  323  326  330  333  337  338  342  345  351  357  365
  370  373  375  375  372  372  372  374  374  373  371  366  363  358  351  345
  341  336  327  314  304  297  288  281  275  270  266  263  260  254  244  237
  230  222  213  204  196  193  194  200  210
    47.5-180.0 180.0   5.0 450.0                            LAT/LON1/LON2/DLON/H
  203  213  229  245  261  272  280  294  300  307  314  322  328  334  338  342
  344  344  342  341  340  342  346  351  355  360  363  367  370  376  382  389
  393  397  397  395  393  394  395  394  394  395  393  392  387  382  372  364
  355  346  334  319  309  302  295  291  286  282  278  275  271  264  256  248
  241  233  222  211  203  197  195  197  203
    45.0-180.0 180.0   5.0 450.0                            LAT/LON1/LON2/DLON/H
  200  208  221  238  256  268  280  292  301  308  316  323  329  335  340  347
  353  356  357  358  359  362  368  375  381  386  389  393  397  403  409  416
  421  424  424  421  422  423  423  421  420  420  420  417  413  405  393  383
  367  353  340  326  314  306  300  297  294  291  287  284  280  274  267  260
  252  245  235  223  214  206  199  198  200
    42.5-180.0 180.0   5.0 450.0                            LAT/LON1/LON2/DLON/H
  201  205  218  235  252  269  284  296  307  314  322  329  335  339  345  353
  361  368  371  374  376  382  390  400  408  414  416  419  423  428  437  445
  450  457  454  457  459  458  458  454  452  452  450  445  441  431  417  400
  378  360  345  331  318  308  302  300  298  297  294  290  286  281  276  270
  264  258  251  239  228  218  209  203  201
    40.0-180.0 180.0   5.0 450.0                            LAT/LON1/LON2/DLON/H
  205  207  216  233  253  272  291  305  317  325  332  338  343  346  351  360
  369  378  383  386  391  400  411  424  435  442  443  446  450  455  467  476
  483  491  496  496  501  501  496  491  488  484  482  477  471  458  440  416
  391  371  352  337  322  311  306  304  302  300  299  293  289  284  280  278
  276  272  267  257  246  234  221  211  205
    37.5-180.0 180.0   5.0 450.0                            LAT/LON1/LON2/DLON/H
  212  211  217  233  253  273  295  315  331  343  350  353  357  356  359  369
  378  387  392  397  404  416  431  448  460  470  470  474  478  484  498  506
  519  528  536  540  546  546  542  533  526  520  517  512  506  488  461  432
  406  383  361  344  328  317  312  310  307  305  302  297  292  288  286  287
  287  287  283  273  265  252  236  222  212
    35.0-180.0 180.0   5.0 450.0                            LAT/LON1/LON2/DLON/H
  223  220  222  234  254  276  300  324  346  363  374  377  375  373  373  380
  388  397  402  407  416  433  452  470  485  498  498  503  508  518  529  538
  551  561  572  582  588  589  585  576  566  555  550  546  535  514  484  449
  422  396  374  356  339  328  322  317  315  311  307  302  297  294  292  295
  299  302  300  291  282  270  253  236  223
    32.5-180.0 180.0   5.0 450.0                            LAT/LON1/LON2/DLON/H
  238  231  229  236  256  282  308  335  361  384  401  404  399  393  392  394
  400  408  415  419  429  448  471  491  506  521  524  530  538  546  560  572
  581  591  603  615  623  623  620  611  600  589  583  575  560  536  506  468
  436  413  392  373  357  346  338  331  326  321  316  310  305  302  301  305
  311  314  313  305  295  282  269  253  238
    30.0-180.0 180.0   5.0 450.0                            LAT/LON1/LON2/DLON/H
  252  243  239  243  260  287  318  345  374  404  424  427  419  413  410  410
  415  422  427  433  443  463  488  510  524  539  546  556  564  573  588  601
  609  618  628  641  649  653  648  640  627  617  609  600  580  553  520  484
  454  431  413  397  382  369  358  349  341  333  326  321  317  313  312  315
  320  323  321  313  302  291  277  266  252
    27.5-180.0 180.0   5.0 450.0                            LAT/LON1/LON2/DLON/H
  261  252  246  250  264  289  320  352  385  419  439  443  434  429  428  429
  433  438  443  448  460  481  505  528  541  553  565  580  590  599  611  625
  633  640  646  656  663  670  666  659  648  639  629  617  595  562  527  492
  465  445  431  421  407  391  377  365  353  342  336  332  328  323  321  322
  325  326  322  314  301  291  281  272  261
    25.0-180.0 180.0   5.0 450.0                            LAT/LON1/LON2/DLON/H
  262  253  247  251  266  289  321  356  390  423  444  449  445  443  442  446
  451  458  460  466  480  502  523  547  559  569  587  605  614  623  634  645
  652  654  659  663  669  680  684  676  665  652  640  626  599  559  521  490
  465  452  446  438  424  406  390  375  360  349  343  339  336  330  325  325
  324  321  313  304  293  285  277  270  262
    22.5-180.0 180.0   5.0 450.0                            LAT/LON1/LON2/DLON/H
  254  248  242  245  261  287  320  354  388  421  443  451  454  455  455  463
  472  481  482  489  503  523  542  564  577  592  610  629  639  646  653  661
  668  672  670  669  671  681  692  690  676  660  650  628  592  548  508  477
  458  454  451  446  430  411  396  379  363  351  347  344  342  333  326  322
  318  310  299  289  280  276  269  261  254
    20.0-180.0 180.0   5.0 450.0                            LAT/LON1/LON2/DLON/H
  242  236  232  235  252  278  311  346  380  414  438  452  459  464  468  483
  493  502  505  513  527  546  562  582  598  617  636  651  660  665  669  673
  680  684  680  673  672  682  694  691  681  668  657  628  583  534  490  459
  444  444  448  441  423  404  392  380  366  354  351  349  347  333  323  314
  307  297  284  273  267  263  258  248  242
    17.5-180.0 180.0   5.0 450.0                            LAT/LON1/LON2/DLON/H
  226  221  217  221  237  263  297  331  368  404  430  446  458  470  479  496
  511  520  524  532  545  564  583  602  619  638  657  670  676  678  680  682
  690  690  683  674  671  679  688  687  682  672  659  621  570  522  472  443
  429  430  428  417  399  388  382  377  367  359  356  354  350  333  317  304
  292  281  268  259  256  253  248  237  226
    15.0-180.0 180.0   5.0 450.0                            LAT/LON1/LON2/DLON/H
  216  209  202  203  218  245  277  313  350  388  414  436  450  466  483  498
  515  527  535  543  556  576  599  618  635  654  671  682  687  686  687  687
  693  691  682  674  669  679  686  687  684  674  654  608  563  512  462  429
  413  407  398  381  368  365  366  368  365  359  357  351  345  327  306  289
  276  263  252  247  246  245  240  228  216
    12.5-180.0 180.0   5.0 450.0                            LAT/LON1/LON2/DLON/H
  210  199  191  188  198  223  254  290  331  371  397  423  440  456  476  493
  510  524  537  546  559  580  604  623  642  662  678  687  691  689  686  685
  689  690  682  673  674  688  695  692  686  673  645  606  559  508  454  418
  401  388  372  353  342  344  352  359  360  354  350  340  331  312  292  268
  254  242  236  235  236  237  233  223  210
    10.0-180.0 180.0   5.0 450.0                            LAT/LON1/LON2/DLON/H
  205  193  183  176  179  199  232  272  312  352  384  408  426  445  463  482
  500  517  531  542  555  576  600  623  645  665  680  690  692  689  683  681
  683  686  682  678  684  699  707  700  688  667  637  601  561  509  457  420
  402  383  362  343  331  335  348  360  360  352  342  327  316  293  273  248
  233  223  221  223  224  225  224  216  205
     7.5-180.0 180.0   5.0 450.0                            LAT/LON1/LON2/DLON/H
  197  185  173  166  165  181  212  251  293  335  370  397  416  434  452  472
  492  510  523  533  546  566  593  621  645  666  681  688  689  686  679  677
  679  679  678  682  693  706  711  703  687  666  636  604  566  518  472  440
  416  397  375  355  344  351  361  373  371  357  338  317  303  278  258  237
  220  210  208  211  212  212  212  206  197
     5.0-180.0 180.0   5.0 450.0                            LAT/LON1/LON2/DLON/H
  187  176  162  150  153  168  197  234  276  320  358  387  410  428  447  467
  486  503  515  524  537  560  587  616  644  665  680  687  686  682  676  673
  674  671  672  678  690  702  709  702  688  669  637  610  577  534  496  466
  450  431  413  384  375  378  385  393  381  359  332  306  292  267  252  233
  215  203  199  200  199  200  199  194  187
     2.5-180.0 180.0   5.0 450.0                            LAT/LON1/LON2/DLON/H
  175  165  151  139  142  159  187  221  263  307  348  381  407  428  447  467
  485  500  509  517  533  557  585  614  643  664  680  686  683  678  673  669
  668  662  658  660  673  690  701  694  681  661  632  607  581  550  513  487
  487  471  448  419  405  398  401  399  380  350  322  297  283  263  251  233
  215  204  198  193  189  189  188  182  175
