DORISInput/IGSGIM/2024/IGS0OPSFIN_20241520000_01D_02H_GIM.INX
     1.0            IONOSPHERE MAPS     MIX                 IONEX VERSION / TYPE
cmpcmb v1.2          GRL/UWM            12-jun-24 16:27     PGM / RUN BY / DATE 
ionex file containing IGS COMBINED Ionosphere maps          COMMENT             
global ionosphere maps for day 152, 2024                    DESCRIPTION         
IONEX file containing the COMBINED IGS TEC MAPS and DCBs    DESCRIPTION         
      IONEX files of the following IAACs were combined: cod DESCRIPTION         
                                                        jpl DESCRIPTION         
                                                        upc DESCRIPTION         
Contact address: Andrzej Krankowski                         DESCRIPTION
                 Geodynamics Research Laboratory            DESCRIPTION
                 University of Warmia and Mazury (GRL/UWM)  DESCRIPTION
                 Oczapowski St. 1                           DESCRIPTION
                 10-957-Olsztyn, POLAND                     DESCRIPTION
                 e-mail:  kand@uwm.edu.pl                   DESCRIPTION
                                                            DESCRIPTION         
  2024     5    31     0     0     0                        EPOCH OF FIRST MAP  
  2024     6     1     0     0     0                        EPOCH OF LAST MAP   
  7200                                                      INTERVAL            
    13                                                      # OF MAPS IN FILE   
  COSZ                                                      MAPPING FUNCTION    
     0.0                                                    ELEVATION CUTOFF    
combined TEC calculated as weighted mean of input TEC valuesOBSERVABLES USED    
   334                                                      # OF STATIONS       
    32                                                      # OF SATELLITES     
  6371.0                                                    BASE RADIUS         
     2                                                      MAP DIMENSION       
   450.0 450.0   0.0                                        HGT1 / HGT2 / DHGT  
    87.5 -87.5  -2.5                                        LAT1 / LAT2 / DLAT  
  -180.0 180.0   5.0                                        LON1 / LON2 / DLON  
    -1                                                      EXPONENT            
TEC values in 0.1 tec units;  9999, if no value available   COMMENT             
DCB values in nanoseconds, reference is Sum_of_SatDCBs = 0  COMMENT             
                                                            END OF HEADER       
[from data line 3861]
    10                                                      START OF TEC MAP    
  2024     5    31    18     0     0                        EPOCH OF CURRENT MAP
    87.5-180.0 180.0   5.0 450.0                            LAT/LON1/LON2/DLON/H
  166  166  166  166  166  167  168  168  169  170  171  172  172  174  175  176
  178  179  180  181  182  183  184  185  185  185  186  186  186  186  185  185
  185  185  185  185  185  184  184  184  184  183  183  183  183  183  182  182
  181  181  180  180  179  179  178  177  176  176  174  173  173  171  171  170
  169  169  168  168  167  166  166  166  166
    85.0-180.0 180.0   5.0 450.0                            LAT/LON1/LON2/DLON/H
  154  154  154  155  155  156  157  158  159  161  163  164  166  169  171  174
  176  179  181  184  186  188  190  191  191  192  191  190  190  191  191  190
  190  188  188  187  186  186  185  184  184  183  183  183  182  182  182  181
  181  181  181  180  179  178  177  176  175  173  171  170  168  166  165  164
  162  160  159  157  157  156  155  155  154
    82.5-180.0 180.0   5.0 450.0                            LAT/LON1/LON2/DLON/H
  146  145  145  146  146  147  147  149  151  153  155  158  161  164  168  172
  174  177  181  184  188  192  196  197  198  199  198  197  195  195  193  192
  191  190  189  187  186  185  184  183  183  182  182  182  182  182  182  182
  181  181  181  180  179  179  178  177  175  173  171  169  167  165  163  161
  158  156  153  151  150  148  147  146  146
    80.0-180.0 180.0   5.0 450.0                            LAT/LON1/LON2/DLON/H
  141  140  140  139  139  140  140  141  143  145  149  153  157  162  166  172
  176  181  185  188  190  188  197  201  199  198  197  196  195  193  192  190
  190  188  187  185  184  182  182  181  181  181  180  181  181  182  182  183
  183  183  182  182  182  181  180  179  178  177  175  173  171  169  166  163
  159  156  152  150  147  145  144  143  141
    77.5-180.0 180.0   5.0 450.0                            LAT/LON1/LON2/DLON/H
  142  140  138  138  136  137  138  139  141  143  146  149  152  157  163  169
  174  180  186  192  197  204  202  203  201  200  199  196  192  191  189  187
  185  184  183  181  180  180  179  179  179  180  180  181  181  182  182  183
  183  183  183  183  182  182  182  182  181  181  180  178  176  173  170  166
  163  160  156  153  150  148  146  144  142
    75.0-180.0 180.0   5.0 450.0                            LAT/LON1/LON2/DLON/H
  148  145  144  141  140  140  141  142  142  143  145  149  153  159  165  171
  176  183  190  197  204  204  204  205  203  201  196  194  191  187  184  181
  179  179  178  178  177  176  176  177  178  179  179  180  181  181  182  182
  182  182  182  182  182  182  182  183  183  183  184  183  181  178  175  172
  169  166  164  161  158  156  153  151  148
    72.5-180.0 180.0   5.0 450.0                            LAT/LON1/LON2/DLON/H
  159  156  153  150  149  149  149  148  149  151  154  157  164  168  172  178
  184  192  197  202  207  207  207  208  205  202  197  192  187  186  181  178
  176  174  174  174  174  175  176  176  178  179  180  180  180  180  180  180
  180  180  180  180  179  180  180  181  182  183  185  184  183  182  180  177
  176  175  173  171  169  168  165  161  159
    70.0-180.0 180.0   5.0 450.0                            LAT/LON1/LON2/DLON/H
  173  170  167  164  163  161  160  160  162  164  168  174  178  180  186  190
  195  202  205  211  212  210  210  209  207  203  198  192  186  184  182  178
  176  175  174  174  176  176  177  178  178  179  180  180  180  179  179  179
  178  176  176  175  175  175  176  178  179  180  183  183  183  183  182  181
  181  182  182  183  183  182  179  177  173
    67.5-180.0 180.0   5.0 450.0                            LAT/LON1/LON2/DLON/H
  190  187  183  179  177  175  174  175  178  181  184  189  194  198  201  204
  210  212  215  218  217  216  216  214  210  205  199  195  189  186  185  182
  182  180  179  179  179  180  181  180  180  181  181  180  180  179  179  178
  177  174  172  170  169  169  170  171  173  174  176  177  178  179  181  182
  184  187  190  195  198  197  194  193  190
    65.0-180.0 180.0   5.0 450.0                            LAT/LON1/LON2/DLON/H
  205  202  199  194  191  190  189  189  191  196  200  204  209  214  217  218
  221  222  225  226  224  223  222  220  215  210  204  200  196  193  193  191
  191  190  189  187  185  184  184  183  182  182  182  181  181  181  179  177
  176  173  169  166  164  163  163  163  165  166  167  168  169  171  174  178
  182  188  195  203  207  209  208  207  205
    62.5-180.0 180.0   5.0 450.0                            LAT/LON1/LON2/DLON/H
  218  215  213  209  205  203  201  201  203  206  211  217  222  226  227  228
  230  229  230  232  231  230  229  227  223  217  212  210  206  205  204  203
  203  202  199  196  192  189  187  185  184  184  184  184  184  183  182  180
  177  174  169  165  162  160  160  157  158  158  158  159  160  162  166  170
  178  185  195  204  211  215  218  219  218
    60.0-180.0 180.0   5.0 450.0                            LAT/LON1/LON2/DLON/H
  227  227  224  221  217  214  212  211  211  214  219  225  230  233  235  235
  234  233  234  234  235  235  235  233  230  225  220  218  216  215  215  215
  214  211  208  204  199  195  191  189  188  188  188  189  189  189  188  186
  182  177  172  168  163  159  156  154  153  152  152  152  153  154  157  163
  172  181  193  203  212  219  224  227  227
    57.5-180.0 180.0   5.0 450.0                            LAT/LON1/LON2/DLON/H
  237  236  234  232  228  224  221  219  218  220  224  229  233  237  238  237
  236  235  234  234  235  236  237  235  233  229  226  224  223  223  224  224
  224  221  218  213  207  202  197  196  195  196  196  197  198  198  197  194
  189  183  179  172  168  162  160  155  152  150  149  149  149  150  153  159
  166  177  188  202  212  222  230  234  237
    55.0-180.0 180.0   5.0 450.0                            LAT/LON1/LON2/DLON/H
  244  244  244  241  239  235  232  229  226  226  228  232  235  237  238  237
  235  233  231  231  232  234  235  235  233  230  228  228  228  229  232  232
  233  231  228  223  217  212  209  207  207  208  209  209  209  210  207  204
  199  192  185  178  172  168  165  159  155  152  151  151  151  150  151  157
  164  173  184  199  212  223  233  239  244
    52.5-180.0 180.0   5.0 450.0                            LAT/LON1/LON2/DLON/H
  249  251  252  252  250  247  244  239  237  235  235  236  238  238  238  236
  233  231  229  228  229  232  234  234  233  231  231  231  232  235  238  240
  241  241  239  234  230  226  224  224  224  225  226  226  225  223  220  215
  208  199  191  185  180  177  174  169  166  162  160  159  159  157  157  161
  165  172  183  195  210  224  234  242  249
    50.0-180.0 180.0   5.0 450.0                            LAT/LON1/LON2/DLON/H
  251  256  259  260  261  259  257  253  250  246  245  244  244  243  241  238
  235  231  228  227  229  230  233  234  234  234  234  235  237  241  245  249
  251  252  251  249  246  245  244  245  245  246  246  243  240  237  232  225
  215  206  199  194  191  189  186  184  181  176  174  173  172  171  169  168
  170  174  182  195  208  223  237  245  251
    47.5-180.0 180.0   5.0 450.0                            LAT/LON1/LON2/DLON/H
  254  259  263  267  270  270  270  267  264  261  258  257  255  251  248  245
  241  236  232  231  231  232  235  237  238  239  239  241  245  249  253  259
  261  264  266  265  266  267  269  269  270  270  266  261  255  250  242  232
  223  215  208  204  204  204  202  199  196  193  189  189  187  185  181  180
  178  180  186  196  209  222  236  248  254
    45.0-180.0 180.0   5.0 450.0                            LAT/LON1/LON2/DLON/H
  255  261  267  271  277  279  280  280  278  275  273  270  267  264  259  257
  253  248  243  240  239  240  242  245  246  249  249  252  255  259  263  270
  274  278  282  284  288  293  295  296  296  293  286  278  269  260  251  241
  232  226  220  219  218  218  217  215  213  210  206  204  200  198  193  190
  188  187  191  198  209  223  235  246  255
    42.5-180.0 180.0   5.0 450.0                            LAT/LON1/LON2/DLON/H
  253  261  268  275  280  283  286  287  288  289  289  287  282  278  275  274
  272  268  262  258  255  255  257  259  261  263  264  265  268  271  276  282
  288  295  301  306  313  319  323  323  320  315  305  294  283  272  260  251
  243  240  236  238  236  236  235  233  229  225  222  218  212  208  203  198
  193  192  193  199  210  222  236  246  253
    40.0-180.0 180.0   5.0 450.0                            LAT/LON1/LON2/DLON/H
  255  261  269  276  281  285  288  292  296  300  302  300  300  296  293  295
  296  294  289  284  279  276  278  281  283  285  284  284  285  286  292  298
  305  314  322  332  340  348  349  350  345  336  324  310  296  284  273  264
  259  257  257  257  257  255  253  248  241  235  233  228  221  216  210  203
  198  195  195  201  210  222  235  247  255
    37.5-180.0 180.0   5.0 450.0                            LAT/LON1/LON2/DLON/H
  259  265  271  277  281  283  287  292  299  308  313  314  314  314  313  319
  324  326  322  317  310  306  307  310  312  312  308  306  307  306  312  317
  326  338  349  360  369  374  376  374  368  356  343  327  315  300  290  283
  278  277  277  278  277  272  268  261  253  244  241  236  230  223  215  209
  203  198  197  201  211  223  239  250  259
    35.0-180.0 180.0   5.0 450.0                            LAT/LON1/LON2/DLON/H
  265  273  279  283  284  285  287  293  302  315  325  329  330  332  335  344
  354  360  358  354  346  342  343  345  346  343  337  335  331  329  333  338
  352  365  380  390  399  402  401  398  388  375  361  347  335  321  310  304
  300  298  298  298  296  288  282  272  263  255  250  244  237  229  221  214
  208  203  200  203  211  225  242  255  265
    32.5-180.0 180.0   5.0 450.0                            LAT/LON1/LON2/DLON/H
  274  285  293  296  295  291  292  297  309  324  338  345  348  352  358  373
  385  395  397  396  388  382  383  385  383  378  370  366  359  354  360  366
  383  399  413  427  433  431  427  418  406  392  377  365  354  340  329  322
  319  318  317  315  313  305  296  283  271  263  258  252  246  237  228  220
  213  207  204  204  212  225  244  261  274
    30.0-180.0 180.0   5.0 450.0                            LAT/LON1/LON2/DLON/H
  287  301  311  314  312  308  306  308  321  338  356  365  371  378  387  404
  422  434  439  439  433  427  427  425  420  410  401  396  387  385  392  408
  422  438  452  463  464  457  448  436  420  406  391  380  370  355  343  336
  333  333  331  329  326  317  305  290  279  270  266  261  255  247  238  230
  222  214  208  206  212  225  245  268  287
    27.5-180.0 180.0   5.0 450.0                            LAT/LON1/LON2/DLON/H
  297  316  329  335  336  332  330  330  340  357  376  391  404  415  422  440
  464  475  480  482  476  473  471  465  455  441  430  423  417  419  436  452
  467  482  494  504  502  489  468  450  428  412  398  388  376  361  348  343
  342  342  338  333  330  321  308  294  282  275  272  269  264  258  250  241
  230  220  211  208  212  224  245  271  297
    25.0-180.0 180.0   5.0 450.0                            LAT/LON1/LON2/DLON/H
  301  328  347  358  362  360  356  358  366  381  403  427  446  460  465  483
  506  520  524  524  519  513  510  501  487  474  458  450  448  461  480  500
  517  533  542  549  539  517  487  461  436  415  399  383  371  356  343  336
  339  338  332  327  323  316  305  291  283  279  277  274  271  266  258  249
  238  225  215  209  211  222  242  270  301
    22.5-180.0 180.0   5.0 450.0                            LAT/LON1/LON2/DLON/H
  298  330  356  372  380  383  383  388  395  411  435  464  490  509  516  536
  555  569  571  569  559  550  544  532  517  504  485  479  486  505  528  551
  575  582  597  596  574  545  508  471  443  416  390  370  357  343  328  320
  323  320  314  310  308  304  296  284  281  280  280  278  273  269  262  253
  242  228  218  210  211  221  237  266  298
    20.0-180.0 180.0   5.0 450.0                            LAT/LON1/LON2/DLON/H
  289  322  353  374  387  395  403  412  422  440  469  499  528  556  570  589
  606  619  622  616  599  583  572  558  543  528  511  507  523  548  577  603
  627  632  639  631  603  567  522  474  439  409  375  352  339  324  308  300
  300  296  290  289  290  290  287  279  280  280  280  279  274  269  262  254
  243  232  222  216  214  220  235  257  289
    17.5-180.0 180.0   5.0 450.0                            LAT/LON1/LON2/DLON/H
  278  314  343  369  385  397  411  426  440  461  493  528  561  596  618  639
  657  669  670  659  635  609  595  580  565  550  537  537  558  586  621  647
  669  674  669  653  619  582  531  473  428  394  357  335  320  305  290  284
  282  276  269  270  274  278  281  279  283  283  281  280  274  268  259  252
  243  234  227  222  218  221  230  250  278
    15.0-180.0 180.0   5.0 450.0                            LAT/LON1/LON2/DLON/H
  266  300  334  361  379  394  407  425  446  470  505  545  585  625  656  681
  703  714  711  695  665  633  612  597  582  570  560  563  586  616  650  673
  692  692  681  663  630  592  539  477  423  381  349  327  312  298  286  279
  277  270  261  260  265  274  281  286  289  289  284  278  272  262  254  246
  239  234  231  228  224  224  229  243  266
    12.5-180.0 180.0   5.0 450.0                            LAT/LON1/LON2/DLON/H
  260  290  323  350  370  385  401  421  442  471  508  550  594  638  675  709
  735  748  745  725  691  653  627  610  597  588  581  583  598  627  657  680
  695  691  680  664  635  598  550  488  431  387  358  340  321  308  301  294
  288  277  265  263  269  280  288  291  295  292  284  274  264  253  244  236
  230  229  228  229  228  227  230  240  260
    10.0-180.0 180.0   5.0 450.0                            LAT/LON1/LON2/DLON/H
  256  283  312  339  361  379  396  415  437  467  503  544  589  636  679  718
  751  770  769  750  712  672  640  622  613  607  602  601  608  627  651  672
  683  679  670  656  630  600  560  505  454  411  382  365  346  335  328  320
  310  295  282  281  285  293  300  292  297  293  282  268  255  243  233  225
  219  220  221  226  226  224  228  238  256
     7.5-180.0 180.0   5.0 450.0                            LAT/LON1/LON2/DLON/H
  251  275  304  331  357  379  399  419  441  468  500  537  578  624  669  713
  751  777  783  764  726  686  652  636  631  629  625  617  615  621  637  653
  662  658  650  638  616  593  564  522  480  446  418  396  379  366  361  355
  342  324  312  312  308  307  308  299  299  291  277  261  247  233  221  214
  210  211  213  217  218  218  222  232  251
     5.0-180.0 180.0   5.0 450.0                            LAT/LON1/LON2/DLON/H
  245  272  300  329  359  386  412  437  458  479  505  534  569  610  654  698
  737  768  780  765  731  692  662  649  648  648  643  629  615  609  615  625
  628  629  621  610  594  577  556  526  499  475  450  424  407  396  394  395
  382  368  358  355  337  324  318  309  298  286  271  252  236  222  212  207
  204  201  203  208  209  208  212  223  245
     2.5-180.0 180.0   5.0 450.0                            LAT/LON1/LON2/DLON/H
  236  267  300  331  366  402  436  465  487  503  522  544  569  601  639  679
  717  748  763  756  728  694  669  659  660  660  650  630  607  589  581  580
  582  587  582  575  565  552  536  516  501  487  465  445  430  422  426  431
  421  414  407  396  367  342  327  308  291  276  261  241  221  209  204  202
  197  190  193  198  198  196  199  214  236
