DORISInput/IGSGIM/2024/IGS0OPSFIN_20241390000_01D_02H_GIM.INX
     1.0            IONOSPHERE MAPS     MIX                 IONEX VERSION / TYPE
cmpcmb v1.2          GRL/UWM            28-may-24 18:42     PGM / RUN BY / DATE 
ionex file containing IGS COMBINED Ionosphere maps          COMMENT             
global ionosphere maps for day 139, 2024                    DESCRIPTION         
IONEX file containing the COMBINED IGS TEC MAPS and DCBs    DESCRIPTION         
      IONEX files of the following IAACs were combined: cod DESCRIPTION         
                                                        jpl DESCRIPTION         
                                                        upc DESCRIPTION         
Contact address: Andrzej Krankowski                         DESCRIPTION
                 Geodynamics Research Laboratory            DESCRIPTION
                 University of Warmia and Mazury (GRL/UWM)  DESCRIPTION
                 Oczapowski St. 1                           DESCRIPTION
                 10-957-Olsztyn, POLAND                     DESCRIPTION
                 e-mail:  kand@uwm.edu.pl                   DESCRIPTION
                                                            DESCRIPTION         
  2024     5    18     0     0     0                        EPOCH OF FIRST MAP  
  2024     5    19     0     0     0                        EPOCH OF LAST MAP   
  7200                                                      INTERVAL            
    13                                                      # OF MAPS IN FILE   
  COSZ                                                      MAPPING FUNCTION    
     0.0                                                    ELEVATION CUTOFF    
combined TEC calculated as weighted mean of input TEC valuesOBSERVABLES USED    
   335                                                      # OF STATIONS       
    32                                                      # OF SATELLITES     
  6371.0                                                    BASE RADIUS         
     2                                                      MAP DIMENSION       
   450.0 450.0   0.0                                        HGT1 / HGT2 / DHGT  
    87.5 -87.5  -2.5                                        LAT1 / LAT2 / DLAT  
  -180.0 180.0   5.0                                        LON1 / LON2 / DLON  
    -1                                                      EXPONENT            
TEC values in 0.1 tec units;  9999, if no value available   COMMENT             
DCB values in nanoseconds, reference is Sum_of_SatDCBs = 0  COMMENT             
                                                            END OF HEADER       
[from data line 858]
     3                                                      START OF TEC MAP    
  2024     5    18     4     0     0                        EPOCH OF CURRENT MAP
    87.5-180.0 180.0   5.0 450.0                            LAT/LON1/LON2/DLON/H
  160  160  160  161  162  161  161  161  161  162  160  159  159  158  157  156
  155  154  153  152  151  149  148  146  145  144  142  141  139  138  137  136
  135  134  133  133  133  133  133  133  132  133  132  133  133  134  134  135
  136  137  138  140  140  142  143  144  145  147  148  149  151  152  153  154
  155  156  156  158  158  160  161  161  160
    85.0-180.0 180.0   5.0 450.0                            LAT/LON1/LON2/DLON/H
  179  178  179  180  179  180  180  180  180  178  179  179  176  175  173  171
  169  166  163  160  157  155  151  148  145  141  138  136  133  131  129  128
  127  126  125  125  125  124  124  124  124  125  126  127  128  130  132  134
  136  137  139  141  144  146  149  151  154  156  158  161  163  165  167  169
  172  172  174  175  174  175  177  178  179
    82.5-180.0 180.0   5.0 450.0                            LAT/LON1/LON2/DLON/H
  193  192  190  189  188  187  188  188  189  190  190  191  192  192  191  190
  186  184  177  172  165  160  155  150  146  140  135  131  128  125  122  121
  119  118  118  117  117  117  117  119  120  121  123  124  126  128  130  133
  137  141  144  147  152  155  160  164  167  171  175  179  183  184  187  189
  191  193  193  193  194  194  194  193  193
    80.0-180.0 180.0   5.0 450.0                            LAT/LON1/LON2/DLON/H
  207  203  199  196  194  192  192  193  193  194  195  197  199  202  203  202
  201  198  195  190  183  175  161  149  143  135  130  126  122  118  115  113
  112  110  111  113  113  114  115  116  118  120  123  125  127  130  133  136
  140  145  151  156  162  167  174  179  184  190  196  200  205  209  212  214
  216  217  217  216  216  215  213  211  207
    77.5-180.0 180.0   5.0 450.0                            LAT/LON1/LON2/DLON/H
  224  218  211  206  201  198  195  194  195  197  202  206  208  211  212  213
  213  211  207  198  190  176  162  152  144  134  125  118  113  109  107  107
  107  107  108  109  111  113  116  119  121  123  125  128  131  134  139  143
  148  155  161  167  175  182  189  195  202  207  214  220  225  231  235  239
  242  243  243  243  242  239  235  231  224
    75.0-180.0 180.0   5.0 450.0                            LAT/LON1/LON2/DLON/H
  243  234  227  218  210  203  199  197  198  200  203  207  211  213  215  219
  220  215  212  203  194  183  166  152  142  132  122  114  108  105  106  107
  106  107  109  112  115  119  122  124  126  129  131  134  137  142  148  154
  160  167  174  181  189  195  202  209  215  221  227  235  241  249  255  261
  265  268  268  269  267  263  258  252  243
    72.5-180.0 180.0   5.0 450.0                            LAT/LON1/LON2/DLON/H
  262  253  243  232  221  211  204  200  199  199  202  204  205  208  214  218
  219  217  213  208  201  187  171  155  144  133  120  114  107  103  104  106
  109  113  115  119  123  128  131  134  135  137  140  143  148  155  160  167
  174  181  187  195  200  208  213  219  224  230  236  244  252  260  267  274
  280  285  289  290  289  287  281  272  262
    70.0-180.0 180.0   5.0 450.0                            LAT/LON1/LON2/DLON/H
  282  271  258  245  233  220  212  204  200  197  194  194  196  200  205  209
  212  213  212  210  202  189  174  159  149  133  122  115  112  108  109  110
  113  118  123  128  132  135  140  143  145  147  151  155  161  168  175  182
  190  195  202  208  212  216  222  226  230  235  241  248  256  263  272  280
  287  295  301  305  306  305  300  292  282
    67.5-180.0 180.0   5.0 450.0                            LAT/LON1/LON2/DLON/H
  297  286  273  259  246  232  220  210  200  193  189  185  185  187  191  196
  199  206  207  207  200  189  178  166  157  141  130  123  120  117  117  120
  122  127  132  137  141  144  148  151  153  157  160  166  173  181  189  197
  204  209  215  219  222  226  229  232  235  239  243  249  256  264  271  280
  289  297  305  311  314  314  311  306  297
    65.0-180.0 180.0   5.0 450.0                            LAT/LON1/LON2/DLON/H
  305  296  283  270  257  245  231  217  206  195  186  179  175  174  176  180
  187  196  199  201  198  190  183  172  164  150  142  136  132  129  128  129
  132  135  140  145  149  152  155  157  161  165  169  176  183  191  201  209
  217  223  228  231  232  234  235  237  239  242  245  250  255  263  269  277
  285  294  302  310  313  315  313  310  305
    62.5-180.0 180.0   5.0 450.0                            LAT/LON1/LON2/DLON/H
  303  296  287  276  264  253  242  230  216  205  191  179  169  162  162  164
  171  182  190  194  192  190  184  173  168  158  153  150  144  141  139  138
  140  141  145  149  154  158  163  165  170  174  178  185  192  200  211  220
  227  234  238  241  241  242  242  243  244  246  249  252  257  262  267  273
  280  287  295  301  306  307  307  306  303
    60.0-180.0 180.0   5.0 450.0                            LAT/LON1/LON2/DLON/H
  295  291  285  276  267  259  252  242  231  220  204  187  170  158  153  154
  159  169  178  185  183  184  178  171  169  164  159  158  153  149  146  144
  142  143  145  151  157  163  168  173  177  181  186  192  199  209  218  228
  236  242  248  250  251  252  251  252  252  254  256  259  261  265  268  272
  276  280  286  290  295  298  298  298  295
    57.5-180.0 180.0   5.0 450.0                            LAT/LON1/LON2/DLON/H
  286  283  278  272  267  262  259  255  246  235  220  201  181  163  153  149
  152  158  166  171  171  171  168  164  163  164  160  160  156  153  148  143
  141  143  147  153  160  168  174  179  184  188  193  199  206  215  224  233
  242  250  258  261  263  265  264  263  264  266  268  270  271  273  273  274
  276  276  279  281  284  286  287  287  286
    55.0-180.0 180.0   5.0 450.0                            LAT/LON1/LON2/DLON/H
  279  277  274  269  267  265  265  264  261  251  237  218  194  174  159  150
  147  151  155  157  157  156  155  152  153  156  155  156  153  152  147  142
  142  144  149  157  165  172  180  186  191  196  202  207  213  220  229  238
  248  258  265  272  276  278  278  277  279  284  285  285  286  286  284  283
  280  279  278  277  278  278  279  279  279
    52.5-180.0 180.0   5.0 450.0                            LAT/LON1/LON2/DLON/H
  279  278  276  271  270  269  271  273  275  269  255  235  211  186  168  155
  147  145  145  145  144  142  140  137  139  142  144  148  149  150  148  146
  148  151  157  165  173  181  188  195  201  206  212  216  221  226  232  243
  255  267  277  287  292  295  297  298  299  305  305  304  305  304  302  298
  293  289  285  282  280  279  279  278  279
    50.0-180.0 180.0   5.0 450.0                            LAT/LON1/LON2/DLON/H
  288  289  286  283  282  281  281  282  285  285  274  257  232  203  179  162
  151  144  139  136  134  131  129  128  130  134  137  143  149  157  159  160
  162  167  172  178  186  193  200  205  211  218  224  228  230  233  240  252
  264  281  296  308  314  320  322  323  324  327  327  327  330  328  324  319
  312  306  302  296  293  289  289  288  288
    47.5-180.0 180.0   5.0 450.0                            LAT/LON1/LON2/DLON/H
  311  312  308  305  302  299  297  294  294  295  289  276  257  227  200  177
  160  148  140  136  135  132  130  133  136  141  146  155  166  178  182  186
  191  193  195  199  204  209  213  219  224  231  237  239  241  243  251  264
  280  301  320  332  343  351  351  351  350  351  350  349  351  350  348  343
  337  331  326  320  316  312  311  310  311
    45.0-180.0 180.0   5.0 450.0                            LAT/LON1/LON2/DLON/H
  342  343  339  334  328  323  316  309  303  299  295  288  276  254  227  205
  185  170  159  156  155  156  156  161  165  174  179  191  202  210  216  222
  224  225  226  226  226  228  230  233  238  245  250  252  252  256  265  282
  301  326  344  363  376  385  384  384  379  377  372  371  371  372  372  372
  369  362  359  354  349  345  344  342  342
    42.5-180.0 180.0   5.0 450.0                            LAT/LON1/LON2/DLON/H
  378  376  373  367  358  349  336  324  313  304  299  293  284  272  254  235
  217  206  198  198  199  205  208  214  220  230  234  244  252  261  263  265
  264  262  257  253  252  249  249  250  255  260  265  266  267  271  283  304
  331  356  376  396  411  420  423  422  414  407  399  395  395  396  397  400
  399  397  397  394  388  383  384  379  378
    40.0-180.0 180.0   5.0 450.0                            LAT/LON1/LON2/DLON/H
  416  409  405  395  385  372  356  341  326  315  306  297  291  283  271  257
  246  241  241  248  257  266  271  280  286  298  300  307  312  316  314  312
  306  297  291  283  277  272  271  270  272  276  280  281  282  288  304  329
  357  383  405  429  449  458  466  465  453  442  429  424  424  426  427  432
  433  434  436  435  433  428  426  420  416
    37.5-180.0 180.0   5.0 450.0                            LAT/LON1/LON2/DLON/H
  452  444  431  417  403  386  374  358  341  329  317  306  299  293  284  276
  270  271  279  294  309  321  330  343  351  362  366  372  373  368  365  357
  345  335  321  313  303  297  294  291  290  292  293  295  297  305  324  354
  379  405  432  459  482  497  510  510  496  483  470  464  465  468  468  473
  474  478  482  478  479  472  466  460  452
    35.0-180.0 180.0   5.0 450.0                            LAT/LON1/LON2/DLON/H
  486  475  453  432  414  398  388  374  359  346  334  321  312  305  298  293
  292  298  312  332  353  366  378  392  402  418  426  429  427  417  411  398
  381  366  349  339  331  320  314  310  307  307  307  307  310  322  345  372
  400  425  453  483  508  530  551  556  544  536  526  521  521  521  520  524
  524  528  531  530  531  521  512  503  486
    32.5-180.0 180.0   5.0 450.0                            LAT/LON1/LON2/DLON/H
  532  506  477  446  425  412  400  392  378  368  354  340  329  321  315  313
  313  324  340  363  383  399  413  427  440  461  469  471  466  457  449  429
  407  387  372  362  351  341  332  326  320  319  316  316  320  332  359  389
  414  440  469  498  530  559  588  601  600  598  594  592  591  588  580  583
  580  583  585  586  589  577  565  553  532
    30.0-180.0 180.0   5.0 450.0                            LAT/LON1/LON2/DLON/H
  588  557  520  478  446  427  418  413  405  390  378  364  352  343  336  336
  336  348  361  381  403  417  431  447  463  491  500  499  492  482  469  446
  422  400  384  375  366  355  345  337  329  325  321  319  323  342  368  397
  423  450  479  510  549  585  622  644  658  663  668  670  671  666  654  652
  644  643  645  648  647  640  628  614  588
    27.5-180.0 180.0   5.0 450.0                            LAT/LON1/LON2/DLON/H
  660  627  585  535  494  468  453  450  444  427  410  393  381  372  364  362
  360  369  376  389  410  423  437  461  480  513  520  515  506  491  472  449
  423  402  387  379  374  361  349  340  331  326  322  321  327  347  371  400
  428  455  484  521  566  608  652  685  712  729  741  748  751  748  738  724
  714  708  710  714  711  707  705  689  660
    25.0-180.0 180.0   5.0 450.0                            LAT/LON1/LON2/DLON/H
  751  724  681  626  575  540  520  502  488  474  455  431  415  405  395  388
  385  388  390  396  411  426  441  475  498  526  529  523  511  487  460  435
  410  389  378  376  372  361  346  332  324  321  320  323  334  351  374  401
  430  457  491  532  581  632  681  723  758  787  808  820  827  828  820  801
  791  777  779  785  786  788  782  772  751
    22.5-180.0 180.0   5.0 450.0                            LAT/LON1/LON2/DLON/H
  867  844  812  754  695  648  615  582  551  532  509  476  454  442  432  422
  415  410  405  406  415  433  452  489  512  528  527  515  497  467  435  408
  386  369  361  363  359  349  335  318  312  313  319  328  343  360  381  405
  433  466  501  545  598  651  705  756  795  830  862  882  894  896  890  871
  855  843  857  856  860  866  865  872  867
    20.0-180.0 180.0   5.0 450.0                            LAT/LON1/LON2/DLON/H
  973  976  941  905  837  775  740  684  634  601  570  527  502  483  473  460
  448  435  422  418  426  446  469  497  518  524  516  497  468  431  395  367
  353  345  340  343  339  330  315  300  297  304  320  335  351  372  393  418
  449  483  519  567  621  676  729  780  823  861  898  921  935  944  941  928
  909  898  910  915  921  930  936  952  973
    17.5-180.0 180.0   5.0 450.0                            LAT/LON1/LON2/DLON/H
 1041 1074 1068 1045  990  924  860  806  735  679  633  588  552  533  517  506
  485  464  440  432  442  465  489  507  521  515  499  470  432  387  347  322
  312  316  312  320  317  306  291  280  282  294  319  340  365  389  414  443
  477  513  551  599  653  707  757  806  845  887  921  944  957  970  976  969
  950  942  944  950  958  970  983 1000 1041
    15.0-180.0 180.0   5.0 450.0                            LAT/LON1/LON2/DLON/H
 1053 1104 1130 1130 1099 1046  981  912  823  746  693  648  604  582  564  554
  528  497  464  452  464  487  507  513  516  496  472  433  388  338  299  280
  278  287  289  299  297  285  268  261  268  286  314  348  384  412  443  479
  517  555  592  641  694  746  790  833  870  907  937  959  972  985  997  996
  982  975  968  971  976  986  997 1010 1053
    12.5-180.0 180.0   5.0 450.0                            LAT/LON1/LON2/DLON/H
 1029 1076 1117 1137 1136 1107 1054  980  885  798  737  695  653  632  615  608
  577  538  498  483  492  509  518  511  501  464  429  385  342  296  264  252
  253  263  271  280  281  268  253  249  258  277  316  362  406  439  476  519
  560  600  639  682  738  787  828  864  893  922  951  970  979  989 1007 1011
 1004 1001  993  991  989  990  993  999 1029
    10.0-180.0 180.0   5.0 450.0                            LAT/LON1/LON2/DLON/H
 1002 1031 1062 1084 1097 1089 1051  984  901  823  763  722  692  678  663  656
  631  589  544  525  525  526  518  493  467  414  376  333  298  264  243  238
  244  258  268  275  272  260  247  242  248  275  323  375  423  463  505  551
  595  635  680  722  777  824  865  900  920  941  964  978  984  991 1007 1014
 1016 1016 1012 1007 1000  991  984  986 1002
     7.5-180.0 180.0   5.0 450.0                            LAT/LON1/LON2/DLON/H
  976  985  997 1013 1023 1018  991  931  864  802  754  727  712  706  700  692
  677  645  596  567  550  533  508  462  423  363  322  290  264  247  237  240
  251  264  273  278  275  262  247  239  244  276  324  377  427  472  519  566
  616  662  708  756  809  859  906  941  959  972  985  992  994  999 1007 1012
 1018 1023 1024 1019 1010  997  983  974  976
     5.0-180.0 180.0   5.0 450.0                            LAT/LON1/LON2/DLON/H
  961  954  947  942  940  932  900  849  787  744  719  708  710  714  715  712
  707  688  643  600  565  530  485  423  374  315  278  259  249  248  250  258
  268  276  281  283  278  265  249  239  242  268  314  370  423  471  516  571
  625  680  731  780  835  891  946  984 1002 1012 1016 1013 1010 1010 1011 1011
 1017 1027 1035 1031 1021 1005  989  972  961
     2.5-180.0 180.0   5.0 450.0                            LAT/LON1/LON2/DLON/H
  966  943  920  896  880  865  830  770  712  677  665  665  679  692  704  715
  714  696  662  616  569  516  454  380  328  277  254  249  255  265  274  286
  290  291  291  286  277  266  252  240  238  256  294  349  411  460  511  567
  630  692  745  794  851  914  976 1017 1036 1046 1047 1036 1028 1027 1020 1015
 1014 1025 1034 1035 1029 1016 1001  985  966
