DORISInput/IGSGIM/2024/IGS0OPSFIN_20241580000_01D_02H_GIM.INX
     1.0            IONOSPHERE MAPS     MIX                 IONEX VERSION / TYPE
cmpcmb v1.2          GRL/UWM            24-jun-24 16:13     PGM / RUN BY / DATE 
ionex file containing IGS COMBINED Ionosphere maps          COMMENT             
global ionosphere maps for day 158, 2024                    DESCRIPTION         
IONEX file containing the COMBINED IGS TEC MAPS and DCBs    DESCRIPTION         
      IONEX files of the following IAACs were combined: cod DESCRIPTION         
                                                        jpl DESCRIPTION         
                                                        upc DESCRIPTION         
Contact address: Andrzej Krankowski                         DESCRIPTION
                 Geodynamics Research Laboratory            DESCRIPTION
                 University of Warmia and Mazury (GRL/UWM)  DESCRIPTION
                 Oczapowski St. 1                           DESCRIPTION
                 10-957-Olsztyn, POLAND                     DESCRIPTION
                 e-mail:  kand@uwm.edu.pl                   DESCRIPTION
                                                            DESCRIPTION         
  2024     6     6     0     0     0                        EPOCH OF FIRST MAP  
  2024     6     7     0     0     0                        EPOCH OF LAST MAP   
  7200                                                      INTERVAL            
    13                                                      # OF MAPS IN FILE   
  COSZ                                                      MAPPING FUNCTION    
     0.0                                                    ELEVATION CUTOFF    
combined TEC calculated as weighted mean of input TEC valuesOBSERVABLES USED    
   335                                                      # OF STATIONS       
    32                                                      # OF SATELLITES     
  6371.0                                                    BASE RADIUS         
     2                                                      MAP DIMENSION       
   450.0 450.0   0.0                                        HGT1 / HGT2 / DHGT  
    87.5 -87.5  -2.5                                        LAT1 / LAT2 / DLAT  
  -180.0 180.0   5.0                                        LON1 / LON2 / DLON  
    -1                                                      EXPONENT            
TEC values in 0.1 tec units;  9999, if no value available   COMMENT             
DCB values in nanoseconds, reference is Sum_of_SatDCBs = 0  COMMENT             
                                                            END OF HEADER       
[from data line 4719]
    12                                                      START OF TEC MAP    
  2024     6     6    22     0     0                        EPOCH OF CURRENT MAP
    87.5-180.0 180.0   5.0 450.0                            LAT/LON1/LON2/DLON/H
  282  282  282  284  284  286  286  286  286  287  288  287  288  288  288  288
  287  286  285  285  285  284  283  282  282  282  281  280  279  278  278  277
  276  275  274  273  272  272  272  272  271  271  271  271  271  272  272  273
  273  273  274  274  274  275  275  275  275  276  276  277  277  277  277  277
  277  278  278  279  279  280  281  281  282
    85.0-180.0 180.0   5.0 450.0                            LAT/LON1/LON2/DLON/H
  282  283  285  286  287  289  290  291  292  294  294  296  296  297  297  297
  296  296  295  293  292  291  288  287  285  283  281  279  277  274  271  270
  267  265  264  262  261  260  260  260  259  260  260  260  262  263  264  265
  268  270  272  274  274  275  275  276  276  276  275  276  275  275  274  275
  275  275  276  277  277  278  279  280  282
    82.5-180.0 180.0   5.0 450.0                            LAT/LON1/LON2/DLON/H
  280  281  283  285  287  289  291  294  296  297  299  300  301  303  303  303
  303  303  302  300  299  297  293  289  287  283  279  275  271  267  265  261
  259  256  255  253  251  250  250  249  249  249  250  251  253  255  257  260
  263  267  270  273  275  276  277  278  277  277  275  275  275  274  274  274
  274  274  274  274  275  276  277  278  280
    80.0-180.0 180.0   5.0 450.0                            LAT/LON1/LON2/DLON/H
  276  278  281  284  286  289  291  292  295  297  300  301  302  304  304  304
  304  303  303  301  300  299  297  291  286  281  276  273  270  266  263  260
  257  255  252  250  248  246  245  245  245  245  245  246  248  251  254  257
  260  264  268  271  273  275  276  277  278  277  277  276  276  275  275  274
  274  274  274  273  273  274  275  275  276
    77.5-180.0 180.0   5.0 450.0                            LAT/LON1/LON2/DLON/H
  274  277  279  282  284  286  289  292  296  299  301  304  307  308  308  308
  305  305  305  303  301  299  296  292  286  282  278  274  270  266  263  259
  256  254  251  250  248  246  246  245  245  245  245  246  248  250  253  256
  260  263  267  269  272  274  276  277  277  277  277  277  277  277  277  277
  277  276  275  274  274  273  272  273  274
    75.0-180.0 180.0   5.0 450.0                            LAT/LON1/LON2/DLON/H
  273  275  277  280  284  286  291  295  299  302  305  308  310  310  311  313
  312  308  307  305  303  301  296  294  289  285  280  275  271  266  262  259
  257  255  253  251  251  249  250  248  248  247  247  247  249  250  253  255
  260  263  266  268  271  272  273  275  276  277  278  279  280  281  281  282
  282  280  279  278  276  275  273  273  273
    72.5-180.0 180.0   5.0 450.0                            LAT/LON1/LON2/DLON/H
  273  274  276  278  282  284  289  294  298  302  306  311  314  315  316  312
  310  309  308  306  304  300  297  293  289  286  280  277  274  270  266  263
  260  257  256  255  254  254  254  254  253  251  251  251  252  253  254  256
  259  262  264  266  268  268  270  272  274  276  279  282  284  286  288  289
  290  289  287  285  283  280  277  275  273
    70.0-180.0 180.0   5.0 450.0                            LAT/LON1/LON2/DLON/H
  276  274  275  275  277  280  285  291  295  301  307  311  314  316  314  313
  311  311  309  306  304  301  296  292  289  286  282  280  278  275  272  268
  265  262  259  258  259  259  259  258  258  256  255  254  255  257  257  258
  259  261  263  263  263  265  266  268  272  275  280  284  289  294  297  299
  302  301  299  298  294  290  285  280  276
    67.5-180.0 180.0   5.0 450.0                            LAT/LON1/LON2/DLON/H
  281  277  275  273  273  277  282  286  292  300  304  309  313  314  313  314
  312  312  310  307  305  302  300  297  294  291  288  285  283  280  278  275
  271  266  263  260  260  261  262  260  258  257  256  254  255  256  256  258
  257  259  258  258  258  259  261  264  269  274  282  288  294  302  307  312
  315  315  315  314  307  303  295  289  281
    65.0-180.0 180.0   5.0 450.0                            LAT/LON1/LON2/DLON/H
  289  282  277  272  270  273  276  281  289  296  301  307  311  313  313  312
  312  312  311  310  309  307  306  305  301  299  298  294  292  289  285  280
  276  271  266  263  260  260  260  259  256  253  252  249  250  251  252  252
  252  252  252  251  251  251  254  258  266  274  283  292  300  311  318  326
  331  332  332  328  324  317  308  298  289
    62.5-180.0 180.0   5.0 450.0                            LAT/LON1/LON2/DLON/H
  298  287  278  272  269  268  271  276  283  290  296  303  307  309  310  311
  311  313  314  313  313  313  313  311  309  308  306  305  302  298  293  285
  278  272  266  262  258  256  256  252  250  246  245  243  243  243  242  242
  243  243  243  242  242  243  247  252  262  272  285  296  309  320  330  339
  345  348  349  346  339  331  319  310  298
    60.0-180.0 180.0   5.0 450.0                            LAT/LON1/LON2/DLON/H
  308  294  282  275  269  266  267  271  278  285  293  299  303  306  308  310
  312  314  316  316  318  319  318  317  315  315  314  313  310  307  299  289
  280  272  266  261  257  253  250  247  243  238  237  235  232  231  231  233
  233  233  233  232  232  234  237  245  257  270  287  301  317  329  343  351
  358  363  365  364  354  342  332  319  308
    57.5-180.0 180.0   5.0 450.0                            LAT/LON1/LON2/DLON/H
  318  301  290  282  274  269  268  270  275  282  290  296  301  304  307  310
  313  315  318  320  322  323  322  322  322  323  321  320  319  315  306  293
  285  275  269  264  258  253  248  242  237  233  230  225  222  219  219  220
  222  222  222  221  221  223  228  238  252  270  290  308  327  340  352  362
  372  381  382  378  370  357  345  333  318
    55.0-180.0 180.0   5.0 450.0                            LAT/LON1/LON2/DLON/H
  331  316  303  294  286  279  275  277  280  285  291  297  301  304  308  311
  315  318  322  324  326  327  327  328  330  330  328  328  327  322  313  299
  292  282  276  270  262  255  246  239  233  227  224  218  213  209  209  209
  211  210  210  209  211  215  221  235  251  272  297  317  338  351  363  377
  387  400  403  398  388  375  360  345  331
    52.5-180.0 180.0   5.0 450.0                            LAT/LON1/LON2/DLON/H
  346  333  321  314  304  296  292  290  291  292  296  300  304  307  311  314
  317  321  324  328  329  331  332  334  337  340  339  340  338  330  319  308
  300  292  286  278  268  258  247  238  232  227  224  215  209  204  201  200
  198  198  200  201  203  207  217  234  253  278  306  328  350  365  377  394
  407  420  423  419  409  392  378  364  346
    50.0-180.0 180.0   5.0 450.0                            LAT/LON1/LON2/DLON/H
  370  356  345  337  328  320  312  310  308  305  305  307  309  312  314  317
  320  323  327  332  334  336  339  342  347  352  353  355  351  338  325  316
  308  303  296  286  274  261  249  240  233  227  224  216  209  203  200  196
  192  193  195  195  197  203  215  236  257  286  315  339  363  381  394  413
  431  438  440  436  427  413  398  383  370
    47.5-180.0 180.0   5.0 450.0                            LAT/LON1/LON2/DLON/H
  391  381  372  365  356  348  340  334  327  322  318  317  317  318  319  321
  323  326  330  336  340  345  350  356  361  367  368  368  363  350  333  324
  318  313  306  294  280  265  252  243  237  232  230  221  213  207  202  197
  193  192  193  194  197  202  216  238  261  292  324  350  374  395  409  427
  443  451  453  451  445  435  420  405  391
    45.0-180.0 180.0   5.0 450.0                            LAT/LON1/LON2/DLON/H
  415  407  399  392  385  376  369  361  350  342  334  328  327  327  326  326
  327  330  336  342  349  356  364  372  379  383  382  381  373  358  342  333
  327  322  314  301  286  270  257  248  242  238  236  229  222  215  209  205
  200  198  198  200  202  207  219  239  264  296  331  358  383  403  420  435
  448  457  462  464  462  453  441  427  415
    42.5-180.0 180.0   5.0 450.0                            LAT/LON1/LON2/DLON/H
  437  430  424  417  408  402  396  388  376  363  352  344  339  337  336  335
  334  336  342  350  360  370  380  390  397  401  399  394  381  364  349  341
  336  330  319  307  291  277  264  254  251  247  246  240  235  229  223  219
  212  211  210  211  211  213  223  239  266  297  332  361  386  407  423  438
  451  461  468  475  475  469  458  447  437
    40.0-180.0 180.0   5.0 450.0                            LAT/LON1/LON2/DLON/H
  453  448  442  436  430  425  421  413  402  389  373  362  356  351  348  346
  344  347  352  362  375  387  398  409  415  419  414  405  389  370  355  349
  342  336  325  313  299  286  274  267  264  262  262  256  253  249  242  236
  230  227  226  223  221  220  225  239  265  297  331  361  386  406  422  436
  448  459  469  478  481  479  471  462  453
    37.5-180.0 180.0   5.0 450.0                            LAT/LON1/LON2/DLON/H
  464  458  454  450  446  444  442  438  429  416  399  385  375  370  366  363
  360  363  367  380  394  407  420  429  434  434  428  413  395  376  362  352
  345  339  330  319  308  298  289  284  282  280  281  277  276  271  264  256
  248  243  240  235  230  226  228  238  262  293  326  355  381  401  416  428
  440  450  462  474  480  480  475  470  464
    35.0-180.0 180.0   5.0 450.0                            LAT/LON1/LON2/DLON/H
  469  465  463  460  458  459  462  462  455  445  428  414  403  396  391  388
  384  386  390  402  417  430  442  448  450  448  440  423  402  382  365  354
  347  342  336  327  319  313  309  305  303  302  303  302  301  294  285  275
  264  256  251  245  237  230  228  236  256  285  317  345  371  391  406  417
  428  439  451  464  472  475  476  473  469
    32.5-180.0 180.0   5.0 450.0                            LAT/LON1/LON2/DLON/H
  473  471  471  468  469  473  481  488  485  475  464  448  437  431  423  418
  413  414  417  429  442  453  462  465  463  459  450  433  411  389  370  356
  349  345  342  339  334  331  327  326  326  325  327  327  322  314  304  289
  277  266  258  252  242  233  228  231  246  271  302  332  359  379  393  404
  415  426  438  452  464  469  473  475  473
    30.0-180.0 180.0   5.0 450.0                            LAT/LON1/LON2/DLON/H
  480  479  480  479  481  490  501  509  513  508  501  488  479  470  464  458
  448  446  448  456  466  474  479  475  468  463  456  440  417  393  373  360
  352  348  347  348  348  342  342  344  346  346  348  344  339  329  318  302
  287  274  263  256  246  235  227  226  234  254  283  313  341  365  380  390
  403  415  427  441  458  466  474  480  480
    27.5-180.0 180.0   5.0 450.0                            LAT/LON1/LON2/DLON/H
  497  496  496  497  501  512  524  533  539  543  543  533  524  517  508  503
  491  482  479  481  487  491  490  480  469  464  458  443  421  398  378  362
  354  350  349  354  361  356  353  356  357  353  355  352  346  336  326  311
  294  279  267  257  246  235  224  217  219  234  259  289  320  347  365  377
  391  407  420  435  456  472  483  493  497
    25.0-180.0 180.0   5.0 450.0                            LAT/LON1/LON2/DLON/H
  519  524  522  527  531  540  549  559  567  578  584  583  574  567  555  547
  532  519  509  504  503  504  498  485  475  470  461  445  424  403  383  364
  359  352  351  357  369  363  353  352  350  345  347  345  339  330  322  309
  293  277  264  251  239  229  217  207  203  210  233  264  298  330  354  370
  386  403  421  439  459  481  498  512  519
    22.5-180.0 180.0   5.0 450.0                            LAT/LON1/LON2/DLON/H
  547  556  559  563  566  572  580  592  601  612  624  632  626  618  604  590
  571  554  536  524  516  512  505  496  487  479  465  448  427  406  387  370
  368  352  345  352  363  351  333  324  325  323  325  319  314  309  303  293
  280  265  252  241  229  219  205  192  184  185  207  239  276  313  346  370
  389  407  428  449  470  494  516  534  547
    20.0-180.0 180.0   5.0 450.0                            LAT/LON1/LON2/DLON/H
  574  588  597  601  604  610  615  626  637  649  665  680  677  665  649  629
  604  582  559  543  529  517  510  507  497  485  467  447  426  405  389  377
  372  350  332  332  333  320  296  281  281  285  288  280  275  275  270  263
  255  243  233  225  215  205  191  176  166  165  184  216  258  299  341  374
  397  420  442  466  489  514  538  560  574
    17.5-180.0 180.0   5.0 450.0                            LAT/LON1/LON2/DLON/H
  602  617  627  630  635  642  649  660  672  686  705  723  724  705  686  663
  633  606  580  560  543  527  521  516  504  493  470  440  417  398  383  370
  358  335  311  301  294  277  249  235  233  237  242  234  230  233  232  232
  227  223  216  209  202  192  178  164  152  151  166  197  243  294  339  380
  411  438  464  489  512  537  561  584  602
    15.0-180.0 180.0   5.0 450.0                            LAT/LON1/LON2/DLON/H
  624  639  647  650  656  664  676  689  704  716  736  753  752  737  718  692
  661  629  600  577  558  542  535  526  514  498  469  432  400  385  368  351
  340  315  287  272  260  240  211  194  185  188  197  188  186  189  191  203
  204  203  201  197  192  182  167  152  139  139  154  186  232  290  343  392
  427  461  491  517  539  561  583  605  624
    12.5-180.0 180.0   5.0 450.0                            LAT/LON1/LON2/DLON/H
  637  650  657  661  667  678  693  710  726  740  756  771  774  762  744  718
  687  651  618  593  573  557  547  536  520  497  464  422  389  372  353  337
  324  297  271  253  240  217  189  165  148  150  160  154  157  158  159  177
  187  191  191  189  183  171  155  140  128  126  141  175  226  288  350  401
  445  481  515  543  566  586  605  622  637
    10.0-180.0 180.0   5.0 450.0                            LAT/LON1/LON2/DLON/H
  649  656  660  665  672  685  702  722  739  755  769  782  786  779  764  741
  710  674  639  614  591  574  559  542  520  492  458  420  387  369  357  344
  325  296  273  256  240  223  198  158  140  143  154  145  144  145  148  160
  178  185  184  180  172  159  141  127  118  114  127  162  216  283  350  409
  459  501  537  566  590  611  627  639  649
     7.5-180.0 180.0   5.0 450.0                            LAT/LON1/LON2/DLON/H
  664  666  666  671  677  688  707  727  746  762  775  786  789  787  776  758
  730  697  663  637  610  590  570  547  520  488  454  421  395  378  375  366
  345  313  293  274  262  254  237  190  155  159  167  156  153  159  160  169
  174  180  176  169  158  145  129  115  108  107  118  151  205  274  347  412
  469  513  552  588  619  638  650  662  664
     5.0-180.0 180.0   5.0 450.0                            LAT/LON1/LON2/DLON/H
  689  688  685  687  689  696  711  730  747  762  773  780  782  782  777  764
  743  716  683  653  626  603  580  551  520  486  454  426  409  401  411  402
  379  353  326  302  298  302  279  231  198  191  193  185  179  186  191  190
  177  174  168  156  144  133  121  106  100  101  113  143  195  263  340  412
  473  524  564  605  642  663  678  689  689
     2.5-180.0 180.0   5.0 450.0                            LAT/LON1/LON2/DLON/H
  717  717  712  711  704  707  719  732  746  757  763  765  765  764  762  757
  746  722  693  663  635  609  582  550  519  488  458  436  427  431  453  448
  424  388  347  324  334  344  319  278  250  228  226  227  219  221  224  207
  181  168  153  139  127  120  112  100   95   97  108  136  185  252  331  408
  475  530  573  617  657  686  704  713  717
