DORISInput/IGSGIM/2024/IGS0OPSFIN_20241450000_01D_02H_GIM.INX
     1.0            IONOSPHERE MAPS     MIX                 IONEX VERSION / TYPE
cmpcmb v1.2          GRL/UWM             5-jun-24 16:44     PGM / RUN BY / DATE 
ionex file containing IGS COMBINED Ionosphere maps          COMMENT             
global ionosphere maps for day 145, 2024                    DESCRIPTION         
IONEX file containing the COMBINED IGS TEC MAPS and DCBs    DESCRIPTION         
      IONEX files of the following IAACs were combined: cod DESCRIPTION         
                                                        jpl DESCRIPTION         
                                                        upc DESCRIPTION         
Contact address: Andrzej Krankowski                         DESCRIPTION
                 Geodynamics Research Laboratory            DESCRIPTION
                 University of Warmia and Mazury (GRL/UWM)  DESCRIPTION
                 Oczapowski St. 1                           DESCRIPTION
                 10-957-Olsztyn, POLAND                     DESCRIPTION
                 e-mail:  kand@uwm.edu.pl                   DESCRIPTION
                                                            DESCRIPTION         
  2024     5    24     0     0     0                        EPOCH OF FIRST MAP  
  2024     5    25     0     0     0                        EPOCH OF LAST MAP   
  7200                                                      INTERVAL            
    13                                                      # OF MAPS IN FILE   
  COSZ                                                      MAPPING FUNCTION    
     0.0                                                    ELEVATION CUTOFF    
combined TEC calculated as weighted mean of input TEC valuesOBSERVABLES USED    
   335                                                      # OF STATIONS       
    32                                                      # OF SATELLITES     
  6371.0                                                    BASE RADIUS         
     2                                                      MAP DIMENSION       
   450.0 450.0   0.0                                        HGT1 / HGT2 / DHGT  
    87.5 -87.5  -2.5                                        LAT1 / LAT2 / DLAT  
  -180.0 180.0   5.0                                        LON1 / LON2 / DLON  
    -1                                                      EXPONENT            
TEC values in 0.1 tec units;  9999, if no value available   COMMENT             
DCB values in nanoseconds, reference is Sum_of_SatDCBs = 0  COMMENT             
                                                            END OF HEADER       
[from data line 4290]
    11                                                      START OF TEC MAP    
  2024     5    24    20     0     0                        EPOCH OF CURRENT MAP
    87.5-180.0 180.0   5.0 450.0                            LAT/LON1/LON2/DLON/H
  219  219  219  219  219  220  220  220  220  220  220  220  221  220  220  220
  219  218  217  216  215  214  212  212  211  210  209  208  208  206  206  204
  204  203  202  202  201  201  201  201  201  202  202  203  203  204  205  205
  206  208  208  209  210  211  212  213  213  214  215  215  216  216  217  217
  217  217  218  218  218  218  218  218  219
    85.0-180.0 180.0   5.0 450.0                            LAT/LON1/LON2/DLON/H
  216  216  216  216  217  218  219  220  220  222  222  223  224  224  224  225
  224  223  222  221  219  217  215  212  210  207  205  203  200  197  194  192
  190  188  186  185  184  183  184  183  184  185  187  187  190  191  193  195
  197  200  202  203  206  208  210  212  213  215  216  216  217  217  217  217
  217  217  217  217  216  216  216  216  216
    82.5-180.0 180.0   5.0 450.0                            LAT/LON1/LON2/DLON/H
  207  207  207  208  209  210  213  215  217  219  222  223  224  225  227  227
  227  226  224  223  221  219  216  212  207  204  199  194  190  186  182  179
  175  173  170  169  167  167  167  167  167  168  169  171  174  176  180  183
  186  190  194  198  200  203  205  208  211  213  214  215  215  215  215  214
  214  213  212  211  210  209  208  207  207
    80.0-180.0 180.0   5.0 450.0                            LAT/LON1/LON2/DLON/H
  197  196  197  198  199  201  202  204  208  211  215  218  221  224  225  226
  227  227  226  225  225  224  218  210  206  202  196  191  186  180  176  172
  168  164  161  159  157  155  154  154  155  157  158  160  162  165  168  172
  176  181  186  190  194  197  200  203  206  209  210  211  211  211  210  208
  207  206  204  203  201  200  199  198  197
    77.5-180.0 180.0   5.0 450.0                            LAT/LON1/LON2/DLON/H
  188  189  188  189  189  191  193  197  200  203  208  211  216  220  222  223
  224  225  225  225  223  219  217  213  207  203  198  192  187  181  176  171
  166  162  159  156  154  153  152  152  152  152  154  156  157  159  162  166
  169  174  179  184  187  191  194  197  200  202  204  205  205  205  203  202
  200  198  197  195  193  192  190  189  188
    75.0-180.0 180.0   5.0 450.0                            LAT/LON1/LON2/DLON/H
  186  185  184  184  185  187  189  192  195  199  203  207  212  214  218  220
  223  224  225  225  224  223  221  215  211  206  201  195  190  184  178  174
  171  167  164  162  159  158  157  157  156  156  156  157  157  158  161  163
  166  170  173  178  181  184  187  189  193  195  197  198  197  197  196  195
  193  192  191  189  188  187  187  187  186
    72.5-180.0 180.0   5.0 450.0                            LAT/LON1/LON2/DLON/H
  190  189  188  188  188  189  191  193  196  199  203  207  210  214  218  220
  221  223  225  226  225  224  223  219  215  209  206  200  194  190  186  182
  179  176  173  172  171  170  168  167  166  165  164  164  163  162  162  162
  164  166  169  173  174  177  178  181  183  186  188  189  189  189  188  188
  188  188  188  189  189  190  190  190  190
    70.0-180.0 180.0   5.0 450.0                            LAT/LON1/LON2/DLON/H
  201  200  199  198  197  197  198  199  200  204  208  212  214  217  219  220
  221  224  225  226  226  226  225  222  218  214  209  205  202  197  195  193
  190  188  186  185  184  183  182  181  178  177  175  172  171  169  168  166
  166  165  166  168  169  170  171  172  174  177  179  181  182  183  184  185
  186  189  190  194  196  199  200  201  201
    67.5-180.0 180.0   5.0 450.0                            LAT/LON1/LON2/DLON/H
  216  215  213  210  209  208  207  207  209  212  216  218  221  222  221  222
  223  224  225  225  227  227  226  225  221  218  213  210  207  204  203  202
  201  200  199  197  196  195  195  192  189  187  184  181  178  176  175  172
  171  167  166  166  165  165  165  165  166  168  170  174  176  179  182  185
  188  192  197  202  206  211  213  216  216
    65.0-180.0 180.0   5.0 450.0                            LAT/LON1/LON2/DLON/H
  230  229  227  224  221  218  217  217  219  223  224  226  227  227  225  225
  224  224  224  226  228  229  229  227  224  220  217  214  211  210  209  209
  209  208  206  204  203  202  200  198  197  194  191  187  185  184  181  178
  176  171  168  166  163  162  160  159  159  160  164  168  172  177  182  188
  192  198  204  210  216  222  226  229  230
    62.5-180.0 180.0   5.0 450.0                            LAT/LON1/LON2/DLON/H
  240  239  238  235  230  227  226  226  228  230  233  235  234  233  230  227
  226  225  226  227  229  230  230  228  225  221  218  215  213  213  213  213
  212  211  209  206  204  202  201  200  199  197  195  193  191  188  185  181
  179  174  170  167  162  159  156  155  155  156  160  166  172  179  187  193
  199  205  211  218  224  231  236  238  240
    60.0-180.0 180.0   5.0 450.0                            LAT/LON1/LON2/DLON/H
  243  244  243  241  237  234  232  233  234  237  240  241  240  238  235  232
  229  228  228  229  229  230  230  228  225  221  218  216  215  216  216  215
  213  211  207  204  200  199  198  199  200  199  197  195  192  190  187  184
  182  175  172  167  163  159  155  153  153  155  159  166  175  184  193  200
  207  212  217  222  228  234  238  241  243
    57.5-180.0 180.0   5.0 450.0                            LAT/LON1/LON2/DLON/H
  243  244  244  244  241  239  239  240  242  244  246  247  246  244  240  236
  234  232  231  230  229  230  229  227  224  222  219  218  218  219  218  217
  214  211  205  201  198  197  197  199  200  200  198  196  193  191  188  186
  184  177  173  169  164  159  155  152  152  154  159  167  178  189  200  209
  215  219  222  226  229  233  237  240  243
    55.0-180.0 180.0   5.0 450.0                            LAT/LON1/LON2/DLON/H
  242  245  246  245  246  246  246  250  251  253  255  254  252  249  245  241
  238  236  233  232  229  228  228  227  226  224  221  221  222  223  223  221
  216  212  206  200  198  198  199  202  203  203  202  198  194  192  190  187
  185  179  173  169  164  160  155  153  152  155  160  169  181  194  207  217
  223  226  227  228  229  231  234  238  242
    52.5-180.0 180.0   5.0 450.0                            LAT/LON1/LON2/DLON/H
  243  248  251  253  254  256  259  262  265  267  265  262  259  254  251  247
  243  238  234  231  227  226  226  227  228  228  227  227  229  231  231  227
  222  216  209  204  203  204  206  209  210  209  206  202  198  194  191  188
  186  179  174  169  164  160  157  155  154  157  162  172  185  199  213  225
  230  232  233  231  231  233  235  239  243
    50.0-180.0 180.0   5.0 450.0                            LAT/LON1/LON2/DLON/H
  253  258  261  264  268  272  276  280  284  283  279  276  269  263  258  253
  247  241  234  229  225  223  225  228  231  234  235  237  240  242  241  237
  229  223  217  213  212  214  217  220  220  218  213  207  201  196  194  190
  187  180  175  171  166  163  160  159  159  160  166  175  188  203  219  232
  239  240  241  239  239  240  244  247  253
    47.5-180.0 180.0   5.0 450.0                            LAT/LON1/LON2/DLON/H
  271  276  280  284  287  295  301  305  305  304  298  290  282  273  266  260
  253  245  237  229  224  224  227  232  238  242  246  249  251  254  253  247
  240  233  227  223  224  227  231  232  231  227  220  212  206  201  197  193
  190  184  178  174  170  168  166  166  166  167  170  178  191  209  225  240
  249  252  254  253  254  257  261  266  271
    45.0-180.0 180.0   5.0 450.0                            LAT/LON1/LON2/DLON/H
  299  305  306  310  316  322  328  333  333  330  320  310  298  287  278  270
  261  252  242  234  229  229  233  241  249  253  257  262  265  267  266  260
  252  244  238  235  237  241  245  246  242  236  228  218  211  205  201  198
  195  189  183  179  176  176  175  176  176  176  177  182  195  213  232  250
  262  268  272  274  278  281  289  294  299
    42.5-180.0 180.0   5.0 450.0                            LAT/LON1/LON2/DLON/H
  333  338  339  341  345  352  358  362  367  359  346  334  319  306  294  283
  274  265  255  247  241  241  246  255  262  267  268  272  277  280  280  275
  266  257  251  249  251  256  260  258  254  246  235  225  217  211  208  205
  202  197  193  189  186  187  187  189  188  186  184  186  197  216  239  260
  277  288  296  300  306  311  322  327  333
    40.0-180.0 180.0   5.0 450.0                            LAT/LON1/LON2/DLON/H
  369  374  374  374  377  384  388  394  397  391  380  363  347  332  317  305
  294  286  276  270  262  262  266  273  280  283  282  284  289  294  296  291
  281  273  267  266  269  273  274  272  265  255  244  234  227  221  218  215
  213  208  204  201  199  199  200  201  200  196  192  192  201  220  244  269
  292  308  318  326  332  340  353  363  369
    37.5-180.0 180.0   5.0 450.0                            LAT/LON1/LON2/DLON/H
  404  407  407  406  408  416  419  425  431  432  419  401  387  367  347  334
  323  316  307  302  294  291  292  298  303  302  298  299  304  311  315  308
  300  293  288  287  289  291  290  287  279  268  257  249  242  236  232  229
  226  222  218  215  214  213  213  213  211  206  200  198  206  224  251  279
  305  324  337  345  354  366  382  397  404
    35.0-180.0 180.0   5.0 450.0                            LAT/LON1/LON2/DLON/H
  428  432  435  435  437  444  449  456  465  471  461  446  427  409  388  371
  360  355  349  344  335  329  325  328  330  327  321  321  325  333  336  330
  324  318  313  311  312  312  310  305  297  287  276  270  264  258  251  245
  242  238  234  231  229  229  226  224  220  215  208  203  208  226  255  286
  313  336  350  357  366  380  402  420  428
    32.5-180.0 180.0   5.0 450.0                            LAT/LON1/LON2/DLON/H
  444  452  458  461  465  469  477  486  497  506  508  495  477  458  436  415
  406  404  400  397  384  372  363  362  360  356  349  348  351  358  363  361
  353  346  342  339  337  334  331  327  321  312  303  299  292  284  273  263
  259  254  252  250  247  244  239  234  228  221  214  209  210  227  256  287
  318  340  355  362  369  384  407  431  444
    30.0-180.0 180.0   5.0 450.0                            LAT/LON1/LON2/DLON/H
  454  467  476  483  487  492  500  513  528  541  550  543  527  510  486  471
  460  459  459  454  438  419  403  397  393  389  382  381  384  390  396  395
  388  381  374  369  364  360  354  353  348  346  335  332  324  313  298  284
  278  270  268  268  265  258  250  243  236  227  219  211  211  225  252  284
  314  336  351  358  365  379  406  432  454
    27.5-180.0 180.0   5.0 450.0                            LAT/LON1/LON2/DLON/H
  460  478  495  504  509  515  525  538  554  573  587  587  576  559  540  529
  520  519  521  513  492  466  443  433  428  426  421  420  424  430  435  434
  427  420  407  399  388  379  376  380  379  384  369  367  353  338  322  305
  297  288  285  283  278  268  259  250  241  232  222  213  210  220  243  272
  303  327  339  350  358  372  398  430  460
    25.0-180.0 180.0   5.0 450.0                            LAT/LON1/LON2/DLON/H
  461  489  510  523  533  540  547  559  577  600  617  623  620  611  594  586
  578  578  579  568  543  512  483  472  467  466  465  466  470  476  477  475
  473  459  441  420  402  388  389  393  401  407  395  389  376  350  334  319
  311  303  300  295  288  276  264  252  243  235  225  214  209  214  231  257
  285  307  323  337  350  367  393  426  461
    22.5-180.0 180.0   5.0 450.0                            LAT/LON1/LON2/DLON/H
  461  494  522  540  552  560  566  579  598  621  640  654  660  658  647  641
  636  636  635  618  591  555  526  515  512  513  511  512  519  525  528  524
  520  503  468  433  400  379  380  380  385  400  394  391  370  343  332  322
  313  313  308  303  294  280  267  256  247  239  229  216  209  209  221  239
  263  285  307  325  342  363  391  425  461
    20.0-180.0 180.0   5.0 450.0                            LAT/LON1/LON2/DLON/H
  463  497  528  551  566  574  582  596  615  638  660  679  693  697  695  691
  686  690  685  665  634  598  572  565  563  566  563  562  569  577  582  572
  561  533  489  437  387  359  355  349  350  364  372  373  351  335  326  322
  315  317  313  305  296  283  272  262  254  245  233  220  210  207  211  223
  243  267  293  317  340  366  395  429  463
    17.5-180.0 180.0   5.0 450.0                            LAT/LON1/LON2/DLON/H
  467  499  532  557  574  585  594  608  628  652  674  698  715  723  731  732
  735  736  728  708  675  641  621  617  617  618  614  609  627  630  627  611
  587  542  489  426  368  334  323  319  321  333  346  347  336  330  325  322
  319  322  316  306  295  286  278  270  263  254  240  227  215  207  205  210
  226  255  286  318  347  374  405  435  467
    15.0-180.0 180.0   5.0 450.0                            LAT/LON1/LON2/DLON/H
  473  503  532  557  579  592  604  620  639  661  686  709  727  741  757  767
  775  776  766  746  714  683  671  667  667  666  659  654  660  661  654  633
  595  536  477  409  346  311  301  299  307  317  323  323  321  319  319  322
  323  327  320  307  295  287  282  275  272  265  249  232  218  208  200  202
  217  249  287  325  359  388  417  447  473
    12.5-180.0 180.0   5.0 450.0                            LAT/LON1/LON2/DLON/H
  483  508  534  557  581  601  617  633  649  670  694  718  737  757  777  794
  805  808  798  777  748  725  713  707  706  703  689  678  676  674  667  640
  590  532  466  396  340  311  304  296  297  303  304  305  307  309  316  326
  331  333  326  310  295  287  281  278  277  270  255  236  218  205  197  196
  211  247  292  337  375  407  434  459  483
    10.0-180.0 180.0   5.0 450.0                            LAT/LON1/LON2/DLON/H
  496  515  538  562  586  610  630  648  664  682  704  727  749  771  793  810
  823  830  824  805  780  758  745  738  733  725  706  688  681  678  668  645
  602  539  472  409  360  339  332  321  306  306  303  304  306  312  321  330
  339  342  334  314  295  284  279  277  275  266  252  234  214  202  194  193
  207  246  296  347  390  425  450  474  496
     7.5-180.0 180.0   5.0 450.0                            LAT/LON1/LON2/DLON/H
  511  530  552  576  599  621  644  666  683  700  718  737  758  781  804  820
  835  845  843  830  806  784  768  760  748  735  715  698  688  681  672  652
  614  555  498  445  407  395  389  371  350  338  326  324  322  325  334  345
  355  357  343  317  293  280  273  269  267  258  243  223  207  198  191  191
  208  247  297  351  399  437  465  489  511
     5.0-180.0 180.0   5.0 450.0                            LAT/LON1/LON2/DLON/H
  532  553  578  605  623  643  665  688  707  723  739  752  767  788  809  827
  841  852  852  842  821  800  784  771  756  738  720  704  693  687  680  660
  627  578  529  492  471  469  460  442  416  383  363  359  350  345  355  370
  379  372  350  319  292  274  262  255  251  244  226  208  196  189  186  187
  207  242  290  351  404  445  476  508  532
     2.5-180.0 180.0   5.0 450.0                            LAT/LON1/LON2/DLON/H
  556  585  616  644  663  677  695  715  734  748  759  768  776  790  808  824
  838  847  848  840  824  806  790  774  757  739  723  709  699  695  688  671
  642  596  559  539  534  541  526  511  483  435  410  399  380  375  387  396
  399  379  347  315  282  260  244  234  230  223  206  190  183  178  177  182
  200  231  278  339  397  443  483  523  556
