DORISInput/IGSGIM/2024/IGS0OPSFIN_20241330000_01D_02H_GIM.INX
     1.0            IONOSPHERE MAPS     MIX                 IONEX VERSION / TYPE
cmpcmb v1.2          GRL/UWM            28-may-24 18:09     PGM / RUN BY / DATE 
ionex file containing IGS COMBINED Ionosphere maps          COMMENT             
global ionosphere maps for day 133, 2024                    DESCRIPTION         
IONEX file containing the COMBINED IGS TEC MAPS and DCBs    DESCRIPTION         
      IONEX files of the following IAACs were combined: cod DESCRIPTION         
                                                        jpl DESCRIPTION         
                                                        upc DESCRIPTION         
Contact address: Andrzej Krankowski                         DESCRIPTION
                 Geodynamics Research Laboratory            DESCRIPTION
                 University of Warmia and Mazury (GRL/UWM)  DESCRIPTION
                 Oczapowski St. 1                           DESCRIPTION
                 10-957-Olsztyn, POLAND                     DESCRIPTION
                 e-mail:  kand@uwm.edu.pl                   DESCRIPTION
                                                            DESCRIPTION         
  2024     5    12     0     0     0                        EPOCH OF FIRST MAP  
  2024     5    13     0     0     0                        EPOCH OF LAST MAP   
  7200                                                      INTERVAL            
    13                                                      # OF MAPS IN FILE   
  COSZ                                                      MAPPING FUNCTION    
     0.0                                                    ELEVATION CUTOFF    
combined TEC calculated as weighted mean of input TEC valuesOBSERVABLES USED    
   338                                                      # OF STATIONS       
    32                                                      # OF SATELLITES     
  6371.0                                                    BASE RADIUS         
     2                                                      MAP DIMENSION       
   450.0 450.0   0.0                                        HGT1 / HGT2 / DHGT  
    87.5 -87.5  -2.5                                        LAT1 / LAT2 / DLAT  
  -180.0 180.0   5.0                                        LON1 / LON2 / DLON  
    -1                                                      EXPONENT            
TEC values in 0.1 tec units;  9999, if no value available   COMMENT             
DCB values in nanoseconds, reference is Sum_of_SatDCBs = 0  COMMENT             
                                                            END OF HEADER       
[from data line 858]
     3                                                      START OF TEC MAP    
  2024     5    12     4     0     0                        EPOCH OF CURRENT MAP
    87.5-180.0 180.0   5.0 450.0                            LAT/LON1/LON2/DLON/H
  126  126  126  126  127  128  128  128  128  128  127  127  127  127  127  126
  126  125  124  123  121  120  118  117  116  115  114  113  112  112  111  110
  110  109  109  109  108  108  108  108  108  108  108  108  108  108  108  108
  109  109  109  110  111  111  112  112  113  114  114  115  116  116  117  118
  119  120  120  122  122  124  125  125  126
    85.0-180.0 180.0   5.0 450.0                            LAT/LON1/LON2/DLON/H
  135  135  136  137  137  137  138  138  138  139  139  139  138  138  137  136
  135  133  132  131  129  127  123  120  119  117  116  115  114  113  113  112
  111  111  110  110  110  109  109  108  108  108  107  106  107  106  106  106
  107  108  109  110  112  113  114  115  117  118  119  121  122  123  125  127
  128  130  131  132  133  134  134  135  135
    82.5-180.0 180.0   5.0 450.0                            LAT/LON1/LON2/DLON/H
  146  147  147  148  148  150  150  149  149  149  147  147  147  147  146  146
  145  143  142  139  137  134  129  125  123  120  118  116  115  113  112  112
  110  110  110  110  109  110  110  111  111  111  111  110  110  109  109  109
  109  110  112  113  115  117  119  121  123  125  127  129  131  133  135  137
  139  141  142  143  143  143  144  145  146
    80.0-180.0 180.0   5.0 450.0                            LAT/LON1/LON2/DLON/H
  160  160  160  159  157  156  154  153  152  152  152  151  152  152  152  153
  153  153  152  150  146  142  136  129  126  123  121  118  115  114  113  112
  112  112  113  114  114  115  115  116  117  117  117  116  116  116  116  115
  115  115  117  118  121  123  125  128  130  133  136  139  142  144  147  150
  152  153  154  154  155  157  158  159  160
    77.5-180.0 180.0   5.0 450.0                            LAT/LON1/LON2/DLON/H
  174  172  169  166  163  160  158  155  154  153  153  156  157  158  158  158
  157  157  156  153  149  144  139  133  129  125  122  119  117  115  114  114
  115  116  117  119  121  122  123  124  125  125  125  124  124  123  123  123
  123  123  124  125  127  130  133  136  139  143  146  149  153  156  159  162
  165  166  167  169  172  173  175  175  174
    75.0-180.0 180.0   5.0 450.0                            LAT/LON1/LON2/DLON/H
  185  182  180  175  170  166  162  159  157  156  157  157  157  157  158  159
  159  158  158  156  151  146  140  133  128  124  120  118  117  115  115  117
  118  121  124  127  129  131  132  133  134  134  133  133  132  133  132  132
  132  132  133  133  135  137  140  144  149  152  156  160  163  166  169  172
  175  177  178  181  183  186  187  188  185
    72.5-180.0 180.0   5.0 450.0                            LAT/LON1/LON2/DLON/H
  199  195  192  187  180  176  171  166  162  159  158  157  155  157  158  158
  157  156  155  152  149  143  138  132  127  121  118  117  115  116  117  119
  123  127  130  133  136  139  140  140  140  140  141  141  141  142  141  142
  142  142  142  142  143  145  147  152  157  161  164  167  170  173  175  178
  180  182  184  187  191  195  198  199  199
    70.0-180.0 180.0   5.0 450.0                            LAT/LON1/LON2/DLON/H
  210  209  204  198  192  185  180  172  166  162  160  159  158  157  155  153
  153  152  150  147  144  139  134  128  123  118  116  115  115  117  120  123
  126  129  133  137  139  141  144  144  143  143  144  145  147  147  147  147
  148  148  148  148  149  150  153  157  162  166  169  172  174  176  177  179
  180  182  185  189  194  201  205  210  210
    67.5-180.0 180.0   5.0 450.0                            LAT/LON1/LON2/DLON/H
  215  214  212  208  200  194  186  178  171  168  165  162  162  159  155  153
  153  149  145  142  139  135  131  126  121  117  114  114  116  118  121  125
  128  130  133  135  138  139  141  142  142  142  143  144  146  147  148  149
  149  149  148  148  148  149  151  155  160  165  169  173  175  176  176  176
  175  177  180  186  193  200  207  212  215
    65.0-180.0 180.0   5.0 450.0                            LAT/LON1/LON2/DLON/H
  211  211  213  210  203  198  191  183  178  174  169  167  166  162  158  156
  151  146  142  138  137  132  130  125  120  117  114  114  115  118  121  124
  125  127  128  130  131  133  134  136  136  138  139  140  142  143  145  145
  145  145  144  143  142  142  143  147  153  160  167  171  174  174  172  170
  168  169  172  177  186  194  203  207  211
    62.5-180.0 180.0   5.0 450.0                            LAT/LON1/LON2/DLON/H
  200  203  204  203  200  197  192  187  182  178  174  172  169  166  162  157
  149  145  140  136  135  132  131  125  120  117  113  113  114  116  117  118
  117  117  117  118  120  123  124  126  128  131  133  135  136  137  138  139
  139  139  137  135  132  133  134  139  145  154  162  168  171  171  168  163
  160  158  161  167  175  185  192  197  200
    60.0-180.0 180.0   5.0 450.0                            LAT/LON1/LON2/DLON/H
  186  191  190  189  190  190  186  185  182  177  175  173  171  168  163  159
  150  144  139  135  135  132  131  125  120  115  112  112  111  110  107  107
  104  103  102  103  108  111  115  118  120  124  126  127  129  130  130  131
  132  131  131  129  128  127  130  135  141  149  157  164  169  169  164  158
  152  149  151  157  165  173  179  183  186
    57.5-180.0 180.0   5.0 450.0                            LAT/LON1/LON2/DLON/H
  173  175  177  176  176  175  172  173  173  169  167  167  167  163  163  158
  150  145  140  136  133  131  128  123  118  111  107  106  104  100   95   92
   90   87   87   90   96  102  107  111  115  117  119  120  121  122  123  125
  127  129  131  131  131  133  134  137  142  148  156  162  167  168  163  156
  148  144  144  150  157  165  169  171  173
    55.0-180.0 180.0   5.0 450.0                            LAT/LON1/LON2/DLON/H
  165  165  165  165  165  163  160  160  157  154  153  154  156  156  159  155
  148  142  137  135  130  128  124  118  112  106   99   97   94   88   83   78
   74   72   73   78   86   94  101  107  111  113  114  115  116  118  121  124
  129  135  139  144  148  150  150  151  152  155  159  165  169  169  164  156
  148  143  144  148  154  160  164  164  165
    52.5-180.0 180.0   5.0 450.0                            LAT/LON1/LON2/DLON/H
  162  160  160  161  160  159  155  148  140  135  135  137  140  145  149  146
  142  136  131  128  124  120  116  110  104   97   89   84   81   75   70   65
   62   60   64   72   82   91   99  105  109  111  112  114  116  120  126  134
  145  155  164  174  180  184  182  179  174  170  170  172  173  170  166  160
  153  149  149  152  158  163  164  163  162
    50.0-180.0 180.0   5.0 450.0                            LAT/LON1/LON2/DLON/H
  165  165  165  166  164  162  157  145  130  120  117  116  120  127  132  132
  130  127  121  117  113  109  105   99   92   83   77   73   69   63   58   54
   52   52   58   69   80   90   98  104  108  110  113  117  123  130  142  157
  172  191  209  222  229  233  229  220  206  195  185  182  179  176  172  167
  161  158  159  162  167  170  171  168  165
    47.5-180.0 180.0   5.0 450.0                            LAT/LON1/LON2/DLON/H
  177  176  177  178  178  174  166  151  132  116  107  101  100  106  111  114
  116  113  108  104   99   96   91   84   78   70   66   62   60   53   50   47
   47   50   57   68   79   89   96  103  107  112  119  127  137  151  169  191
  213  240  264  278  290  295  286  272  247  226  207  195  188  184  180  177
  173  171  172  174  178  180  180  178  177
    45.0-180.0 180.0   5.0 450.0                            LAT/LON1/LON2/DLON/H
  190  193  195  197  197  193  181  163  141  122  108   97   91   90   91   94
   97   97   94   88   84   80   75   69   65   59   56   55   54   51   49   48
   49   54   61   70   79   87   95  101  109  118  130  145  162  183  205  236
  263  297  319  342  355  360  348  328  295  264  234  213  199  194  190  189
  187  184  184  186  189  190  191  190  190
    42.5-180.0 180.0   5.0 450.0                            LAT/LON1/LON2/DLON/H
  203  208  213  217  218  213  200  180  157  135  118  105   94   84   79   78
   79   80   78   73   71   66   62   58   54   51   50   51   53   54   54   56
   58   62   67   73   79   84   91  101  113  130  149  169  194  218  248  282
  320  354  377  401  414  415  403  380  344  306  262  230  213  206  201  199
  198  196  195  194  195  196  199  200  203
    40.0-180.0 180.0   5.0 450.0                            LAT/LON1/LON2/DLON/H
  212  218  225  230  232  229  216  197  175  153  134  118  103   90   79   73
   71   70   67   64   62   57   53   51   50   49   50   54   58   62   65   67
   68   71   74   76   77   80   88  102  121  145  172  197  226  257  290  328
  364  399  425  449  461  459  446  423  382  338  287  245  227  218  210  206
  205  203  201  199  198  199  202  206  212
    37.5-180.0 180.0   5.0 450.0                            LAT/LON1/LON2/DLON/H
  213  221  228  233  237  235  226  209  189  170  154  137  120  102   87   79
   74   70   66   63   59   56   53   51   51   52   56   61   68   73   76   77
   79   80   80   79   75   77   87  105  132  161  194  226  259  293  326  366
  399  433  461  482  494  492  478  455  405  353  306  262  242  230  220  213
  210  209  206  202  201  200  202  207  213
    35.0-180.0 180.0   5.0 450.0                            LAT/LON1/LON2/DLON/H
  210  216  220  225  231  232  228  214  199  184  172  158  141  121  103   91
   84   78   74   70   66   64   61   58   59   61   67   74   80   84   88   88
   88   88   86   81   75   75   87  110  141  178  215  252  284  319  352  386
  422  455  482  501  511  511  495  467  413  358  316  280  259  243  231  219
  215  215  214  210  208  205  205  208  210
    32.5-180.0 180.0   5.0 450.0                            LAT/LON1/LON2/DLON/H
  212  209  209  212  218  225  223  214  201  193  185  176  163  146  127  110
  100   93   87   84   81   79   77   73   72   74   80   87   93   95   97   96
   96   95   91   84   77   76   89  115  151  192  230  269  302  332  364  399
  432  465  492  511  522  517  496  457  405  358  322  294  272  254  238  227
  224  225  228  227  225  220  218  217  212
    30.0-180.0 180.0   5.0 450.0                            LAT/LON1/LON2/DLON/H
  229  215  209  207  213  219  221  212  202  195  192  189  184  172  151  134
  120  110  104  102  101  100   98   93   90   89   94  100  104  103  102  102
  102  100   95   88   80   80   93  119  156  197  235  271  305  338  369  403
  434  465  496  521  532  524  500  446  397  355  324  303  283  260  245  239
  238  244  253  258  257  253  248  242  229
    27.5-180.0 180.0   5.0 450.0                            LAT/LON1/LON2/DLON/H
  269  246  230  225  229  237  233  223  210  201  199  199  202  194  175  159
  143  130  121  120  122  123  120  113  108  105  108  111  112  108  106  105
  104  102   97   89   83   84   96  121  152  192  229  265  301  334  369  403
  432  464  499  530  541  542  518  446  394  355  323  306  290  271  261  262
  264  277  294  305  308  306  304  291  269
    25.0-180.0 180.0   5.0 450.0                            LAT/LON1/LON2/DLON/H
  340  311  291  278  280  286  282  258  232  217  214  215  221  217  200  187
  171  154  140  138  141  144  140  131  123  117  117  119  117  111  107  105
  103  100   97   90   85   87   97  117  145  179  215  254  292  327  364  397
  430  464  505  540  554  569  534  454  402  360  330  313  303  293  293  298
  308  324  350  370  378  384  377  364  340
    22.5-180.0 180.0   5.0 450.0                            LAT/LON1/LON2/DLON/H
  443  414  397  383  382  378  364  329  285  255  253  247  246  244  233  220
  202  180  163  156  158  161  156  144  133  123  121  120  117  109  105  102
   99   97   94   88   85   86   93  108  132  163  200  243  284  320  357  389
  424  468  515  556  580  592  556  491  425  376  349  336  333  331  337  351
  366  389  433  452  464  474  471  467  443
    20.0-180.0 180.0   5.0 450.0                            LAT/LON1/LON2/DLON/H
  569  546  522  520  519  498  483  433  373  325  317  302  292  283  275  259
  235  208  189  176  173  174  166  151  138  125  119  116  111  104  100   96
   94   92   89   85   83   82   85   95  115  146  185  232  274  313  349  386
  426  478  533  582  615  622  596  534  465  412  385  377  379  387  400  424
  442  474  525  545  560  573  574  580  569
    17.5-180.0 180.0   5.0 450.0                            LAT/LON1/LON2/DLON/H
  699  690  669  689  686  650  606  569  498  437  405  393  362  347  328  312
  278  245  221  202  192  186  174  155  140  124  115  108  102   97   94   92
   89   87   83   80   76   74   73   79   96  128  169  216  267  311  351  392
  437  497  560  617  654  658  639  588  518  466  439  434  443  460  482  512
  536  579  622  643  664  670  676  691  699
    15.0-180.0 180.0   5.0 450.0                            LAT/LON1/LON2/DLON/H
  805  810  806  831  828  784  734  698  628  551  506  486  444  417  391  372
  334  293  261  236  215  198  180  155  138  119  108   98   93   90   89   88
   84   82   78   73   69   64   61   62   78  114  158  210  264  313  357  401
  454  520  587  650  696  709  697  664  593  539  512  509  525  548  577  614
  645  687  720  737  753  754  759  781  805
    12.5-180.0 180.0   5.0 450.0                            LAT/LON1/LON2/DLON/H
  863  883  889  905  904  872  835  804  743  662  599  561  521  486  459  444
  400  360  313  275  241  211  184  156  137  113  100   89   83   83   82   83
   81   78   73   67   62   56   50   50   67  103  153  210  267  316  363  412
  471  539  608  675  736  762  765  743  686  626  599  599  617  643  675  715
  747  785  815  827  819  813  815  834  863
    10.0-180.0 180.0   5.0 450.0                            LAT/LON1/LON2/DLON/H
  881  898  900  910  914  904  882  847  800  737  669  614  574  540  520  510
  481  439  376  319  268  221  185  153  133  107   93   82   76   75   75   80
   78   75   69   62   56   50   43   44   62  100  153  213  269  320  366  417
  481  549  619  692  770  812  827  816  777  725  699  699  714  736  768  803
  832  864  888  894  877  861  856  866  881
     7.5-180.0 180.0   5.0 450.0                            LAT/LON1/LON2/DLON/H
  889  889  887  888  886  876  850  812  777  737  686  640  598  568  558  556
  540  508  442  367  297  233  185  148  126  100   86   77   72   71   74   79
   77   72   66   59   52   46   40   43   62  100  153  212  267  318  364  415
  482  550  621  701  787  850  879  880  861  832  808  800  806  820  844  871
  896  924  939  941  924  901  889  891  889
     5.0-180.0 180.0   5.0 450.0                            LAT/LON1/LON2/DLON/H
  911  893  874  858  841  815  772  731  692  678  657  625  592  566  559  565
  561  548  493  416  332  248  188  144  120   95   84   76   71   71   78   81
   77   71   65   58   51   45   40   44   62   97  148  203  259  309  356  411
  473  548  624  706  796  868  915  935  932  920  903  891  887  892  902  918
  938  959  972  974  962  943  927  922  911
     2.5-180.0 180.0   5.0 450.0                            LAT/LON1/LON2/DLON/H
  948  917  884  847  811  764  703  643  598  588  586  572  550  528  523  538
  552  558  525  457  368  270  199  148  123   97   86   78   74   74   82   83
   77   72   66   59   52   46   43   45   61   93  137  192  246  298  350  405
  470  544  621  703  796  877  943  975  982  981  972  965  957  954  949  950
  958  976  990  998  994  984  973  965  948
