DORISInput/IGSGIM/2024/IGS0OPSFIN_20241400000_01D_02H_GIM.INX
     1.0            IONOSPHERE MAPS     MIX                 IONEX VERSION / TYPE
cmpcmb v1.2          GRL/UWM             5-jun-24 16:17     PGM / RUN BY / DATE 
ionex file containing IGS COMBINED Ionosphere maps          COMMENT             
global ionosphere maps for day 140, 2024                    DESCRIPTION         
IONEX file containing the COMBINED IGS TEC MAPS and DCBs    DESCRIPTION         
      IONEX files of the following IAACs were combined: cod DESCRIPTION         
                                                        jpl DESCRIPTION         
                                                        upc DESCRIPTION         
Contact address: Andrzej Krankowski                         DESCRIPTION
                 Geodynamics Research Laboratory            DESCRIPTION
                 University of Warmia and Mazury (GRL/UWM)  DESCRIPTION
                 Oczapowski St. 1                           DESCRIPTION
                 10-957-Olsztyn, POLAND                     DESCRIPTION
                 e-mail:  kand@uwm.edu.pl                   DESCRIPTION
                                                            DESCRIPTION         
  2024     5    19     0     0     0                        EPOCH OF FIRST MAP  
  2024     5    20     0     0     0                        EPOCH OF LAST MAP   
  7200                                                      INTERVAL            
    13                                                      # OF MAPS IN FILE   
  COSZ                                                      MAPPING FUNCTION    
     0.0                                                    ELEVATION CUTOFF    
combined TEC calculated as weighted mean of input TEC valuesOBSERVABLES USED    
   336                                                      # OF STATIONS       
    32                                                      # OF SATELLITES     
  6371.0                                                    BASE RADIUS         
     2                                                      MAP DIMENSION       
   450.0 450.0   0.0                                        HGT1 / HGT2 / DHGT  
    87.5 -87.5  -2.5                                        LAT1 / LAT2 / DLAT  
  -180.0 180.0   5.0                                        LON1 / LON2 / DLON  
    -1                                                      EXPONENT            
TEC values in 0.1 tec units;  9999, if no value available   COMMENT             
DCB values in nanoseconds, reference is Sum_of_SatDCBs = 0  COMMENT             
                                                            END OF HEADER       
[from data line 1287]
     4                                                      START OF TEC MAP    
  2024     5    19     6     0     0                        EPOCH OF CURRENT MAP
    87.5-180.0 180.0   5.0 450.0                            LAT/LON1/LON2/DLON/H
  222  223  223  223  224  224  225  226  227  228  229  230  231  231  232  233
  233  234  234  235  235  235  235  234  234  234  233  233  232  231  230  229
  228  227  227  226  225  224  223  223  223  222  222  222  222  222  221  221
  221  221  221  222  221  221  222  221  221  221  221  222  222  222  222  221
  221  221  221  221  221  221  222  222  222
    85.0-180.0 180.0   5.0 450.0                            LAT/LON1/LON2/DLON/H
  214  214  214  215  216  218  219  221  224  227  229  231  234  237  239  241
  242  244  244  244  244  243  243  242  242  240  239  236  234  232  229  227
  226  224  222  221  220  218  218  217  217  217  217  218  218  218  219  220
  221  221  222  224  225  225  226  226  226  226  226  225  225  224  223  222
  221  220  219  218  217  216  215  214  214
    82.5-180.0 180.0   5.0 450.0                            LAT/LON1/LON2/DLON/H
  205  205  205  206  207  209  211  214  217  221  225  229  233  237  240  243
  246  249  250  251  252  250  247  247  245  241  238  233  230  225  222  220
  217  215  213  211  210  210  209  209  210  210  212  213  216  219  221  223
  225  227  229  231  234  236  238  239  240  239  239  238  237  235  232  229
  227  225  222  219  215  211  209  207  205
    80.0-180.0 180.0   5.0 450.0                            LAT/LON1/LON2/DLON/H
  203  200  200  200  201  202  204  207  211  214  218  222  226  232  238  242
  246  250  252  252  252  251  246  245  239  234  229  224  220  216  212  209
  207  205  204  202  202  202  202  202  203  205  208  212  217  221  226  230
  233  237  240  244  248  252  255  258  260  260  259  258  255  252  248  244
  240  235  229  223  217  213  208  205  203
    77.5-180.0 180.0   5.0 450.0                            LAT/LON1/LON2/DLON/H
  207  204  201  199  198  198  197  199  200  203  208  213  219  225  232  239
  244  248  250  253  254  252  242  237  229  222  216  209  205  201  198  196
  196  195  195  195  195  197  198  200  203  208  212  217  225  231  239  246
  252  260  263  266  272  275  279  282  285  285  284  282  279  275  270  264
  257  250  242  234  227  220  215  210  207
    75.0-180.0 180.0   5.0 450.0                            LAT/LON1/LON2/DLON/H
  219  214  208  204  200  197  195  193  193  194  197  202  208  216  223  231
  238  243  246  248  246  241  232  227  216  208  199  192  187  183  182  183
  184  186  189  192  194  197  201  205  210  216  223  233  242  252  260  272
  279  289  295  298  300  303  306  309  311  312  311  308  305  299  293  285
  276  267  258  250  242  235  230  224  219
    72.5-180.0 180.0   5.0 450.0                            LAT/LON1/LON2/DLON/H
  235  228  222  215  209  202  197  192  190  189  191  193  199  205  212  219
  227  231  235  238  235  229  219  210  202  190  179  174  170  168  170  174
  177  181  187  193  199  204  209  217  227  232  243  256  269  282  292  304
  311  317  326  327  328  330  331  331  333  334  332  330  326  320  311  303
  293  283  274  266  259  253  248  241  235
    70.0-180.0 180.0   5.0 450.0                            LAT/LON1/LON2/DLON/H
  252  246  238  230  222  213  205  197  192  189  186  186  190  195  201  208
  215  219  223  224  221  213  205  195  184  174  165  159  158  160  165  172
  179  185  192  199  206  213  222  233  244  257  272  285  303  318  329  340
  347  350  352  352  349  346  346  346  345  345  344  341  337  330  322  313
  303  294  285  278  272  268  263  258  252
    67.5-180.0 180.0   5.0 450.0                            LAT/LON1/LON2/DLON/H
  266  260  252  243  233  223  213  204  196  189  184  183  183  186  191  196
  201  207  211  210  207  199  192  182  171  164  157  153  154  160  167  178
  186  194  202  208  215  225  237  249  264  284  303  322  341  355  369  376
  383  381  378  369  361  354  351  349  346  345  343  339  335  328  320  311
  302  294  288  283  279  276  273  270  266
    65.0-180.0 180.0   5.0 450.0                            LAT/LON1/LON2/DLON/H
  271  265  257  248  238  228  219  209  200  192  187  183  181  180  182  185
  188  193  196  194  192  186  179  171  163  156  152  152  155  162  173  184
  195  205  213  218  227  238  251  268  288  311  336  358  379  395  409  415
  415  408  398  383  366  355  347  341  334  332  329  325  321  314  307  299
  292  285  281  278  278  278  277  275  271
    62.5-180.0 180.0   5.0 450.0                            LAT/LON1/LON2/DLON/H
  268  262  253  245  236  228  219  210  203  195  189  184  179  175  175  176
  176  177  180  177  177  172  166  160  155  151  150  152  159  167  178  191
  203  212  220  228  238  251  266  287  312  337  365  394  415  435  449  449
  445  432  414  392  367  353  340  329  317  313  309  305  301  295  288  281
  275  269  267  267  269  272  272  272  268
    60.0-180.0 180.0   5.0 450.0                            LAT/LON1/LON2/DLON/H
  259  252  243  236  228  221  216  209  203  198  191  184  179  175  170  167
  165  163  164  162  161  157  153  150  147  147  149  154  163  172  183  196
  206  216  226  237  250  264  284  308  337  368  396  426  454  471  480  478
  469  453  432  401  375  358  341  319  304  296  291  287  282  278  271  265
  256  252  252  255  258  263  264  263  259
    57.5-180.0 180.0   5.0 450.0                            LAT/LON1/LON2/DLON/H
  250  242  234  227  220  214  210  207  204  199  194  187  180  174  167  161
  156  154  152  149  147  144  142  141  141  142  149  155  164  173  183  196
  207  218  230  245  262  281  303  332  362  393  427  458  483  501  507  502
  491  473  449  417  392  370  348  322  303  291  282  276  271  268  261  253
  244  240  241  245  250  255  256  254  250
    55.0-180.0 180.0   5.0 450.0                            LAT/LON1/LON2/DLON/H
  246  238  231  225  219  213  211  208  205  202  199  193  184  176  167  158
  152  148  145  142  139  137  135  136  137  140  147  154  164  171  182  195
  207  220  236  253  274  298  326  356  389  419  452  483  507  524  527  523
  511  494  470  446  416  391  367  341  319  300  285  276  271  266  258  249
  241  237  238  243  248  253  255  251  246
    52.5-180.0 180.0   5.0 450.0                            LAT/LON1/LON2/DLON/H
  250  244  238  236  232  227  222  216  212  207  204  198  191  181  171  161
  155  150  147  142  138  136  135  135  136  141  148  155  164  172  182  195
  207  223  242  263  289  318  350  380  411  442  472  499  522  538  545  541
  532  518  499  479  449  424  400  372  345  322  303  290  281  275  265  257
  250  247  248  252  257  260  260  257  250
    50.0-180.0 180.0   5.0 450.0                            LAT/LON1/LON2/DLON/H
  265  261  259  259  258  254  246  235  227  218  211  204  197  188  179  171
  165  160  157  151  147  145  142  141  142  145  151  158  165  172  182  194
  208  227  249  278  307  340  371  403  430  458  483  508  530  546  553  554
  552  545  534  521  494  475  447  412  379  351  330  312  299  291  283  274
  268  265  267  271  275  276  274  269  265
    47.5-180.0 180.0   5.0 450.0                            LAT/LON1/LON2/DLON/H
  284  285  288  292  295  291  279  264  249  235  221  211  203  195  188  183
  178  174  173  169  165  162  157  155  153  155  159  164  170  175  184  196
  211  231  257  290  324  358  390  417  443  466  489  511  533  549  559  566
  570  572  569  564  550  531  498  462  422  386  359  338  323  313  305  298
  291  290  293  297  298  298  295  289  284
    45.0-180.0 180.0   5.0 450.0                            LAT/LON1/LON2/DLON/H
  307  311  318  326  332  329  316  298  276  255  236  222  210  202  198  194
  192  191  191  190  188  184  179  174  170  169  170  173  178  182  189  199
  216  239  269  302  339  372  401  426  446  467  488  509  532  552  566  578
  587  597  601  601  595  578  544  509  467  422  387  364  346  335  328  323
  318  316  320  324  324  321  317  310  307
    42.5-180.0 180.0   5.0 450.0                            LAT/LON1/LON2/DLON/H
  328  331  340  350  357  357  345  325  300  275  251  233  220  212  208  206
  206  206  209  211  211  209  204  198  192  188  187  189  191  194  199  208
  223  246  278  313  349  380  406  426  443  460  481  505  530  555  574  589
  605  623  631  636  630  614  580  544  504  458  415  387  367  356  347  344
  342  341  344  347  348  343  338  330  328
    40.0-180.0 180.0   5.0 450.0                            LAT/LON1/LON2/DLON/H
  343  345  350  358  364  365  356  337  314  289  266  246  233  223  219  218
  219  222  226  232  234  234  231  225  218  213  209  210  210  209  213  220
  231  252  282  317  351  378  402  420  435  451  473  499  527  553  579  603
  626  648  661  667  659  643  610  574  533  489  444  412  388  376  367  363
  362  363  364  369  369  364  357  350  343
    37.5-180.0 180.0   5.0 450.0                            LAT/LON1/LON2/DLON/H
  360  352  352  352  352  351  345  333  315  296  276  258  246  236  231  231
  233  238  244  252  258  261  259  255  249  243  236  235  232  227  227  228
  237  256  285  316  347  374  395  411  426  443  466  492  521  552  583  615
  644  668  684  691  685  669  640  608  564  519  476  442  415  402  392  386
  385  387  391  393  393  386  378  369  360
    35.0-180.0 180.0   5.0 450.0                            LAT/LON1/LON2/DLON/H
  381  365  352  338  327  321  316  311  301  293  279  268  257  249  246  246
  248  253  260  272  280  286  288  288  282  276  269  263  255  245  238  235
  240  256  283  313  342  367  385  401  417  434  457  485  515  551  588  623
  658  685  706  717  715  704  682  655  611  564  522  487  455  437  426  419
  418  420  427  429  426  417  412  398  381
    32.5-180.0 180.0   5.0 450.0                            LAT/LON1/LON2/DLON/H
  421  395  366  334  307  289  281  280  279  281  279  274  268  263  261  261
  263  269  275  291  302  312  319  320  318  314  304  293  279  262  249  239
  241  254  277  305  334  359  375  389  404  424  450  477  511  549  586  629
  669  704  733  753  760  757  743  717  676  631  589  548  510  486  473  468
  470  471  480  482  474  468  463  446  421
    30.0-180.0 180.0   5.0 450.0                            LAT/LON1/LON2/DLON/H
  490  452  408  356  310  277  261  257  261  271  277  279  278  276  275  277
  279  286  294  308  324  337  347  353  354  351  338  321  299  278  259  245
  241  250  268  295  324  349  366  380  396  417  442  472  506  544  582  627
  679  724  764  798  820  822  821  800  761  717  669  621  579  552  539  538
  538  543  557  557  554  544  536  520  490
    27.5-180.0 180.0   5.0 450.0                            LAT/LON1/LON2/DLON/H
  596  546  490  418  354  306  276  262  262  270  280  286  288  290  290  292
  295  304  312  328  346  361  373  383  388  384  368  346  319  291  268  248
  239  243  258  283  314  337  356  373  390  411  437  468  500  535  576  628
  688  745  799  848  884  897  906  891  854  807  755  705  660  632  620  622
  626  633  653  654  657  650  643  633  596
    25.0-180.0 180.0   5.0 450.0                            LAT/LON1/LON2/DLON/H
  738  685  604  527  449  382  342  311  295  293  297  303  306  307  306  307
  310  322  332  350  367  382  395  407  413  408  391  366  333  297  270  247
  234  233  246  271  303  328  348  368  387  408  435  468  497  530  575  630
  698  769  835  894  943  965  981  965  930  886  839  791  751  724  709  714
  721  737  755  761  774  771  771  768  738
    22.5-180.0 180.0   5.0 450.0                            LAT/LON1/LON2/DLON/H
  887  850  764  688  604  527  455  406  367  345  334  336  334  329  324  320
  324  337  349  369  383  398  410  420  424  417  400  374  332  292  264  242
  229  224  233  259  291  318  341  363  383  407  438  473  501  534  578  637
  709  791  865  928  977 1006 1020 1010  977  941  902  868  838  814  800  808
  816  829  847  861  878  884  890  898  887
    20.0-180.0 180.0   5.0 450.0                            LAT/LON1/LON2/DLON/H
  993  979  915  854  789  720  627  549  474  426  396  387  376  359  345  335
  338  353  364  383  393  405  415  420  418  408  390  361  315  278  254  235
  221  213  219  243  278  308  331  355  381  409  444  482  511  544  589  649
  723  806  877  939  982 1006 1015 1015  992  969  944  924  903  888  880  888
  895  902  913  932  945  958  973  987  993
    17.5-180.0 180.0   5.0 450.0                            LAT/LON1/LON2/DLON/H
 1032 1026  993  973  952  914  825  725  615  535  486  454  431  401  374  356
  352  363  373  388  396  403  407  407  399  385  363  334  291  260  240  224
  209  200  205  229  264  296  322  352  384  416  456  494  526  562  610  663
  736  809  873  924  956  974  979  985  981  976  970  961  951  943  940  943
  947  947  948  961  974  985 1003 1018 1032
    15.0-180.0 180.0   5.0 450.0                            LAT/LON1/LON2/DLON/H
  998  996  983 1003 1031 1032  976  879  757  649  585  534  492  457  417  387
  372  373  377  386  388  390  388  382  369  350  325  296  265  238  221  208
  195  185  191  214  247  283  317  353  392  431  473  511  545  587  639  691
  751  812  861  896  916  927  933  942  957  970  979  981  979  975  976  973
  971  966  959  958  962  965  980  995  998
    12.5-180.0 180.0   5.0 450.0                            LAT/LON1/LON2/DLON/H
  916  907  904  944  991 1035 1013  940  838  734  664  611  569  525  479  432
  404  389  385  378  373  368  359  347  328  304  279  255  233  216  204  191
  181  171  176  197  230  272  314  356  400  447  492  526  565  610  663  717
  770  817  849  868  879  886  892  903  929  955  976  990  995  993  991  982
  977  965  952  939  931  926  927  926  916
    10.0-180.0 180.0   5.0 450.0                            LAT/LON1/LON2/DLON/H
  808  782  765  793  852  919  933  901  830  764  710  679  644  604  555  493
  447  415  399  373  355  342  327  310  286  259  235  218  204  196  187  180
  171  160  161  181  216  261  312  357  406  456  500  541  582  625  682  738
  788  825  845  853  858  864  869  887  915  947  975  995 1005 1005  993  982
  971  957  939  919  901  884  868  841  808
     7.5-180.0 180.0   5.0 450.0                            LAT/LON1/LON2/DLON/H
  708  653  612  614  662  727  763  771  744  724  708  705  699  675  630  558
  496  447  418  374  343  321  300  279  252  222  202  191  184  180  176  170
  161  150  151  170  208  253  304  355  408  458  506  546  584  629  690  749
  801  839  856  861  866  871  879  902  926  957  987 1007 1016 1010  994  978
  965  951  929  905  881  854  821  771  708
     5.0-180.0 180.0   5.0 450.0                            LAT/LON1/LON2/DLON/H
  648  559  485  452  472  517  563  599  614  635  655  682  708  713  682  612
  541  471  431  379  336  308  283  258  228  198  181  172  172  171  167  160
  151  144  145  164  200  248  299  350  403  454  500  538  574  621  686  752
  815  859  881  895  904  911  923  947  965  989 1011 1027 1032 1020  996  974
  961  949  929  906  883  851  806  740  648
     2.5-180.0 180.0   5.0 450.0                            LAT/LON1/LON2/DLON/H
  656  532  420  351  328  347  388  433  480  527  573  618  666  695  685  634
  566  492  446  381  336  302  274  247  215  187  172  166  167  165  159  150
  143  139  141  159  194  240  290  340  393  441  483  519  552  600  666  743
  823  881  921  946  966  976  988 1012 1025 1035 1041 1049 1047 1029  996  970
  960  954  940  922  903  876  835  762  656
