DORISInput/IGSGIM/2024/IGS0OPSFIN_20241450000_01D_02H_GIM.INX
     1.0            IONOSPHERE MAPS     MIX                 IONEX VERSION / TYPE
cmpcmb v1.2          GRL/UWM             5-jun-24 16:44     PGM / RUN BY / DATE 
ionex file containing IGS COMBINED Ionosphere maps          COMMENT             
global ionosphere maps for day 145, 2024                    DESCRIPTION         
IONEX file containing the COMBINED IGS TEC MAPS and DCBs    DESCRIPTION         
      IONEX files of the following IAACs were combined: cod DESCRIPTION         
                                                        jpl DESCRIPTION         
                                                        upc DESCRIPTION         
Contact address: Andrzej Krankowski                         DESCRIPTION
                 Geodynamics Research Laboratory            DESCRIPTION
                 University of Warmia and Mazury (GRL/UWM)  DESCRIPTION
                 Oczapowski St. 1                           DESCRIPTION
                 10-957-Olsztyn, POLAND                     DESCRIPTION
                 e-mail:  kand@uwm.edu.pl                   DESCRIPTION
                                                            DESCRIPTION         
  2024     5    24     0     0     0                        EPOCH OF FIRST MAP  
  2024     5    25     0     0     0                        EPOCH OF LAST MAP   
  7200                                                      INTERVAL            
    13                                                      # OF MAPS IN FILE   
  COSZ                                                      MAPPING FUNCTION    
     0.0                                                    ELEVATION CUTOFF    
combined TEC calculated as weighted mean of input TEC valuesOBSERVABLES USED    
   335                                                      # OF STATIONS       
    32                                                      # OF SATELLITES     
  6371.0                                                    BASE RADIUS         
     2                                                      MAP DIMENSION       
   450.0 450.0   0.0                                        HGT1 / HGT2 / DHGT  
    87.5 -87.5  -2.5                                        LAT1 / LAT2 / DLAT  
  -180.0 180.0   5.0                                        LON1 / LON2 / DLON  
    -1                                                      EXPONENT            
TEC values in 0.1 tec units;  9999, if no value available   COMMENT             
DCB values in nanoseconds, reference is Sum_of_SatDCBs = 0  COMMENT             
                                                            END OF HEADER       
[from data line 3432]
     9                                                      START OF TEC MAP    
  2024     5    24    16     0     0                        EPOCH OF CURRENT MAP
    87.5-180.0 180.0   5.0 450.0                            LAT/LON1/LON2/DLON/H
  191  192  192  193  194  196  196  197  198  199  199  200  201  201  202  202
  202  202  202  202  202  202  202  201  200  200  199  197  196  195  194  193
  191  190  189  188  187  186  185  184  184  183  182  182  181  181  181  180
  180  180  180  179  179  180  180  180  180  181  181  181  182  182  183  183
  184  185  185  186  186  187  189  189  191
    85.0-180.0 180.0   5.0 450.0                            LAT/LON1/LON2/DLON/H
  190  192  194  195  198  200  202  204  206  208  209  210  211  212  211  211
  212  211  211  210  209  209  209  208  205  203  201  198  195  192  189  187
  186  184  182  181  180  178  177  176  175  174  174  172  172  172  171  171
  171  171  171  171  170  170  171  171  172  173  173  174  175  175  176  177
  178  179  181  182  183  185  187  188  190
    82.5-180.0 180.0   5.0 450.0                            LAT/LON1/LON2/DLON/H
  188  191  192  195  198  200  203  205  207  208  210  212  213  214  214  214
  214  213  213  212  212  210  214  210  206  204  202  199  197  194  191  189
  186  184  182  180  179  177  175  174  173  172  171  170  169  168  168  167
  167  167  168  168  168  168  168  169  169  169  170  171  171  173  173  174
  175  176  178  179  181  182  184  185  188
    80.0-180.0 180.0   5.0 450.0                            LAT/LON1/LON2/DLON/H
  183  184  186  188  191  195  197  200  201  202  204  207  208  210  211  211
  212  211  211  211  210  210  213  209  205  202  202  200  198  195  193  190
  187  185  183  180  179  177  175  174  173  172  171  171  171  171  171  172
  172  172  172  172  173  173  173  173  173  172  172  172  172  172  173  173
  174  176  177  178  179  180  181  182  183
    77.5-180.0 180.0   5.0 450.0                            LAT/LON1/LON2/DLON/H
  177  177  178  180  183  183  184  186  190  193  196  198  199  201  201  202
  204  206  206  206  205  208  204  209  210  208  205  202  201  199  196  194
  192  190  187  184  183  181  180  179  177  176  176  176  177  178  179  180
  180  181  181  182  183  183  183  182  181  179  178  177  176  175  175  175
  175  176  177  177  177  177  177  176  177
    75.0-180.0 180.0   5.0 450.0                            LAT/LON1/LON2/DLON/H
  173  172  172  173  172  173  176  178  180  183  185  186  188  189  191  192
  194  195  197  201  203  204  202  203  208  206  208  207  206  203  202  199
  197  196  195  193  190  188  186  185  184  184  184  184  186  188  189  191
  191  192  193  193  194  194  193  192  190  188  186  184  182  180  179  177
  178  178  178  178  178  177  176  175  173
    72.5-180.0 180.0   5.0 450.0                            LAT/LON1/LON2/DLON/H
  172  171  169  167  168  170  171  171  172  174  176  178  180  180  182  183
  185  188  191  194  197  199  203  204  208  208  207  209  209  210  208  206
  204  202  201  199  198  197  195  194  194  194  194  195  196  199  200  201
  201  201  202  203  203  203  202  200  199  196  193  190  187  184  182  181
  181  181  181  181  181  179  177  175  172
    70.0-180.0 180.0   5.0 450.0                            LAT/LON1/LON2/DLON/H
  173  170  168  168  168  169  169  168  169  171  172  174  174  175  175  178
  180  182  186  189  192  196  203  207  209  211  210  212  213  213  213  212
  211  210  209  208  206  205  205  204  204  204  204  204  206  208  209  208
  208  209  209  210  210  210  208  207  205  202  198  193  189  185  184  183
  183  184  184  185  184  182  180  176  173
    67.5-180.0 180.0   5.0 450.0                            LAT/LON1/LON2/DLON/H
  175  174  172  172  172  173  172  172  171  172  172  172  174  173  176  179
  181  184  187  190  194  198  204  208  211  213  213  214  215  215  216  216
  216  216  215  214  213  213  213  212  212  212  212  212  213  214  214  214
  213  213  214  214  214  212  211  210  208  204  199  194  190  185  183  182
  183  183  185  186  185  182  180  178  175
    65.0-180.0 180.0   5.0 450.0                            LAT/LON1/LON2/DLON/H
  180  181  181  182  182  182  180  178  177  176  176  176  177  178  181  183
  187  190  193  196  200  203  206  209  212  213  213  212  213  214  215  216
  217  218  218  218  218  218  218  217  217  217  217  217  218  217  217  217
  216  216  216  216  214  215  213  212  209  205  200  194  188  183  180  179
  179  180  181  182  181  180  181  181  180
    62.5-180.0 180.0   5.0 450.0                            LAT/LON1/LON2/DLON/H
  185  187  190  193  193  193  189  186  185  183  183  183  183  185  189  192
  195  198  200  203  206  208  209  210  211  211  210  209  209  211  213  215
  217  219  219  220  221  220  220  221  221  222  222  223  222  221  221  221
  220  220  219  218  217  216  215  213  210  206  200  193  187  180  176  174
  173  173  173  174  175  177  180  182  185
    60.0-180.0 180.0   5.0 450.0                            LAT/LON1/LON2/DLON/H
  185  190  196  200  202  201  199  196  192  190  189  189  190  192  197  200
  204  206  208  210  210  210  210  210  209  208  206  205  206  209  212  215
  218  219  220  221  222  223  223  224  225  227  228  229  229  228  229  228
  228  227  226  224  222  222  220  217  213  208  202  194  187  179  174  171
  168  167  166  167  169  172  176  181  185
    57.5-180.0 180.0   5.0 450.0                            LAT/LON1/LON2/DLON/H
  182  188  194  200  205  206  204  201  198  195  193  194  196  199  203  207
  210  212  213  215  213  212  210  208  206  204  203  203  204  208  212  216
  219  221  222  223  225  227  229  231  233  235  236  238  238  240  240  240
  240  239  238  236  233  230  227  222  218  212  206  199  192  183  176  171
  167  165  164  163  165  168  172  176  182
    55.0-180.0 180.0   5.0 450.0                            LAT/LON1/LON2/DLON/H
  179  185  192  200  206  208  206  204  201  198  197  198  201  205  209  213
  215  216  217  216  213  211  208  206  203  201  201  202  206  211  216  220
  223  225  227  228  231  233  237  241  244  247  249  251  252  255  256  256
  256  255  253  250  246  241  236  230  226  219  213  206  199  189  181  175
  171  167  165  164  164  165  168  173  179
    52.5-180.0 180.0   5.0 450.0                            LAT/LON1/LON2/DLON/H
  177  183  190  200  208  209  209  206  203  201  201  202  207  210  214  217
  218  218  217  215  211  207  204  202  200  200  201  205  210  217  224  228
  231  232  234  236  239  244  250  255  258  262  265  268  270  274  275  275
  275  272  269  264  259  253  247  240  234  228  222  216  209  200  191  185
  180  176  172  169  167  166  169  173  177
    50.0-180.0 180.0   5.0 450.0                            LAT/LON1/LON2/DLON/H
  180  184  192  200  210  214  213  210  209  207  208  211  216  219  221  223
  222  221  218  214  210  205  201  199  199  202  205  211  219  227  234  239
  241  242  244  247  251  257  265  272  276  280  283  285  289  292  293  293
  291  287  283  277  270  263  255  248  242  237  232  226  220  212  204  199
  194  189  184  178  174  171  172  174  180
    47.5-180.0 180.0   5.0 450.0                            LAT/LON1/LON2/DLON/H
  183  187  194  204  213  217  217  216  218  218  221  225  229  231  232  232
  229  226  221  216  211  205  202  200  203  208  214  222  231  241  247  251
  252  253  256  259  266  275  284  290  296  299  301  305  308  310  310  308
  303  299  293  286  278  269  260  252  247  243  239  234  230  225  218  214
  210  206  200  191  184  179  178  180  183
    45.0-180.0 180.0   5.0 450.0                            LAT/LON1/LON2/DLON/H
  189  193  199  207  217  222  223  225  231  235  239  244  249  250  248  245
  240  235  228  222  216  211  208  208  212  218  226  237  246  255  261  264
  265  265  268  273  283  294  304  311  316  318  320  322  326  327  323  319
  312  305  297  289  281  271  263  256  250  248  244  241  237  235  232  230
  227  222  215  207  199  191  188  187  189
    42.5-180.0 180.0   5.0 450.0                            LAT/LON1/LON2/DLON/H
  194  196  203  212  221  230  235  241  250  257  262  269  272  274  270  264
  257  250  242  236  228  223  220  220  226  235  244  256  264  271  277  279
  279  280  283  292  303  315  327  334  338  339  339  342  343  342  337  329
  318  310  300  291  282  272  263  257  253  251  247  244  242  243  241  243
  241  237  231  223  214  205  200  195  194
    40.0-180.0 180.0   5.0 450.0                            LAT/LON1/LON2/DLON/H
  199  200  206  215  228  242  253  263  274  284  294  300  303  303  298  290
  280  272  264  257  248  243  239  241  247  257  266  278  286  290  296  298
  298  299  304  313  326  340  351  359  363  362  362  361  362  358  350  339
  327  316  305  294  284  275  267  262  259  256  252  248  246  247  249  252
  253  250  244  237  228  219  211  205  199
    37.5-180.0 180.0   5.0 450.0                            LAT/LON1/LON2/DLON/H
  204  201  206  217  233  254  270  286  302  320  330  336  342  339  332  323
  312  301  292  286  276  271  267  269  276  286  296  305  311  314  320  321
  324  327  333  342  356  370  382  390  391  389  387  387  384  377  368  355
  340  328  315  305  294  286  278  274  269  266  263  258  254  253  255  258
  261  260  256  250  242  233  224  214  204
    35.0-180.0 180.0   5.0 450.0                            LAT/LON1/LON2/DLON/H
  212  204  207  220  239  263  286  308  329  351  365  376  381  381  374  365
  351  340  329  323  315  310  305  306  312  323  331  338  343  345  351  353
  358  366  371  379  393  408  423  427  426  422  416  414  410  404  391  377
  362  350  337  326  314  306  298  292  286  283  279  274  268  263  263  266
  269  270  268  262  254  245  235  224  212
    32.5-180.0 180.0   5.0 450.0                            LAT/LON1/LON2/DLON/H
  219  210  213  225  247  274  302  329  354  377  397  412  421  426  422  412
  400  388  377  372  363  359  352  351  356  365  372  378  381  384  392  401
  407  414  419  430  444  452  466  473  472  464  455  451  443  434  420  408
  393  383  372  360  346  336  327  320  312  306  301  293  285  277  274  277
  280  280  279  273  264  254  244  233  219
    30.0-180.0 180.0   5.0 450.0                            LAT/LON1/LON2/DLON/H
  230  221  222  234  255  283  313  345  374  397  420  440  456  468  467  464
  453  442  428  423  418  414  405  402  406  412  418  423  426  429  441  457
  468  478  484  495  504  509  520  524  519  512  501  493  482  469  455  445
  433  425  414  405  392  374  363  353  343  333  325  315  305  294  289  291
  292  292  291  284  272  261  251  240  230
    27.5-180.0 180.0   5.0 450.0                            LAT/LON1/LON2/DLON/H
  237  230  231  243  264  292  323  356  388  413  437  462  487  501  507  508
  502  493  481  474  472  468  459  455  455  460  464  471  476  483  500  521
  541  556  562  573  579  586  578  578  573  564  549  538  526  504  489  481
  473  466  456  450  438  415  400  385  371  358  347  337  326  314  306  304
  304  303  300  293  282  267  255  246  237
    25.0-180.0 180.0   5.0 450.0                            LAT/LON1/LON2/DLON/H
  240  236  238  251  273  301  331  364  398  425  452  479  507  526  535  540
  537  533  524  521  520  515  507  504  502  507  512  519  526  542  566  592
  626  643  656  660  662  654  635  635  626  611  599  587  568  538  520  513
  505  499  494  488  475  452  432  413  396  380  368  357  347  333  323  318
  315  312  306  297  284  269  255  246  240
    22.5-180.0 180.0   5.0 450.0                            LAT/LON1/LON2/DLON/H
  239  237  241  255  279  308  338  370  401  433  461  489  514  535  549  560
  562  563  559  557  555  552  546  546  547  552  559  567  579  601  634  666
  705  730  741  746  730  709  683  686  672  651  641  633  603  566  546  538
  527  522  521  511  497  472  453  433  414  399  387  378  368  353  341  334
  324  319  308  297  281  265  252  244  239
    20.0-180.0 180.0   5.0 450.0                            LAT/LON1/LON2/DLON/H
  235  235  240  253  277  306  338  368  398  429  459  486  512  534  552  569
  577  584  582  582  580  578  577  580  585  594  603  616  632  660  699  736
  778  805  814  800  776  746  720  713  701  688  679  666  628  586  558  546
  537  527  526  519  499  474  457  440  425  413  407  400  391  377  363  350
  336  324  309  294  276  260  247  240  235
    17.5-180.0 180.0   5.0 450.0                            LAT/LON1/LON2/DLON/H
  230  229  235  250  271  298  330  360  389  420  451  477  503  527  549  571
  585  592  594  592  592  593  597  605  616  632  645  659  688  718  758  792
  829  850  848  819  788  762  737  726  724  722  709  683  638  591  553  532
  522  514  508  497  477  457  444  436  431  425  425  421  414  398  381  366
  347  328  307  291  272  254  241  235  230
    15.0-180.0 180.0   5.0 450.0                            LAT/LON1/LON2/DLON/H
  224  223  230  242  261  287  315  346  377  408  437  464  489  515  540  565
  581  589  593  590  592  598  607  622  641  663  682  699  724  764  800  829
  850  858  846  815  784  758  741  735  741  744  728  693  643  585  533  502
  489  481  473  460  444  433  427  431  436  440  442  440  431  411  394  375
  353  326  300  283  264  244  233  229  224
    12.5-180.0 180.0   5.0 450.0                            LAT/LON1/LON2/DLON/H
  221  221  228  237  250  272  299  329  362  396  424  452  479  503  529  553
  569  578  582  583  587  595  608  630  656  687  711  731  753  785  814  836
  844  845  827  800  775  755  748  748  749  749  736  700  642  573  506  465
  446  441  437  428  416  412  415  429  446  457  461  454  443  422  403  376
  349  320  290  272  256  241  233  227  221
    10.0-180.0 180.0   5.0 450.0                            LAT/LON1/LON2/DLON/H
  226  224  227  232  240  256  280  311  345  381  415  443  469  492  517  542
  558  571  575  578  581  591  606  634  667  702  732  754  772  790  807  821
  824  821  805  784  767  756  758  760  756  752  734  695  630  551  482  433
  417  417  418  414  409  411  421  443  466  480  485  474  459  437  409  376
  341  312  285  267  255  247  240  234  226
     7.5-180.0 180.0   5.0 450.0                            LAT/LON1/LON2/DLON/H
  234  227  226  227  230  242  264  294  330  369  407  439  465  489  513  538
  559  575  579  578  580  589  607  639  679  717  749  770  781  786  790  795
  797  793  781  770  764  761  767  769  766  758  733  687  619  542  476  434
  422  432  438  436  432  437  455  480  501  513  517  498  478  453  416  380
  343  312  288  271  261  255  251  244  234
     5.0-180.0 180.0   5.0 450.0                            LAT/LON1/LON2/DLON/H
  242  231  224  219  220  230  252  282  321  362  404  441  470  494  518  542
  567  585  588  587  586  594  613  648  691  732  765  782  781  776  770  767
  769  769  762  761  764  767  774  776  774  764  732  683  623  552  496  469
  468  491  497  490  481  489  507  530  546  553  548  524  500  469  426  388
  349  319  300  283  273  266  261  253  242
     2.5-180.0 180.0   5.0 450.0                            LAT/LON1/LON2/DLON/H
  248  234  221  213  211  221  243  278  318  361  406  447  481  509  533  556
  579  597  602  603  601  607  626  661  703  745  775  784  776  763  750  744
  747  751  751  755  764  771  779  780  774  757  726  679  625  572  534  524
  541  567  575  552  542  538  549  571  584  580  565  539  513  479  436  393
  359  331  314  300  289  280  273  262  248
