DORISInput/IGSGIM/2024/IGS0OPSFIN_20241350000_01D_02H_GIM.INX
     1.0            IONOSPHERE MAPS     MIX                 IONEX VERSION / TYPE
cmpcmb v1.2          GRL/UWM            28-may-24 18:20     PGM / RUN BY / DATE 
ionex file containing IGS COMBINED Ionosphere maps          COMMENT             
global ionosphere maps for day 135, 2024                    DESCRIPTION         
IONEX file containing the COMBINED IGS TEC MAPS and DCBs    DESCRIPTION         
      IONEX files of the following IAACs were combined: cod DESCRIPTION         
                                                        jpl DESCRIPTION         
                                                        upc DESCRIPTION         
Contact address: Andrzej Krankowski                         DESCRIPTION
                 Geodynamics Research Laboratory            DESCRIPTION
                 University of Warmia and Mazury (GRL/UWM)  DESCRIPTION
                 Oczapowski St. 1                           DESCRIPTION
                 10-957-Olsztyn, POLAND                     DESCRIPTION
                 e-mail:  kand@uwm.edu.pl                   DESCRIPTION
                                                            DESCRIPTION         
  2024     5    14     0     0     0                        EPOCH OF FIRST MAP  
  2024     5    15     0     0     0                        EPOCH OF LAST MAP   
  7200                                                      INTERVAL            
    13                                                      # OF MAPS IN FILE   
  COSZ                                                      MAPPING FUNCTION    
     0.0                                                    ELEVATION CUTOFF    
combined TEC calculated as weighted mean of input TEC valuesOBSERVABLES USED    
   334                                                      # OF STATIONS       
    32                                                      # OF SATELLITES     
  6371.0                                                    BASE RADIUS         
     2                                                      MAP DIMENSION       
   450.0 450.0   0.0                                        HGT1 / HGT2 / DHGT  
    87.5 -87.5  -2.5                                        LAT1 / LAT2 / DLAT  
  -180.0 180.0   5.0                                        LON1 / LON2 / DLON  
    -1                                                      EXPONENT            
TEC values in 0.1 tec units;  9999, if no value available   COMMENT             
DCB values in nanoseconds, reference is Sum_of_SatDCBs = 0  COMMENT             
                                                            END OF HEADER       
[from data line 5148]
    13                                                      START OF TEC MAP    
  2024     5    15     0     0     0                        EPOCH OF CURRENT MAP
    87.5-180.0 180.0   5.0 450.0                            LAT/LON1/LON2/DLON/H
  275  274  274  274  273  273  273  272  272  271  271  271  271  270  270  270
  269  270  269  269  268  268  268  267  267  266  266  266  265  265  265  265
  265  265  265  264  264  265  265  265  266  265  266  266  267  267  268  269
  270  270  271  271  272  273  274  274  276  276  276  276  277  277  277  277
  277  277  277  276  276  275  275  275  275
    85.0-180.0 180.0   5.0 450.0                            LAT/LON1/LON2/DLON/H
  279  278  278  278  277  276  276  275  275  274  273  273  273  272  271  271
  271  270  269  269  268  267  266  264  263  262  261  260  259  259  259  259
  258  259  259  259  260  260  261  261  262  262  263  264  264  265  266  266
  268  269  270  272  274  275  277  279  280  281  282  282  283  283  283  283
  283  282  281  281  280  280  280  280  279
    82.5-180.0 180.0   5.0 450.0                            LAT/LON1/LON2/DLON/H
  283  282  279  278  277  275  273  273  273  273  274  275  275  275  275  275
  274  273  272  271  269  268  266  263  261  260  258  257  255  252  252  253
  253  255  256  258  259  261  262  263  265  266  267  268  269  269  271  271
  272  273  274  275  277  279  281  283  284  286  287  288  288  289  289  289
  288  288  287  286  286  286  285  284  283
    80.0-180.0 180.0   5.0 450.0                            LAT/LON1/LON2/DLON/H
  284  281  278  274  272  271  271  271  273  277  283  285  287  287  287  287
  287  287  286  284  277  270  269  270  268  263  257  255  252  250  250  252
  255  258  261  263  266  268  271  273  275  277  277  277  278  279  279  279
  280  281  281  281  282  283  285  286  288  289  290  291  293  293  294  294
  295  295  294  294  293  291  289  287  284
    77.5-180.0 180.0   5.0 450.0                            LAT/LON1/LON2/DLON/H
  285  281  277  273  270  269  271  274  279  283  287  291  293  294  296  299
  299  296  293  289  284  278  274  267  261  260  258  257  257  256  254  253
  256  261  266  271  275  278  281  284  286  288  288  289  289  289  289  289
  289  288  288  288  288  288  289  289  290  291  292  293  295  296  297  299
  302  302  302  301  300  297  294  290  285
    75.0-180.0 180.0   5.0 450.0                            LAT/LON1/LON2/DLON/H
  288  282  277  272  269  267  268  271  278  285  290  295  300  306  310  311
  310  306  303  301  292  288  282  275  268  264  262  264  265  265  265  266
  266  270  274  279  283  288  290  292  294  296  298  298  298  298  297  296
  296  295  295  293  293  292  292  292  292  293  293  294  296  298  300  303
  305  306  307  308  306  303  299  294  288
    72.5-180.0 180.0   5.0 450.0                            LAT/LON1/LON2/DLON/H
  293  286  279  273  269  266  265  269  275  282  289  297  306  313  317  318
  318  315  312  307  301  296  289  283  277  272  270  268  271  272  273  275
  278  280  284  286  291  294  297  297  298  300  301  302  302  302  301  300
  300  300  298  298  297  297  296  295  295  295  296  297  299  302  305  307
  308  309  311  312  312  309  305  299  293
    70.0-180.0 180.0   5.0 450.0                            LAT/LON1/LON2/DLON/H
  301  294  286  279  272  267  265  266  272  279  287  295  306  314  319  321
  318  317  313  311  307  303  297  292  287  283  280  275  275  277  278  281
  284  286  288  290  294  295  295  297  296  297  299  299  299  299  299  299
  300  300  301  301  301  301  300  299  299  300  300  301  304  308  312  313
  314  313  315  317  317  315  312  307  301
    67.5-180.0 180.0   5.0 450.0                            LAT/LON1/LON2/DLON/H
  311  304  296  287  279  271  267  266  270  275  284  293  302  311  316  317
  317  314  315  313  310  310  307  304  299  295  291  287  283  283  282  284
  286  288  289  287  290  288  289  288  288  289  289  289  289  289  291  292
  295  298  300  302  304  303  304  304  305  305  306  308  311  315  318  319
  320  319  319  321  322  321  319  316  311
    65.0-180.0 180.0   5.0 450.0                            LAT/LON1/LON2/DLON/H
  319  314  305  295  286  277  271  268  269  273  281  288  296  304  310  311
  313  313  316  314  314  316  316  314  311  306  301  297  293  291  288  287
  287  287  286  283  282  278  276  274  272  273  273  273  274  274  277  281
  285  290  297  300  304  306  306  308  308  310  312  315  318  321  325  326
  325  324  323  324  324  325  324  324  319
    62.5-180.0 180.0   5.0 450.0                            LAT/LON1/LON2/DLON/H
  325  320  312  302  293  283  275  271  269  272  277  284  292  297  301  303
  306  310  314  317  319  323  325  324  319  316  310  306  303  300  296  291
  289  286  281  276  272  264  259  255  252  252  254  255  254  256  259  265
  271  280  288  297  302  307  308  310  312  315  318  323  327  330  332  334
  334  330  327  325  325  325  326  326  325
    60.0-180.0 180.0   5.0 450.0                            LAT/LON1/LON2/DLON/H
  326  321  316  308  299  289  281  274  271  272  276  281  288  292  295  298
  300  305  311  319  324  330  334  334  330  327  321  316  312  309  303  297
  290  285  277  268  261  250  243  237  233  233  233  235  236  237  241  248
  257  267  281  292  301  309  311  313  315  321  327  333  339  342  344  345
  345  340  335  330  328  325  323  325  326
    57.5-180.0 180.0   5.0 450.0                            LAT/LON1/LON2/DLON/H
  323  322  318  314  305  295  287  279  274  273  275  280  286  290  294  297
  300  305  313  321  329  336  341  342  339  336  330  325  321  315  309  302
  293  286  274  263  254  242  233  226  221  219  218  218  219  221  225  234
  243  258  274  287  301  309  314  317  322  330  337  346  352  356  359  359
  358  354  347  339  333  325  321  321  323
    55.0-180.0 180.0   5.0 450.0                            LAT/LON1/LON2/DLON/H
  324  323  321  320  313  303  293  285  279  276  277  282  288  294  298  302
  305  312  318  326  335  341  346  347  345  341  336  333  328  320  315  308
  299  287  274  261  251  238  229  220  215  213  210  207  207  208  213  222
  233  250  267  284  301  311  317  322  330  341  351  361  368  371  372  373
  374  372  365  355  346  334  326  323  324
    52.5-180.0 180.0   5.0 450.0                            LAT/LON1/LON2/DLON/H
  333  331  331  331  327  315  304  297  288  283  282  287  293  300  308  312
  314  321  327  333  341  346  351  351  352  349  341  338  334  326  321  314
  303  289  275  260  250  237  227  219  213  209  204  202  200  200  203  212
  226  242  262  283  301  314  322  329  340  354  364  374  381  385  387  389
  391  394  391  379  368  354  343  334  333
    50.0-180.0 180.0   5.0 450.0                            LAT/LON1/LON2/DLON/H
  354  352  349  350  348  337  324  314  305  296  293  297  304  312  321  327
  329  333  336  342  349  354  359  360  361  359  346  343  339  334  327  317
  305  290  274  259  250  239  230  222  215  209  203  199  196  195  198  208
  221  238  260  285  304  320  331  341  353  366  375  386  394  399  401  404
  411  419  420  412  400  385  373  361  354
    47.5-180.0 180.0   5.0 450.0                            LAT/LON1/LON2/DLON/H
  395  389  382  381  379  370  358  344  331  316  311  312  318  326  336  342
  344  345  348  355  361  367  372  373  372  370  357  349  345  339  329  317
  303  288  273  259  252  243  235  227  219  211  205  199  195  194  197  206
  220  238  263  286  311  332  344  358  371  383  391  400  407  412  415  424
  431  444  453  450  441  429  418  404  395
    45.0-180.0 180.0   5.0 450.0                            LAT/LON1/LON2/DLON/H
  449  443  432  427  419  415  400  384  362  347  336  334  339  345  353  357
  358  359  361  369  376  383  387  388  385  382  369  357  350  340  328  314
  300  286  273  262  257  248  241  234  224  214  208  202  197  196  200  209
  222  243  268  294  323  347  362  379  391  402  410  417  423  427  430  440
  452  467  483  487  486  479  472  459  449
    42.5-180.0 180.0   5.0 450.0                            LAT/LON1/LON2/DLON/H
  513  503  498  490  485  467  447  426  404  384  369  365  365  369  373  375
  374  374  377  386  395  402  406  403  399  393  382  367  355  341  327  312
  299  288  278  269  266  258  251  242  233  222  214  208  203  203  208  216
  229  250  274  303  334  361  380  397  410  420  429  436  440  442  445  454
  472  488  510  521  529  527  529  521  513
    40.0-180.0 180.0   5.0 450.0                            LAT/LON1/LON2/DLON/H
  579  578  569  559  546  529  502  477  450  430  409  401  396  397  398  395
  393  394  398  409  419  428  429  422  414  404  393  380  364  347  330  317
  306  297  291  286  284  275  267  256  246  235  227  222  219  219  221  226
  236  250  277  310  341  370  393  411  425  436  446  451  455  457  459  466
  487  512  537  553  566  572  581  582  579
    37.5-180.0 180.0   5.0 450.0                            LAT/LON1/LON2/DLON/H
  641  642  635  626  613  587  565  535  507  477  461  445  436  432  429  424
  418  419  425  439  451  459  456  444  433  422  408  395  379  360  344  333
  326  322  317  313  310  299  289  277  267  256  248  244  241  240  238  238
  242  251  274  311  345  374  399  419  434  446  457  464  467  471  473  480
  501  530  557  576  597  609  624  637  641
    35.0-180.0 180.0   5.0 450.0                            LAT/LON1/LON2/DLON/H
  692  694  692  685  675  659  628  594  566  533  513  496  483  473  466  455
  447  448  458  474  487  491  484  467  452  439  425  415  402  384  372  365
  361  359  353  348  343  330  317  304  293  285  279  275  269  262  255  249
  245  249  267  305  343  373  399  420  437  450  463  473  478  483  487  495
  516  546  574  596  622  639  658  684  692
    32.5-180.0 180.0   5.0 450.0                            LAT/LON1/LON2/DLON/H
  727  729  732  733  726  716  686  651  620  595  571  549  533  519  503  488
  479  484  496  513  523  520  506  488  471  457  447  440  432  421  414  409
  406  405  399  391  382  363  347  335  325  321  317  310  300  286  271  258
  248  247  261  295  328  364  392  415  433  448  462  474  482  490  499  509
  532  561  590  617  642  663  685  712  727
    30.0-180.0 180.0   5.0 450.0                            LAT/LON1/LON2/DLON/H
  747  756  761  766  767  759  734  707  674  648  629  607  585  565  542  525
  515  520  535  552  554  545  522  500  485  477  470  472  471  466  464  458
  458  454  445  428  415  390  373  363  357  356  353  343  329  307  286  268
  254  250  258  281  313  350  378  403  423  440  456  469  480  491  505  521
  545  575  605  632  657  682  706  730  747
    27.5-180.0 180.0   5.0 450.0                            LAT/LON1/LON2/DLON/H
  764  779  788  793  798  799  792  767  733  708  689  665  639  616  589  566
  551  555  569  585  578  562  530  504  502  503  504  510  516  519  519  509
  513  495  482  456  438  408  393  383  380  381  380  367  351  325  301  281
  263  254  255  269  299  332  362  389  412  430  447  464  478  492  508  531
  556  588  617  644  669  697  723  746  764
    25.0-180.0 180.0   5.0 450.0                            LAT/LON1/LON2/DLON/H
  781  802  816  823  829  834  835  820  792  767  749  724  697  669  640  608
  589  589  600  608  596  569  530  514  533  541  546  552  564  568  571  561
  563  540  496  468  448  412  395  388  387  389  389  379  362  337  315  294
  274  258  255  264  287  316  348  378  405  423  440  459  475  491  512  538
  569  598  625  653  678  705  733  758  781
    22.5-180.0 180.0   5.0 450.0                            LAT/LON1/LON2/DLON/H
  794  820  841  853  863  869  876  874  851  823  807  779  753  722  692  652
  624  617  622  623  606  573  534  531  560  568  579  586  579  577  591  588
  592  563  500  465  446  403  381  376  379  378  380  376  362  342  322  300
  280  263  257  262  277  303  334  367  397  420  435  454  474  495  519  551
  584  615  638  664  690  716  742  767  794
    20.0-180.0 180.0   5.0 450.0                            LAT/LON1/LON2/DLON/H
  807  839  864  885  899  910  921  926  910  870  852  831  805  775  736  692
  651  635  630  626  611  580  545  539  544  543  556  542  525  518  529  545
  563  531  488  449  432  376  357  355  357  356  357  357  349  335  318  300
  281  263  259  258  263  281  315  353  386  415  436  457  480  507  535  568
  600  630  657  681  708  733  756  780  807
    17.5-180.0 180.0   5.0 450.0                            LAT/LON1/LON2/DLON/H
  825  859  889  912  930  945  958  969  962  920  890  871  847  815  770  726
  679  652  637  628  615  587  552  540  515  497  493  466  442  423  406  433
  469  437  449  416  402  350  334  325  323  320  321  326  325  315  303  291
  275  262  256  248  247  261  296  338  380  412  440  465  493  524  556  589
  620  652  680  708  736  757  774  797  825
    15.0-180.0 180.0   5.0 450.0                            LAT/LON1/LON2/DLON/H
  843  877  910  933  953  972  986  994  990  959  925  907  882  855  807  763
  711  671  648  633  616  587  553  536  490  460  438  399  362  322  291  320
  325  337  356  345  335  327  311  294  288  283  284  289  293  287  282  276
  267  258  248  237  233  246  282  328  376  415  449  478  508  541  576  612
  643  677  706  737  764  784  801  817  843
    12.5-180.0 180.0   5.0 450.0                            LAT/LON1/LON2/DLON/H
  863  894  921  945  966  986 1001 1008 1003  982  957  939  915  893  849  800
  741  693  661  639  616  585  549  516  458  416  380  332  288  246  213  217
  231  239  263  283  277  284  282  265  257  253  254  255  258  261  262  262
  258  251  237  223  216  228  266  314  368  414  456  492  524  560  597  634
  668  702  732  766  791  811  826  840  863
    10.0-180.0 180.0   5.0 450.0                            LAT/LON1/LON2/DLON/H
  880  903  927  948  969  989 1003 1008 1005  992  981  965  941  923  882  834
  772  719  678  649  621  584  539  488  416  355  310  259  224  199  175  169
  177  194  221  238  234  245  247  237  229  230  229  230  237  245  249  248
  244  239  222  207  197  211  252  303  360  409  456  501  540  579  617  656
  690  724  754  789  813  834  850  863  880
     7.5-180.0 180.0   5.0 450.0                            LAT/LON1/LON2/DLON/H
  898  912  930  950  967  983  993  996  993  987  985  975  959  936  904  854
  799  744  697  660  624  577  520  455  371  294  247  198  180  176  166  164
  175  194  218  235  232  242  232  228  224  220  216  217  226  235  236  232
  224  221  202  188  182  199  239  295  355  408  456  505  550  592  634  672
  709  742  772  804  830  854  870  883  898
     5.0-180.0 180.0   5.0 450.0                            LAT/LON1/LON2/DLON/H
  916  927  938  953  967  977  980  976  970  968  971  968  956  935  901  853
  804  751  704  661  615  559  491  415  329  253  202  170  168  182  189  196
  209  228  253  265  260  252  244  243  236  224  215  211  218  223  223  215
  205  196  182  170  169  189  232  288  349  406  457  505  551  597  640  680
  718  751  782  813  844  873  887  900  916
     2.5-180.0 180.0   5.0 450.0                            LAT/LON1/LON2/DLON/H
  934  947  958  968  979  982  975  960  943  936  938  934  924  906  874  831
  785  736  694  647  593  531  457  377  300  237  190  179  194  225  249  261
  276  298  312  306  296  277  274  270  258  240  220  210  213  213  205  196
  183  172  163  156  160  181  222  278  340  395  445  493  539  588  634  674
  710  744  779  812  849  885  896  914  934
