DORISInput/IGSGIM/2024/IGS0OPSFIN_20241520000_01D_02H_GIM.INX
     1.0            IONOSPHERE MAPS     MIX                 IONEX VERSION / TYPE
cmpcmb v1.2          GRL/UWM            12-jun-24 16:27     PGM / RUN BY / DATE 
ionex file containing IGS COMBINED Ionosphere maps          COMMENT             
global ionosphere maps for day 152, 2024                    DESCRIPTION         
IONEX file containing the COMBINED IGS TEC MAPS and DCBs    DESCRIPTION         
      IONEX files of the following IAACs were combined: cod DESCRIPTION         
                                                        jpl DESCRIPTION         
                                                        upc DESCRIPTION         
Contact address: Andrzej Krankowski                         DESCRIPTION
                 Geodynamics Research Laboratory            DESCRIPTION
                 University of Warmia and Mazury (GRL/UWM)  DESCRIPTION
                 Oczapowski St. 1                           DESCRIPTION
                 10-957-Olsztyn, POLAND                     DESCRIPTION
                 e-mail:  kand@uwm.edu.pl                   DESCRIPTION
                                                            DESCRIPTION         
  2024     5    31     0     0     0                        EPOCH OF FIRST MAP  
  2024     6     1     0     0     0                        EPOCH OF LAST MAP   
  7200                                                      INTERVAL            
    13                                                      # OF MAPS IN FILE   
  COSZ                                                      MAPPING FUNCTION    
     0.0                                                    ELEVATION CUTOFF    
combined TEC calculated as weighted mean of input TEC valuesOBSERVABLES USED    
   334                                                      # OF STATIONS       
    32                                                      # OF SATELLITES     
  6371.0                                                    BASE RADIUS         
     2                                                      MAP DIMENSION       
   450.0 450.0   0.0                                        HGT1 / HGT2 / DHGT  
    87.5 -87.5  -2.5                                        LAT1 / LAT2 / DLAT  
  -180.0 180.0   5.0                                        LON1 / LON2 / DLON  
    -1                                                      EXPONENT            
TEC values in 0.1 tec units;  9999, if no value available   COMMENT             
DCB values in nanoseconds, reference is Sum_of_SatDCBs = 0  COMMENT             
                                                            END OF HEADER       
[from data line 3003]
     8                                                      START OF TEC MAP    
  2024     5    31    14     0     0                        EPOCH OF CURRENT MAP
    87.5-180.0 180.0   5.0 450.0                            LAT/LON1/LON2/DLON/H
  161  161  160  160  159  159  158  158  158  158  158  157  158  158  158  158
  158  158  159  159  159  160  160  161  162  162  163  164  164  165  166  167
  168  168  169  170  171  171  172  172  173  174  175  175  176  176  176  176
  177  176  177  177  176  176  176  176  175  175  174  173  172  171  171  170
  168  167  167  165  165  163  162  161  161
    85.0-180.0 180.0   5.0 450.0                            LAT/LON1/LON2/DLON/H
  160  159  157  156  155  154  153  152  151  151  151  151  151  151  152  153
  154  154  156  157  157  158  159  160  162  163  164  165  165  165  167  168
  170  171  172  174  176  176  178  179  180  181  183  183  185  186  187  188
  188  188  188  189  189  189  188  187  187  185  185  183  181  180  178  176
  173  171  170  167  166  165  163  162  160
    82.5-180.0 180.0   5.0 450.0                            LAT/LON1/LON2/DLON/H
  161  158  156  153  151  149  147  147  146  146  146  146  146  147  147  148
  149  150  151  152  155  157  158  161  164  164  166  167  169  172  173  176
  177  179  180  183  185  186  187  187  189  190  191  192  194  196  197  199
  201  202  202  202  202  202  201  200  198  197  196  194  192  189  188  184
  181  179  176  174  171  168  166  164  161
    80.0-180.0 180.0   5.0 450.0                            LAT/LON1/LON2/DLON/H
  162  159  154  152  150  148  147  146  145  144  144  143  143  144  144  145
  146  147  149  152  155  157  158  164  165  167  170  171  173  175  177  179
  182  184  186  189  192  193  195  196  197  198  200  201  203  205  208  210
  212  214  215  216  216  216  214  213  212  210  207  205  202  200  197  194
  190  188  185  181  178  174  171  166  162
    77.5-180.0 180.0   5.0 450.0                            LAT/LON1/LON2/DLON/H
  165  161  158  156  153  150  148  146  145  144  142  140  139  139  140  141
  142  143  145  149  153  154  158  161  168  173  176  178  181  183  184  185
  188  190  191  193  195  196  197  198  200  203  205  207  210  212  216  219
  222  224  226  228  229  229  228  226  224  222  220  217  213  209  206  203
  200  197  193  189  186  180  176  170  165
    75.0-180.0 180.0   5.0 450.0                            LAT/LON1/LON2/DLON/H
  171  167  165  162  159  154  151  148  146  143  141  139  139  139  138  137
  140  142  144  147  151  156  160  162  169  177  180  185  186  188  192  194
  195  196  198  198  199  200  201  201  203  205  208  212  215  219  223  227
  230  233  235  236  237  237  236  235  233  231  228  224  221  218  214  210
  207  204  200  196  192  186  180  175  171
    72.5-180.0 180.0   5.0 450.0                            LAT/LON1/LON2/DLON/H
  177  174  171  168  162  158  154  151  148  145  143  142  140  138  138  137
  138  139  143  147  152  156  162  167  175  181  187  191  194  197  197  199
  202  202  202  202  202  202  203  204  205  207  210  214  218  223  227  231
  235  238  241  241  242  241  239  237  235  232  229  225  222  219  216  213
  210  206  203  200  195  190  185  181  177
    70.0-180.0 180.0   5.0 450.0                            LAT/LON1/LON2/DLON/H
  181  178  176  173  169  164  160  157  153  149  148  145  142  140  139  139
  140  143  146  149  156  160  167  173  181  187  192  196  199  201  203  205
  207  207  207  207  206  206  206  207  208  209  212  215  219  223  227  232
  235  238  240  241  241  240  237  233  230  227  224  218  215  213  210  208
  205  203  200  198  194  191  187  183  181
    67.5-180.0 180.0   5.0 450.0                            LAT/LON1/LON2/DLON/H
  183  182  181  180  178  174  169  165  161  156  153  150  148  145  145  145
  148  149  153  157  162  167  174  180  185  191  196  198  201  204  206  208
  210  211  211  211  211  210  211  211  211  212  214  217  220  222  226  228
  232  233  234  233  233  231  227  223  218  215  211  206  203  201  199  196
  194  193  192  190  189  187  185  183  183
    65.0-180.0 180.0   5.0 450.0                            LAT/LON1/LON2/DLON/H
  184  186  187  187  185  182  179  174  168  163  160  157  154  153  153  155
  157  159  162  167  172  176  181  186  189  193  196  198  201  203  206  209
  212  214  215  215  216  216  215  215  216  217  218  219  221  223  224  226
  228  227  225  223  220  217  213  209  205  200  197  191  188  185  184  181
  180  179  181  181  181  181  180  182  184
    62.5-180.0 180.0   5.0 450.0                            LAT/LON1/LON2/DLON/H
  184  187  188  189  189  187  185  181  175  171  167  164  163  162  163  166
  168  170  174  178  182  185  187  190  191  192  194  196  199  202  206  209
  213  216  218  219  221  222  221  221  221  222  222  224  225  226  226  226
  225  222  219  214  210  206  201  197  193  188  184  178  175  172  170  167
  167  166  169  170  173  174  176  179  184
    60.0-180.0 180.0   5.0 450.0                            LAT/LON1/LON2/DLON/H
  179  183  185  188  190  190  190  187  183  176  173  171  170  172  175  176
  179  181  185  187  189  191  192  192  192  192  194  196  198  202  206  211
  215  219  222  225  226  227  229  229  229  229  230  231  231  232  231  229
  225  221  216  211  205  200  195  190  187  182  178  173  168  164  160  157
  157  158  161  162  165  169  172  175  179
    57.5-180.0 180.0   5.0 450.0                            LAT/LON1/LON2/DLON/H
  173  177  181  185  188  190  190  189  185  180  177  176  177  180  184  187
  189  190  192  194  194  194  195  194  194  193  195  197  200  204  208  214
  219  223  227  231  234  236  237  238  238  239  240  240  240  241  238  235
  231  225  220  214  207  201  197  193  190  186  182  176  170  163  157  153
  151  152  156  157  162  166  170  170  173
    55.0-180.0 180.0   5.0 450.0                            LAT/LON1/LON2/DLON/H
  171  173  177  181  185  187  188  186  183  180  179  179  182  187  191  194
  195  197  196  196  196  196  196  196  196  197  198  201  204  209  214  219
  225  230  235  239  243  245  248  249  249  251  252  252  252  252  250  244
  240  234  230  225  218  213  208  205  204  200  196  189  181  173  162  155
  152  150  154  157  163  167  169  169  171
    52.5-180.0 180.0   5.0 450.0                            LAT/LON1/LON2/DLON/H
  170  170  171  175  181  183  184  183  182  181  180  182  186  191  196  199
  201  200  198  197  196  197  198  199  200  202  205  207  211  216  221  227
  233  239  245  250  254  257  261  262  263  265  265  265  266  264  261  257
  252  247  243  240  235  232  228  227  225  222  217  210  201  191  178  165
  160  159  161  164  167  170  172  171  170
    50.0-180.0 180.0   5.0 450.0                            LAT/LON1/LON2/DLON/H
  170  167  166  170  175  179  181  182  183  183  183  186  191  196  201  204
  205  203  200  197  197  199  201  204  207  210  213  217  221  226  231  237
  243  251  258  264  268  272  275  278  279  281  280  280  279  277  273  270
  266  264  261  259  256  255  253  252  250  246  241  234  225  214  198  182
  175  173  173  174  176  177  177  173  170
    47.5-180.0 180.0   5.0 450.0                            LAT/LON1/LON2/DLON/H
  171  166  164  165  170  174  178  181  184  187  189  193  198  203  207  210
  210  208  204  201  201  204  209  213  217  221  225  229  234  239  243  250
  257  266  274  280  286  291  293  295  298  299  296  295  292  290  287  284
  282  282  280  281  280  279  278  276  273  267  261  253  243  230  214  201
  193  189  187  186  185  184  180  175  171
    45.0-180.0 180.0   5.0 450.0                            LAT/LON1/LON2/DLON/H
  174  169  165  165  167  171  174  177  185  191  196  201  207  213  217  219
  219  217  213  210  211  215  221  227  232  237  240  244  248  253  257  264
  273  284  294  301  308  312  316  319  319  319  315  311  309  305  301  301
  300  303  306  306  306  304  300  297  291  282  273  265  253  239  228  217
  209  205  202  197  193  189  185  179  174
    42.5-180.0 180.0   5.0 450.0                            LAT/LON1/LON2/DLON/H
  180  175  170  166  166  169  171  174  183  196  203  209  217  223  227  231
  233  232  228  227  228  232  239  246  251  255  257  260  263  266  272  280
  291  304  316  324  332  338  341  344  346  345  341  334  328  323  319  318
  320  324  327  329  329  327  320  313  302  288  277  267  256  243  235  228
  223  219  214  208  201  194  190  185  180
    40.0-180.0 180.0   5.0 450.0                            LAT/LON1/LON2/DLON/H
  189  183  176  170  167  167  168  172  185  197  208  217  226  233  238  245
  249  251  250  251  251  256  262  269  273  274  275  277  279  281  288  298
  310  325  340  350  359  365  368  373  375  373  368  359  354  344  340  340
  342  347  347  351  351  347  338  325  308  291  278  266  255  246  239  235
  232  229  224  215  208  201  196  194  189
    37.5-180.0 180.0   5.0 450.0                            LAT/LON1/LON2/DLON/H
  199  194  184  175  169  166  166  170  183  199  212  224  234  242  251  260
  270  275  278  279  279  284  290  297  299  298  297  295  295  297  304  314
  330  348  366  379  389  396  403  405  408  405  398  388  382  372  366  364
  366  368  369  371  371  366  355  339  319  298  284  272  262  254  246  243
  240  237  231  222  213  206  204  203  199
    35.0-180.0 180.0   5.0 450.0                            LAT/LON1/LON2/DLON/H
  210  204  193  183  173  166  164  168  180  198  215  230  242  253  264  279
  293  306  309  310  311  314  321  329  331  326  321  316  312  312  320  333
  352  374  393  411  423  429  436  442  443  440  431  423  412  400  392  389
  388  390  391  391  391  388  377  360  338  316  302  289  279  269  260  256
  251  247  240  230  220  213  212  213  210
    32.5-180.0 180.0   5.0 450.0                            LAT/LON1/LON2/DLON/H
  222  215  205  193  180  170  165  166  177  197  218  235  247  261  280  302
  322  337  342  343  343  346  354  363  364  358  347  339  332  329  337  354
  377  403  426  444  455  466  472  478  480  477  468  457  444  431  421  417
  415  415  414  415  418  415  407  391  370  350  335  319  306  293  281  273
  267  260  252  242  231  223  223  224  222
    30.0-180.0 180.0   5.0 450.0                            LAT/LON1/LON2/DLON/H
  233  226  216  204  191  179  171  167  176  194  216  236  251  271  293  323
  349  367  373  374  372  374  384  394  394  389  378  366  358  353  361  379
  406  436  460  480  493  504  509  515  516  514  503  489  474  461  452  445
  444  444  442  445  449  449  444  432  412  395  379  361  344  327  310  296
  287  277  269  258  245  238  237  237  233
    27.5-180.0 180.0   5.0 450.0                            LAT/LON1/LON2/DLON/H
  245  238  228  216  205  193  182  176  179  193  214  236  255  279  309  343
  373  392  398  398  393  397  409  419  421  418  408  398  387  383  390  409
  442  474  499  521  533  543  546  552  553  550  540  520  506  494  486  478
  476  475  476  476  483  483  483  475  457  442  426  404  383  363  343  324
  309  297  288  277  263  254  250  249  245
    25.0-180.0 180.0   5.0 450.0                            LAT/LON1/LON2/DLON/H
  253  243  233  226  218  208  197  187  184  194  215  240  261  289  323  360
  392  411  416  412  407  413  427  439  445  446  439  428  419  417  427  449
  482  515  543  567  578  582  587  591  587  582  571  550  536  529  520  512
  508  505  504  507  510  510  516  512  494  484  470  446  422  399  374  350
  328  315  307  295  279  267  261  259  253
    22.5-180.0 180.0   5.0 450.0                            LAT/LON1/LON2/DLON/H
  254  241  233  228  226  221  210  199  192  198  217  245  272  304  340  380
  408  425  425  419  416  425  441  457  469  474  471  462  454  455  471  493
  526  559  587  609  616  618  623  627  624  612  596  573  565  562  551  543
  544  534  530  530  531  529  538  530  513  510  496  475  452  427  398  370
  343  330  322  307  290  277  268  262  254
    20.0-180.0 180.0   5.0 450.0                            LAT/LON1/LON2/DLON/H
  250  235  227  227  230  229  220  210  201  203  220  249  281  318  358  397
  421  434  430  422  423  432  451  473  489  499  502  499  497  502  519  539
  571  602  628  647  652  652  658  659  652  634  611  597  591  589  581  571
  574  568  555  547  540  535  533  517  507  505  491  475  454  429  401  373
  351  337  330  316  301  283  273  263  250
    17.5-180.0 180.0   5.0 450.0                            LAT/LON1/LON2/DLON/H
  247  231  223  225  232  231  225  216  207  208  223  250  286  327  370  408
  433  439  430  424  427  438  459  485  504  520  529  534  538  550  565  584
  613  640  660  675  679  680  683  679  667  647  626  619  616  613  607  599
  601  591  573  550  531  519  502  487  481  473  462  447  432  411  387  365
  349  339  335  321  304  288  276  263  247
    15.0-180.0 180.0   5.0 450.0                            LAT/LON1/LON2/DLON/H
  247  231  224  227  232  231  225  218  211  210  223  248  285  331  378  413
  435  438  430  426  431  446  469  493  517  538  554  567  576  588  601  621
  642  664  679  688  692  697  696  688  670  655  644  638  635  634  630  626
  624  610  584  548  516  490  464  450  443  436  429  419  406  391  372  355
  342  334  331  321  306  291  277  263  247
    12.5-180.0 180.0   5.0 450.0                            LAT/LON1/LON2/DLON/H
  250  236  229  229  230  226  219  214  209  208  219  243  281  326  373  411
  431  435  431  431  440  456  478  502  528  554  576  595  607  616  626  639
  655  671  685  691  694  697  694  686  671  660  655  653  652  650  648  648
  644  624  589  546  504  468  437  420  413  409  405  399  389  374  359  344
  333  328  325  318  305  290  278  265  250
    10.0-180.0 180.0   5.0 450.0                            LAT/LON1/LON2/DLON/H
  255  245  237  231  225  218  212  210  205  204  212  234  269  315  362  404
  428  440  443  446  454  469  488  512  541  569  595  617  629  633  634  643
  653  667  678  683  686  685  679  671  662  660  660  661  660  661  659  661
  655  629  590  543  501  464  437  416  410  407  405  401  389  371  353  339
  328  328  325  319  303  287  278  266  255
     7.5-180.0 180.0   5.0 450.0                            LAT/LON1/LON2/DLON/H
  261  255  247  236  224  213  207  206  202  199  203  220  252  297  347  394
  428  449  458  466  474  486  502  525  552  581  610  632  640  638  632  632
  639  653  662  664  664  660  654  651  650  652  656  660  661  660  660  661
  652  624  588  550  512  482  460  448  441  437  434  428  412  386  360  346
  337  339  338  328  308  290  278  268  261
     5.0-180.0 180.0   5.0 450.0                            LAT/LON1/LON2/DLON/H
  265  262  254  241  226  212  205  204  200  196  196  208  236  279  331  383
  424  453  471  483  493  503  517  538  564  593  620  638  641  633  620  614
  619  630  635  634  632  626  621  621  626  635  642  648  646  645  646  645
  632  612  585  562  541  516  500  497  492  487  481  468  444  409  374  363
  362  357  358  342  320  297  282  272  265
     2.5-180.0 180.0   5.0 450.0                            LAT/LON1/LON2/DLON/H
  268  264  257  243  226  211  203  202  198  193  190  198  222  261  313  368
  416  450  474  493  506  517  530  549  573  601  625  636  633  618  599  589
  589  597  598  599  593  588  585  588  598  608  618  623  620  616  618  615
  603  591  581  572  568  552  545  541  537  532  523  500  466  426  390  380
  383  375  378  361  334  306  285  275  268
