DORISInput/IGSGIM/2024/IGS0OPSFIN_20241460000_01D_02H_GIM.INX
     1.0            IONOSPHERE MAPS     MIX                 IONEX VERSION / TYPE
cmpcmb v1.2          GRL/UWM             5-jun-24 16:49     PGM / RUN BY / DATE 
ionex file containing IGS COMBINED Ionosphere maps          COMMENT             
global ionosphere maps for day 146, 2024                    DESCRIPTION         
IONEX file containing the COMBINED IGS TEC MAPS and DCBs    DESCRIPTION         
      IONEX files of the following IAACs were combined: cod DESCRIPTION         
                                                        jpl DESCRIPTION         
                                                        upc DESCRIPTION         
Contact address: Andrzej Krankowski                         DESCRIPTION
                 Geodynamics Research Laboratory            DESCRIPTION
                 University of Warmia and Mazury (GRL/UWM)  DESCRIPTION
                 Oczapowski St. 1                           DESCRIPTION
                 10-957-Olsztyn, POLAND                     DESCRIPTION
                 e-mail:  kand@uwm.edu.pl                   DESCRIPTION
                                                            DESCRIPTION         
  2024     5    25     0     0     0                        EPOCH OF FIRST MAP  
  2024     5    26     0     0     0                        EPOCH OF LAST MAP   
  7200                                                      INTERVAL            
    13                                                      # OF MAPS IN FILE   
  COSZ                                                      MAPPING FUNCTION    
     0.0                                                    ELEVATION CUTOFF    
combined TEC calculated as weighted mean of input TEC valuesOBSERVABLES USED    
   338                                                      # OF STATIONS       
    32                                                      # OF SATELLITES     
  6371.0                                                    BASE RADIUS         
     2                                                      MAP DIMENSION       
   450.0 450.0   0.0                                        HGT1 / HGT2 / DHGT  
    87.5 -87.5  -2.5                                        LAT1 / LAT2 / DLAT  
  -180.0 180.0   5.0                                        LON1 / LON2 / DLON  
    -1                                                      EXPONENT            
TEC values in 0.1 tec units;  9999, if no value available   COMMENT             
DCB values in nanoseconds, reference is Sum_of_SatDCBs = 0  COMMENT             
                                                            END OF HEADER       
[from data line 3003]
     8                                                      START OF TEC MAP    
  2024     5    25    14     0     0                        EPOCH OF CURRENT MAP
    87.5-180.0 180.0   5.0 450.0                            LAT/LON1/LON2/DLON/H
  199  200  200  200  200  200  200  201  202  203  203  204  205  206  206  207
  209  209  210  211  212  212  213  213  214  215  215  215  215  215  215  215
  215  215  215  215  215  214  214  214  214  214  213  213  213  212  212  212
  212  211  211  211  210  209  209  208  208  207  207  205  205  204  203  202
  201  201  201  200  200  200  200  200  199
    85.0-180.0 180.0   5.0 450.0                            LAT/LON1/LON2/DLON/H
  193  193  192  192  192  192  193  194  196  197  199  201  203  205  208  210
  212  214  216  218  219  221  221  222  223  223  224  224  223  223  223  223
  222  222  222  222  222  221  221  221  221  221  220  221  220  219  219  219
  218  218  218  218  219  218  218  217  217  216  215  214  212  211  210  208
  206  205  203  201  200  198  196  194  193
    82.5-180.0 180.0   5.0 450.0                            LAT/LON1/LON2/DLON/H
  189  187  186  186  186  187  188  191  193  195  199  201  205  208  211  214
  217  220  222  223  225  227  228  230  230  229  230  231  232  231  230  229
  228  228  229  228  228  227  226  227  227  228  229  229  228  229  229  229
  230  230  231  232  234  234  235  234  234  233  233  231  228  226  223  221
  217  214  210  206  202  198  194  192  189
    80.0-180.0 180.0   5.0 450.0                            LAT/LON1/LON2/DLON/H
  189  186  184  183  182  183  183  185  188  191  196  201  205  210  214  218
  221  224  227  229  231  231  231  233  234  232  233  232  233  233  233  233
  233  234  235  235  235  234  233  232  232  232  233  235  235  237  239  241
  243  245  247  250  253  256  257  258  258  257  256  254  251  247  243  238
  233  226  221  214  208  202  197  193  189
    77.5-180.0 180.0   5.0 450.0                            LAT/LON1/LON2/DLON/H
  193  188  185  183  181  181  182  184  187  192  197  202  207  213  217  221
  225  227  230  233  235  237  238  234  234  234  233  234  235  235  234  236
  237  239  238  236  237  237  238  237  237  238  239  241  243  246  249  253
  257  262  266  271  275  279  282  284  284  283  281  277  274  269  264  257
  250  242  235  225  217  209  202  197  193
    75.0-180.0 180.0   5.0 450.0                            LAT/LON1/LON2/DLON/H
  198  193  189  186  185  184  185  187  191  195  199  205  211  215  217  220
  225  227  229  230  234  233  234  231  232  233  231  233  233  231  233  236
  237  239  241  242  243  243  244  244  244  244  246  249  253  257  261  267
  272  278  284  289  294  300  302  305  305  305  302  298  293  287  281  273
  265  255  246  236  226  217  209  203  198
    72.5-180.0 180.0   5.0 450.0                            LAT/LON1/LON2/DLON/H
  204  199  196  193  191  190  191  190  193  197  203  207  210  214  217  220
  221  224  226  228  228  227  228  228  226  228  228  228  230  231  232  234
  239  242  245  247  249  251  252  252  253  254  256  259  263  267  272  278
  283  289  296  301  305  311  314  315  316  315  311  307  302  295  288  280
  271  261  252  241  231  222  215  209  204
    70.0-180.0 180.0   5.0 450.0                            LAT/LON1/LON2/DLON/H
  208  205  202  199  198  198  197  197  198  202  206  208  211  215  217  220
  222  223  224  223  225  224  223  223  222  223  225  226  229  231  233  237
  242  247  252  255  257  258  261  263  263  265  268  269  273  276  280  285
  290  294  299  303  307  310  312  312  312  310  306  301  296  289  281  273
  264  254  246  238  231  224  217  212  208
    67.5-180.0 180.0   5.0 450.0                            LAT/LON1/LON2/DLON/H
  207  206  205  204  205  205  204  204  205  208  209  211  214  217  220  222
  223  224  222  222  221  221  220  220  220  222  224  226  229  233  237  241
  247  253  259  263  266  268  270  272  273  275  276  278  281  283  286  288
  292  294  296  297  298  297  297  297  295  291  287  281  275  267  260  253
  245  238  233  227  222  218  213  210  207
    65.0-180.0 180.0   5.0 450.0                            LAT/LON1/LON2/DLON/H
  203  205  207  208  208  208  209  209  209  211  212  215  218  220  222  225
  227  227  225  222  220  218  217  218  220  222  225  227  231  237  243  247
  254  262  267  271  275  277  278  279  281  283  284  286  288  289  290  290
  290  289  286  283  280  277  274  271  268  263  258  251  243  235  229  223
  218  213  211  209  207  206  205  204  203
    62.5-180.0 180.0   5.0 450.0                            LAT/LON1/LON2/DLON/H
  195  198  202  204  204  204  206  207  208  210  213  216  217  221  225  228
  231  230  228  224  221  218  217  218  219  222  225  231  236  243  249  256
  264  271  276  280  284  285  285  286  288  289  291  293  295  295  294  291
  287  281  274  265  260  255  250  245  240  235  228  220  212  204  197  193
  190  187  188  187  189  190  193  194  195
    60.0-180.0 180.0   5.0 450.0                            LAT/LON1/LON2/DLON/H
  183  187  191  194  195  197  199  201  204  206  209  211  215  220  226  232
  235  235  232  228  224  219  216  216  218  223  227  234  240  249  257  266
  274  281  286  290  292  292  292  293  294  297  299  300  301  300  297  292
  284  275  265  255  247  240  233  226  220  214  207  198  189  181  174  170
  168  167  170  169  172  174  179  180  183
    57.5-180.0 180.0   5.0 450.0                            LAT/LON1/LON2/DLON/H
  170  174  177  180  183  187  191  195  198  200  203  205  209  217  225  233
  239  241  239  234  227  220  217  216  218  222  228  236  244  254  266  276
  285  293  298  301  302  302  301  301  302  303  306  308  307  305  301  295
  285  274  263  254  245  235  227  218  212  206  199  191  181  173  165  161
  159  158  161  161  163  165  167  169  170
    55.0-180.0 180.0   5.0 450.0                            LAT/LON1/LON2/DLON/H
  162  163  166  170  173  178  182  187  191  194  197  199  205  214  225  236
  244  249  249  242  234  225  220  218  218  221  227  237  247  259  274  287
  297  305  311  313  314  313  312  311  312  312  315  316  314  313  309  301
  290  277  265  257  251  241  233  224  219  213  207  199  191  182  173  168
  166  163  165  163  163  163  162  162  162
    52.5-180.0 180.0   5.0 450.0                            LAT/LON1/LON2/DLON/H
  158  158  160  163  167  171  175  180  184  190  194  197  203  212  225  238
  251  258  259  254  245  235  227  222  220  222  228  240  251  265  283  298
  310  319  325  328  328  328  327  325  324  325  326  326  324  322  317  308
  297  285  273  265  260  253  246  240  236  232  227  221  213  205  196  189
  185  181  180  178  175  171  166  162  158
    50.0-180.0 180.0   5.0 450.0                            LAT/LON1/LON2/DLON/H
  162  159  158  161  163  167  171  176  183  189  193  196  202  211  224  242
  256  267  271  268  260  248  238  232  227  228  234  246  258  273  293  309
  322  333  340  345  345  346  344  343  342  342  340  337  334  330  325  319
  308  297  285  277  271  265  259  255  253  250  247  244  239  233  225  217
  210  205  203  198  193  185  176  168  162
    47.5-180.0 180.0   5.0 450.0                            LAT/LON1/LON2/DLON/H
  172  166  162  162  163  167  172  177  185  193  196  198  202  212  227  245
  262  277  283  283  277  266  257  248  242  241  246  257  271  286  303  319
  335  348  356  362  365  368  368  365  364  362  357  351  346  341  335  328
  319  310  299  289  282  275  269  266  263  262  261  261  259  255  249  242
  232  226  224  218  213  203  191  180  172
    45.0-180.0 180.0   5.0 450.0                            LAT/LON1/LON2/DLON/H
  184  176  170  168  167  170  175  180  188  199  204  205  207  215  229  248
  268  284  293  296  293  286  279  271  263  262  265  275  287  301  315  330
  347  363  375  383  389  393  394  392  390  385  377  367  360  352  344  338
  329  320  309  298  290  282  274  270  264  262  262  262  264  265  263  258
  250  244  241  236  231  219  208  195  184
    42.5-180.0 180.0   5.0 450.0                            LAT/LON1/LON2/DLON/H
  198  188  180  175  172  173  179  184  192  204  214  215  215  221  234  253
  273  290  300  306  308  306  303  297  291  288  288  297  306  317  330  343
  359  379  396  408  416  422  427  426  423  415  400  388  377  367  358  350
  339  329  316  304  293  284  274  266  257  252  250  252  256  262  263  262
  259  255  254  249  244  233  221  208  198
    40.0-180.0 180.0   5.0 450.0                            LAT/LON1/LON2/DLON/H
  209  199  190  182  177  176  179  185  196  211  221  225  225  230  243  259
  277  293  305  314  320  324  326  324  319  315  315  323  329  336  348  361
  377  399  420  435  448  456  459  461  459  448  433  414  401  386  375  364
  351  339  323  310  298  286  273  262  250  241  238  239  245  253  258  261
  261  259  258  255  250  241  230  220  209
    37.5-180.0 180.0   5.0 450.0                            LAT/LON1/LON2/DLON/H
  219  209  198  189  180  175  177  184  197  215  228  234  237  242  252  268
  285  300  311  321  332  340  346  350  348  343  342  348  354  359  369  381
  401  426  449  466  481  492  497  501  498  487  469  450  434  414  400  384
  368  355  337  321  309  296  283  270  256  243  237  237  243  252  259  264
  265  264  264  260  255  246  237  228  219
    35.0-180.0 180.0   5.0 450.0                            LAT/LON1/LON2/DLON/H
  229  218  206  194  183  174  173  180  196  215  232  243  249  255  267  283
  298  311  320  331  342  354  365  373  374  369  368  375  378  382  394  407
  429  457  481  501  518  531  541  543  541  530  511  492  474  454  432  415
  398  381  362  345  335  324  312  299  284  269  259  255  259  267  274  279
  281  280  277  271  264  254  245  237  229
    32.5-180.0 180.0   5.0 450.0                            LAT/LON1/LON2/DLON/H
  241  229  215  201  186  175  169  174  190  212  232  249  258  269  284  301
  316  328  335  344  354  368  381  393  395  394  392  400  402  408  421  439
  462  491  517  539  559  570  582  588  587  577  560  543  521  497  475  462
  438  421  402  388  380  373  364  352  337  320  308  301  299  305  309  311
  311  307  302  294  281  270  260  251  241
    30.0-180.0 180.0   5.0 450.0                            LAT/LON1/LON2/DLON/H
  258  243  227  210  194  180  169  169  182  203  227  250  266  282  302  323
  338  348  353  360  370  382  395  409  413  413  415  425  429  436  452  475
  500  531  556  581  600  618  627  635  631  626  613  598  570  546  533  516
  491  479  463  451  448  441  436  424  408  391  379  370  363  364  365  362
  355  348  339  328  310  294  280  270  258
    27.5-180.0 180.0   5.0 450.0                            LAT/LON1/LON2/DLON/H
  278  259  243  223  205  189  176  170  177  196  222  249  271  293  319  343
  360  370  375  380  388  399  409  423  426  430  439  451  460  471  488  513
  542  573  598  623  647  665  672  680  678  674  666  654  620  596  590  572
  548  546  534  524  524  516  510  501  486  470  460  450  439  437  430  421
  410  401  390  373  354  328  309  295  278
    25.0-180.0 180.0   5.0 450.0                            LAT/LON1/LON2/DLON/H
  299  278  256  237  217  201  188  177  178  193  218  248  275  303  332  359
  378  390  394  400  407  415  425  436  439  447  462  476  490  507  526  551
  583  616  645  668  691  708  715  723  720  709  707  699  663  642  636  621
  605  610  606  596  594  583  577  568  556  543  537  526  514  506  492  478
  463  461  448  421  398  367  341  320  299
    22.5-180.0 180.0   5.0 450.0                            LAT/LON1/LON2/DLON/H
  315  290  269  250  231  215  199  187  182  193  216  246  276  309  342  371
  392  404  411  417  423  430  440  448  454  468  486  504  521  540  564  591
  624  656  686  716  729  743  752  758  752  734  729  717  691  681  673  668
  662  665  663  651  648  628  619  607  594  588  582  570  558  545  529  511
  493  492  481  459  431  399  370  343  315
    20.0-180.0 180.0   5.0 450.0                            LAT/LON1/LON2/DLON/H
  325  297  276  257  240  226  209  194  187  193  215  245  277  313  348  378
  401  414  421  428  434  442  453  462  473  494  516  539  558  577  603  630
  663  695  723  750  765  775  779  783  771  750  740  724  712  712  712  715
  718  707  700  687  659  628  608  592  581  579  573  560  548  537  522  502
  484  481  472  464  437  411  386  355  325
    17.5-180.0 180.0   5.0 450.0                            LAT/LON1/LON2/DLON/H
  327  298  275  257  243  229  216  199  189  192  213  243  276  315  350  380
  403  416  424  434  443  454  465  477  495  521  550  576  601  618  640  667
  698  725  749  771  784  791  791  796  781  757  743  730  729  739  746  747
  748  736  710  673  622  578  546  528  526  526  521  516  505  496  484  464
  445  436  429  432  418  398  379  353  327
    15.0-180.0 180.0   5.0 450.0                            LAT/LON1/LON2/DLON/H
  316  288  268  253  239  228  215  199  189  191  210  239  273  312  347  378
  399  413  423  433  447  463  478  495  519  549  580  610  632  651  670  695
  721  744  764  782  796  801  799  801  786  764  750  738  741  752  758  763
  754  729  685  625  560  509  468  450  451  455  456  459  453  446  436  420
  399  384  376  378  376  365  355  338  316
    12.5-180.0 180.0   5.0 450.0                            LAT/LON1/LON2/DLON/H
  298  275  260  245  233  221  208  195  187  189  206  235  269  304  338  370
  392  406  417  430  447  469  488  512  540  574  608  636  657  672  686  710
  736  756  774  791  804  809  807  804  792  777  762  748  748  754  756  758
  740  703  646  574  505  451  408  390  390  398  407  415  416  407  397  379
  359  338  326  321  326  325  325  318  298
    10.0-180.0 180.0   5.0 450.0                            LAT/LON1/LON2/DLON/H
  283  264  250  236  222  211  198  187  181  185  201  226  259  293  327  360
  383  399  413  429  449  474  497  526  558  595  629  657  676  686  697  717
  742  763  783  798  807  813  814  812  800  786  766  750  748  750  750  743
  723  681  619  546  479  428  390  373  372  383  396  403  405  401  384  361
  333  305  287  281  287  291  297  297  283
     7.5-180.0 180.0   5.0 450.0                            LAT/LON1/LON2/DLON/H
  268  256  243  224  209  199  188  178  175  178  191  215  246  281  318  352
  379  398  414  432  455  481  507  539  574  611  646  675  689  696  704  720
  745  770  790  803  809  813  817  819  810  790  765  750  747  746  743  735
  715  672  614  549  493  453  423  409  409  422  430  433  434  428  408  380
  343  304  279  270  272  274  277  277  268
     5.0-180.0 180.0   5.0 450.0                            LAT/LON1/LON2/DLON/H
  261  253  239  214  197  188  180  172  169  172  182  201  232  270  310  349
  379  402  420  439  462  490  518  553  589  625  660  686  697  701  706  720
  745  772  793  803  808  809  814  817  810  790  768  753  746  745  741  734
  716  676  626  580  542  515  491  484  489  495  499  500  493  488  460  426
  380  332  301  288  283  278  274  268  261
     2.5-180.0 180.0   5.0 450.0                            LAT/LON1/LON2/DLON/H
  264  252  235  210  189  179  172  166  161  164  171  188  218  258  303  346
  381  409  428  448  474  502  532  568  603  638  670  692  700  702  704  716
  740  764  780  791  796  796  800  804  801  788  772  756  748  749  742  735
  718  686  650  622  608  591  576  580  578  577  580  575  568  558  528  482
  439  383  350  327  311  300  289  275  264
