DORISInput/IGSGIM/2024/IGS0OPSFIN_20241300000_01D_02H_GIM.INX
     1.0            IONOSPHERE MAPS     MIX                 IONEX VERSION / TYPE
cmpcmb v1.2          GRL/UWM            28-may-24 16:20     PGM / RUN BY / DATE 
ionex file containing IGS COMBINED Ionosphere maps          COMMENT             
global ionosphere maps for day 130, 2024                    DESCRIPTION         
IONEX file containing the COMBINED IGS TEC MAPS and DCBs    DESCRIPTION         
      IONEX files of the following IAACs were combined: cod DESCRIPTION         
                                                        jpl DESCRIPTION         
                                                        upc DESCRIPTION         
Contact address: Andrzej Krankowski                         DESCRIPTION
                 Geodynamics Research Laboratory            DESCRIPTION
                 University of Warmia and Mazury (GRL/UWM)  DESCRIPTION
                 Oczapowski St. 1                           DESCRIPTION
                 10-957-Olsztyn, POLAND                     DESCRIPTION
                 e-mail:  kand@uwm.edu.pl                   DESCRIPTION
                                                            DESCRIPTION         
  2024     5     9     0     0     0                        EPOCH OF FIRST MAP  
  2024     5    10     0     0     0                        EPOCH OF LAST MAP   
  7200                                                      INTERVAL            
    13                                                      # OF MAPS IN FILE   
  COSZ                                                      MAPPING FUNCTION    
     0.0                                                    ELEVATION CUTOFF    
combined TEC calculated as weighted mean of input TEC valuesOBSERVABLES USED    
   337                                                      # OF STATIONS       
    32                                                      # OF SATELLITES     
  6371.0                                                    BASE RADIUS         
     2                                                      MAP DIMENSION       
   450.0 450.0   0.0                                        HGT1 / HGT2 / DHGT  
    87.5 -87.5  -2.5                                        LAT1 / LAT2 / DLAT  
  -180.0 180.0   5.0                                        LON1 / LON2 / DLON  
    -1                                                      EXPONENT            
TEC values in 0.1 tec units;  9999, if no value available   COMMENT             
DCB values in nanoseconds, reference is Sum_of_SatDCBs = 0  COMMENT             
                                                            END OF HEADER       
[from data line 1716]
     5                                                      START OF TEC MAP    
  2024     5     9     8     0     0                        EPOCH OF CURRENT MAP
    87.5-180.0 180.0   5.0 450.0                            LAT/LON1/LON2/DLON/H
  265  265  265  265  265  265  265  266  266  266  267  268  268  269  269  269
  270  270  270  270  270  270  270  270  270  270  271  271  271  271  272  271
  272  272  273  273  273  273  273  274  274  276  275  275  275  276  276  275
  275  275  275  275  274  273  273  273  273  274  273  272  273  272  272  271
  270  270  269  268  268  267  266  265  265
    85.0-180.0 180.0   5.0 450.0                            LAT/LON1/LON2/DLON/H
  257  257  256  256  257  257  257  259  259  260  262  263  265  266  267  269
  271  271  273  274  273  273  273  274  273  272  271  270  270  269  269  269
  269  270  270  271  272  272  273  275  275  277  278  280  281  283  284  286
  287  287  286  286  286  285  284  283  281  281  279  277  276  274  272  270
  269  266  264  262  262  260  259  258  257
    82.5-180.0 180.0   5.0 450.0                            LAT/LON1/LON2/DLON/H
  250  248  248  247  247  247  248  248  250  252  254  257  260  262  265  268
  270  272  274  275  276  276  276  274  272  271  269  267  265  264  262  261
  261  261  262  264  265  269  272  276  279  282  285  288  291  294  297  298
  300  302  302  301  301  299  297  294  292  289  286  283  280  278  275  273
  271  268  265  262  259  257  254  252  250
    80.0-180.0 180.0   5.0 450.0                            LAT/LON1/LON2/DLON/H
  246  244  241  239  238  237  236  237  238  239  243  247  251  257  262  266
  270  274  275  277  276  274  275  272  268  264  260  257  254  251  249  248
  249  249  252  255  259  265  270  275  280  286  292  297  302  306  311  314
  317  319  319  318  317  315  312  309  305  301  296  292  288  286  284  282
  278  275  270  266  261  257  253  250  246
    77.5-180.0 180.0   5.0 450.0                            LAT/LON1/LON2/DLON/H
  246  240  237  231  228  226  226  227  228  232  235  240  245  252  258  264
  269  273  276  277  277  274  269  263  256  251  247  243  239  235  234  233
  235  238  242  248  254  260  268  277  284  291  298  306  312  319  324  328
  331  334  335  334  332  329  326  322  318  314  309  305  302  299  296  293
  290  286  281  275  269  263  257  252  246
    75.0-180.0 180.0   5.0 450.0                            LAT/LON1/LON2/DLON/H
  250  242  234  227  222  221  220  219  219  221  224  230  235  243  249  255
  261  266  268  269  269  266  261  255  247  240  232  226  225  222  221  223
  226  231  237  245  252  261  270  277  287  295  304  314  321  329  335  340
  343  346  347  347  345  343  339  336  331  327  323  319  316  313  309  307
  304  300  295  288  281  273  267  259  250
    72.5-180.0 180.0   5.0 450.0                            LAT/LON1/LON2/DLON/H
  258  249  240  230  224  218  215  210  209  211  215  220  224  229  237  243
  247  252  256  257  256  253  248  240  234  226  218  213  210  212  214  217
  223  230  237  246  254  263  272  283  292  301  310  319  328  336  343  349
  353  355  357  356  355  353  350  347  343  339  335  331  328  324  320  318
  315  311  307  301  293  285  277  267  258
    70.0-180.0 180.0   5.0 450.0                            LAT/LON1/LON2/DLON/H
  266  258  247  238  230  222  213  208  206  207  208  210  212  218  223  228
  233  236  239  240  238  236  230  223  217  212  205  203  203  207  212  219
  225  234  242  251  259  268  276  286  295  304  314  323  332  340  347  352
  358  360  362  362  361  360  357  355  351  347  344  340  336  332  328  325
  322  319  313  307  300  292  284  275  266
    67.5-180.0 180.0   5.0 450.0                            LAT/LON1/LON2/DLON/H
  271  263  254  246  237  225  216  211  206  203  202  201  201  205  210  214
  217  219  220  221  221  216  214  208  203  200  199  198  202  208  215  224
  233  242  251  259  265  273  280  286  295  304  314  323  333  341  348  354
  359  362  364  365  364  363  361  359  357  353  349  345  340  336  331  327
  324  319  314  307  301  294  287  279  271
    65.0-180.0 180.0   5.0 450.0                            LAT/LON1/LON2/DLON/H
  271  263  254  247  239  227  219  211  204  200  195  193  191  192  196  198
  198  201  201  203  201  200  198  194  193  193  196  201  208  215  223  232
  242  250  258  265  270  276  281  286  294  303  313  324  334  342  350  355
  360  363  367  367  366  366  365  363  360  356  352  346  342  337  331  326
  320  316  310  305  297  292  286  279  271
    62.5-180.0 180.0   5.0 450.0                            LAT/LON1/LON2/DLON/H
  267  260  253  245  237  227  220  209  201  196  190  186  183  181  181  182
  181  183  183  184  184  183  183  183  185  189  195  204  215  224  233  242
  251  257  263  268  272  277  282  288  296  306  316  328  338  346  354  359
  364  367  370  369  369  369  368  367  363  358  353  346  341  334  328  323
  317  310  305  297  292  286  281  273  267
    60.0-180.0 180.0   5.0 450.0                            LAT/LON1/LON2/DLON/H
  262  257  251  245  236  227  217  206  198  191  185  179  176  171  168  167
  166  167  167  167  168  168  169  172  178  187  198  210  223  233  242  250
  256  262  266  271  276  281  287  294  303  313  325  336  346  356  364  368
  372  375  378  378  376  375  372  370  366  360  354  346  340  333  326  318
  312  305  299  291  285  279  273  268  262
    57.5-180.0 180.0   5.0 450.0                            LAT/LON1/LON2/DLON/H
  262  257  254  247  238  227  214  203  193  184  179  173  170  162  157  156
  154  153  153  155  155  157  160  166  175  188  203  217  228  239  246  253
  259  264  270  277  282  289  297  307  317  328  341  352  362  372  380  385
  389  391  393  392  388  385  381  377  371  364  357  349  343  334  327  318
  310  303  294  288  280  274  270  265  262
    55.0-180.0 180.0   5.0 450.0                            LAT/LON1/LON2/DLON/H
  267  264  262  258  247  233  216  200  187  178  172  166  164  158  153  150
  147  145  145  146  148  152  157  165  176  190  206  220  231  240  249  257
  262  268  275  284  294  303  315  328  338  352  365  376  385  395  402  407
  412  413  411  410  404  399  393  387  379  373  366  359  351  341  331  323
  313  306  297  288  282  275  272  270  267
    52.5-180.0 180.0   5.0 450.0                            LAT/LON1/LON2/DLON/H
  282  280  279  275  265  248  228  205  187  176  168  163  163  157  154  150
  147  145  145  147  149  153  159  168  180  193  210  225  236  246  254  261
  267  275  285  296  308  323  339  354  369  381  394  404  412  420  426  433
  436  437  436  431  424  418  408  401  392  386  379  373  365  353  342  333
  323  313  306  297  289  285  282  281  282
    50.0-180.0 180.0   5.0 450.0                            LAT/LON1/LON2/DLON/H
  300  301  301  297  288  269  244  217  194  177  166  161  161  158  156  153
  151  150  150  154  157  161  167  175  185  200  217  232  246  254  262  270
  277  287  300  312  329  347  365  380  398  413  425  436  443  450  455  460
  462  464  462  458  450  440  428  418  408  401  395  388  381  370  358  347
  336  326  319  312  306  301  298  299  300
    47.5-180.0 180.0   5.0 450.0                            LAT/LON1/LON2/DLON/H
  320  322  322  320  311  293  268  236  206  186  171  164  163  162  161  160
  158  159  161  165  171  175  178  186  195  209  225  243  257  267  275  283
  293  304  318  333  350  370  389  410  426  443  456  464  474  481  486  490
  491  492  491  485  476  464  450  437  425  418  411  405  398  389  376  363
  352  343  336  331  328  322  318  318  320
    45.0-180.0 180.0   5.0 450.0                            LAT/LON1/LON2/DLON/H
  336  337  337  336  328  313  288  255  224  200  182  172  170  169  168  168
  168  170  174  181  185  190  193  198  206  219  235  255  271  281  293  303
  312  323  337  352  370  389  410  431  450  467  480  491  503  511  516  522
  524  525  521  515  505  492  475  459  444  436  429  423  414  406  395  383
  373  363  359  354  350  346  340  336  336
    42.5-180.0 180.0   5.0 450.0                            LAT/LON1/LON2/DLON/H
  344  341  340  340  335  323  302  273  242  215  194  183  179  179  178  179
  179  182  188  195  200  204  206  210  216  228  244  264  285  300  311  323
  331  341  353  366  383  401  423  445  466  485  502  515  529  538  546  554
  561  563  557  550  537  520  502  484  465  456  449  442  434  425  415  404
  394  386  383  378  372  365  359  350  344
    40.0-180.0 180.0   5.0 450.0                            LAT/LON1/LON2/DLON/H
  344  333  328  326  324  317  303  281  254  228  206  194  190  190  190  190
  191  195  201  208  214  219  219  221  226  236  254  277  297  314  328  340
  349  354  362  374  389  408  431  454  477  499  519  535  551  564  576  588
  596  602  596  589  574  554  533  513  492  480  471  463  456  448  438  428
  418  410  408  402  395  385  375  359  344
    37.5-180.0 180.0   5.0 450.0                            LAT/LON1/LON2/DLON/H
  341  319  305  298  296  297  291  277  258  236  219  207  204  203  202  203
  204  208  214  220  228  233  232  231  234  244  265  288  307  324  339  350
  356  358  363  373  390  411  435  459  485  507  530  551  571  589  605  624
  632  638  636  629  619  597  573  550  528  512  499  490  482  475  464  455
  446  442  438  428  421  405  387  365  341
    35.0-180.0 180.0   5.0 450.0                            LAT/LON1/LON2/DLON/H
  336  306  280  266  263  267  270  266  255  240  228  221  219  219  219  218
  216  220  226  232  240  246  244  242  244  252  272  294  312  327  344  352
  354  354  357  368  385  409  435  462  490  516  541  566  588  611  632  651
  668  677  677  673  665  648  623  599  574  554  535  521  511  503  495  488
  482  480  475  465  454  431  406  375  336
    32.5-180.0 180.0   5.0 450.0                            LAT/LON1/LON2/DLON/H
  352  304  269  245  237  241  248  251  248  242  234  232  233  237  237  234
  229  231  235  242  250  256  254  253  254  260  276  296  313  327  339  346
  346  345  347  360  383  411  439  467  497  524  552  578  603  627  654  680
  702  718  724  722  720  706  687  660  633  603  577  558  547  538  529  529
  526  526  521  511  495  467  437  400  352
    30.0-180.0 180.0   5.0 450.0                            LAT/LON1/LON2/DLON/H
  390  335  290  253  233  230  235  241  244  242  241  242  246  253  254  251
  243  241  243  251  260  266  266  263  263  269  280  295  311  323  330  335
  333  333  339  356  384  414  445  475  505  532  559  585  611  643  676  707
  736  761  776  784  786  776  761  729  694  657  626  601  588  579  574  578
  581  583  577  570  545  516  484  444  390
    27.5-180.0 180.0   5.0 450.0                            LAT/LON1/LON2/DLON/H
  456  401  350  301  268  252  245  248  249  250  251  255  263  271  271  266
  255  250  250  259  267  274  274  274  272  277  284  291  301  309  315  319
  319  321  333  357  387  421  452  482  508  535  563  588  615  651  692  731
  774  807  831  849  857  851  840  801  758  713  677  651  635  627  624  635
  641  646  643  637  605  575  549  508  456
    25.0-180.0 180.0   5.0 450.0                            LAT/LON1/LON2/DLON/H
  547  502  455  395  346  313  294  279  270  269  270  277  285  295  291  282
  269  261  259  268  275  280  280  281  280  284  283  279  281  290  297  304
  307  314  334  363  395  430  462  489  516  541  568  590  616  656  702  751
  808  848  881  905  918  924  904  865  822  768  731  704  686  678  678  689
  705  710  710  704  670  642  612  583  547
    22.5-180.0 180.0   5.0 450.0                            LAT/LON1/LON2/DLON/H
  645  626  598  530  463  411  372  338  314  303  302  306  313  321  316  301
  285  275  271  277  281  284  286  287  285  281  272  261  262  269  280  291
  301  317  342  375  409  443  475  502  527  548  573  594  620  660  708  761
  823  875  908  935  951  951  938  910  864  815  780  756  738  730  730  740
  761  769  776  759  725  693  666  654  645
    20.0-180.0 180.0   5.0 450.0                            LAT/LON1/LON2/DLON/H
  716  740  730  678  599  524  476  419  378  353  346  345  348  349  341  322
  303  291  282  283  284  286  291  291  282  270  256  242  241  249  262  280
  301  326  357  391  429  463  495  524  543  557  577  598  623  663  712  771
  830  878  906  932  945  946  940  920  887  850  824  807  793  784  782  795
  809  816  812  793  756  717  692  691  716
    17.5-180.0 180.0   5.0 450.0                            LAT/LON1/LON2/DLON/H
  735  797  831  809  735  646  575  519  463  423  400  393  390  382  363  341
  319  303  293  287  284  286  289  286  274  258  240  223  219  227  246  272
  302  335  372  410  452  488  520  547  564  570  583  602  631  669  719  773
  820  856  880  899  911  917  919  913  896  876  864  855  845  837  834  844
  847  846  830  803  759  714  685  690  735
    15.0-180.0 180.0   5.0 450.0                            LAT/LON1/LON2/DLON/H
  695  781  844  852  815  740  665  606  547  493  460  442  430  411  383  353
  333  316  303  291  282  279  278  273  261  243  222  201  193  204  231  263
  299  341  382  423  468  508  542  567  584  592  600  619  649  681  722  763
  795  823  841  854  864  878  889  894  896  895  896  895  888  883  880  884
  875  860  836  802  750  687  649  646  695
    12.5-180.0 180.0   5.0 450.0                            LAT/LON1/LON2/DLON/H
  608  689  763  800  808  777  718  665  617  558  515  488  471  438  402  365
  344  328  310  292  277  268  265  258  245  225  200  175  167  184  216  255
  297  345  390  436  482  523  560  588  608  618  629  647  672  698  727  749
  768  787  800  810  819  839  860  877  894  907  916  921  918  912  907  902
  887  864  833  791  725  649  592  570  608
    10.0-180.0 180.0   5.0 450.0                            LAT/LON1/LON2/DLON/H
  506  563  628  684  721  737  717  691  659  604  555  520  499  458  413  375
  352  333  313  288  269  256  250  240  228  204  177  154  147  167  201  245
  295  345  395  443  489  533  572  604  631  642  659  676  696  718  735  743
  749  763  771  780  789  813  842  873  899  919  929  933  931  923  914  900
  880  853  820  772  701  607  532  490  506
     7.5-180.0 180.0   5.0 450.0                            LAT/LON1/LON2/DLON/H
  413  437  488  558  607  650  669  675  659  612  568  532  509  467  421  383
  358  335  314  285  259  243  232  221  207  184  158  137  132  152  188  237
  292  345  397  446  495  535  573  609  641  660  681  699  717  735  744  746
  748  757  766  777  792  817  854  891  920  938  941  936  930  921  908  888
  863  834  801  752  681  580  489  430  413
     5.0-180.0 180.0   5.0 450.0                            LAT/LON1/LON2/DLON/H
  368  359  379  435  488  546  592  624  612  588  559  529  508  464  419  385
  359  335  311  280  250  226  212  201  187  167  142  124  122  141  181  232
  288  342  394  443  486  526  565  603  641  668  692  710  730  745  752  756
  763  773  788  803  821  849  890  928  954  963  953  937  921  911  897  875
  846  813  782  738  670  572  474  406  368
     2.5-180.0 180.0   5.0 450.0                            LAT/LON1/LON2/DLON/H
  386  351  336  359  401  461  521  552  551  544  527  506  487  450  406  374
  352  331  305  270  237  209  193  182  170  153  132  117  116  135  174  224
  279  333  383  430  469  507  546  587  626  659  685  709  730  746  762  774
  789  807  828  850  872  900  941  971  984  981  957  929  908  897  888  866
  833  795  762  727  670  586  497  432  386
