DORISInput/IGSGIM/2024/IGS0OPSFIN_20241500000_01D_02H_GIM.INX
     1.0            IONOSPHERE MAPS     MIX                 IONEX VERSION / TYPE
cmpcmb v1.2          GRL/UWM            12-jun-24 16:17     PGM / RUN BY / DATE 
ionex file containing IGS COMBINED Ionosphere maps          COMMENT             
global ionosphere maps for day 150, 2024                    DESCRIPTION         
IONEX file containing the COMBINED IGS TEC MAPS and DCBs    DESCRIPTION         
      IONEX files of the following IAACs were combined: cod DESCRIPTION         
                                                        jpl DESCRIPTION         
                                                        upc DESCRIPTION         
Contact address: Andrzej Krankowski                         DESCRIPTION
                 Geodynamics Research Laboratory            DESCRIPTION
                 University of Warmia and Mazury (GRL/UWM)  DESCRIPTION
                 Oczapowski St. 1                           DESCRIPTION
                 10-957-Olsztyn, POLAND                     DESCRIPTION
                 e-mail:  kand@uwm.edu.pl                   DESCRIPTION
                                                            DESCRIPTION         
  2024     5    29     0     0     0                        EPOCH OF FIRST MAP  
  2024     5    30     0     0     0                        EPOCH OF LAST MAP   
  7200                                                      INTERVAL            
    13                                                      # OF MAPS IN FILE   
  COSZ                                                      MAPPING FUNCTION    
     0.0                                                    ELEVATION CUTOFF    
combined TEC calculated as weighted mean of input TEC valuesOBSERVABLES USED    
   335                                                      # OF STATIONS       
    32                                                      # OF SATELLITES     
  6371.0                                                    BASE RADIUS         
     2                                                      MAP DIMENSION       
   450.0 450.0   0.0                                        HGT1 / HGT2 / DHGT  
    87.5 -87.5  -2.5                                        LAT1 / LAT2 / DLAT  
  -180.0 180.0   5.0                                        LON1 / LON2 / DLON  
    -1                                                      EXPONENT            
TEC values in 0.1 tec units;  9999, if no value available   COMMENT             
DCB values in nanoseconds, reference is Sum_of_SatDCBs = 0  COMMENT             
                                                            END OF HEADER       
     1                                                      START OF TEC MAP    
  2024     5    29     0     0     0                        EPOCH OF CURRENT MAP
    87.5-180.0 180.0   5.0 450.0                            LAT/LON1/LON2/DLON/H
  252  252  252  251  251  250  250  250  249  249  249  249  248  248  247  247
  246  246  246  246  246  245  245  245  245  245  245  244  244  244  244  244
  244  244  245  245  246  246  246  247  248  248  249  249  251  252  251  252
  252  252  253  254  254  254  254  255  255  255  256  256  255  256  255  255
  255  255  254  254  254  254  253  253  252
    85.0-180.0 180.0   5.0 450.0                            LAT/LON1/LON2/DLON/H
  253  253  252  251  250  250  250  249  249  250  250  250  250  250  250  250
  250  249  248  247  246  244  243  243  242  240  240  239  239  238  238  237
  237  237  238  238  239  239  241  242  243  245  246  247  250  252  254  256
  257  258  258  259  260  260  260  261  261  261  262  262  262  262  262  261
  261  260  260  259  258  257  256  255  253
    82.5-180.0 180.0   5.0 450.0                            LAT/LON1/LON2/DLON/H
  255  256  252  252  251  251  250  251  252  252  254  254  254  254  253  252
  252  251  251  249  248  246  243  240  239  237  235  234  233  232  231  230
  231  231  232  233  234  235  237  240  242  245  247  248  250  252  253  256
  259  261  263  264  265  266  266  266  266  267  267  267  267  267  266  266
  265  264  263  261  259  258  257  255  255
    80.0-180.0 180.0   5.0 450.0                            LAT/LON1/LON2/DLON/H
  259  256  253  251  250  250  252  252  254  255  256  256  256  256  257  257
  257  255  253  252  251  251  246  242  240  237  235  234  232  231  231  230
  230  230  231  232  234  234  236  238  241  244  247  249  252  253  255  256
  258  261  263  265  267  268  269  270  270  270  270  271  271  271  270  269
  268  267  264  263  262  262  261  261  259
    77.5-180.0 180.0   5.0 450.0                            LAT/LON1/LON2/DLON/H
  256  254  251  251  250  251  253  253  254  254  255  259  261  262  263  262
  262  260  259  258  257  254  252  251  248  244  241  238  236  235  235  234
  234  234  234  237  238  241  244  245  245  247  250  252  253  255  255  256
  258  260  261  264  266  268  269  271  271  272  273  273  273  273  273  272
  271  269  267  266  266  265  263  259  256
    75.0-180.0 180.0   5.0 450.0                            LAT/LON1/LON2/DLON/H
  253  251  249  249  249  250  252  254  256  258  262  265  267  268  268  271
  270  270  273  272  269  266  263  261  256  254  250  245  242  241  241  239
  239  240  241  242  243  246  249  253  254  254  254  255  256  256  256  255
  256  257  260  262  264  266  267  269  271  273  274  275  275  276  275  275
  274  272  272  271  268  264  260  257  253
    72.5-180.0 180.0   5.0 450.0                            LAT/LON1/LON2/DLON/H
  252  250  248  247  247  247  250  253  257  261  266  270  273  278  281  278
  282  286  286  285  282  278  276  272  268  264  259  254  250  247  246  247
  245  244  245  248  249  252  254  256  257  257  257  258  258  256  256  254
  254  255  258  260  262  263  266  268  271  273  275  277  278  279  279  280
  279  278  278  275  271  266  261  257  252
    70.0-180.0 180.0   5.0 450.0                            LAT/LON1/LON2/DLON/H
  256  251  248  245  243  244  247  251  256  263  268  273  278  284  286  289
  292  297  296  294  293  289  286  283  278  275  268  263  256  252  250  250
  251  250  251  252  253  255  255  256  256  256  256  258  258  256  253  252
  254  254  257  260  261  263  266  268  272  275  278  280  282  283  284  285
  286  286  284  281  275  270  266  260  256
    67.5-180.0 180.0   5.0 450.0                            LAT/LON1/LON2/DLON/H
  263  257  252  247  243  243  247  251  257  262  266  272  277  282  286  290
  295  299  299  299  299  297  295  291  286  283  277  269  262  257  255  255
  254  253  253  253  253  252  251  250  250  249  249  250  251  253  250  250
  252  254  256  259  262  264  268  272  275  277  280  283  286  288  289  291
  292  293  291  287  283  278  274  269  263
    65.0-180.0 180.0   5.0 450.0                            LAT/LON1/LON2/DLON/H
  273  266  259  251  247  246  248  251  255  258  263  268  272  276  281  285
  290  294  297  300  299  300  300  296  291  288  283  274  268  263  260  257
  256  254  251  249  247  243  240  238  237  236  238  239  241  244  246  247
  249  252  256  259  264  268  272  276  279  281  284  287  290  293  295  298
  299  299  298  296  291  289  284  280  273
    62.5-180.0 180.0   5.0 450.0                            LAT/LON1/LON2/DLON/H
  282  274  267  259  252  249  248  249  251  254  258  262  265  268  273  277
  281  286  290  293  295  298  298  297  293  289  285  278  272  267  263  259
  255  251  247  240  237  230  226  223  221  220  223  225  229  233  236  241
  244  249  253  259  265  271  276  281  284  288  290  292  295  297  299  303
  305  305  304  303  301  299  294  288  282
    60.0-180.0 180.0   5.0 450.0                            LAT/LON1/LON2/DLON/H
  289  281  273  265  257  251  247  247  247  250  252  256  259  263  266  270
  273  277  280  285  288  291  292  293  289  288  285  280  274  268  264  258
  252  246  240  233  227  219  213  208  206  207  208  211  215  218  224  229
  235  242  250  259  266  275  280  285  289  293  296  299  300  301  303  306
  308  309  309  309  309  308  302  296  289
    57.5-180.0 180.0   5.0 450.0                            LAT/LON1/LON2/DLON/H
  296  289  282  273  264  255  249  246  245  246  248  251  255  258  262  265
  268  271  274  278  281  283  285  287  284  284  282  279  274  268  262  257
  251  243  235  225  217  208  201  196  194  196  196  198  202  205  209  215
  224  235  246  256  267  277  284  289  293  298  301  304  305  305  305  306
  309  309  310  311  314  313  308  302  296
    55.0-180.0 180.0   5.0 450.0                            LAT/LON1/LON2/DLON/H
  304  299  293  284  273  262  254  250  246  245  247  249  253  257  260  263
  266  269  272  275  278  280  281  282  282  281  281  278  273  268  262  256
  250  241  230  218  210  200  193  189  188  188  189  190  191  193  197  203
  213  227  239  253  269  279  286  292  298  304  307  308  309  307  306  305
  307  307  307  310  313  314  310  307  304
    52.5-180.0 180.0   5.0 450.0                            LAT/LON1/LON2/DLON/H
  313  313  308  298  288  275  264  258  253  250  249  251  255  258  262  265
  267  270  274  277  280  282  280  281  281  280  279  277  273  270  264  257
  248  238  227  214  206  196  189  186  187  187  188  187  186  186  187  192
  203  218  233  248  264  276  286  294  302  308  312  312  310  309  306  304
  304  304  304  305  307  309  309  313  313
    50.0-180.0 180.0   5.0 450.0                            LAT/LON1/LON2/DLON/H
  329  333  328  322  309  294  281  271  265  260  257  257  260  263  266  269
  271  275  280  285  288  289  287  285  283  283  281  279  275  272  265  257
  247  236  225  211  203  194  190  189  190  192  192  191  187  183  182  185
  195  208  226  244  260  274  287  297  305  312  315  315  313  309  306  303
  303  303  303  303  303  307  313  322  329
    47.5-180.0 180.0   5.0 450.0                            LAT/LON1/LON2/DLON/H
  351  360  357  350  335  321  305  292  285  278  273  271  271  272  273  275
  277  282  289  297  301  300  297  294  290  289  286  282  277  272  265  256
  243  233  222  209  203  197  194  193  197  200  202  199  194  187  183  183
  191  204  221  239  257  274  289  300  309  316  319  319  315  311  306  304
  304  305  307  309  313  319  331  342  351
    45.0-180.0 180.0   5.0 450.0                            LAT/LON1/LON2/DLON/H
  384  394  392  387  372  355  337  324  311  302  295  291  287  284  284  284
  286  293  301  313  318  316  311  305  300  296  291  285  279  272  263  252
  240  229  219  210  206  202  199  201  206  212  214  211  205  197  190  188
  192  204  221  238  258  276  292  304  315  322  325  324  319  314  308  307
  308  312  318  324  332  342  355  369  384
    42.5-180.0 180.0   5.0 450.0                            LAT/LON1/LON2/DLON/H
  416  428  429  424  416  395  377  362  348  335  323  314  306  303  299  298
  299  308  319  334  339  335  327  318  310  304  298  290  281  272  262  250
  238  228  220  214  212  209  207  209  216  223  227  225  219  208  199  196
  198  209  224  241  261  281  296  311  322  326  327  326  322  317  314  314
  316  322  332  344  357  369  385  399  416
    40.0-180.0 180.0   5.0 450.0                            LAT/LON1/LON2/DLON/H
  450  464  465  463  454  435  423  407  392  373  358  343  332  325  319  316
  317  327  342  356  361  355  344  333  323  314  306  297  284  274  264  252
  241  232  226  223  222  218  217  219  226  234  240  240  234  223  212  207
  208  217  229  244  265  285  301  316  326  328  328  326  324  321  319  320
  325  335  350  365  383  401  418  434  450
    37.5-180.0 180.0   5.0 450.0                            LAT/LON1/LON2/DLON/H
  489  502  501  499  496  489  476  461  444  420  400  380  365  354  344  338
  339  350  365  380  384  375  362  349  337  328  316  306  293  282  270  258
  250  242  238  236  234  230  228  230  236  245  252  253  248  238  227  220
  218  222  232  247  268  286  302  316  326  329  328  327  325  324  325  328
  335  348  366  386  410  431  450  473  489
    35.0-180.0 180.0   5.0 450.0                            LAT/LON1/LON2/DLON/H
  531  539  540  537  535  534  526  514  499  468  440  422  405  393  377  369
  367  378  391  404  405  393  378  364  353  344  330  319  306  291  281  273
  265  262  256  252  248  244  240  241  247  256  263  262  257  251  241  228
  224  224  233  246  263  281  296  309  319  323  325  325  326  328  330  336
  345  360  381  405  434  458  482  509  531
    32.5-180.0 180.0   5.0 450.0                            LAT/LON1/LON2/DLON/H
  569  578  579  576  574  575  571  564  550  513  472  462  451  439  421  408
  400  407  418  428  422  405  388  376  367  362  347  335  320  302  294  289
  285  283  276  270  264  257  252  251  257  265  269  267  264  256  244  233
  226  225  229  240  255  271  287  301  309  313  316  320  325  331  335  343
  356  372  394  423  454  485  512  542  569
    30.0-180.0 180.0   5.0 450.0                            LAT/LON1/LON2/DLON/H
  601  614  618  615  611  610  612  612  598  550  520  507  500  488  466  449
  438  439  445  448  434  412  392  381  376  374  364  350  334  313  305  303
  301  299  291  283  274  264  259  260  264  270  274  270  262  253  241  230
  226  223  223  231  243  260  277  290  296  301  305  312  321  331  340  350
  364  382  406  434  470  505  541  575  601
    27.5-180.0 180.0   5.0 450.0                            LAT/LON1/LON2/DLON/H
  632  646  655  654  650  650  652  652  645  615  592  569  553  536  512  491
  477  470  469  465  445  417  395  381  379  379  372  357  342  321  313  311
  310  305  296  285  275  267  261  264  269  273  274  268  258  246  237  230
  224  218  215  220  231  248  265  275  281  287  293  303  317  330  344  358
  374  391  414  443  481  522  563  601  632
    25.0-180.0 180.0   5.0 450.0                            LAT/LON1/LON2/DLON/H
  657  674  689  693  691  691  696  694  689  675  656  628  608  582  561  536
  512  504  496  483  456  425  402  385  382  380  373  358  340  324  318  316
  312  300  291  280  270  266  260  265  271  272  269  261  250  240  233  228
  219  209  204  206  217  233  247  257  265  274  284  298  314  331  349  368
  385  402  424  453  490  532  577  624  657
    22.5-180.0 180.0   5.0 450.0                            LAT/LON1/LON2/DLON/H
  674  699  718  728  731  732  738  734  730  720  701  676  655  635  607  585
  551  538  523  505  471  436  411  394  387  381  370  351  332  316  311  309
  299  281  272  262  254  255  251  258  264  264  259  251  241  232  227  219
  208  199  190  191  199  214  227  238  251  265  280  296  316  335  356  377
  397  416  439  465  503  542  587  636  674
    20.0-180.0 180.0   5.0 450.0                            LAT/LON1/LON2/DLON/H
  682  713  739  758  769  775  775  776  769  760  741  723  703  685  658  629
  592  569  550  530  490  451  423  403  391  378  359  335  310  291  284  280
  266  249  240  227  222  230  234  244  252  255  248  241  232  224  217  211
  198  186  176  172  179  195  209  225  243  264  283  302  322  343  366  391
  413  436  456  482  516  553  596  641  682
    17.5-180.0 180.0   5.0 450.0                            LAT/LON1/LON2/DLON/H
  681  714  748  774  793  805  810  812  806  796  781  764  746  729  704  667
  629  602  576  549  509  470  438  410  388  364  335  306  278  258  244  239
  228  216  208  198  197  206  219  232  241  243  240  234  226  217  209  200
  191  177  162  154  160  178  198  221  244  270  294  314  334  356  382  410
  434  457  476  500  528  566  603  645  681
    15.0-180.0 180.0   5.0 450.0                            LAT/LON1/LON2/DLON/H
  674  707  741  776  802  821  832  838  835  827  817  802  784  763  738  698
  661  628  597  567  529  490  451  408  372  339  304  270  243  225  212  203
  199  197  190  182  183  196  213  228  239  241  239  233  224  215  205  196
  186  170  153  142  146  165  194  224  253  281  310  332  350  372  399  430
  457  480  497  516  540  571  607  642  674
    12.5-180.0 180.0   5.0 450.0                            LAT/LON1/LON2/DLON/H
  664  693  723  758  790  814  833  846  850  850  844  831  812  788  758  718
  682  647  616  587  550  505  455  399  351  310  270  234  210  193  182  180
  188  191  189  184  188  204  223  238  246  245  243  237  226  215  204  194
  183  164  145  135  138  158  191  227  262  293  325  349  366  388  415  446
  476  501  517  532  551  577  606  638  664
    10.0-180.0 180.0   5.0 450.0                            LAT/LON1/LON2/DLON/H
  652  674  700  732  761  788  812  829  844  854  856  843  827  802  767  728
  692  658  633  606  564  510  452  390  334  281  237  205  187  174  167  173
  188  200  206  206  211  226  249  263  262  256  250  240  227  214  201  190
  176  157  139  129  132  152  189  229  266  302  335  360  379  403  429  458
  489  516  535  549  564  586  607  633  652
     7.5-180.0 180.0   5.0 450.0                            LAT/LON1/LON2/DLON/H
  642  657  677  700  722  746  767  793  812  833  841  835  824  802  768  731
  696  666  644  616  569  507  440  372  310  252  212  188  177  170  172  184
  205  223  236  239  243  260  283  290  278  265  252  238  221  207  192  179
  166  150  132  122  124  146  182  229  270  308  342  369  390  415  441  468
  497  526  548  563  579  598  613  630  642
     5.0-180.0 180.0   5.0 450.0                            LAT/LON1/LON2/DLON/H
  646  654  665  679  692  706  721  743  763  787  802  804  801  784  756  724
  692  666  645  613  559  487  412  341  277  225  196  181  179  183  196  216
  240  254  268  275  278  293  310  309  287  265  245  224  208  193  176  164
  151  140  123  115  114  136  174  220  266  309  342  372  396  420  447  472
  499  529  556  577  596  616  628  637  646
     2.5-180.0 180.0   5.0 450.0                            LAT/LON1/LON2/DLON/H
  672  673  675  677  679  680  685  698  712  733  749  755  758  747  726  701
  676  651  628  587  528  451  372  303  246  207  192  188  193  205  229  255
  277  286  293  298  298  311  318  310  281  253  222  201  185  171  156  144
  133  124  114  104  105  124  162  213  260  302  334  365  392  420  444  468
  494  525  557  593  620  642  655  666  672
