DORISInput/IGSGIM/2024/IGS0OPSFIN_20241580000_01D_02H_GIM.INX
     1.0            IONOSPHERE MAPS     MIX                 IONEX VERSION / TYPE
cmpcmb v1.2          GRL/UWM            24-jun-24 16:13     PGM / RUN BY / DATE 
ionex file containing IGS COMBINED Ionosphere maps          COMMENT             
global ionosphere maps for day 158, 2024                    DESCRIPTION         
IONEX file containing the COMBINED IGS TEC MAPS and DCBs    DESCRIPTION         
      IONEX files of the following IAACs were combined: cod DESCRIPTION         
                                                        jpl DESCRIPTION         
                                                        upc DESCRIPTION         
Contact address: Andrzej Krankowski                         DESCRIPTION
                 Geodynamics Research Laboratory            DESCRIPTION
                 University of Warmia and Mazury (GRL/UWM)  DESCRIPTION
                 Oczapowski St. 1                           DESCRIPTION
                 10-957-Olsztyn, POLAND                     DESCRIPTION
                 e-mail:  kand@uwm.edu.pl                   DESCRIPTION
                                                            DESCRIPTION         
  2024     6     6     0     0     0                        EPOCH OF FIRST MAP  
  2024     6     7     0     0     0                        EPOCH OF LAST MAP   
  7200                                                      INTERVAL            
    13                                                      # OF MAPS IN FILE   
  COSZ                                                      MAPPING FUNCTION    
     0.0                                                    ELEVATION CUTOFF    
combined TEC calculated as weighted mean of input TEC valuesOBSERVABLES USED    
   335                                                      # OF STATIONS       
    32                                                      # OF SATELLITES     
  6371.0                                                    BASE RADIUS         
     2                                                      MAP DIMENSION       
   450.0 450.0   0.0                                        HGT1 / HGT2 / DHGT  
    87.5 -87.5  -2.5                                        LAT1 / LAT2 / DLAT  
  -180.0 180.0   5.0                                        LON1 / LON2 / DLON  
    -1                                                      EXPONENT            
TEC values in 0.1 tec units;  9999, if no value available   COMMENT             
DCB values in nanoseconds, reference is Sum_of_SatDCBs = 0  COMMENT             
                                                            END OF HEADER       
[from data line 3432]
     9                                                      START OF TEC MAP    
  2024     6     6    16     0     0                        EPOCH OF CURRENT MAP
    87.5-180.0 180.0   5.0 450.0                            LAT/LON1/LON2/DLON/H
  217  217  216  217  217  217  218  218  218  219  220  221  221  222  223  224
  225  226  226  227  227  228  228  228  228  228  228  229  229  228  229  229
  229  229  229  230  229  229  229  229  229  229  229  229  229  229  229  229
  229  228  228  228  227  227  226  226  225  224  224  223  222  222  221  220
  219  219  218  218  218  217  217  217  217
    85.0-180.0 180.0   5.0 450.0                            LAT/LON1/LON2/DLON/H
  212  212  212  212  213  214  214  215  216  217  219  220  222  223  225  227
  228  230  232  232  233  234  235  235  235  236  236  237  237  237  237  237
  237  237  237  236  236  236  236  236  235  235  235  235  235  235  235  235
  234  234  233  233  231  230  230  229  228  227  226  225  224  222  221  220
  218  217  216  214  214  213  213  212  212
    82.5-180.0 180.0   5.0 450.0                            LAT/LON1/LON2/DLON/H
  212  212  212  212  212  213  214  216  218  220  223  226  228  230  233  235
  236  238  238  239  243  244  245  246  246  245  242  243  242  243  243  243
  243  242  241  242  241  241  240  240  240  240  240  240  240  241  241  241
  240  240  239  239  238  238  236  235  234  233  232  230  229  226  224  222
  220  218  217  215  213  213  212  211  212
    80.0-180.0 180.0   5.0 450.0                            LAT/LON1/LON2/DLON/H
  215  214  213  212  213  215  218  220  224  227  230  233  236  239  243  245
  248  248  248  248  247  245  251  250  251  250  251  250  250  250  249  249
  248  247  247  246  245  244  245  245  245  245  244  245  245  247  247  247
  247  247  246  246  245  245  244  243  242  240  238  236  234  231  228  226
  224  222  220  218  217  215  215  215  215
    77.5-180.0 180.0   5.0 450.0                            LAT/LON1/LON2/DLON/H
  220  218  217  216  218  218  219  221  224  227  233  239  244  249  254  259
  263  263  263  262  261  259  256  260  253  255  255  254  254  253  253  252
  251  250  248  247  245  245  245  245  246  247  248  249  250  250  252  253
  253  253  252  252  251  251  251  250  248  247  244  242  239  236  233  231
  229  227  226  225  224  223  222  221  220
    75.0-180.0 180.0   5.0 450.0                            LAT/LON1/LON2/DLON/H
  228  226  225  223  223  222  223  226  228  233  239  245  251  258  263  266
  268  268  270  268  265  260  262  262  260  253  255  257  256  254  254  253
  252  251  250  249  246  245  245  245  246  247  249  250  251  253  255  255
  257  257  256  256  255  255  256  255  253  251  248  244  242  239  236  235
  233  232  233  233  233  232  232  230  228
    72.5-180.0 180.0   5.0 450.0                            LAT/LON1/LON2/DLON/H
  242  239  236  235  232  232  232  233  235  240  245  251  257  263  268  271
  272  274  273  271  269  268  265  263  260  256  254  254  255  254  254  253
  252  251  250  248  247  245  245  245  246  248  249  251  252  253  255  256
  257  258  258  258  257  257  257  256  253  251  248  244  243  240  237  236
  236  237  238  241  242  244  244  242  242
    70.0-180.0 180.0   5.0 450.0                            LAT/LON1/LON2/DLON/H
  255  254  252  250  247  243  242  242  242  245  250  257  263  268  272  274
  276  276  275  274  272  271  266  263  261  257  254  253  253  252  251  251
  251  250  249  248  246  246  245  246  247  249  250  252  253  253  254  256
  257  257  257  257  257  257  256  254  250  248  246  243  240  238  235  236
  237  238  241  245  249  252  253  255  255
    67.5-180.0 180.0   5.0 450.0                            LAT/LON1/LON2/DLON/H
  266  267  266  265  262  258  255  253  253  254  257  262  268  273  276  279
  279  277  278  276  275  272  268  264  261  257  254  252  250  249  249  248
  247  248  248  246  246  245  245  246  247  249  251  253  253  254  254  256
  257  256  257  258  256  255  253  251  249  247  245  241  238  235  233  233
  233  235  239  244  250  255  259  264  266
    65.0-180.0 180.0   5.0 450.0                            LAT/LON1/LON2/DLON/H
  274  278  280  279  276  272  268  264  263  263  264  268  273  278  281  283
  283  282  282  281  278  275  271  267  263  259  255  252  249  247  247  246
  246  246  246  245  244  243  244  245  247  250  252  254  255  256  257  257
  258  258  259  259  257  256  254  253  250  247  244  240  236  231  229  228
  228  229  233  239  248  256  263  269  274
    62.5-180.0 180.0   5.0 450.0                            LAT/LON1/LON2/DLON/H
  278  286  291  291  289  283  277  273  270  268  269  273  278  282  286  287
  288  287  288  285  283  280  277  273  268  263  257  253  251  249  248  247
  247  246  245  243  242  241  243  245  248  252  255  257  259  261  261  261
  262  263  264  262  260  260  258  257  254  251  247  242  237  230  225  222
  220  221  224  231  239  249  260  269  278
    60.0-180.0 180.0   5.0 450.0                            LAT/LON1/LON2/DLON/H
  277  289  297  300  299  293  285  280  274  272  273  275  281  285  290  292
  293  294  294  291  289  287  284  279  275  270  263  259  257  254  252  251
  250  248  245  243  241  240  242  246  251  256  260  263  266  267  267  268
  269  270  271  270  268  267  265  263  260  256  252  246  240  231  225  219
  214  212  213  219  226  237  250  263  277
    57.5-180.0 180.0   5.0 450.0                            LAT/LON1/LON2/DLON/H
  272  288  299  305  305  299  292  284  277  274  274  276  282  288  293  297
  298  301  300  298  296  294  292  288  284  278  272  269  265  263  260  257
  255  252  248  245  242  242  244  250  256  263  268  272  273  276  277  277
  279  279  278  278  275  275  272  269  266  262  258  250  243  233  225  217
  210  205  203  206  212  223  237  254  272
    55.0-180.0 180.0   5.0 450.0                            LAT/LON1/LON2/DLON/H
  262  282  296  307  308  302  297  289  280  276  275  277  283  290  297  302
  305  307  306  305  303  301  299  297  293  289  284  280  277  275  271  268
  265  260  254  249  247  246  250  257  264  272  278  282  284  286  287  288
  289  288  287  285  283  282  278  276  273  269  262  254  246  237  226  217
  209  202  197  196  200  210  224  242  262
    52.5-180.0 180.0   5.0 450.0                            LAT/LON1/LON2/DLON/H
  249  271  289  305  309  307  302  293  284  280  278  282  288  294  302  309
  312  313  312  310  307  305  306  305  303  302  299  296  293  291  286  282
  278  270  263  257  253  254  259  267  275  283  291  294  297  298  298  298
  298  297  295  292  289  286  284  283  280  274  267  257  250  240  230  221
  212  204  197  193  193  200  212  230  249
    50.0-180.0 180.0   5.0 450.0                            LAT/LON1/LON2/DLON/H
  238  259  280  298  307  309  306  297  291  288  286  289  296  303  310  317
  320  320  318  315  312  311  312  315  316  316  316  316  314  313  305  299
  291  282  272  265  262  264  270  279  288  297  304  310  311  311  308  307
  306  304  300  296  292  290  290  288  285  278  270  259  251  243  234  227
  220  212  204  197  193  196  203  218  238
    47.5-180.0 180.0   5.0 450.0                            LAT/LON1/LON2/DLON/H
  226  245  268  287  300  303  304  302  299  298  298  302  307  312  318  325
  327  327  324  322  319  320  323  327  331  334  336  339  339  337  328  320
  307  294  282  273  272  276  283  292  302  312  320  325  326  324  320  317
  313  310  305  299  294  292  292  292  289  283  274  263  255  245  238  233
  228  222  214  206  199  197  198  208  226
    45.0-180.0 180.0   5.0 450.0                            LAT/LON1/LON2/DLON/H
  218  233  252  271  287  293  299  304  307  308  312  316  320  323  327  331
  333  334  332  330  328  331  336  344  350  356  359  363  365  363  355  344
  328  312  295  286  284  290  298  308  317  328  336  341  342  338  333  329
  323  317  310  302  296  294  295  296  295  289  280  267  258  246  241  239
  237  234  228  218  209  203  199  204  218
    42.5-180.0 180.0   5.0 450.0                            LAT/LON1/LON2/DLON/H
  211  224  239  255  269  284  295  306  315  319  325  330  332  334  336  339
  341  342  340  341  341  346  355  365  374  382  386  390  392  390  385  372
  355  335  313  301  301  307  313  324  335  345  353  359  360  356  349  341
  333  325  317  309  301  297  299  303  304  299  289  274  262  247  243  244
  245  246  241  231  221  212  205  204  211
    40.0-180.0 180.0   5.0 450.0                            LAT/LON1/LON2/DLON/H
  206  211  223  239  256  274  293  309  323  331  340  344  345  346  348  350
  351  353  354  356  359  367  378  391  402  411  416  420  420  421  417  403
  388  363  338  324  323  328  336  344  354  363  373  380  382  378  369  357
  348  339  329  317  308  305  307  312  316  312  301  285  271  254  248  248
  252  256  254  245  234  221  211  205  206
    37.5-180.0 180.0   5.0 450.0                            LAT/LON1/LON2/DLON/H
  204  204  211  224  242  265  287  311  331  345  356  360  362  362  362  363
  366  370  373  378  384  393  405  421  433  443  448  452  453  454  452  445
  427  401  372  355  352  355  362  368  377  387  393  402  407  403  391  378
  367  355  343  330  319  316  317  322  327  326  317  302  286  269  259  257
  261  266  265  258  248  232  218  209  204
    35.0-180.0 180.0   5.0 450.0                            LAT/LON1/LON2/DLON/H
  205  202  205  215  232  257  283  310  336  358  373  379  381  382  381  384
  388  396  400  407  413  423  436  452  464  475  480  485  489  492  493  488
  468  443  415  398  392  389  393  400  406  412  418  428  431  429  416  401
  386  372  359  345  335  329  329  333  339  345  340  327  312  291  278  273
  275  279  277  270  260  243  227  215  205
    32.5-180.0 180.0   5.0 450.0                            LAT/LON1/LON2/DLON/H
  211  205  206  216  233  255  281  311  340  365  385  398  402  404  405  411
  419  429  434  441  447  456  467  481  492  505  512  519  527  533  540  536
  517  494  469  452  439  436  435  439  442  445  447  454  457  453  440  422
  404  388  374  361  351  344  342  345  355  367  367  358  346  321  304  296
  293  295  291  283  269  253  237  223  211
    30.0-180.0 180.0   5.0 450.0                            LAT/LON1/LON2/DLON/H
  218  211  212  220  237  259  285  314  344  372  397  415  424  429  432  444
  456  467  473  478  481  488  497  506  515  530  540  552  566  578  588  587
  574  555  532  516  495  496  489  488  484  485  478  481  480  471  457  437
  417  403  389  376  366  357  353  356  368  384  392  390  382  359  340  325
  316  311  304  292  276  260  245  232  218
    27.5-180.0 180.0   5.0 450.0                            LAT/LON1/LON2/DLON/H
  226  221  222  228  243  264  290  317  347  378  409  432  447  458  467  480
  497  508  513  514  514  518  524  528  535  549  565  583  603  623  637  640
  636  624  604  581  564  566  551  543  538  525  513  506  498  484  467  445
  427  415  401  389  377  367  360  362  377  399  411  415  413  392  375  357
  339  326  315  300  283  266  250  236  226
    25.0-180.0 180.0   5.0 450.0                            LAT/LON1/LON2/DLON/H
  232  230  234  239  251  271  297  321  349  381  420  449  470  486  502  519
  536  550  551  546  545  544  548  551  556  570  588  612  639  667  689  696
  697  684  663  642  626  621  610  597  587  562  542  530  514  493  470  446
  432  420  408  395  381  370  361  364  381  402  419  427  429  413  401  382
  356  333  316  302  287  269  252  240  232
    22.5-180.0 180.0   5.0 450.0                            LAT/LON1/LON2/DLON/H
  234  236  240  246  259  279  302  326  352  385  427  461  488  512  533  557
  573  588  583  575  570  565  568  575  582  591  609  636  678  710  736  749
  755  740  716  696  679  667  649  630  614  587  562  548  527  495  462  439
  427  418  407  394  380  366  356  362  373  390  409  419  424  414  403  385
  357  330  308  294  281  266  252  241  234
    20.0-180.0 180.0   5.0 450.0                            LAT/LON1/LON2/DLON/H
  233  235  242  249  261  280  305  330  356  388  430  466  499  531  559  584
  601  609  605  598  590  583  585  596  602  612  632  661  701  748  776  792
  798  783  761  740  717  700  675  652  624  601  581  566  535  491  448  427
  418  413  402  390  375  361  352  357  364  375  389  395  399  392  381  362
  339  315  292  280  269  258  247  239  233
    17.5-180.0 180.0   5.0 450.0                            LAT/LON1/LON2/DLON/H
  232  232  238  245  257  276  302  328  356  387  425  465  505  543  575  599
  614  619  618  613  607  605  609  617  622  635  657  688  729  772  799  819
  819  804  786  762  738  718  694  673  641  618  601  581  543  488  441  417
  415  411  400  387  372  362  355  355  359  366  369  371  370  363  349  328
  309  288  271  263  259  250  241  235  232
    15.0-180.0 180.0   5.0 450.0                            LAT/LON1/LON2/DLON/H
  231  230  231  236  246  266  292  320  351  383  418  461  507  549  581  604
  618  621  622  621  621  626  634  640  645  660  682  714  752  787  809  825
  820  805  787  766  743  726  709  692  663  639  621  596  548  492  442  427
  424  416  402  387  375  370  363  360  362  364  358  351  345  333  317  298
  277  260  249  247  248  242  235  232  231
    12.5-180.0 180.0   5.0 450.0                            LAT/LON1/LON2/DLON/H
  230  229  226  225  233  252  280  312  344  377  412  458  504  547  579  600
  614  621  623  628  634  645  655  661  669  685  707  737  768  793  808  817
  813  797  780  764  745  732  720  704  681  661  641  609  561  502  458  443
  435  423  406  391  382  380  377  374  374  368  355  340  328  307  291  272
  252  237  230  232  236  234  232  231  230
    10.0-180.0 180.0   5.0 450.0                            LAT/LON1/LON2/DLON/H
  229  227  222  216  219  238  270  302  340  375  409  454  499  540  570  592
  607  617  624  634  647  663  674  681  693  707  729  754  777  794  803  807
  801  787  772  758  745  737  728  711  691  675  652  619  576  519  475  451
  442  432  415  403  398  397  398  397  392  379  363  343  327  301  283  262
  240  226  221  224  230  232  232  233  229
     7.5-180.0 180.0   5.0 450.0                            LAT/LON1/LON2/DLON/H
  228  223  217  206  204  221  255  294  335  373  408  448  491  531  562  583
  600  614  626  641  658  678  693  701  714  729  746  764  780  792  800  801
  793  780  766  755  745  739  728  707  688  673  650  621  580  529  487  460
  453  449  433  422  423  422  425  426  414  397  381  361  347  319  301  278
  248  231  224  226  232  234  235  234  228
     5.0-180.0 180.0   5.0 450.0                            LAT/LON1/LON2/DLON/H
  230  220  209  198  192  206  239  282  327  370  407  445  485  525  556  577
  596  613  627  646  667  690  710  722  734  744  756  769  781  790  797  796
  789  778  763  751  745  735  716  691  667  653  634  606  569  525  488  472
  473  470  458  447  451  452  456  450  434  412  397  383  373  350  331  307
  275  250  240  237  239  239  238  236  230
     2.5-180.0 180.0   5.0 450.0                            LAT/LON1/LON2/DLON/H
  237  222  206  192  185  195  225  270  319  367  409  447  484  520  551  574
  594  613  629  649  672  699  723  737  746  754  760  770  779  786  790  790
  786  774  758  743  733  716  689  659  632  615  597  578  544  510  487  482
  491  491  480  469  470  473  471  457  437  413  400  390  387  375  357  335
  306  277  262  252  250  247  245  242  237
