DORISInput/IGSGIM/2024/IGS0OPSFIN_20241510000_01D_02H_GIM.INX
     1.0            IONOSPHERE MAPS     MIX                 IONEX VERSION / TYPE
cmpcmb v1.2          GRL/UWM            12-jun-24 16:22     PGM / RUN BY / DATE 
ionex file containing IGS COMBINED Ionosphere maps          COMMENT             
global ionosphere maps for day 151, 2024                    DESCRIPTION         
IONEX file containing the COMBINED IGS TEC MAPS and DCBs    DESCRIPTION         
      IONEX files of the following IAACs were combined: cod DESCRIPTION         
                                                        jpl DESCRIPTION         
                                                        upc DESCRIPTION         
Contact address: Andrzej Krankowski                         DESCRIPTION
                 Geodynamics Research Laboratory            DESCRIPTION
                 University of Warmia and Mazury (GRL/UWM)  DESCRIPTION
                 Oczapowski St. 1                           DESCRIPTION
                 10-957-Olsztyn, POLAND                     DESCRIPTION
                 e-mail:  kand@uwm.edu.pl                   DESCRIPTION
                                                            DESCRIPTION         
  2024     5    30     0     0     0                        EPOCH OF FIRST MAP  
  2024     5    31     0     0     0                        EPOCH OF LAST MAP   
  7200                                                      INTERVAL            
    13                                                      # OF MAPS IN FILE   
  COSZ                                                      MAPPING FUNCTION    
     0.0                                                    ELEVATION CUTOFF    
combined TEC calculated as weighted mean of input TEC valuesOBSERVABLES USED    
   334                                                      # OF STATIONS       
    32                                                      # OF SATELLITES     
  6371.0                                                    BASE RADIUS         
     2                                                      MAP DIMENSION       
   450.0 450.0   0.0                                        HGT1 / HGT2 / DHGT  
    87.5 -87.5  -2.5                                        LAT1 / LAT2 / DLAT  
  -180.0 180.0   5.0                                        LON1 / LON2 / DLON  
    -1                                                      EXPONENT            
TEC values in 0.1 tec units;  9999, if no value available   COMMENT             
DCB values in nanoseconds, reference is Sum_of_SatDCBs = 0  COMMENT             
                                                            END OF HEADER       
[from data line 3003]
     8                                                      START OF TEC MAP    
  2024     5    30    14     0     0                        EPOCH OF CURRENT MAP
    87.5-180.0 180.0   5.0 450.0                            LAT/LON1/LON2/DLON/H
  224  225  225  225  225  224  224  224  224  224  224  223  223  223  223  223
  222  223  222  222  222  221  221  221  220  219  219  218  217  217  216  216
  216  215  215  215  215  215  215  215  216  216  216  217  218  218  219  220
  221  221  222  223  224  224  225  226  226  227  227  226  226  226  226  226
  226  226  225  225  225  225  225  225  224
    85.0-180.0 180.0   5.0 450.0                            LAT/LON1/LON2/DLON/H
  226  226  226  226  227  227  228  228  229  229  230  230  229  229  229  228
  227  227  225  226  226  225  225  223  222  222  220  219  218  216  215  214
  213  213  212  211  211  211  211  211  212  213  214  215  217  218  220  222
  224  225  228  229  231  233  234  235  235  235  235  235  234  234  233  232
  231  231  230  229  228  228  227  226  226
    82.5-180.0 180.0   5.0 450.0                            LAT/LON1/LON2/DLON/H
  221  221  222  223  224  226  227  228  230  231  231  232  233  234  235  235
  235  234  233  233  230  230  229  228  225  224  223  222  220  217  215  214
  212  211  209  208  208  208  209  209  210  212  213  216  218  222  225  228
  231  234  237  240  242  244  246  246  247  246  246  245  244  242  240  238
  235  232  230  228  225  223  222  222  221
    80.0-180.0 180.0   5.0 450.0                            LAT/LON1/LON2/DLON/H
  213  213  213  215  216  218  219  221  223  223  225  228  230  232  233  234
  233  233  233  233  233  235  234  234  236  237  235  235  231  228  226  223
  220  218  215  212  211  210  210  211  212  213  215  218  222  226  231  235
  240  244  248  252  255  258  259  259  259  258  256  253  250  247  243  239
  235  230  226  222  218  216  214  213  213
    77.5-180.0 180.0   5.0 450.0                            LAT/LON1/LON2/DLON/H
  204  203  204  206  209  211  213  216  218  220  222  223  223  225  225  224
  224  226  228  233  236  240  243  243  239  240  240  241  241  240  238  235
  232  228  224  222  219  216  215  214  215  217  220  223  227  233  239  244
  250  255  260  263  266  268  269  269  267  265  262  258  253  247  242  236
  230  224  220  214  210  208  206  204  204
    75.0-180.0 180.0   5.0 450.0                            LAT/LON1/LON2/DLON/H
  194  196  197  201  202  205  208  209  212  213  212  213  214  214  215  213
  215  218  219  222  229  235  240  246  249  250  251  253  253  252  252  252
  248  245  242  239  234  231  229  225  224  225  227  231  235  240  245  251
  257  262  267  271  273  274  273  272  270  266  262  257  252  245  239  232
  225  218  213  206  202  200  197  195  194
    72.5-180.0 180.0   5.0 450.0                            LAT/LON1/LON2/DLON/H
  189  192  194  196  198  200  202  205  206  207  207  207  206  204  204  203
  202  203  207  212  220  225  231  241  246  255  259  263  266  269  268  267
  267  266  262  258  256  253  247  244  241  239  241  243  246  249  253  258
  262  267  271  273  275  274  273  269  266  262  258  252  247  241  234  227
  220  213  208  202  198  196  192  190  189
    70.0-180.0 180.0   5.0 450.0                            LAT/LON1/LON2/DLON/H
  189  189  192  194  197  198  200  201  202  204  203  201  199  198  195  194
  194  194  196  202  209  215  223  233  242  252  260  267  273  274  277  279
  280  280  281  278  273  271  268  263  259  256  256  256  257  257  260  263
  266  268  270  270  270  268  264  261  257  254  250  245  240  235  229  222
  216  209  206  202  200  197  193  188  189
    67.5-180.0 180.0   5.0 450.0                            LAT/LON1/LON2/DLON/H
  192  191  193  195  197  197  201  203  203  201  201  199  196  193  191  189
  189  189  191  196  202  210  219  229  240  249  257  264  270  275  277  282
  286  289  292  291  289  286  284  279  273  270  268  267  267  265  265  266
  268  267  265  262  259  255  251  248  246  243  241  237  232  228  223  218
  214  209  206  205  204  202  198  193  192
    65.0-180.0 180.0   5.0 450.0                            LAT/LON1/LON2/DLON/H
  197  196  197  198  198  200  204  205  204  202  201  199  195  192  191  190
  189  190  193  198  203  210  219  229  238  246  253  259  265  269  274  280
  286  292  296  299  299  297  294  288  284  280  277  274  272  271  269  269
  268  264  258  252  246  240  237  235  235  234  233  230  227  224  221  217
  213  210  209  208  209  207  203  200  197
    62.5-180.0 180.0   5.0 450.0                            LAT/LON1/LON2/DLON/H
  202  200  198  199  199  201  204  206  205  204  204  201  198  196  194  194
  196  197  200  204  209  214  220  229  236  243  249  254  259  264  270  276
  285  292  298  302  303  303  300  296  292  287  282  280  277  275  273  271
  267  261  254  245  236  230  226  225  226  228  229  227  226  224  221  217
  215  212  212  212  214  212  209  205  202
    60.0-180.0 180.0   5.0 450.0                            LAT/LON1/LON2/DLON/H
  202  199  196  195  197  200  204  207  209  207  206  204  201  200  201  202
  205  206  209  212  215  217  222  228  235  240  245  250  254  259  266  274
  283  292  299  303  306  306  305  301  297  292  288  284  283  280  277  274
  269  262  255  245  236  227  222  221  224  227  230  230  230  227  224  221
  217  215  216  215  216  215  212  206  202
    57.5-180.0 180.0   5.0 450.0                            LAT/LON1/LON2/DLON/H
  198  194  191  190  193  196  201  206  208  208  207  205  203  204  207  211
  214  216  217  219  219  220  223  228  234  239  244  249  253  259  267  275
  284  293  300  305  308  309  308  306  302  298  294  291  289  287  284  280
  275  269  262  253  242  234  228  227  229  234  237  238  237  233  228  224
  220  218  218  216  216  214  211  205  198
    55.0-180.0 180.0   5.0 450.0                            LAT/LON1/LON2/DLON/H
  192  186  183  182  185  190  196  202  206  207  207  205  205  208  212  218
  223  225  226  224  222  222  225  229  235  241  246  251  257  263  271  280
  289  297  304  308  311  312  313  311  308  304  301  298  297  295  293  288
  284  278  273  266  256  250  242  240  243  247  249  248  245  240  234  227
  222  217  216  215  214  211  206  200  192
    52.5-180.0 180.0   5.0 450.0                            LAT/LON1/LON2/DLON/H
  185  179  175  174  177  183  191  198  204  207  208  207  207  211  218  224
  231  233  232  230  226  226  227  231  238  244  251  258  264  272  281  290
  299  306  311  314  316  318  319  318  316  313  310  307  306  304  302  299
  295  290  286  281  275  270  264  262  263  264  264  261  257  250  240  231
  224  219  217  214  211  206  200  193  185
    50.0-180.0 180.0   5.0 450.0                            LAT/LON1/LON2/DLON/H
  180  174  168  166  169  177  186  195  203  208  209  210  212  216  223  230
  237  240  240  237  233  231  233  237  243  251  259  267  276  284  294  304
  312  318  321  324  324  327  328  329  328  326  323  319  317  315  312  310
  305  302  299  296  293  291  287  286  284  283  281  276  269  260  247  234
  226  221  218  214  208  201  194  187  180
    47.5-180.0 180.0   5.0 450.0                            LAT/LON1/LON2/DLON/H
  178  171  164  162  165  172  181  192  203  211  214  217  218  222  227  235
  242  246  247  246  243  243  243  247  254  262  272  280  290  300  310  320
  327  333  335  335  337  340  344  344  345  343  339  335  331  327  324  321
  316  314  312  312  312  310  308  305  302  300  296  289  279  267  252  239
  230  225  221  215  208  200  192  185  178
    45.0-180.0 180.0   5.0 450.0                            LAT/LON1/LON2/DLON/H
  179  172  164  161  162  169  178  190  203  214  220  224  227  231  235  241
  248  254  257  259  260  261  261  263  269  278  286  295  304  316  327  339
  346  352  354  354  356  361  365  367  367  364  360  353  349  343  338  334
  329  328  329  330  330  330  326  322  317  313  306  297  286  271  259  248
  239  233  228  219  210  202  193  186  179
    42.5-180.0 180.0   5.0 450.0                            LAT/LON1/LON2/DLON/H
  183  175  167  162  162  168  176  186  201  217  227  232  237  240  243  249
  255  263  271  278  282  285  285  286  290  297  304  312  320  331  346  359
  369  376  375  378  384  389  395  397  397  395  387  377  370  363  356  350
  345  344  344  347  349  347  342  337  329  321  312  302  290  276  265  257
  251  243  238  227  215  205  197  191  183
    40.0-180.0 180.0   5.0 450.0                            LAT/LON1/LON2/DLON/H
  190  181  172  165  162  167  174  184  202  219  232  240  247  250  253  258
  265  275  288  300  309  315  315  314  315  320  325  333  340  349  366  383
  394  402  407  410  418  424  428  434  433  426  416  404  397  386  378  371
  365  363  362  365  366  363  356  348  339  328  317  306  293  282  273  267
  262  256  249  236  224  212  203  198  190
    37.5-180.0 180.0   5.0 450.0                            LAT/LON1/LON2/DLON/H
  198  189  178  168  163  163  170  181  198  219  236  248  258  262  265  269
  276  291  307  326  341  348  349  347  345  346  351  358  363  374  389  405
  424  434  443  449  457  464  473  474  472  462  448  435  427  417  405  396
  391  389  387  387  386  380  370  360  348  334  323  312  301  292  284  281
  276  271  264  248  234  221  212  206  198
    35.0-180.0 180.0   5.0 450.0                            LAT/LON1/LON2/DLON/H
  206  195  182  172  163  159  164  175  192  216  240  256  268  275  279  285
  292  309  327  352  372  381  381  380  377  376  379  385  389  398  415  436
  454  471  481  493  502  509  516  519  514  501  484  471  459  447  434  425
  420  420  416  413  407  397  384  370  355  341  330  320  312  303  297  295
  292  286  278  261  246  232  222  214  206
    32.5-180.0 180.0   5.0 450.0                            LAT/LON1/LON2/DLON/H
  212  200  187  175  164  157  159  168  185  212  240  262  277  287  295  304
  314  330  348  375  400  408  408  411  407  405  407  412  415  422  440  464
  486  508  522  535  543  550  558  560  553  542  524  508  494  480  469  461
  455  453  448  442  431  415  398  379  363  348  337  328  319  312  308  307
  305  300  291  275  257  242  231  223  212
    30.0-180.0 180.0   5.0 450.0                            LAT/LON1/LON2/DLON/H
  218  206  192  181  169  160  159  165  179  204  236  264  284  301  313  325
  338  353  370  397  418  426  430  435  431  430  434  440  445  450  466  492
  518  545  563  577  585  595  600  599  590  583  562  544  530  517  508  499
  493  489  483  472  456  436  413  390  369  353  341  330  323  318  315  315
  315  309  299  284  266  252  239  229  218
    27.5-180.0 180.0   5.0 450.0                            LAT/LON1/LON2/DLON/H
  221  210  198  188  177  169  166  167  178  199  234  266  292  314  332  347
  362  374  388  409  424  434  444  448  446  450  459  468  475  481  492  515
  548  578  600  617  625  635  638  633  627  620  601  576  566  556  548  540
  532  527  517  501  481  453  425  396  370  351  338  327  320  318  318  317
  317  313  304  289  272  257  244  233  221
    25.0-180.0 180.0   5.0 450.0                            LAT/LON1/LON2/DLON/H
  223  212  201  194  186  180  176  175  182  200  234  272  303  329  349  368
  382  394  403  416  426  437  450  454  456  466  479  489  498  506  516  541
  571  603  635  653  658  666  673  667  662  648  629  603  595  594  587  578
  569  561  543  524  496  463  428  392  364  344  329  318  312  310  310  309
  311  309  301  289  271  256  244  234  223
    22.5-180.0 180.0   5.0 450.0                            LAT/LON1/LON2/DLON/H
  220  210  203  199  195  189  185  184  188  205  237  274  311  343  367  388
  399  408  412  421  428  437  451  458  467  481  495  507  515  524  538  562
  592  624  657  674  676  683  687  685  680  666  645  623  621  623  619  608
  600  586  563  537  502  462  422  385  354  333  319  308  301  298  298  296
  297  297  290  280  263  250  239  230  220
    20.0-180.0 180.0   5.0 450.0                            LAT/LON1/LON2/DLON/H
  215  205  202  201  200  196  191  190  195  209  237  276  316  354  383  402
  412  417  418  421  427  437  451  464  476  493  509  522  535  544  560  582
  610  641  669  683  685  684  684  684  682  673  651  641  644  645  642  631
  620  603  578  543  500  455  415  379  351  328  313  301  291  286  284  280
  279  277  272  266  251  239  233  225  215
    17.5-180.0 180.0   5.0 450.0                            LAT/LON1/LON2/DLON/H
  211  199  196  198  200  197  193  193  198  211  238  276  317  357  389  408
  418  420  417  418  424  436  453  470  485  503  521  538  552  568  583  601
  624  651  674  685  686  679  675  677  675  671  659  659  663  664  659  648
  635  615  584  544  496  448  410  380  354  333  315  301  289  279  273  267
  265  262  257  248  238  231  227  220  211
    15.0-180.0 180.0   5.0 450.0                            LAT/LON1/LON2/DLON/H
  207  194  190  194  196  193  191  192  198  211  236  272  312  353  386  405
  415  414  412  413  422  438  458  477  495  515  534  552  569  585  599  616
  633  655  674  682  683  677  672  671  668  670  670  674  676  677  673  664
  653  630  589  541  492  446  412  386  365  345  327  311  295  280  268  259
  255  251  247  236  229  227  224  218  207
    12.5-180.0 180.0   5.0 450.0                            LAT/LON1/LON2/DLON/H
  206  192  189  190  191  187  184  187  193  205  226  261  303  341  373  394
  402  402  404  409  422  442  464  484  504  525  546  567  585  599  614  627
  640  658  672  680  683  678  672  669  669  675  680  683  686  688  684  679
  669  639  592  538  492  450  419  396  379  363  347  329  309  288  270  254
  246  239  236  229  225  227  228  219  206
    10.0-180.0 180.0   5.0 450.0                            LAT/LON1/LON2/DLON/H
  209  194  189  186  184  178  175  179  186  196  215  246  285  323  353  375
  385  390  397  407  424  446  469  491  513  535  560  582  598  612  624  636
  649  663  674  681  685  683  677  673  676  686  690  690  691  691  688  686
  671  637  591  538  495  459  436  417  405  393  377  358  336  305  276  253
  240  231  226  221  222  226  231  225  209
     7.5-180.0 180.0   5.0 450.0                            LAT/LON1/LON2/DLON/H
  215  198  189  182  176  169  167  171  177  184  198  226  264  301  332  356
  372  382  392  406  427  450  475  498  522  547  573  597  612  623  634  646
  660  672  680  685  691  691  689  689  690  695  694  693  690  686  681  674
  660  629  589  546  510  481  467  460  449  437  418  402  377  335  291  265
  245  231  226  220  223  230  235  230  215
     5.0-180.0 180.0   5.0 450.0                            LAT/LON1/LON2/DLON/H
  218  200  188  178  169  162  160  164  170  173  184  207  243  281  314  342
  362  377  389  407  428  454  480  505  532  560  588  610  624  632  642  653
  670  682  685  689  696  702  704  702  699  695  689  684  673  667  661  654
  638  621  590  563  539  516  505  507  498  483  464  445  417  373  317  288
  265  245  240  232  239  244  244  235  218
     2.5-180.0 180.0   5.0 450.0                            LAT/LON1/LON2/DLON/H
  217  199  183  171  162  156  155  159  163  165  172  193  226  263  299  330
  354  373  387  406  430  457  484  512  541  570  599  619  629  635  643  655
  672  682  681  686  697  706  707  698  690  681  671  658  643  635  631  626
  616  607  594  576  566  549  540  538  527  508  491  467  439  398  346  309
  283  261  257  250  258  257  251  237  217
