DORISInput/IGSGIM/2024/IGS0OPSFIN_20241520000_01D_02H_GIM.INX
     1.0            IONOSPHERE MAPS     MIX                 IONEX VERSION / TYPE
cmpcmb v1.2          GRL/UWM            12-jun-24 16:27     PGM / RUN BY / DATE 
ionex file containing IGS COMBINED Ionosphere maps          COMMENT             
global ionosphere maps for day 152, 2024                    DESCRIPTION         
IONEX file containing the COMBINED IGS TEC MAPS and DCBs    DESCRIPTION         
      IONEX files of the following IAACs were combined: cod DESCRIPTION         
                                                        jpl DESCRIPTION         
                                                        upc DESCRIPTION         
Contact address: Andrzej Krankowski                         DESCRIPTION
                 Geodynamics Research Laboratory            DESCRIPTION
                 University of Warmia and Mazury (GRL/UWM)  DESCRIPTION
                 Oczapowski St. 1                           DESCRIPTION
                 10-957-Olsztyn, POLAND                     DESCRIPTION
                 e-mail:  kand@uwm.edu.pl                   DESCRIPTION
                                                            DESCRIPTION         
  2024     5    31     0     0     0                        EPOCH OF FIRST MAP  
  2024     6     1     0     0     0                        EPOCH OF LAST MAP   
  7200                                                      INTERVAL            
    13                                                      # OF MAPS IN FILE   
  COSZ                                                      MAPPING FUNCTION    
     0.0                                                    ELEVATION CUTOFF    
combined TEC calculated as weighted mean of input TEC valuesOBSERVABLES USED    
   334                                                      # OF STATIONS       
    32                                                      # OF SATELLITES     
  6371.0                                                    BASE RADIUS         
     2                                                      MAP DIMENSION       
   450.0 450.0   0.0                                        HGT1 / HGT2 / DHGT  
    87.5 -87.5  -2.5                                        LAT1 / LAT2 / DLAT  
  -180.0 180.0   5.0                                        LON1 / LON2 / DLON  
    -1                                                      EXPONENT            
TEC values in 0.1 tec units;  9999, if no value available   COMMENT             
DCB values in nanoseconds, reference is Sum_of_SatDCBs = 0  COMMENT             
                                                            END OF HEADER       
[from data line 1287]
     4                                                      START OF TEC MAP    
  2024     5    31     6     0     0                        EPOCH OF CURRENT MAP
    87.5-180.0 180.0   5.0 450.0                            LAT/LON1/LON2/DLON/H
  184  185  186  185  186  186  186  186  187  187  187  186  186  187  187  186
  185  186  186  185  184  184  183  182  181  180  179  178  177  177  176  175
  175  174  174  173  172  172  171  171  170  170  170  169  169  169  169  169
  170  171  172  172  173  174  175  176  176  178  178  179  179  180  180  181
  181  181  181  182  182  184  185  185  184
    85.0-180.0 180.0   5.0 450.0                            LAT/LON1/LON2/DLON/H
  185  185  185  186  186  188  189  190  191  191  193  194  195  196  195  196
  195  195  195  192  191  190  188  186  184  183  182  181  179  176  174  173
  170  169  167  167  165  164  163  163  162  162  162  162  162  162  163  164
  165  166  167  169  172  174  176  177  180  182  183  184  185  185  186  186
  187  187  188  188  187  187  186  186  185
    82.5-180.0 180.0   5.0 450.0                            LAT/LON1/LON2/DLON/H
  183  183  182  182  182  184  185  187  189  191  193  195  197  198  199  200
  200  199  198  197  197  194  191  188  184  181  178  176  172  169  167  164
  162  159  157  155  154  153  153  152  152  151  152  152  154  156  158  161
  164  167  170  174  178  181  185  188  192  193  196  198  199  200  199  198
  198  197  195  193  190  188  186  184  183
    80.0-180.0 180.0   5.0 450.0                            LAT/LON1/LON2/DLON/H
  182  179  177  176  175  176  177  179  182  186  189  193  196  199  203  204
  205  205  203  202  198  193  190  182  180  176  173  169  166  163  160  157
  154  151  149  147  145  145  145  144  144  144  146  147  149  152  157  162
  167  173  178  184  190  195  200  205  209  213  216  219  221  221  220  218
  215  211  207  202  197  192  188  185  182
    77.5-180.0 180.0   5.0 450.0                            LAT/LON1/LON2/DLON/H
  183  178  175  171  170  169  169  171  174  180  187  193  198  201  204  206
  205  202  200  196  191  186  178  174  168  166  164  160  156  153  151  149
  147  145  143  141  139  138  137  138  139  140  142  145  149  154  159  166
  173  181  188  196  204  211  218  225  231  236  240  243  245  244  242  239
  235  230  223  216  209  202  195  189  183
    75.0-180.0 180.0   5.0 450.0                            LAT/LON1/LON2/DLON/H
  188  180  173  170  165  162  161  164  170  177  183  189  195  200  201  200
  199  196  193  188  183  175  170  164  159  156  153  147  144  141  139  138
  138  138  139  138  137  136  136  136  138  139  143  148  153  160  167  176
  184  193  203  210  219  227  236  244  250  257  261  265  266  265  263  259
  254  249  242  234  226  216  208  198  188
    72.5-180.0 180.0   5.0 450.0                            LAT/LON1/LON2/DLON/H
  200  188  179  171  164  160  160  164  169  173  178  185  191  194  194  194
  193  188  185  180  173  164  159  154  148  145  142  139  135  132  131  131
  132  134  136  137  138  140  140  141  142  144  148  154  162  170  180  189
  200  210  218  226  234  242  249  257  264  270  274  278  280  279  277  274
  270  264  258  250  242  233  223  211  200
    70.0-180.0 180.0   5.0 450.0                            LAT/LON1/LON2/DLON/H
  216  206  192  181  170  165  163  164  167  170  175  180  186  187  186  189
  187  181  177  171  163  155  150  146  140  136  133  131  128  127  126  128
  130  132  136  138  140  143  146  149  152  154  160  166  176  186  196  207
  216  225  233  239  244  250  257  263  269  274  279  282  284  284  283  280
  276  272  267  261  255  248  239  229  216
    67.5-180.0 180.0   5.0 450.0                            LAT/LON1/LON2/DLON/H
  236  225  210  195  183  174  168  165  165  166  169  174  177  179  182  184
  180  173  169  163  155  148  143  140  136  132  129  127  126  125  125  127
  130  133  137  142  145  150  153  158  162  167  175  183  193  203  214  223
  232  239  244  247  250  253  256  260  263  268  271  275  277  278  277  276
  273  271  268  266  263  259  253  247  236
    65.0-180.0 180.0   5.0 450.0                            LAT/LON1/LON2/DLON/H
  252  242  229  211  198  186  175  168  163  162  163  167  169  171  173  175
  170  165  162  156  149  144  139  136  134  131  128  128  127  126  127  129
  132  137  141  146  152  158  163  168  175  181  191  201  211  222  231  239
  245  249  250  250  249  250  249  250  251  253  255  258  260  262  262  261
  261  261  262  263  264  265  263  260  252
    62.5-180.0 180.0   5.0 450.0                            LAT/LON1/LON2/DLON/H
  262  255  244  229  213  199  183  171  163  159  158  159  161  162  163  163
  162  157  154  149  143  140  136  133  132  130  128  128  129  129  130  133
  137  140  146  153  160  166  173  180  188  196  205  217  228  238  246  251
  255  254  253  250  246  244  240  237  235  234  236  238  240  241  242  242
  243  245  248  254  259  264  266  266  262
    60.0-180.0 180.0   5.0 450.0                            LAT/LON1/LON2/DLON/H
  264  260  253  243  228  211  193  178  166  158  154  152  153  155  154  154
  152  148  144  141  136  132  131  128  128  128  127  128  129  130  133  137
  141  146  151  159  168  175  183  192  201  209  220  231  242  252  259  262
  262  260  257  252  246  240  233  226  222  219  219  221  222  222  222  222
  223  226  232  240  249  257  261  264  264
    57.5-180.0 180.0   5.0 450.0                            LAT/LON1/LON2/DLON/H
  260  259  254  248  238  225  209  191  174  161  152  147  146  146  144  142
  141  138  135  131  127  124  123  122  122  124  126  125  127  131  136  141
  146  151  158  167  176  185  194  204  213  222  234  245  256  265  269  271
  270  267  262  257  249  239  231  223  218  214  212  212  212  211  209  208
  208  211  218  227  238  247  254  258  260
    55.0-180.0 180.0   5.0 450.0                            LAT/LON1/LON2/DLON/H
  255  254  251  249  246  239  226  209  190  170  156  145  140  137  134  133
  132  128  125  122  118  115  115  115  115  116  120  121  124  131  141  146
  152  159  166  175  184  194  205  215  224  236  247  259  269  277  281  281
  278  273  269  264  253  245  237  231  225  219  217  214  212  210  206  203
  203  205  211  220  230  239  246  251  255
    52.5-180.0 180.0   5.0 450.0                            LAT/LON1/LON2/DLON/H
  249  251  252  253  256  253  246  230  211  189  168  151  139  131  128  126
  125  122  120  115  112  109  107  108  109  110  115  120  126  138  148  156
  163  169  176  184  193  205  216  227  237  249  261  271  282  289  293  292
  288  283  279  275  266  260  253  248  242  235  231  228  223  219  213  209
  207  208  213  221  228  235  241  246  249
    50.0-180.0 180.0   5.0 450.0                            LAT/LON1/LON2/DLON/H
  247  250  255  263  269  271  269  257  236  212  187  164  147  133  127  124
  121  119  116  111  109  106  105  105  107  111  118  126  136  149  161  168
  174  180  187  195  204  216  228  240  251  262  274  285  296  304  305  305
  301  297  293  291  287  284  278  273  265  258  253  248  242  236  229  224
  221  221  225  230  235  239  242  245  247
    47.5-180.0 180.0   5.0 450.0                            LAT/LON1/LON2/DLON/H
  250  254  261  273  284  292  293  282  262  237  207  181  160  143  133  130
  126  121  119  116  113  111  110  112  115  121  129  140  152  165  176  183
  189  194  199  206  216  228  241  253  266  277  288  301  310  318  321  321
  317  314  310  312  313  312  307  301  291  283  278  270  263  258  251  246
  244  242  244  245  248  249  249  248  250
    45.0-180.0 180.0   5.0 450.0                            LAT/LON1/LON2/DLON/H
  257  262  270  283  299  310  311  303  284  258  229  201  176  157  146  141
  137  133  132  128  126  124  125  127  133  140  149  161  173  185  192  199
  204  209  213  217  228  241  255  269  282  294  303  314  325  335  338  340
  337  336  336  338  341  343  338  331  319  307  301  294  286  281  276  273
  271  269  270  268  267  265  261  257  257
    42.5-180.0 180.0   5.0 450.0                            LAT/LON1/LON2/DLON/H
  268  271  279  292  308  319  321  314  299  274  246  219  191  172  162  156
  153  149  149  147  146  146  147  151  158  168  178  191  200  206  211  217
  221  223  224  230  240  253  269  284  299  310  320  329  340  350  355  359
  360  363  365  370  374  375  367  360  347  331  323  315  308  305  303  302
  301  299  300  296  292  284  278  270  268
    40.0-180.0 180.0   5.0 450.0                            LAT/LON1/LON2/DLON/H
  280  280  286  297  309  318  318  313  301  281  256  231  205  187  176  171
  168  168  169  170  171  173  176  182  190  201  212  223  229  231  232  235
  236  236  236  241  250  265  282  299  314  325  334  342  352  361  370  379
  384  392  396  403  407  407  398  388  375  359  350  340  333  330  329  333
  333  334  333  327  319  307  296  286  280
    37.5-180.0 180.0   5.0 450.0                            LAT/LON1/LON2/DLON/H
  292  290  291  296  302  307  305  302  295  280  260  240  218  201  189  184
  182  184  187  195  197  201  207  214  224  235  246  255  257  254  249  247
  247  246  245  249  260  277  297  314  329  339  345  351  361  372  384  397
  408  415  424  433  439  437  430  420  410  396  387  374  367  363  361  367
  370  371  366  359  352  336  321  305  292
    35.0-180.0 180.0   5.0 450.0                            LAT/LON1/LON2/DLON/H
  311  299  294  294  293  291  288  287  283  275  261  245  227  213  201  197
  194  200  206  217  222  227  237  246  257  269  278  284  282  270  261  255
  252  250  250  254  267  287  307  326  339  347  351  357  366  379  394  412
  424  436  449  460  468  471  468  461  453  444  435  421  412  407  405  411
  414  415  409  401  393  374  354  332  311
    32.5-180.0 180.0   5.0 450.0                            LAT/LON1/LON2/DLON/H
  338  315  303  295  288  281  276  274  271  267  260  249  235  224  213  208
  207  213  221  234  243  252  265  276  289  299  304  308  300  282  269  260
  253  249  250  256  270  292  315  333  345  352  354  359  368  383  402  421
  438  454  470  486  502  508  513  511  507  501  494  480  470  464  461  464
  468  469  467  452  437  418  395  368  338
    30.0-180.0 180.0   5.0 450.0                            LAT/LON1/LON2/DLON/H
  374  344  323  307  296  286  278  271  268  267  264  255  243  234  224  219
  219  225  234  250  263  276  290  304  316  323  325  325  312  289  271  258
  248  243  245  254  271  296  320  338  347  352  353  358  368  384  406  428
  449  470  490  514  536  550  563  569  569  568  562  550  540  532  527  528
  533  530  526  509  491  472  447  410  374
    27.5-180.0 180.0   5.0 450.0                            LAT/LON1/LON2/DLON/H
  417  386  360  337  323  310  300  287  281  279  278  268  257  246  237  230
  231  238  247  268  285  298  311  327  336  339  338  332  314  291  268  251
  237  231  236  246  267  295  322  339  345  347  349  355  366  387  408  432
  459  485  513  538  568  593  615  627  631  634  631  621  613  605  598  599
  599  594  589  571  551  530  496  458  417
    25.0-180.0 180.0   5.0 450.0                            LAT/LON1/LON2/DLON/H
  473  433  403  382  367  357  343  324  312  307  304  291  276  264  252  247
  247  258  267  288  306  318  330  341  346  346  341  329  307  282  257  237
  221  213  219  234  258  289  317  333  338  339  343  351  368  387  410  435
  468  500  531  563  598  630  659  678  687  694  694  687  682  676  669  666
  660  656  654  634  614  590  555  516  473
    22.5-180.0 180.0   5.0 450.0                            LAT/LON1/LON2/DLON/H
  530  486  451  435  425  416  400  376  358  347  338  326  307  290  276  274
  274  283  289  308  323  333  342  347  347  343  333  316  291  265  240  219
  200  192  199  217  246  279  307  321  326  330  337  350  370  390  413  441
  476  510  545  583  622  657  688  715  731  740  746  744  743  737  730  725
  715  715  711  690  679  649  613  575  530
    20.0-180.0 180.0   5.0 450.0                            LAT/LON1/LON2/DLON/H
  586  543  503  489  488  484  464  439  412  394  377  361  341  320  308  308
  310  317  318  331  337  343  347  346  340  330  315  295  267  241  218  195
  174  166  175  198  230  262  290  306  314  321  332  352  374  396  422  447
  483  520  560  602  643  675  702  729  750  761  771  776  776  774  768  762
  753  757  754  742  730  700  666  629  586
    17.5-180.0 180.0   5.0 450.0                            LAT/LON1/LON2/DLON/H
  635  597  556  539  544  544  525  497  465  441  418  397  374  352  341  345
  348  348  343  350  347  346  343  337  324  308  288  265  237  213  189  167
  146  138  149  175  209  243  273  292  305  316  333  355  378  402  430  459
  492  531  575  620  658  685  707  728  744  757  768  775  779  780  779  773
  769  774  774  770  753  730  701  671  635
    15.0-180.0 180.0   5.0 450.0                            LAT/LON1/LON2/DLON/H
  662  628  597  573  584  589  569  539  506  478  454  431  407  385  375  380
  382  378  367  357  347  340  330  318  300  279  255  225  202  182  160  136
  120  112  125  151  187  225  258  282  300  317  337  358  380  406  435  467
  503  543  588  632  666  686  702  715  721  734  746  755  762  765  767  765
  766  766  764  764  757  739  717  690  662
    12.5-180.0 180.0   5.0 450.0                            LAT/LON1/LON2/DLON/H
  665  635  599  579  597  606  592  563  527  502  481  457  434  416  407  411
  411  397  380  354  335  323  307  291  270  245  218  189  169  150  128  111
   96   91  103  130  167  208  243  271  297  318  338  359  382  408  438  471
  510  555  600  640  668  682  689  692  695  707  720  730  736  739  744  746
  751  754  747  747  747  734  716  693  665
    10.0-180.0 180.0   5.0 450.0                            LAT/LON1/LON2/DLON/H
  656  620  578  560  573  588  576  554  525  506  490  472  455  439  435  436
  431  408  386  344  317  298  280  261  237  211  186  159  140  122  105   91
   78   76   88  114  152  193  229  263  295  319  339  359  381  407  435  468
  511  562  608  644  666  674  679  675  680  691  703  711  715  717  723  725
  731  737  737  735  733  723  709  686  656
     7.5-180.0 180.0   5.0 450.0                            LAT/LON1/LON2/DLON/H
  648  604  550  520  519  531  526  518  500  492  487  479  466  454  449  448
  438  408  383  331  298  273  252  231  207  182  158  135  117  103   90   79
   70   70   81  104  139  179  219  258  292  317  337  356  377  398  423  457
  508  562  608  646  666  676  680  680  686  694  703  707  707  706  708  710
  716  722  727  726  722  713  704  681  648
     5.0-180.0 180.0   5.0 450.0                            LAT/LON1/LON2/DLON/H
  650  600  534  484  462  466  465  465  459  463  468  470  466  455  445  440
  429  394  369  315  280  253  228  205  182  159  136  114  101   91   82   73
   67   69   79  100  131  170  211  254  290  314  332  349  365  382  406  440
  495  555  608  647  674  688  695  702  709  717  719  715  710  703  700  704
  709  715  721  724  720  711  702  684  650
     2.5-180.0 180.0   5.0 450.0                            LAT/LON1/LON2/DLON/H
  666  613  539  465  427  418  420  422  419  430  441  447  449  441  427  414
  398  367  343  299  266  235  209  187  166  144  122  101   90   84   79   72
   69   73   82  100  129  164  205  249  284  307  322  335  348  364  386  420
  470  539  597  644  680  703  718  730  741  748  746  735  722  709  702  704
  708  712  718  719  717  712  706  694  666
