DORISInput/IGSGIM/2024/IGS0OPSFIN_20241370000_01D_02H_GIM.INX
     1.0            IONOSPHERE MAPS     MIX                 IONEX VERSION / TYPE
cmpcmb v1.2          GRL/UWM            28-may-24 18:31     PGM / RUN BY / DATE 
ionex file containing IGS COMBINED Ionosphere maps          COMMENT             
global ionosphere maps for day 137, 2024                    DESCRIPTION         
IONEX file containing the COMBINED IGS TEC MAPS and DCBs    DESCRIPTION         
      IONEX files of the following IAACs were combined: cod DESCRIPTION         
                                                        jpl DESCRIPTION         
                                                        upc DESCRIPTION         
Contact address: Andrzej Krankowski                         DESCRIPTION
                 Geodynamics Research Laboratory            DESCRIPTION
                 University of Warmia and Mazury (GRL/UWM)  DESCRIPTION
                 Oczapowski St. 1                           DESCRIPTION
                 10-957-Olsztyn, POLAND                     DESCRIPTION
                 e-mail:  kand@uwm.edu.pl                   DESCRIPTION
                                                            DESCRIPTION         
  2024     5    16     0     0     0                        EPOCH OF FIRST MAP  
  2024     5    17     0     0     0                        EPOCH OF LAST MAP   
  7200                                                      INTERVAL            
    13                                                      # OF MAPS IN FILE   
  COSZ                                                      MAPPING FUNCTION    
     0.0                                                    ELEVATION CUTOFF    
combined TEC calculated as weighted mean of input TEC valuesOBSERVABLES USED    
   336                                                      # OF STATIONS       
    32                                                      # OF SATELLITES     
  6371.0                                                    BASE RADIUS         
     2                                                      MAP DIMENSION       
   450.0 450.0   0.0                                        HGT1 / HGT2 / DHGT  
    87.5 -87.5  -2.5                                        LAT1 / LAT2 / DLAT  
  -180.0 180.0   5.0                                        LON1 / LON2 / DLON  
    -1                                                      EXPONENT            
TEC values in 0.1 tec units;  9999, if no value available   COMMENT             
DCB values in nanoseconds, reference is Sum_of_SatDCBs = 0  COMMENT             
                                                            END OF HEADER       
[from data line 3003]
     8                                                      START OF TEC MAP    
  2024     5    16    14     0     0                        EPOCH OF CURRENT MAP
    87.5-180.0 180.0   5.0 450.0                            LAT/LON1/LON2/DLON/H
  221  221  221  220  219  219  219  218  218  218  218  219  218  218  218  218
  219  219  219  219  219  219  219  220  220  220  221  221  222  222  223  223
  224  225  225  227  228  228  228  229  230  230  231  231  232  231  232  232
  231  231  232  231  231  231  230  230  230  230  229  229  228  228  228  227
  226  226  225  225  224  223  222  221  221
    85.0-180.0 180.0   5.0 450.0                            LAT/LON1/LON2/DLON/H
  218  217  216  215  214  214  213  213  212  212  212  212  212  212  212  212
  213  213  215  215  215  215  215  215  216  215  216  218  219  219  220  221
  222  223  224  225  226  227  227  229  230  232  233  234  236  237  238  239
  239  238  239  237  237  237  237  236  236  235  234  234  233  231  230  229
  228  227  226  224  224  222  221  220  218
    82.5-180.0 180.0   5.0 450.0                            LAT/LON1/LON2/DLON/H
  215  213  211  210  209  207  207  206  206  205  205  205  204  204  204  204
  205  205  207  209  209  211  211  211  209  211  214  215  216  217  218  221
  222  225  226  228  230  231  232  234  235  236  238  240  241  243  245  246
  246  246  246  246  246  246  246  245  244  243  242  241  239  237  235  233
  231  230  228  226  224  221  219  217  215
    80.0-180.0 180.0   5.0 450.0                            LAT/LON1/LON2/DLON/H
  213  209  207  205  203  202  200  198  196  194  193  193  192  191  192  193
  193  195  196  198  200  204  206  205  205  207  209  211  213  216  219  221
  224  227  230  232  236  239  241  243  243  244  245  246  249  250  252  253
  255  255  256  257  257  257  257  257  256  254  253  250  246  244  241  239
  236  233  230  227  224  221  218  215  213
    77.5-180.0 180.0   5.0 450.0                            LAT/LON1/LON2/DLON/H
  209  206  203  202  199  196  193  191  187  185  184  184  185  186  187  186
  186  187  189  189  190  192  194  197  198  203  209  213  216  220  223  227
  231  236  240  242  245  247  249  251  251  252  254  255  257  259  261  264
  266  267  268  269  269  270  269  269  268  267  264  261  257  253  249  246
  242  237  234  229  225  222  218  214  209
    75.0-180.0 180.0   5.0 450.0                            LAT/LON1/LON2/DLON/H
  208  205  203  200  197  194  189  187  185  183  181  181  180  179  178  178
  178  178  179  181  184  187  191  193  197  201  206  213  219  225  231  236
  240  244  248  251  254  255  256  257  257  258  259  262  265  269  272  276
  279  282  283  283  282  282  281  280  278  276  273  270  266  261  256  252
  246  241  236  230  225  221  216  211  208
    72.5-180.0 180.0   5.0 450.0                            LAT/LON1/LON2/DLON/H
  209  207  205  203  199  196  194  192  189  187  183  180  178  176  174  172
  172  172  174  177  181  183  188  192  197  202  208  215  223  232  237  243
  250  255  257  260  261  262  262  263  263  264  265  268  272  277  282  286
  289  292  294  294  293  292  289  287  285  283  279  276  271  266  260  254
  248  242  237  229  224  218  215  211  209
    70.0-180.0 180.0   5.0 450.0                            LAT/LON1/LON2/DLON/H
  210  209  208  207  206  204  204  203  197  192  186  182  181  177  174  173
  173  172  174  175  179  182  187  193  200  204  210  216  225  233  241  248
  253  259  262  265  266  266  267  267  267  269  271  273  278  283  289  293
  296  298  299  298  297  296  294  290  287  283  279  276  271  265  259  253
  246  239  234  227  222  218  215  212  210
    67.5-180.0 180.0   5.0 450.0                            LAT/LON1/LON2/DLON/H
  210  210  211  212  212  213  214  212  207  201  194  190  188  184  182  181
  179  179  176  177  181  184  189  196  203  206  210  215  222  229  239  248
  254  259  264  267  268  269  269  269  269  271  274  278  283  288  292  296
  299  300  299  298  296  293  290  287  283  279  275  271  266  260  253  246
  241  234  230  222  217  215  213  212  210
    65.0-180.0 180.0   5.0 450.0                            LAT/LON1/LON2/DLON/H
  209  211  213  215  218  221  221  221  217  212  206  202  199  196  193  192
  192  189  186  184  185  187  192  199  205  208  209  213  218  224  232  243
  251  258  263  267  269  271  270  269  270  272  276  282  287  292  296  298
  300  299  298  295  292  288  285  281  276  272  266  262  255  249  243  236
  230  223  219  212  209  207  209  210  209
    62.5-180.0 180.0   5.0 450.0                            LAT/LON1/LON2/DLON/H
  204  208  213  217  221  226  228  228  227  223  220  215  212  209  208  207
  205  200  196  190  187  189  192  199  204  207  207  210  213  220  228  238
  247  256  262  267  269  271  271  271  273  276  281  287  292  298  302  303
  303  302  299  295  289  285  279  275  270  266  260  255  247  240  231  224
  217  211  208  199  196  193  197  198  204
    60.0-180.0 180.0   5.0 450.0                            LAT/LON1/LON2/DLON/H
  191  199  206  211  218  223  227  231  232  231  229  226  223  221  222  219
  215  207  199  191  187  187  192  198  203  206  207  208  212  217  225  236
  246  256  263  268  271  272  273  275  278  283  288  295  302  307  310  312
  311  308  303  298  293  287  280  275  270  265  259  253  243  235  225  217
  209  203  200  191  186  181  180  184  191
    57.5-180.0 180.0   5.0 450.0                            LAT/LON1/LON2/DLON/H
  179  186  190  193  201  210  219  225  230  232  233  232  231  228  228  223
  217  208  198  191  185  185  190  196  202  205  206  209  212  218  226  238
  249  258  266  272  276  278  280  284  286  292  299  306  313  319  324  324
  323  318  313  307  300  295  289  284  277  271  265  257  247  238  227  217
  210  201  198  190  183  176  173  174  179
    55.0-180.0 180.0   5.0 450.0                            LAT/LON1/LON2/DLON/H
  175  175  174  175  179  190  202  212  221  228  231  231  231  230  226  220
  213  203  195  187  183  184  189  195  200  204  208  211  216  225  234  247
  258  266  274  281  286  290  293  296  301  306  314  322  328  334  336  339
  335  330  324  318  312  308  304  299  293  285  277  268  257  246  236  227
  221  213  210  200  190  182  176  174  175
    52.5-180.0 180.0   5.0 450.0                            LAT/LON1/LON2/DLON/H
  177  171  165  162  162  169  182  196  207  217  221  224  225  223  220  214
  206  198  190  185  183  184  189  195  201  207  212  219  226  236  248  261
  271  281  290  297  304  307  311  315  318  325  332  339  345  350  353  352
  348  344  338  333  329  326  323  317  311  303  294  285  273  261  252  245
  240  235  232  220  209  196  187  181  177
    50.0-180.0 180.0   5.0 450.0                            LAT/LON1/LON2/DLON/H
  186  176  165  155  150  153  167  181  193  203  210  213  214  214  212  206
  200  193  187  185  185  187  192  198  204  211  220  230  240  253  266  279
  292  301  310  319  324  329  332  337  339  345  352  357  364  368  369  369
  365  360  355  351  348  345  342  335  329  320  310  300  289  278  271  266
  264  261  259  246  234  220  206  194  186
    47.5-180.0 180.0   5.0 450.0                            LAT/LON1/LON2/DLON/H
  202  190  173  158  147  147  158  173  186  196  200  203  205  206  206  202
  197  191  187  187  190  194  199  205  211  219  230  242  257  271  285  300
  311  323  335  344  350  356  359  361  364  370  375  380  385  389  388  388
  384  379  374  370  367  363  359  352  342  331  321  311  302  294  288  287
  287  286  285  274  262  246  230  215  202
    45.0-180.0 180.0   5.0 450.0                            LAT/LON1/LON2/DLON/H
  226  212  192  171  156  151  157  169  183  193  199  202  203  206  208  207
  202  196  192  193  197  203  209  214  221  230  244  258  275  291  305  321
  334  348  360  370  380  387  389  390  394  399  404  408  411  412  411  409
  404  400  393  388  384  379  372  362  350  337  325  316  309  304  301  302
  306  307  309  302  291  275  258  240  226
    42.5-180.0 180.0   5.0 450.0                            LAT/LON1/LON2/DLON/H
  253  239  219  195  174  165  165  173  186  196  205  210  212  217  222  222
  217  209  201  202  207  215  221  225  232  243  257  276  295  313  328  343
  356  374  388  400  413  420  425  425  428  432  435  439  443  441  437  435
  426  421  413  405  398  389  378  366  352  338  326  316  311  309  308  313
  319  326  331  328  319  302  284  267  253
    40.0-180.0 180.0   5.0 450.0                            LAT/LON1/LON2/DLON/H
  281  269  250  225  201  186  179  183  193  205  214  222  233  239  247  249
  241  228  217  214  220  227  233  237  244  256  273  295  315  332  352  367
  382  399  416  435  451  461  463  466  470  474  474  478  479  475  470  463
  453  444  432  423  411  398  384  369  353  337  326  318  314  313  315  321
  331  340  348  348  343  328  311  295  281
    37.5-180.0 180.0   5.0 450.0                            LAT/LON1/LON2/DLON/H
  310  297  281  256  232  210  197  195  203  215  229  243  257  272  283  286
  275  255  236  231  234  241  246  250  258  273  293  317  337  356  376  394
  411  431  454  474  493  504  509  514  518  520  524  522  520  512  507  495
  481  469  455  440  424  410  394  377  357  341  332  326  322  322  324  331
  343  354  365  365  360  349  336  322  310
    35.0-180.0 180.0   5.0 450.0                            LAT/LON1/LON2/DLON/H
  334  325  312  289  262  232  213  206  213  225  244  265  288  310  324  328
  314  287  260  250  250  255  258  261  271  293  316  339  360  380  403  421
  445  467  493  517  540  554  559  565  569  573  574  573  567  556  546  529
  512  498  479  462  443  427  410  393  371  357  350  347  343  341  341  347
  359  373  385  385  378  367  355  344  334
    32.5-180.0 180.0   5.0 450.0                            LAT/LON1/LON2/DLON/H
  354  347  338  317  290  256  230  216  219  233  257  288  319  349  368  374
  355  322  288  272  267  269  268  270  286  313  339  364  387  410  435  457
  483  509  537  567  590  607  613  620  627  625  627  623  614  600  585  564
  545  527  509  491  469  452  437  420  400  385  382  383  378  374  371  376
  387  401  412  411  401  384  370  360  354
    30.0-180.0 180.0   5.0 450.0                            LAT/LON1/LON2/DLON/H
  369  369  359  339  312  279  247  226  223  236  269  309  351  384  410  416
  395  359  316  294  284  280  276  280  301  333  360  390  419  447  474  501
  529  558  586  618  645  659  664  672  679  689  681  672  660  646  625  603
  580  564  547  527  501  484  471  459  442  427  426  429  426  418  413  416
  426  440  449  442  428  405  386  375  369
    27.5-180.0 180.0   5.0 450.0                            LAT/LON1/LON2/DLON/H
  381  383  376  356  331  302  269  240  229  238  274  328  378  416  447  457
  434  395  351  320  303  292  286  292  318  355  385  419  453  485  520  553
  582  612  642  675  701  713  717  722  732  746  732  719  706  688  669  646
  623  606  587  566  537  519  511  502  490  478  476  478  478  468  460  463
  472  485  490  480  461  430  402  386  381
    25.0-180.0 180.0   5.0 450.0                            LAT/LON1/LON2/DLON/H
  387  391  385  373  352  326  291  261  245  252  288  340  395  443  477  493
  467  431  390  353  325  309  302  310  338  377  414  453  492  528  565  604
  637  668  699  731  758  774  769  769  780  791  776  763  748  731  712  688
  665  648  624  598  573  551  548  544  534  526  523  525  527  519  511  514
  521  531  534  515  489  453  417  392  387
    22.5-180.0 180.0   5.0 450.0                            LAT/LON1/LON2/DLON/H
  383  386  386  381  368  350  320  291  271  272  302  352  410  464  501  518
  501  471  432  394  359  340  332  339  365  405  448  494  535  573  616  655
  692  721  755  784  808  821  816  808  812  819  812  799  787  770  750  730
  708  687  656  621  594  576  575  570  562  556  556  561  569  563  556  560
  565  572  571  544  506  463  420  390  383
    20.0-180.0 180.0   5.0 450.0                            LAT/LON1/LON2/DLON/H
  373  373  373  374  370  362  346  323  301  297  320  364  423  477  514  531
  525  506  472  439  402  382  374  378  403  442  487  535  577  619  665  705
  742  767  796  821  838  846  845  836  830  839  840  824  813  799  784  769
  744  718  682  637  605  583  576  567  564  564  571  582  590  587  583  585
  587  593  589  560  518  468  417  384  373
    17.5-180.0 180.0   5.0 450.0                            LAT/LON1/LON2/DLON/H
  368  364  362  362  361  363  361  350  331  319  333  375  428  480  516  536
  539  529  505  477  445  429  420  423  445  486  528  570  616  660  707  746
  778  801  820  838  849  850  850  844  842  854  857  843  836  824  815  801
  776  742  698  647  600  572  559  553  552  556  567  580  588  590  588  584
  582  582  574  552  512  464  415  382  368
    15.0-180.0 180.0   5.0 450.0                            LAT/LON1/LON2/DLON/H
  370  357  356  355  356  363  370  369  355  336  341  376  428  476  512  534
  542  538  525  506  484  473  464  470  494  533  569  608  653  695  738  771
  795  808  821  838  847  847  848  846  848  859  863  858  858  844  837  822
  794  761  708  641  587  556  543  541  543  545  551  561  569  573  574  568
  560  549  536  519  484  446  412  385  370
    12.5-180.0 180.0   5.0 450.0                            LAT/LON1/LON2/DLON/H
  370  355  354  354  357  362  374  379  369  347  342  369  415  464  501  522
  532  534  531  524  515  507  503  514  539  576  610  642  681  726  759  781
  792  797  808  826  837  840  840  841  845  858  867  870  869  857  845  831
  805  764  703  631  576  547  539  540  544  542  542  545  550  554  555  546
  532  513  494  472  443  419  402  384  370
    10.0-180.0 180.0   5.0 450.0                            LAT/LON1/LON2/DLON/H
  366  355  349  345  356  359  367  373  360  340  334  355  397  444  480  502
  515  522  529  532  534  534  537  552  580  616  646  673  707  745  767  776
  779  780  791  807  821  827  827  829  836  855  870  869  865  854  842  829
  801  759  698  629  578  554  553  562  567  562  552  547  549  547  542  528
  507  482  455  426  399  387  383  374  366
     7.5-180.0 180.0   5.0 450.0                            LAT/LON1/LON2/DLON/H
  354  350  338  325  338  350  351  352  336  318  315  334  375  420  456  481
  497  511  526  538  547  554  565  586  615  648  675  697  726  750  763  762
  759  760  770  784  800  808  808  811  823  846  860  858  849  839  830  817
  788  749  696  636  595  582  596  611  614  603  581  568  564  556  546  524
  491  459  426  396  369  359  360  355  354
     5.0-180.0 180.0   5.0 450.0                            LAT/LON1/LON2/DLON/H
  339  340  328  313  318  330  330  325  309  292  292  312  351  398  439  467
  485  505  524  541  555  568  586  614  643  674  697  717  736  749  752  745
  739  738  744  759  777  782  780  787  804  825  839  834  827  817  809  790
  769  735  691  647  625  629  656  677  672  649  620  595  584  576  564  535
  495  450  413  380  355  339  338  339  339
     2.5-180.0 180.0   5.0 450.0                            LAT/LON1/LON2/DLON/H
  326  329  322  308  304  304  302  296  282  269  271  293  334  382  428  461
  482  504  525  546  563  580  604  635  665  692  711  727  739  744  741  730
  720  716  721  736  750  752  749  758  777  797  808  802  796  787  778  761
  745  718  681  655  655  675  712  737  729  694  657  620  601  599  587  554
  508  457  418  378  354  337  330  328  326
