DORISInput/IGSGIM/2024/IGS0OPSFIN_20241290000_01D_02H_GIM.INX
     1.0            IONOSPHERE MAPS     MIX                 IONEX VERSION / TYPE
cmpcmb v1.2          GRL/UWM            28-may-24 16:14     PGM / RUN BY / DATE 
ionex file containing IGS COMBINED Ionosphere maps          COMMENT             
global ionosphere maps for day 129, 2024                    DESCRIPTION         
IONEX file containing the COMBINED IGS TEC MAPS and DCBs    DESCRIPTION         
      IONEX files of the following IAACs were combined: cod DESCRIPTION         
                                                        jpl DESCRIPTION         
                                                        upc DESCRIPTION         
Contact address: Andrzej Krankowski                         DESCRIPTION
                 Geodynamics Research Laboratory            DESCRIPTION
                 University of Warmia and Mazury (GRL/UWM)  DESCRIPTION
                 Oczapowski St. 1                           DESCRIPTION
                 10-957-Olsztyn, POLAND                     DESCRIPTION
                 e-mail:  kand@uwm.edu.pl                   DESCRIPTION
                                                            DESCRIPTION         
  2024     5     8     0     0     0                        EPOCH OF FIRST MAP  
  2024     5     9     0     0     0                        EPOCH OF LAST MAP   
  7200                                                      INTERVAL            
    13                                                      # OF MAPS IN FILE   
  COSZ                                                      MAPPING FUNCTION    
     0.0                                                    ELEVATION CUTOFF    
combined TEC calculated as weighted mean of input TEC valuesOBSERVABLES USED    
   338                                                      # OF STATIONS       
    32                                                      # OF SATELLITES     
  6371.0                                                    BASE RADIUS         
     2                                                      MAP DIMENSION       
   450.0 450.0   0.0                                        HGT1 / HGT2 / DHGT  
    87.5 -87.5  -2.5                                        LAT1 / LAT2 / DLAT  
  -180.0 180.0   5.0                                        LON1 / LON2 / DLON  
    -1                                                      EXPONENT            
TEC values in 0.1 tec units;  9999, if no value available   COMMENT             
DCB values in nanoseconds, reference is Sum_of_SatDCBs = 0  COMMENT             
                                                            END OF HEADER       
[from data line 1287]
     4                                                      START OF TEC MAP    
  2024     5     8     6     0     0                        EPOCH OF CURRENT MAP
    87.5-180.0 180.0   5.0 450.0                            LAT/LON1/LON2/DLON/H
  231  231  231  232  232  231  232  233  233  234  234  235  235  236  235  236
  237  237  238  237  237  237  237  236  235  235  234  233  233  231  231  230
  229  229  228  227  227  226  226  226  225  225  225  225  226  226  226  227
  227  228  228  228  229  229  229  229  230  230  230  230  230  230  231  231
  231  231  231  231  230  231  231  231  231
    85.0-180.0 180.0   5.0 450.0                            LAT/LON1/LON2/DLON/H
  226  226  227  227  228  229  230  231  232  234  235  237  239  240  241  242
  242  242  243  242  242  241  240  239  238  236  234  232  230  228  227  225
  224  223  221  221  220  219  219  219  219  219  220  220  221  222  223  224
  225  226  227  228  229  230  231  232  232  232  233  233  233  233  232  232
  231  230  229  229  228  227  227  226  226
    82.5-180.0 180.0   5.0 450.0                            LAT/LON1/LON2/DLON/H
  223  223  222  223  224  225  226  227  230  232  235  238  240  242  244  245
  247  248  248  249  248  246  244  241  237  234  232  228  226  221  219  216
  215  213  212  211  211  212  212  213  214  215  216  217  219  221  224  226
  229  231  232  234  236  238  239  241  242  243  243  243  243  242  240  239
  236  234  232  230  228  226  225  224  223
    80.0-180.0 180.0   5.0 450.0                            LAT/LON1/LON2/DLON/H
  219  218  216  216  216  217  219  221  223  226  230  232  235  238  241  243
  246  247  248  247  247  247  245  238  233  228  223  219  215  211  208  206
  204  202  203  203  203  205  206  208  211  215  218  221  224  227  231  233
  236  240  243  246  249  251  254  256  258  260  260  260  259  257  254  251
  247  244  240  235  232  228  224  221  219
    77.5-180.0 180.0   5.0 450.0                            LAT/LON1/LON2/DLON/H
  219  217  214  213  211  211  212  214  215  216  218  221  225  228  232  236
  239  241  243  244  243  241  234  230  223  216  211  205  200  195  194  191
  191  190  191  193  196  199  203  208  213  218  224  229  236  240  245  249
  251  255  259  262  266  269  273  276  279  281  282  282  280  276  272  267
  262  256  251  245  238  233  227  223  219
    75.0-180.0 180.0   5.0 450.0                            LAT/LON1/LON2/DLON/H
  225  221  217  213  211  209  209  208  207  208  209  211  213  216  220  224
  228  231  234  234  234  230  224  219  213  205  196  187  182  180  176  175
  177  179  182  185  191  196  203  210  217  226  233  241  248  256  261  267
  270  274  278  282  284  290  294  297  300  303  303  303  301  297  292  285
  279  272  264  257  249  242  236  230  225
    72.5-180.0 180.0   5.0 450.0                            LAT/LON1/LON2/DLON/H
  234  228  224  219  216  212  209  206  204  201  201  200  201  203  205  208
  212  217  220  221  221  217  210  205  196  188  180  173  166  163  163  166
  167  172  176  182  189  196  204  213  223  232  242  252  262  271  278  284
  290  293  298  303  306  312  315  315  317  320  320  320  318  315  308  303
  295  288  279  271  262  254  247  240  234
    70.0-180.0 180.0   5.0 450.0                            LAT/LON1/LON2/DLON/H
  243  237  232  227  223  216  212  207  202  198  195  192  190  190  190  192
  198  200  205  207  205  200  194  188  179  170  164  158  153  155  156  160
  165  171  176  183  190  196  205  215  226  238  250  262  275  286  294  300
  306  310  316  321  324  326  326  326  327  329  330  330  329  325  321  316
  307  299  291  283  274  266  257  250  243
    67.5-180.0 180.0   5.0 450.0                            LAT/LON1/LON2/DLON/H
  252  246  240  234  228  222  217  212  205  199  194  187  181  178  178  179
  181  185  189  192  190  185  179  172  163  156  149  146  144  147  153  160
  167  173  179  185  190  196  204  214  226  240  254  270  285  297  308  314
  321  325  331  332  332  331  330  330  330  332  332  333  333  330  326  321
  314  306  298  291  284  275  267  259  252
    65.0-180.0 180.0   5.0 450.0                            LAT/LON1/LON2/DLON/H
  259  251  244  237  231  227  222  217  210  203  194  185  177  171  168  168
  168  171  175  178  176  170  165  158  151  144  139  137  139  145  153  161
  171  178  183  187  190  195  201  211  223  238  256  274  292  306  318  327
  334  337  340  339  336  333  329  328  328  330  330  330  329  326  323  318
  312  306  301  295  290  283  275  267  259
    62.5-180.0 180.0   5.0 450.0                            LAT/LON1/LON2/DLON/H
  263  254  245  237  231  228  225  221  215  208  199  188  177  169  162  160
  158  160  163  164  162  157  151  146  139  134  132  133  136  146  155  166
  175  182  186  188  190  192  197  207  221  237  257  279  297  314  328  339
  347  348  348  345  340  335  329  328  327  327  326  325  322  319  314  310
  305  302  299  295  291  287  280  272  263
    60.0-180.0 180.0   5.0 450.0                            LAT/LON1/LON2/DLON/H
  263  252  243  236  230  226  225  223  219  214  205  194  181  170  160  155
  153  151  152  152  149  145  141  136  130  128  128  130  136  146  157  167
  176  183  187  190  190  191  196  206  221  241  261  283  305  322  337  350
  357  358  356  353  347  342  337  334  332  330  326  322  316  311  305  301
  296  295  294  293  290  286  281  272  263
    57.5-180.0 180.0   5.0 450.0                            LAT/LON1/LON2/DLON/H
  263  252  242  234  229  226  224  223  222  217  210  199  186  173  161  153
  148  146  145  143  141  137  133  129  125  125  126  131  137  146  157  167
  177  185  189  192  193  194  198  209  225  245  268  291  312  331  348  358
  367  369  369  365  360  357  352  349  345  340  331  324  315  308  302  297
  291  289  289  289  288  286  281  273  263
    55.0-180.0 180.0   5.0 450.0                            LAT/LON1/LON2/DLON/H
  265  254  244  236  232  229  227  226  225  219  212  202  188  175  163  153
  147  142  140  138  136  134  131  128  125  125  128  133  141  148  159  168
  179  187  192  196  197  200  206  217  235  254  278  301  323  342  356  371
  380  384  384  383  380  378  373  369  362  356  346  336  324  316  308  301
  293  289  289  289  289  288  283  274  265
    52.5-180.0 180.0   5.0 450.0                            LAT/LON1/LON2/DLON/H
  270  261  252  248  244  241  238  234  230  222  212  200  188  176  163  154
  146  142  140  137  136  135  133  131  130  131  135  140  146  153  161  170
  180  189  197  201  204  208  215  227  244  266  290  314  334  353  371  386
  395  403  405  406  407  404  397  390  384  377  367  355  343  331  321  311
  302  296  295  296  296  294  289  281  270
    50.0-180.0 180.0   5.0 450.0                            LAT/LON1/LON2/DLON/H
  284  276  270  267  266  263  258  250  241  228  213  199  185  174  164  155
  149  144  144  142  142  143  141  141  141  143  147  152  156  159  164  171
  180  191  200  207  212  217  225  239  257  279  303  325  348  368  384  401
  415  425  431  436  438  432  425  417  408  399  389  378  365  350  338  326
  315  310  308  307  308  305  300  292  284
    47.5-180.0 180.0   5.0 450.0                            LAT/LON1/LON2/DLON/H
  301  297  294  293  294  291  283  272  256  238  218  199  183  172  163  157
  152  150  151  153  154  155  156  157  158  160  162  166  167  168  167  172
  181  193  205  214  221  227  236  248  268  291  316  340  365  386  405  424
  440  453  463  468  469  465  456  446  435  423  410  398  384  369  357  344
  332  326  325  324  324  321  316  308  301
    45.0-180.0 180.0   5.0 450.0                            LAT/LON1/LON2/DLON/H
  323  320  318  319  321  318  310  294  273  249  224  202  183  171  164  160
  157  157  160  164  167  172  175  177  177  179  179  181  180  178  173  176
  185  196  208  219  228  236  245  258  278  303  331  358  383  407  428  450
  467  486  496  502  500  498  487  475  462  447  431  417  401  387  374  363
  352  348  347  347  346  341  336  329  323
    42.5-180.0 180.0   5.0 450.0                            LAT/LON1/LON2/DLON/H
  346  342  340  340  340  337  327  310  287  259  231  208  187  174  168  165
  165  167  170  176  183  189  193  196  198  198  198  198  194  188  181  182
  190  200  212  224  234  243  253  267  289  316  345  376  404  432  455  479
  499  518  529  537  534  529  517  505  487  471  453  436  418  404  392  381
  373  371  371  372  371  364  357  352  346
    40.0-180.0 180.0   5.0 450.0                            LAT/LON1/LON2/DLON/H
  367  361  355  352  349  344  333  315  292  265  238  215  194  180  174  173
  174  177  182  190  198  206  211  216  218  218  217  216  209  199  190  190
  195  204  216  229  241  251  260  277  301  331  365  397  429  458  482  507
  529  550  563  568  566  560  549  536  517  498  476  459  439  424  412  402
  395  394  398  398  398  391  383  377  367
    37.5-180.0 180.0   5.0 450.0                            LAT/LON1/LON2/DLON/H
  392  376  365  356  347  336  323  308  288  265  242  221  202  189  183  182
  183  188  194  202  210  220  228  234  236  239  238  233  224  210  201  197
  201  209  222  236  250  261  272  291  318  351  388  421  453  479  508  533
  556  578  591  599  600  597  587  575  556  533  508  492  471  455  443  431
  424  424  429  431  429  423  414  405  392
    35.0-180.0 180.0   5.0 450.0                            LAT/LON1/LON2/DLON/H
  419  398  379  356  337  317  301  288  274  257  242  225  210  199  193  192
  193  198  204  211  221  231  242  249  254  259  257  251  240  226  213  206
  207  216  230  245  261  274  290  310  340  375  409  441  469  498  527  551
  575  598  616  630  637  640  632  625  608  582  558  540  520  503  488  476
  468  464  471  472  466  459  453  439  419
    32.5-180.0 180.0   5.0 450.0                            LAT/LON1/LON2/DLON/H
  461  434  402  366  335  303  277  262  254  244  236  228  216  208  203  202
  204  208  213  220  229  241  254  265  276  281  277  270  257  241  225  217
  216  223  237  255  273  290  309  335  364  396  429  458  484  510  536  560
  584  610  635  660  678  687  689  687  674  654  630  611  590  569  547  532
  518  515  522  523  514  508  497  485  461
    30.0-180.0 180.0   5.0 450.0                            LAT/LON1/LON2/DLON/H
  522  493  446  395  349  308  271  247  237  229  228  228  223  215  210  211
  214  217  222  229  238  249  264  280  299  304  296  287  273  255  237  228
  224  230  243  261  282  304  328  355  385  415  441  466  488  512  535  558
  584  618  651  687  718  739  753  761  753  739  719  699  676  651  622  601
  583  577  585  582  577  567  561  552  522
    27.5-180.0 180.0   5.0 450.0                            LAT/LON1/LON2/DLON/H
  612  570  514  452  393  342  293  257  236  224  226  231  230  224  218  218
  221  226  230  240  247  259  274  293  318  325  314  301  285  265  247  236
  229  232  245  265  289  315  343  373  401  426  448  466  485  505  526  549
  582  622  664  711  755  786  818  836  834  826  812  793  771  740  706  681
  657  652  653  651  650  642  641  638  612
    25.0-180.0 180.0   5.0 450.0                            LAT/LON1/LON2/DLON/H
  721  682  610  542  470  404  350  302  265  246  240  245  242  237  231  229
  230  237  241  254  260  271  287  308  329  337  325  309  289  269  251  236
  227  229  242  263  292  321  351  382  408  428  445  460  474  494  513  540
  578  625  676  732  786  829  871  897  900  900  893  879  862  830  794  763
  735  725  723  721  727  726  733  739  721
    22.5-180.0 180.0   5.0 450.0                            LAT/LON1/LON2/DLON/H
  836  809  734  661  578  507  442  392  338  302  280  273  265  258  249  246
  247  258  261  272  276  285  301  322  337  342  329  309  286  264  245  228
  217  218  230  255  287  319  350  379  403  421  436  449  463  481  504  535
  575  625  684  744  801  854  904  936  944  948  944  941  934  907  872  839
  808  793  788  789  794  804  821  841  836
    20.0-180.0 180.0   5.0 450.0                            LAT/LON1/LON2/DLON/H
  934  918  858  779  697  630  565  511  443  387  345  322  304  290  277  272
  272  281  284  290  292  301  312  328  339  338  322  299  271  250  228  213
  202  200  215  239  272  309  340  367  392  411  424  438  455  475  503  536
  576  630  690  747  803  855  904  935  950  959  965  971  968  951  921  891
  865  849  841  841  846  860  881  914  934
    17.5-180.0 180.0   5.0 450.0                            LAT/LON1/LON2/DLON/H
  975  965  916  851  788  739  696  649  573  497  437  388  359  337  318  308
  305  308  309  309  308  312  316  325  331  323  305  276  245  223  203  191
  182  181  194  221  254  289  323  352  378  398  413  430  451  478  513  549
  591  639  692  743  791  833  869  897  919  938  955  969  973  962  943  919
  900  885  875  872  873  882  908  945  975
    15.0-180.0 180.0   5.0 450.0                            LAT/LON1/LON2/DLON/H
  945  942  903  848  805  789  798  777  704  610  536  467  423  398  375  356
  346  338  333  324  319  315  312  314  312  299  277  249  213  192  176  167
  161  162  175  202  232  268  304  334  364  387  408  430  458  492  533  568
  611  658  701  737  772  801  825  850  876  901  924  943  955  957  947  929
  914  900  889  881  876  881  902  933  945
    12.5-180.0 180.0   5.0 450.0                            LAT/LON1/LON2/DLON/H
  886  871  824  776  744  770  817  836  790  706  619  555  506  471  445  415
  391  369  356  335  324  312  302  295  287  270  247  219  189  166  153  145
  141  143  157  183  214  251  285  318  352  381  409  438  469  511  555  596
  635  677  711  734  755  774  792  812  838  863  890  913  933  942  939  926
  913  902  890  878  871  870  877  891  886
    10.0-180.0 180.0   5.0 450.0                            LAT/LON1/LON2/DLON/H
  828  788  714  635  620  660  738  811  807  755  682  622  578  549  521  480
  443  407  383  349  325  304  288  275  260  241  219  193  166  148  138  130
  125  129  141  168  201  237  271  307  343  380  412  447  489  532  579  621
  660  697  722  739  751  766  781  799  820  843  868  894  916  929  929  919
  906  897  882  869  858  852  850  845  828
     7.5-180.0 180.0   5.0 450.0                            LAT/LON1/LON2/DLON/H
  774  711  606  503  467  498  585  694  739  735  694  653  625  609  589  545
  495  443  408  363  324  296  274  256  238  218  197  174  152  136  127  121
  117  120  133  156  191  224  258  297  339  379  417  458  501  547  597  645
  683  716  740  757  769  783  801  816  831  848  868  892  915  930  926  914
  898  888  873  859  844  833  826  805  774
     5.0-180.0 180.0   5.0 450.0                            LAT/LON1/LON2/DLON/H
  736  650  529  397  331  342  419  529  615  653  648  637  635  635  629  593
  537  476  432  366  322  287  261  239  221  202  184  164  145  131  122  117
  114  116  128  151  181  214  249  290  332  374  415  458  501  545  600  652
  695  734  763  788  808  826  848  864  873  881  893  913  933  942  929  911
  894  881  866  851  840  827  812  784  736
     2.5-180.0 180.0   5.0 450.0                            LAT/LON1/LON2/DLON/H
  734  635  488  340  244  229  292  389  481  541  567  581  604  617  627  598
  548  475  427  362  313  277  250  229  211  194  178  159  143  129  120  115
  113  115  126  146  174  206  242  281  322  362  403  445  484  529  584  638
  694  745  783  823  856  883  912  931  936  936  939  952  962  959  932  907
  887  874  860  848  838  831  818  789  734
