DORISInput/IGSGIM/2024/IGS0OPSFIN_20241450000_01D_02H_GIM.INX
     1.0            IONOSPHERE MAPS     MIX                 IONEX VERSION / TYPE
cmpcmb v1.2          GRL/UWM             5-jun-24 16:44     PGM / RUN BY / DATE 
ionex file containing IGS COMBINED Ionosphere maps          COMMENT             
global ionosphere maps for day 145, 2024                    DESCRIPTION         
IONEX file containing the COMBINED IGS TEC MAPS and DCBs    DESCRIPTION         
      IONEX files of the following IAACs were combined: cod DESCRIPTION         
                                                        jpl DESCRIPTION         
                                                        upc DESCRIPTION         
Contact address: Andrzej Krankowski                         DESCRIPTION
                 Geodynamics Research Laboratory            DESCRIPTION
                 University of Warmia and Mazury (GRL/UWM)  DESCRIPTION
                 Oczapowski St. 1                           DESCRIPTION
                 10-957-Olsztyn, POLAND                     DESCRIPTION
                 e-mail:  kand@uwm.edu.pl                   DESCRIPTION
                                                            DESCRIPTION         
  2024     5    24     0     0     0                        EPOCH OF FIRST MAP  
  2024     5    25     0     0     0                        EPOCH OF LAST MAP   
  7200                                                      INTERVAL            
    13                                                      # OF MAPS IN FILE   
  COSZ                                                      MAPPING FUNCTION    
     0.0                                                    ELEVATION CUTOFF    
combined TEC calculated as weighted mean of input TEC valuesOBSERVABLES USED    
   335                                                      # OF STATIONS       
    32                                                      # OF SATELLITES     
  6371.0                                                    BASE RADIUS         
     2                                                      MAP DIMENSION       
   450.0 450.0   0.0                                        HGT1 / HGT2 / DHGT  
    87.5 -87.5  -2.5                                        LAT1 / LAT2 / DLAT  
  -180.0 180.0   5.0                                        LON1 / LON2 / DLON  
    -1                                                      EXPONENT            
TEC values in 0.1 tec units;  9999, if no value available   COMMENT             
DCB values in nanoseconds, reference is Sum_of_SatDCBs = 0  COMMENT             
                                                            END OF HEADER       
[from data line 2145]
     6                                                      START OF TEC MAP    
  2024     5    24    10     0     0                        EPOCH OF CURRENT MAP
    87.5-180.0 180.0   5.0 450.0                            LAT/LON1/LON2/DLON/H
  158  157  157  156  156  155  155  155  154  154  154  154  153  153  153  153
  153  153  153  153  153  153  153  153  154  154  155  155  155  155  157  156
  157  157  157  158  158  158  158  159  159  161  160  161  162  162  162  163
  163  162  163  163  162  162  162  162  162  162  162  162  162  162  161  161
  160  160  159  159  159  158  158  158  158
    85.0-180.0 180.0   5.0 450.0                            LAT/LON1/LON2/DLON/H
  162  161  160  160  159  158  157  156  156  154  154  153  152  152  151  151
  150  149  149  150  151  151  151  151  151  151  152  153  153  154  156  156
  157  159  159  159  160  160  161  163  163  164  164  165  165  166  166  166
  167  167  167  167  167  167  167  167  167  168  168  168  168  168  168  168
  168  167  166  165  165  164  163  162  162
    82.5-180.0 180.0   5.0 450.0                            LAT/LON1/LON2/DLON/H
  171  170  168  166  164  161  160  158  155  154  151  150  150  149  148  147
  147  147  147  147  148  148  149  149  150  151  152  152  154  155  156  158
  160  163  163  167  168  170  171  170  170  170  171  172  173  173  174  174
  174  174  175  175  176  176  176  176  177  177  178  178  178  178  178  178
  178  177  176  176  175  175  174  173  171
    80.0-180.0 180.0   5.0 450.0                            LAT/LON1/LON2/DLON/H
  181  179  176  173  169  165  163  160  157  155  153  151  150  148  145  145
  143  141  141  140  138  143  145  144  146  147  147  150  151  154  157  161
  165  170  174  177  182  183  184  185  185  186  186  185  184  184  184  185
  185  186  187  188  188  190  191  192  192  193  193  193  193  193  193  192
  192  192  191  191  189  187  185  183  181
    77.5-180.0 180.0   5.0 450.0                            LAT/LON1/LON2/DLON/H
  189  186  183  179  175  170  167  164  161  158  155  153  151  149  146  143
  141  139  138  138  139  139  139  139  143  144  145  149  151  155  159  165
  170  178  185  190  195  199  201  203  202  202  200  200  200  199  198  200
  201  202  203  204  206  207  209  210  211  212  213  213  213  212  212  211
  211  210  209  206  203  199  195  192  189
    75.0-180.0 180.0   5.0 450.0                            LAT/LON1/LON2/DLON/H
  194  191  187  183  176  173  170  168  165  162  156  152  149  146  144  142
  139  137  138  137  134  133  135  135  134  139  141  145  148  155  163  167
  175  185  193  200  208  214  217  217  218  217  216  216  216  216  216  218
  220  221  221  223  224  226  227  229  231  232  233  233  232  233  232  231
  231  228  225  220  214  209  203  199  194
    72.5-180.0 180.0   5.0 450.0                            LAT/LON1/LON2/DLON/H
  196  192  186  181  177  177  174  171  167  160  157  151  147  143  142  139
  137  138  135  134  132  131  130  131  131  133  136  140  145  154  162  173
  181  193  203  212  219  227  230  232  234  232  232  232  233  234  235  238
  239  240  240  240  242  243  244  246  247  249  251  251  252  252  251  249
  247  243  237  231  224  217  209  202  196
    70.0-180.0 180.0   5.0 450.0                            LAT/LON1/LON2/DLON/H
  194  188  182  180  178  177  174  171  166  161  155  149  145  142  139  138
  137  135  134  134  131  128  127  128  129  131  135  140  147  154  164  176
  189  198  210  220  227  234  240  243  246  246  247  247  249  250  252  254
  255  256  256  255  254  255  255  257  258  261  263  264  266  266  264  262
  258  251  245  239  229  220  210  201  194
    67.5-180.0 180.0   5.0 450.0                            LAT/LON1/LON2/DLON/H
  185  179  174  171  169  169  168  167  163  156  150  146  143  140  138  137
  138  136  136  134  131  128  128  129  130  132  137  143  150  159  169  181
  192  204  214  225  233  241  246  250  254  256  258  259  262  263  265  266
  269  268  268  265  263  262  261  261  263  266  268  270  271  271  269  267
  261  256  250  242  231  220  207  193  185
    65.0-180.0 180.0   5.0 450.0                            LAT/LON1/LON2/DLON/H
  177  169  162  158  156  157  156  158  154  148  143  141  139  138  137  138
  136  136  136  135  132  132  132  133  135  139  144  150  156  165  173  185
  196  207  217  228  236  244  251  255  260  263  266  269  271  273  276  277
  279  277  275  271  266  264  261  261  262  266  269  270  271  269  267  264
  259  253  247  240  230  220  203  189  177
    62.5-180.0 180.0   5.0 450.0                            LAT/LON1/LON2/DLON/H
  176  164  155  148  143  143  143  144  143  139  134  134  134  134  135  135
  134  134  136  135  133  134  137  140  143  149  154  159  165  171  179  188
  199  209  218  228  237  245  252  260  265  270  274  278  280  282  285  286
  287  285  281  275  269  265  261  259  259  262  265  266  265  264  260  255
  250  244  240  235  228  220  205  189  176
    60.0-180.0 180.0   5.0 450.0                            LAT/LON1/LON2/DLON/H
  185  169  156  145  137  135  133  132  131  129  125  126  127  128  129  131
  131  132  135  135  135  137  142  147  154  159  165  169  174  179  184  192
  202  210  218  228  237  246  255  264  271  276  282  286  288  291  294  295
  295  293  288  281  274  268  262  259  258  259  261  261  260  257  252  246
  240  236  233  231  228  222  211  199  185
    57.5-180.0 180.0   5.0 450.0                            LAT/LON1/LON2/DLON/H
  197  181  167  153  141  133  130  124  121  118  116  117  118  121  123  125
  127  129  133  134  137  141  147  154  163  170  175  180  183  187  191  196
  204  211  219  228  238  247  259  268  278  285  292  296  298  301  303  306
  307  306  300  292  283  274  266  260  258  257  258  258  257  252  245  238
  232  230  230  232  232  228  220  210  197
    55.0-180.0 180.0   5.0 450.0                            LAT/LON1/LON2/DLON/H
  211  196  180  166  152  143  137  126  118  113  111  110  111  115  118  120
  124  127  130  133  138  144  151  159  170  178  185  189  193  195  199  201
  207  214  221  229  240  250  263  275  286  295  303  308  310  315  319  322
  325  323  318  309  296  285  275  267  264  263  262  261  257  251  243  236
  231  230  233  238  242  240  234  223  211
    52.5-180.0 180.0   5.0 450.0                            LAT/LON1/LON2/DLON/H
  226  213  198  181  169  156  148  136  126  117  112  109  109  111  113  116
  120  123  128  132  138  145  154  164  176  186  194  200  203  204  206  209
  213  219  227  234  244  256  269  283  296  308  317  322  326  330  335  341
  346  347  342  331  317  302  289  280  274  272  271  267  262  255  247  240
  237  239  244  250  255  254  249  239  226
    50.0-180.0 180.0   5.0 450.0                            LAT/LON1/LON2/DLON/H
  242  230  216  203  189  176  166  151  140  130  122  117  115  112  113  115
  118  122  128  135  140  149  158  171  184  195  204  210  212  212  214  216
  220  226  234  243  252  264  278  294  309  323  334  340  344  348  353  362
  370  374  372  361  344  325  307  295  286  282  279  273  267  261  256  251
  249  251  258  264  269  268  263  253  242
    47.5-180.0 180.0   5.0 450.0                            LAT/LON1/LON2/DLON/H
  256  244  232  221  209  196  186  169  160  148  138  133  128  123  120  121
  123  127  133  140  147  157  169  183  196  206  214  220  222  222  222  225
  229  236  244  252  261  273  288  305  323  340  353  362  366  370  377  387
  396  403  402  392  374  351  327  311  298  290  286  280  273  270  267  265
  265  267  273  277  279  278  273  264  256
    45.0-180.0 180.0   5.0 450.0                            LAT/LON1/LON2/DLON/H
  261  253  244  238  229  215  207  191  181  172  162  154  146  139  136  134
  134  138  144  152  160  173  186  200  212  221  228  233  233  231  230  232
  238  248  256  263  272  284  300  320  339  360  373  387  395  400  406  418
  427  437  437  424  403  377  348  328  311  299  292  286  281  278  279  281
  281  284  286  288  286  282  277  271  261
    42.5-180.0 180.0   5.0 450.0                            LAT/LON1/LON2/DLON/H
  263  257  252  247  241  230  223  211  203  197  187  176  166  159  153  151
  152  154  159  168  179  194  210  223  234  240  243  246  243  239  238  242
  249  259  268  275  284  296  312  333  356  379  401  416  429  435  442  453
  465  475  471  457  432  403  370  347  327  310  299  290  287  287  290  294
  295  294  294  293  288  280  275  270  263
    40.0-180.0 180.0   5.0 450.0                            LAT/LON1/LON2/DLON/H
  259  255  252  250  246  238  234  227  222  216  210  200  189  180  172  171
  170  171  176  186  200  217  234  249  258  261  261  260  254  249  248  252
  260  270  280  287  297  310  328  352  378  404  433  452  469  473  484  496
  506  516  507  493  466  434  402  373  349  328  313  301  296  298  302  306
  306  302  298  294  287  277  271  264  259
    37.5-180.0 180.0   5.0 450.0                            LAT/LON1/LON2/DLON/H
  253  251  249  249  247  244  241  238  236  233  232  223  212  201  193  190
  187  188  193  204  220  240  260  276  284  284  280  274  265  260  259  261
  271  281  291  298  311  327  350  375  405  437  466  493  512  524  533  546
  556  557  549  534  507  475  445  413  385  361  342  323  314  314  314  318
  317  312  305  296  289  276  267  259  253
    35.0-180.0 180.0   5.0 450.0                            LAT/LON1/LON2/DLON/H
  252  248  246  246  246  244  243  244  245  249  250  245  234  224  214  208
  203  203  207  218  237  261  285  303  310  308  298  288  278  271  269  274
  281  291  300  312  325  347  373  405  438  475  508  538  559  577  588  606
  607  609  599  585  559  528  500  469  440  411  388  362  346  337  331  329
  327  323  315  306  295  280  269  260  252
    32.5-180.0 180.0   5.0 450.0                            LAT/LON1/LON2/DLON/H
  259  252  247  246  245  245  245  249  252  260  265  265  256  245  234  226
  217  214  217  229  252  280  307  327  334  329  315  302  290  282  280  284
  293  304  313  325  342  368  400  436  479  521  554  586  611  635  652  663
  668  672  663  651  634  602  577  546  515  484  453  418  390  369  353  344
  341  337  330  319  306  291  281  269  259
    30.0-180.0 180.0   5.0 450.0                            LAT/LON1/LON2/DLON/H
  275  263  255  251  250  250  251  256  262  271  281  282  274  262  250  241
  231  223  223  237  263  295  322  346  352  344  329  314  301  293  291  297
  308  320  330  345  366  397  432  475  521  564  597  633  666  686  715  731
  737  748  744  738  730  698  674  643  607  572  532  488  447  413  385  368
  361  355  349  340  327  314  303  289  275
    27.5-180.0 180.0   5.0 450.0                            LAT/LON1/LON2/DLON/H
  298  284  272  264  260  260  263  266  272  283  292  294  288  277  263  253
  241  231  229  240  268  299  329  354  360  350  335  321  309  304  305  313
  328  342  354  372  398  430  467  514  561  603  638  675  706  738  773  803
  818  837  843  832  830  801  779  746  706  667  618  565  513  465  425  398
  384  378  376  370  358  344  330  315  298
    25.0-180.0 180.0   5.0 450.0                            LAT/LON1/LON2/DLON/H
  329  311  296  285  279  279  282  283  286  296  303  304  299  288  274  261
  247  236  235  243  268  296  327  348  353  345  333  324  316  316  322  334
  351  368  383  406  434  467  508  552  591  633  671  706  740  774  818  870
  899  922  929  930  916  888  868  838  794  753  702  642  583  525  471  433
  409  403  403  399  390  376  360  346  329
    22.5-180.0 180.0   5.0 450.0                            LAT/LON1/LON2/DLON/H
  357  337  319  310  304  305  311  309  309  313  317  316  309  298  284  270
  253  240  238  246  268  290  317  331  333  328  324  323  323  330  341  358
  379  399  418  443  469  505  546  586  622  660  698  736  770  802  853  924
  962  974  984  982  963  940  926  902  857  817  768  710  648  582  520  472
  439  429  425  425  418  404  388  374  357
    20.0-180.0 180.0   5.0 450.0                            LAT/LON1/LON2/DLON/H
  380  362  342  333  332  336  343  341  336  333  329  327  317  306  292  278
  260  243  238  245  263  280  297  305  307  308  310  319  328  345  362  383
  409  433  456  484  511  545  584  620  651  683  718  756  791  825  875  937
  975  988  995  987  969  951  939  914  877  842  803  755  702  638  571  513
  469  449  440  441  434  423  409  398  380
    17.5-180.0 180.0   5.0 450.0                            LAT/LON1/LON2/DLON/H
  402  385  367  357  356  362  369  366  356  347  341  336  325  313  300  286
  267  247  236  237  250  261  269  272  278  287  298  314  335  361  384  409
  437  465  493  523  551  581  615  646  676  702  733  766  801  835  872  922
  948  961  963  953  939  925  910  889  864  838  810  776  738  682  614  548
  493  460  444  439  426  419  419  416  402
    15.0-180.0 180.0   5.0 450.0                            LAT/LON1/LON2/DLON/H
  419  409  394  383  381  382  390  383  369  356  348  341  332  320  310  294
  274  254  238  230  234  236  236  239  251  268  289  314  343  374  403  434
  464  494  523  552  581  608  639  666  692  716  745  771  801  831  858  882
  899  901  901  892  882  875  862  848  833  819  804  783  755  706  643  575
  512  463  434  423  408  405  415  423  419
    12.5-180.0 180.0   5.0 450.0                            LAT/LON1/LON2/DLON/H
  435  433  420  408  409  401  407  397  379  362  352  344  336  328  318  303
  281  260  240  225  218  211  206  210  229  255  284  316  352  387  420  453
  483  512  543  573  598  625  655  675  697  722  748  775  800  821  837  844
  841  833  829  823  820  816  812  806  802  799  794  781  759  719  662  594
  523  464  423  401  388  388  406  426  435
    10.0-180.0 180.0   5.0 450.0                            LAT/LON1/LON2/DLON/H
  451  456  449  433  431  423  426  412  389  367  354  347  341  334  327  311
  288  263  239  219  205  192  185  192  217  250  284  321  359  397  434  469
  499  526  553  582  610  634  657  676  697  720  748  774  795  810  816  808
  792  776  769  770  774  777  783  784  789  792  790  782  762  727  674  605
  531  467  419  390  375  376  399  428  451
     7.5-180.0 180.0   5.0 450.0                            LAT/LON1/LON2/DLON/H
  472  484  478  460  451  451  450  426  400  375  358  350  345  339  333  318
  293  264  237  215  197  182  175  186  213  250  289  328  366  406  444  479
  510  535  559  586  610  631  648  666  688  715  742  767  786  799  799  785
  763  750  745  750  758  771  785  797  805  809  805  793  766  730  679  610
  544  482  432  400  382  382  406  441  472
     5.0-180.0 180.0   5.0 450.0                            LAT/LON1/LON2/DLON/H
  502  515  509  487  471  469  464  443  412  384  364  354  347  342  336  322
  296  264  235  212  193  179  173  186  214  252  294  335  374  413  450  487
  517  539  561  583  602  617  630  649  676  705  732  758  779  790  791  781
  762  755  756  763  777  795  814  832  842  843  833  809  775  734  683  622
  562  507  465  433  413  413  433  469  502
     2.5-180.0 180.0   5.0 450.0                            LAT/LON1/LON2/DLON/H
  544  552  540  515  489  477  470  452  422  392  369  356  349  344  337  321
  295  264  234  211  193  179  175  188  217  256  299  340  377  415  453  489
  517  539  557  574  586  598  610  629  657  691  720  746  768  784  793  789
  783  786  792  804  821  839  863  879  884  880  860  823  782  735  687  635
  582  534  504  481  468  470  481  518  544
