DORISInput/IGSGIM/2024/IGS0OPSFIN_20241300000_01D_02H_GIM.INX
     1.0            IONOSPHERE MAPS     MIX                 IONEX VERSION / TYPE
cmpcmb v1.2          GRL/UWM            28-may-24 16:20     PGM / RUN BY / DATE 
ionex file containing IGS COMBINED Ionosphere maps          COMMENT             
global ionosphere maps for day 130, 2024                    DESCRIPTION         
IONEX file containing the COMBINED IGS TEC MAPS and DCBs    DESCRIPTION         
      IONEX files of the following IAACs were combined: cod DESCRIPTION         
                                                        jpl DESCRIPTION         
                                                        upc DESCRIPTION         
Contact address: Andrzej Krankowski                         DESCRIPTION
                 Geodynamics Research Laboratory            DESCRIPTION
                 University of Warmia and Mazury (GRL/UWM)  DESCRIPTION
                 Oczapowski St. 1                           DESCRIPTION
                 10-957-Olsztyn, POLAND                     DESCRIPTION
                 e-mail:  kand@uwm.edu.pl                   DESCRIPTION
                                                            DESCRIPTION         
  2024     5     9     0     0     0                        EPOCH OF FIRST MAP  
  2024     5    10     0     0     0                        EPOCH OF LAST MAP   
  7200                                                      INTERVAL            
    13                                                      # OF MAPS IN FILE   
  COSZ                                                      MAPPING FUNCTION    
     0.0                                                    ELEVATION CUTOFF    
combined TEC calculated as weighted mean of input TEC valuesOBSERVABLES USED    
   337                                                      # OF STATIONS       
    32                                                      # OF SATELLITES     
  6371.0                                                    BASE RADIUS         
     2                                                      MAP DIMENSION       
   450.0 450.0   0.0                                        HGT1 / HGT2 / DHGT  
    87.5 -87.5  -2.5                                        LAT1 / LAT2 / DLAT  
  -180.0 180.0   5.0                                        LON1 / LON2 / DLON  
    -1                                                      EXPONENT            
TEC values in 0.1 tec units;  9999, if no value available   COMMENT             
DCB values in nanoseconds, reference is Sum_of_SatDCBs = 0  COMMENT             
                                                            END OF HEADER       
[from data line 2145]
     6                                                      START OF TEC MAP    
  2024     5     9    10     0     0                        EPOCH OF CURRENT MAP
    87.5-180.0 180.0   5.0 450.0                            LAT/LON1/LON2/DLON/H
  281  281  280  280  280  279  279  279  280  280  280  280  280  280  281  282
  283  284  284  285  285  285  286  286  286  286  286  286  287  287  288  289
  289  290  290  291  291  291  291  292  292  292  293  293  293  293  293  293
  293  293  293  293  292  292  292  291  291  290  290  289  289  288  287  287
  286  285  285  284  283  283  282  282  281
    85.0-180.0 180.0   5.0 450.0                            LAT/LON1/LON2/DLON/H
  268  267  265  263  262  262  263  263  263  265  266  267  268  270  272  273
  276  277  279  280  282  283  283  283  284  285  286  287  287  288  289  289
  290  292  293  294  295  295  297  298  298  300  301  301  300  299  299  300
  299  298  298  298  298  297  297  296  295  294  293  291  290  288  287  286
  284  283  281  279  277  275  273  270  268
    82.5-180.0 180.0   5.0 450.0                            LAT/LON1/LON2/DLON/H
  257  256  255  255  254  254  255  255  255  256  258  260  262  264  266  269
  271  272  274  275  277  279  279  279  280  281  282  282  282  283  284  285
  286  288  290  292  294  296  297  298  300  301  302  304  305  306  306  306
  305  304  304  304  303  302  302  301  300  298  297  295  293  291  288  285
  283  279  275  272  270  265  262  260  257
    80.0-180.0 180.0   5.0 450.0                            LAT/LON1/LON2/DLON/H
  252  250  246  246  243  242  243  242  244  246  249  254  257  260  263  265
  267  269  270  271  271  272  273  274  273  273  274  274  275  275  276  278
  280  282  285  287  290  293  295  299  302  305  306  307  308  309  309  309
  309  309  309  309  309  309  309  308  307  305  303  301  299  296  293  289
  284  279  275  270  265  260  258  254  252
    77.5-180.0 180.0   5.0 450.0                            LAT/LON1/LON2/DLON/H
  248  243  239  237  235  235  236  237  239  242  245  247  248  252  255  258
  259  261  262  263  264  262  260  258  261  260  261  260  263  264  266  268
  270  274  279  284  288  291  296  300  303  307  310  312  313  313  314  315
  315  316  316  316  317  318  318  318  318  316  314  312  309  305  301  296
  291  285  280  275  269  263  258  254  248
    75.0-180.0 180.0   5.0 450.0                            LAT/LON1/LON2/DLON/H
  251  245  240  237  235  234  233  231  233  235  238  240  242  245  246  248
  250  253  253  252  251  251  248  248  246  247  247  247  248  250  253  258
  263  268  273  278  285  290  294  299  305  310  313  316  317  319  320  322
  323  323  324  324  325  326  327  328  328  327  325  323  321  318  313  308
  303  297  292  286  279  272  265  259  251
    72.5-180.0 180.0   5.0 450.0                            LAT/LON1/LON2/DLON/H
  260  253  245  239  235  230  228  227  228  229  232  234  236  236  237  239
  239  240  240  238  239  237  236  235  232  233  234  236  237  240  244  249
  254  260  266  273  280  286  293  298  303  310  316  319  322  325  327  329
  329  329  330  331  331  333  334  335  335  335  334  332  330  327  323  319
  314  308  303  296  290  283  276  267  260
    70.0-180.0 180.0   5.0 450.0                            LAT/LON1/LON2/DLON/H
  269  260  250  241  234  227  224  221  223  224  227  228  229  228  227  227
  228  226  225  226  226  223  224  223  221  222  225  227  231  234  240  245
  251  258  263  270  277  283  291  298  304  312  318  323  327  330  332  334
  334  334  335  336  337  338  339  339  340  340  339  338  336  333  330  326
  321  316  309  303  297  290  283  276  269
    67.5-180.0 180.0   5.0 450.0                            LAT/LON1/LON2/DLON/H
  275  264  253  243  233  224  220  215  215  216  217  218  218  217  215  214
  212  211  212  214  214  213  215  215  214  217  219  225  229  233  238  244
  251  257  264  271  278  285  294  301  308  316  322  327  331  333  336  337
  338  338  340  340  341  341  341  342  342  342  341  340  339  335  332  327
  323  317  311  305  300  294  287  282  275
    65.0-180.0 180.0   5.0 450.0                            LAT/LON1/LON2/DLON/H
  276  266  255  242  229  218  212  205  203  202  203  205  205  202  201  200
  198  198  201  202  204  207  209  212  214  218  221  226  230  236  242  248
  255  262  268  274  282  290  298  306  314  322  328  334  338  339  340  341
  341  342  343  344  343  344  344  344  343  343  342  341  337  335  331  325
  320  313  308  303  299  294  289  283  276
    62.5-180.0 180.0   5.0 450.0                            LAT/LON1/LON2/DLON/H
  274  265  251  237  222  206  199  190  186  184  183  187  188  186  185  183
  182  185  186  189  195  201  205  211  216  221  225  231  235  242  248  255
  262  270  275  282  289  298  306  314  323  331  337  343  345  348  348  347
  347  348  349  349  347  348  346  345  344  344  342  340  336  333  327  321
  314  308  302  298  295  291  286  281  274
    60.0-180.0 180.0   5.0 450.0                            LAT/LON1/LON2/DLON/H
  271  261  245  229  212  196  187  173  168  165  166  167  168  168  167  166
  164  169  172  178  187  195  203  212  220  226  233  238  243  250  256  264
  271  279  285  292  301  309  317  327  336  345  352  357  360  359  359  357
  357  356  357  356  355  354  351  349  347  345  343  340  336  331  325  318
  310  304  297  293  290  286  283  278  271
    57.5-180.0 180.0   5.0 450.0                            LAT/LON1/LON2/DLON/H
  269  256  241  223  206  187  176  161  153  150  150  150  150  151  149  149
  150  154  160  168  179  192  205  216  226  233  241  247  252  258  266  273
  281  290  298  307  316  324  335  345  353  363  371  377  377  377  375  372
  371  370  370  368  366  363  360  356  352  349  347  344  340  334  326  317
  309  300  294  289  287  284  282  277  269
    55.0-180.0 180.0   5.0 450.0                            LAT/LON1/LON2/DLON/H
  270  255  240  221  203  182  169  153  143  138  138  138  138  138  138  138
  138  143  151  161  176  193  209  222  232  241  249  256  261  268  277  285
  295  304  314  323  333  344  356  367  379  387  395  400  400  400  394  392
  389  388  386  384  381  378  373  367  362  359  355  352  348  342  332  321
  312  303  296  291  287  286  285  278  270
    52.5-180.0 180.0   5.0 450.0                            LAT/LON1/LON2/DLON/H
  274  259  244  227  207  186  172  155  142  135  132  132  132  132  131  131
  133  138  148  160  175  195  214  228  240  250  258  265  272  280  290  300
  308  321  333  344  354  367  380  392  404  415  424  428  428  426  420  414
  408  406  405  403  400  395  389  382  377  372  368  365  360  353  344  331
  320  311  304  298  293  291  289  284  274
    50.0-180.0 180.0   5.0 450.0                            LAT/LON1/LON2/DLON/H
  280  268  253  238  219  197  182  166  152  141  135  132  132  131  130  131
  133  138  148  162  179  200  221  237  250  261  270  278  285  295  304  315
  328  339  351  365  377  392  406  421  433  445  454  455  456  451  445  438
  432  427  425  424  420  414  408  401  395  388  383  379  375  369  359  345
  332  324  316  308  302  300  295  289  280
    47.5-180.0 180.0   5.0 450.0                            LAT/LON1/LON2/DLON/H
  286  277  266  253  236  217  202  184  167  154  146  141  138  136  135  136
  139  144  153  167  187  208  231  249  265  276  286  294  302  311  322  334
  345  357  371  386  401  417  433  447  463  475  483  485  484  480  470  465
  458  452  448  446  442  433  427  419  412  406  400  395  390  384  374  362
  349  339  331  320  314  309  303  295  286
    45.0-180.0 180.0   5.0 450.0                            LAT/LON1/LON2/DLON/H
  291  283  275  266  254  237  222  205  187  172  161  154  149  147  145  146
  148  153  162  175  195  217  242  263  281  294  305  314  323  332  342  355
  363  375  388  404  423  442  459  475  492  505  512  514  513  508  500  494
  484  481  473  470  464  456  445  438  431  424  418  413  406  400  390  381
  368  356  346  334  323  314  305  298  291
    42.5-180.0 180.0   5.0 450.0                            LAT/LON1/LON2/DLON/H
  291  286  280  275  265  252  239  222  204  188  177  170  164  161  159  160
  161  164  171  183  202  225  253  278  300  315  326  336  344  354  362  371
  378  389  405  421  443  464  485  504  521  535  539  542  542  538  532  527
  515  511  502  497  488  478  467  461  453  443  436  429  421  415  408  400
  388  373  358  344  328  313  302  295  291
    40.0-180.0 180.0   5.0 450.0                            LAT/LON1/LON2/DLON/H
  282  280  278  274  268  259  249  234  219  204  192  185  181  177  174  174
  175  177  181  190  208  231  262  290  316  334  347  358  365  371  379  384
  390  400  415  435  459  484  505  529  549  562  569  573  574  573  567  561
  551  544  533  527  514  504  494  488  477  464  455  447  438  433  427  418
  406  389  371  348  330  312  297  288  282
    37.5-180.0 180.0   5.0 450.0                            LAT/LON1/LON2/DLON/H
  273  269  267  267  263  255  248  238  228  216  206  198  195  192  189  188
  189  189  191  199  213  237  270  300  327  350  365  375  381  385  389  393
  398  408  425  446  472  499  527  554  577  593  605  608  616  608  608  601
  591  583  573  563  549  539  527  519  506  490  478  470  462  458  451  442
  429  409  388  360  336  314  294  281  273
    35.0-180.0 180.0   5.0 450.0                            LAT/LON1/LON2/DLON/H
  266  258  254  253  250  244  240  234  230  223  217  211  209  206  203  200
  201  199  200  205  218  242  275  304  331  358  375  385  390  392  394  396
  402  414  431  455  484  515  547  577  603  624  638  649  656  654  653  649
  639  635  620  610  595  582  568  557  541  522  506  497  490  488  482  474
  461  439  414  382  351  323  301  281  266
    32.5-180.0 180.0   5.0 450.0                            LAT/LON1/LON2/DLON/H
  272  256  246  242  238  234  234  231  231  229  227  222  221  219  216  214
  211  208  207  210  222  245  275  303  330  357  375  385  389  390  391  396
  403  417  437  465  497  532  566  600  629  649  671  689  701  704  702  703
  698  692  680  668  653  637  619  605  584  561  540  531  525  524  521  513
  497  474  449  416  385  350  320  297  272
    30.0-180.0 180.0   5.0 450.0                            LAT/LON1/LON2/DLON/H
  296  276  254  241  234  231  233  234  236  238  239  235  233  231  228  225
  221  216  212  213  224  245  272  300  324  349  367  376  380  380  386  394
  407  425  449  478  512  547  584  619  649  678  703  724  739  746  751  758
  760  761  750  737  721  702  682  665  636  605  581  571  568  568  566  558
  541  520  497  465  435  396  362  331  296
    27.5-180.0 180.0   5.0 450.0                            LAT/LON1/LON2/DLON/H
  345  309  283  261  248  243  245  247  249  253  253  248  247  245  240  234
  228  222  217  218  228  245  266  291  313  332  349  360  365  370  381  397
  415  437  465  498  533  568  603  640  671  700  726  752  771  784  800  816
  829  837  827  816  796  777  757  730  692  654  626  616  615  615  613  603
  586  569  549  525  501  461  423  387  345
    25.0-180.0 180.0   5.0 450.0                            LAT/LON1/LON2/DLON/H
  408  368  331  307  288  275  274  274  275  273  268  264  262  259  252  244
  235  229  224  225  232  240  254  275  293  309  328  339  351  361  378  404
  429  455  487  523  559  594  623  657  686  714  744  774  796  820  847  874
  900  915  906  893  878  848  824  791  746  703  674  663  669  667  660  646
  625  609  596  583  570  537  497  454  408
    22.5-180.0 180.0   5.0 450.0                            LAT/LON1/LON2/DLON/H
  472  435  399  372  348  332  328  320  310  298  287  279  275  271  263  253
  244  239  234  232  232  234  241  256  272  288  305  321  341  361  388  417
  446  475  514  551  588  615  641  665  689  718  757  792  821  851  887  927
  964  977  966  945  934  905  872  836  793  749  725  717  722  720  706  679
  649  632  626  630  618  598  566  518  472
    20.0-180.0 180.0   5.0 450.0                            LAT/LON1/LON2/DLON/H
  523  490  470  444  419  400  390  374  351  328  311  296  289  284  272  260
  251  248  241  234  229  225  226  237  253  269  289  312  340  371  403  436
  471  504  543  580  613  635  655  669  690  722  766  807  842  872  908  951
  989  998  987  967  954  930  903  871  831  794  774  768  771  762  742  702
  658  634  630  642  641  629  603  568  523
    17.5-180.0 180.0   5.0 450.0                            LAT/LON1/LON2/DLON/H
  552  525  528  517  491  467  453  425  394  360  334  315  305  295  282  266
  256  253  245  233  222  214  212  221  236  255  280  310  348  385  424  461
  500  537  573  610  640  655  666  676  696  728  772  813  848  878  908  938
  962  973  967  955  945  935  919  899  869  840  825  816  809  795  759  708
  649  611  601  610  616  611  602  581  552
    15.0-180.0 180.0   5.0 450.0                            LAT/LON1/LON2/DLON/H
  553  548  571  571  552  526  509  472  427  383  356  332  319  305  291  273
  261  254  244  228  213  201  197  204  222  246  275  312  359  402  445  487
  529  569  607  641  667  679  686  693  712  742  780  815  842  866  886  904
  916  922  925  920  920  923  921  918  902  884  869  856  840  812  762  690
  624  572  549  543  547  549  553  559  553
    12.5-180.0 180.0   5.0 450.0                            LAT/LON1/LON2/DLON/H
  520  550  586  592  594  572  554  505  456  405  369  346  329  313  296  279
  265  252  239  220  202  186  180  187  211  240  275  317  366  416  466  513
  557  601  642  674  699  710  715  719  736  762  792  816  832  844  853  861
  863  872  879  883  892  906  918  926  923  911  896  879  855  814  752  662
  582  531  493  473  466  467  478  500  520
    10.0-180.0 180.0   5.0 450.0                            LAT/LON1/LON2/DLON/H
  465  511  553  571  594  584  567  529  472  417  380  354  335  318  299  282
  265  248  230  210  188  171  164  175  203  238  278  322  372  426  479  533
  582  628  676  708  732  745  754  756  762  784  805  817  824  825  824  820
  820  832  843  854  870  892  913  928  933  926  907  886  856  805  732  642
  555  501  452  421  399  393  407  424  465
     7.5-180.0 180.0   5.0 450.0                            LAT/LON1/LON2/DLON/H
  419  464  503  536  562  563  548  523  469  417  384  360  339  320  300  279
  260  240  218  197  175  158  154  168  199  238  283  330  381  436  490  547
  598  650  701  731  753  771  784  790  796  809  816  821  821  815  805  796
  798  812  828  846  865  888  911  931  941  935  915  887  852  799  726  640
  554  499  446  406  369  349  353  371  419
     5.0-180.0 180.0   5.0 450.0                            LAT/LON1/LON2/DLON/H
  399  435  469  502  518  523  508  482  446  406  378  358  339  319  298  275
  251  227  207  185  163  148  146  164  196  238  286  335  387  443  499  554
  609  663  707  743  769  788  803  819  832  834  827  825  821  815  804  797
  804  821  840  861  878  895  917  936  947  939  918  887  849  799  732  649
  577  524  475  429  377  343  336  358  399
     2.5-180.0 180.0   5.0 450.0                            LAT/LON1/LON2/DLON/H
  412  433  465  485  487  485  469  443  414  384  363  348  332  309  288  263
  238  215  195  174  154  140  140  159  193  237  286  337  388  443  499  554
  606  654  697  736  765  789  808  830  847  843  829  824  826  822  818  819
  832  853  873  891  902  913  924  937  945  935  912  880  840  798  745  674
  617  576  533  482  419  379  369  386  412
