DORISInput/IGSGIM/2024/IGS0OPSFIN_20241550000_01D_02H_GIM.INX
     1.0            IONOSPHERE MAPS     MIX                 IONEX VERSION / TYPE
cmpcmb v1.2          GRL/UWM            24-jun-24 15:58     PGM / RUN BY / DATE 
ionex file containing IGS COMBINED Ionosphere maps          COMMENT             
global ionosphere maps for day 155, 2024                    DESCRIPTION         
IONEX file containing the COMBINED IGS TEC MAPS and DCBs    DESCRIPTION         
      IONEX files of the following IAACs were combined: cod DESCRIPTION         
                                                        jpl DESCRIPTION         
                                                        upc DESCRIPTION         
Contact address: Andrzej Krankowski                         DESCRIPTION
                 Geodynamics Research Laboratory            DESCRIPTION
                 University of Warmia and Mazury (GRL/UWM)  DESCRIPTION
                 Oczapowski St. 1                           DESCRIPTION
                 10-957-Olsztyn, POLAND                     DESCRIPTION
                 e-mail:  kand@uwm.edu.pl                   DESCRIPTION
                                                            DESCRIPTION         
  2024     6     3     0     0     0                        EPOCH OF FIRST MAP  
  2024     6     4     0     0     0                        EPOCH OF LAST MAP   
  7200                                                      INTERVAL            
    13                                                      # OF MAPS IN FILE   
  COSZ                                                      MAPPING FUNCTION    
     0.0                                                    ELEVATION CUTOFF    
combined TEC calculated as weighted mean of input TEC valuesOBSERVABLES USED    
   335                                                      # OF STATIONS       
    32                                                      # OF SATELLITES     
  6371.0                                                    BASE RADIUS         
     2                                                      MAP DIMENSION       
   450.0 450.0   0.0                                        HGT1 / HGT2 / DHGT  
    87.5 -87.5  -2.5                                        LAT1 / LAT2 / DLAT  
  -180.0 180.0   5.0                                        LON1 / LON2 / DLON  
    -1                                                      EXPONENT            
TEC values in 0.1 tec units;  9999, if no value available   COMMENT             
DCB values in nanoseconds, reference is Sum_of_SatDCBs = 0  COMMENT             
                                                            END OF HEADER       
[from data line 429]
     2                                                      START OF TEC MAP    
  2024     6     3     2     0     0                        EPOCH OF CURRENT MAP
    87.5-180.0 180.0   5.0 450.0                            LAT/LON1/LON2/DLON/H
  250  249  249  249  249  249  249  248  248  248  248  247  248  247  246  246
  245  244  244  243  243  242  241  240  239  238  237  236  235  235  235  234
  235  235  234  234  234  235  235  236  236  236  237  238  239  240  240  241
  242  243  243  245  246  246  246  247  247  248  249  250  250  250  250  251
  251  250  250  250  249  249  249  250  250
    85.0-180.0 180.0   5.0 450.0                            LAT/LON1/LON2/DLON/H
  261  260  259  260  259  259  259  258  258  257  257  256  256  255  254  253
  252  250  249  248  246  244  243  240  237  235  234  234  233  231  230  229
  229  229  229  229  229  230  231  232  233  234  236  238  239  240  241  244
  245  247  249  252  254  256  257  258  259  260  261  261  262  263  263  262
  262  262  261  262  262  261  260  261  261
    82.5-180.0 180.0   5.0 450.0                            LAT/LON1/LON2/DLON/H
  271  271  270  269  268  267  266  265  265  265  264  264  264  263  262  261
  259  257  254  252  251  247  244  241  239  235  232  230  228  225  223  222
  222  221  221  223  224  226  228  231  232  235  237  240  243  246  248  251
  254  255  258  261  264  266  269  271  274  275  275  276  277  277  278  278
  278  277  278  277  275  275  275  273  271
    80.0-180.0 180.0   5.0 450.0                            LAT/LON1/LON2/DLON/H
  282  279  278  275  274  272  270  269  268  267  267  267  267  267  266  266
  265  262  261  259  256  251  247  242  238  236  234  231  228  225  223  221
  220  220  221  221  223  226  229  232  236  240  243  246  250  254  258  261
  264  267  269  272  276  279  282  284  286  289  290  290  291  291  292  292
  293  292  291  290  288  287  285  283  282
    77.5-180.0 180.0   5.0 450.0                            LAT/LON1/LON2/DLON/H
  287  285  283  281  278  275  273  271  270  268  268  269  271  270  270  266
  264  262  260  256  254  251  241  237  230  228  226  224  219  217  215  215
  217  219  223  226  229  232  235  239  243  248  252  256  260  263  267  271
  275  279  281  284  288  290  293  295  297  299  301  302  303  304  304  304
  305  303  301  299  297  294  292  290  287
    75.0-180.0 180.0   5.0 450.0                            LAT/LON1/LON2/DLON/H
  288  287  284  282  281  279  276  274  272  270  271  272  272  271  266  264
  261  258  256  254  247  244  237  233  231  224  220  219  216  217  216  215
  216  219  224  229  236  241  246  250  255  260  264  268  271  275  277  282
  285  288  291  293  296  298  301  303  305  306  308  309  311  312  312  313
  312  311  308  306  302  299  295  292  288
    72.5-180.0 180.0   5.0 450.0                            LAT/LON1/LON2/DLON/H
  287  284  282  281  280  279  278  277  275  274  273  272  268  266  265  260
  256  252  249  244  240  237  232  227  227  221  217  215  216  216  216  217
  220  225  231  237  244  251  256  262  267  271  276  280  283  285  287  290
  293  295  297  299  301  303  305  306  308  310  311  312  315  316  316  317
  316  314  312  308  304  299  295  291  287
    70.0-180.0 180.0   5.0 450.0                            LAT/LON1/LON2/DLON/H
  284  280  278  275  276  277  277  277  277  277  276  273  270  267  262  257
  251  246  240  237  232  232  228  224  221  220  216  215  216  218  220  222
  226  233  240  248  255  260  266  271  275  278  282  286  289  292  294  296
  298  300  301  302  303  305  306  307  308  309  310  312  313  315  316  317
  316  314  311  308  304  299  294  288  284
    67.5-180.0 180.0   5.0 450.0                            LAT/LON1/LON2/DLON/H
  282  279  275  273  271  272  274  275  278  281  281  279  276  270  264  257
  249  243  238  233  229  227  226  225  222  222  218  218  220  222  225  229
  235  242  248  255  262  267  272  275  277  280  283  288  291  294  297  300
  302  303  304  304  304  305  305  306  306  306  307  308  310  311  313  313
  313  311  308  306  303  299  294  287  282
    65.0-180.0 180.0   5.0 450.0                            LAT/LON1/LON2/DLON/H
  283  279  274  270  267  265  266  270  276  280  284  285  284  279  270  260
  252  246  239  233  230  228  229  230  228  228  227  229  228  229  232  238
  245  251  256  260  265  268  271  272  273  275  279  283  289  293  297  301
  304  305  306  306  306  306  306  305  306  305  304  305  305  307  308  309
  308  307  305  303  301  299  294  287  283
    62.5-180.0 180.0   5.0 450.0                            LAT/LON1/LON2/DLON/H
  287  282  276  270  263  260  259  262  268  275  282  289  291  287  280  269
  261  253  246  239  237  236  237  237  238  239  238  243  241  243  245  251
  254  257  259  259  260  260  262  262  263  266  270  277  284  290  295  301
  304  307  308  308  308  308  308  308  308  307  305  304  303  304  304  305
  304  303  302  301  301  300  296  292  287
    60.0-180.0 180.0   5.0 450.0                            LAT/LON1/LON2/DLON/H
  294  288  281  273  264  257  254  256  261  268  277  286  292  292  290  282
  276  267  259  252  249  249  249  249  251  254  255  260  259  261  261  262
  260  259  256  252  249  248  248  248  251  254  260  268  276  284  292  300
  305  309  311  312  312  313  315  315  315  313  309  306  304  304  303  303
  301  300  301  301  302  302  302  298  294
    57.5-180.0 180.0   5.0 450.0                            LAT/LON1/LON2/DLON/H
  306  300  291  281  270  259  253  252  256  262  271  281  288  293  297  297
  291  286  279  271  268  267  267  267  269  273  274  277  276  275  274  270
  265  259  251  243  237  235  233  233  238  243  250  259  269  279  290  299
  306  312  316  318  319  322  323  326  326  322  317  312  309  307  305  304
  302  302  302  305  307  309  310  309  306
    55.0-180.0 180.0   5.0 450.0                            LAT/LON1/LON2/DLON/H
  321  315  306  295  283  269  261  257  257  261  268  277  285  293  301  305
  305  303  299  294  290  287  287  286  286  289  290  292  287  283  280  274
  266  256  245  235  226  221  219  221  225  233  242  251  264  276  289  300
  309  316  322  326  330  335  338  340  340  336  330  325  320  316  312  311
  309  308  309  312  316  319  323  323  321
    52.5-180.0 180.0   5.0 450.0                            LAT/LON1/LON2/DLON/H
  337  334  326  317  304  290  278  269  265  265  269  275  284  293  302  310
  315  317  315  312  309  306  304  301  300  301  301  300  294  289  285  276
  266  254  241  228  219  213  211  212  218  226  237  248  260  273  289  303
  314  324  333  338  344  350  356  359  360  358  352  345  338  330  326  323
  321  318  320  322  327  334  340  341  337
    50.0-180.0 180.0   5.0 450.0                            LAT/LON1/LON2/DLON/H
  359  355  349  341  332  318  304  292  283  276  275  277  283  292  301  312
  320  325  327  326  323  320  318  314  312  311  310  307  301  294  288  278
  266  253  239  227  218  212  209  211  216  224  232  244  257  273  291  308
  324  336  344  353  361  368  377  383  385  384  377  370  361  350  343  339
  336  333  334  338  343  352  358  359  359
    47.5-180.0 180.0   5.0 450.0                            LAT/LON1/LON2/DLON/H
  376  377  374  370  364  351  338  323  308  297  289  285  288  294  304  314
  323  330  335  335  334  332  329  326  323  321  318  314  308  297  290  280
  269  256  244  233  224  219  216  215  218  223  230  240  255  272  294  317
  337  352  362  372  383  391  401  410  413  411  403  393  382  371  363  358
  354  351  351  354  360  368  375  377  376
    45.0-180.0 180.0   5.0 450.0                            LAT/LON1/LON2/DLON/H
  396  399  399  398  397  388  374  358  341  324  310  302  299  302  309  317
  325  332  337  340  341  339  337  335  332  331  326  322  315  304  297  286
  276  265  255  245  238  233  228  225  225  227  232  240  254  273  300  328
  351  369  382  394  406  417  427  438  441  436  425  413  401  389  381  380
  377  375  375  375  377  384  390  395  396
    42.5-180.0 180.0   5.0 450.0                            LAT/LON1/LON2/DLON/H
  417  420  422  426  426  423  411  395  375  354  338  326  317  315  318  324
  328  333  337  341  344  344  344  343  342  342  337  331  325  315  308  298
  290  281  272  265  259  253  247  241  236  235  235  241  255  278  307  338
  365  387  402  416  427  440  451  462  463  455  441  426  413  406  402  402
  400  400  400  401  402  404  409  414  417
    40.0-180.0 180.0   5.0 450.0                            LAT/LON1/LON2/DLON/H
  440  443  446  449  454  455  446  431  412  392  371  356  345  335  333  333
  334  336  339  343  346  351  352  352  354  353  348  343  336  327  319  314
  306  298  293  291  286  280  270  261  253  246  242  246  259  284  313  346
  378  405  421  432  445  458  469  475  475  465  450  435  425  421  421  423
  425  426  430  429  432  432  436  440  440
    37.5-180.0 180.0   5.0 450.0                            LAT/LON1/LON2/DLON/H
  469  466  468  474  480  483  477  463  448  431  411  393  377  364  354  347
  343  342  343  346  350  358  361  364  366  364  361  358  350  342  334  329
  321  318  319  318  315  307  295  284  272  260  252  253  266  289  321  356
  389  415  431  443  456  468  478  481  476  466  453  442  436  437  442  446
  450  454  461  461  466  468  473  471  469
    35.0-180.0 180.0   5.0 450.0                            LAT/LON1/LON2/DLON/H
  501  497  497  500  504  505  502  490  482  467  453  437  418  399  381  365
  355  351  350  354  358  367  373  376  380  377  375  373  365  357  349  344
  339  339  342  341  338  329  316  303  288  274  264  263  273  297  327  361
  393  416  433  445  459  470  478  477  471  462  454  448  447  453  462  471
  479  484  495  498  503  508  513  507  501
    32.5-180.0 180.0   5.0 450.0                            LAT/LON1/LON2/DLON/H
  541  535  530  529  531  530  530  518  510  504  497  485  465  442  415  394
  373  362  360  366  370  380  387  389  391  390  389  386  378  370  362  356
  354  353  354  355  349  339  328  314  299  286  276  272  281  301  328  358
  386  407  425  440  452  462  470  469  463  457  453  451  455  466  478  492
  504  513  527  532  544  551  551  550  541
    30.0-180.0 180.0   5.0 450.0                            LAT/LON1/LON2/DLON/H
  586  582  571  565  562  560  557  547  540  540  541  532  516  487  454  425
  397  379  372  377  385  396  403  402  402  404  400  395  385  376  367  360
  355  352  351  351  345  335  327  316  304  292  283  279  285  301  323  348
  371  391  411  426  437  445  454  457  452  447  448  453  463  477  492  508
  524  537  552  561  575  584  590  593  586
    27.5-180.0 180.0   5.0 450.0                            LAT/LON1/LON2/DLON/H
  634  626  617  610  603  597  591  582  576  579  585  579  563  534  492  455
  421  396  384  387  398  407  416  414  412  413  408  399  384  372  361  350
  340  331  329  327  321  316  313  307  300  291  284  280  283  293  309  328
  351  372  391  406  416  425  434  438  435  436  443  454  468  485  503  521
  539  556  573  584  600  613  625  634  634
    25.0-180.0 180.0   5.0 450.0                            LAT/LON1/LON2/DLON/H
  681  677  669  667  658  647  633  623  621  625  629  629  610  576  527  482
  442  413  398  396  405  415  423  422  420  418  409  394  372  354  339  325
  307  292  289  287  285  287  291  290  286  281  276  273  273  279  291  309
  330  350  368  382  395  407  416  419  421  429  444  460  478  494  512  532
  551  571  590  604  621  637  656  674  681
    22.5-180.0 180.0   5.0 450.0                            LAT/LON1/LON2/DLON/H
  726  731  733  730  722  708  690  678  670  672  679  677  652  613  559  509
  463  433  414  411  415  423  429  428  424  415  402  379  347  322  303  287
  266  252  242  241  244  253  260  265  267  265  261  258  255  258  270  286
  305  324  344  362  377  393  403  408  417  430  450  471  489  505  523  542
  562  583  604  622  639  661  685  711  726
    20.0-180.0 180.0   5.0 450.0                            LAT/LON1/LON2/DLON/H
  762  776  787  793  791  779  759  742  723  717  723  715  687  643  585  530
  486  454  431  425  428  432  432  427  418  404  382  349  311  279  258  242
  222  208  199  198  205  217  229  239  246  244  240  237  234  235  245  259
  279  300  322  346  367  386  401  413  427  444  465  486  503  519  536  554
  573  596  617  637  656  680  706  734  762
    17.5-180.0 180.0   5.0 450.0                            LAT/LON1/LON2/DLON/H
  780  802  825  844  853  849  831  808  779  760  753  740  712  665  605  548
  505  472  449  438  435  433  426  417  401  379  349  306  263  232  211  196
  177  163  159  162  172  187  201  213  222  220  215  215  211  212  219  232
  253  281  310  338  367  390  412  430  449  470  490  508  522  538  552  572
  591  612  634  653  671  693  717  748  780
    15.0-180.0 180.0   5.0 450.0                            LAT/LON1/LON2/DLON/H
  778  808  838  868  889  896  891  862  822  790  776  756  726  681  623  563
  515  482  460  443  431  424  410  395  372  340  302  251  210  183  165  152
  138  127  129  138  150  166  177  187  191  192  194  194  190  189  194  210
  234  266  303  340  374  403  432  455  478  500  521  536  548  560  575  593
  610  631  651  672  687  705  723  748  778
    12.5-180.0 180.0   5.0 450.0                            LAT/LON1/LON2/DLON/H
  767  793  824  856  889  911  912  885  844  806  782  762  734  693  638  575
  521  487  461  438  422  406  386  363  331  292  250  202  164  133  122  119
  111  108  114  124  137  150  158  163  163  169  175  176  173  170  174  191
  217  258  301  342  381  415  449  479  507  531  549  564  574  584  597  612
  630  647  667  687  702  715  728  744  767
    10.0-180.0 180.0   5.0 450.0                            LAT/LON1/LON2/DLON/H
  752  770  793  821  857  888  895  873  833  800  774  754  731  693  642  580
  525  487  455  427  408  385  357  320  281  242  202  159  126  106  103  103
  104  108  115  124  132  141  147  146  149  156  161  162  158  154  158  173
  202  248  295  338  380  420  460  499  532  557  575  587  598  607  618  631
  646  662  679  699  711  720  728  737  752
     7.5-180.0 180.0   5.0 450.0                            LAT/LON1/LON2/DLON/H
  739  748  760  778  809  838  845  829  795  769  746  728  709  676  631  575
  522  481  444  414  390  360  321  278  235  195  159  126  105   94   99  106
  116  122  131  134  136  140  142  140  143  150  154  151  146  141  143  158
  190  236  283  329  374  419  468  515  553  580  599  609  619  629  641  648
  660  673  689  706  716  722  726  731  739
     5.0-180.0 180.0   5.0 450.0                            LAT/LON1/LON2/DLON/H
  734  736  737  743  760  780  785  764  742  721  704  687  670  644  605  558
  510  468  432  401  370  334  288  241  195  157  128  108   98   97  108  125
  143  147  154  151  143  139  137  136  142  149  149  143  136  131  132  146
  178  221  269  317  365  415  471  524  568  598  617  628  639  649  661  663
  669  682  695  709  719  723  726  729  734
     2.5-180.0 180.0   5.0 450.0                            LAT/LON1/LON2/DLON/H
  741  740  733  727  728  733  731  710  689  672  654  636  620  589  561  523
  484  448  415  384  352  312  260  211  166  133  115  106  106  116  130  158
  173  175  175  163  148  140  135  135  142  147  143  135  128  123  124  135
  163  205  253  302  352  407  466  522  569  599  618  632  648  662  673  672
  673  686  700  710  718  724  729  735  741
