DORISInput/IGSGIM/2024/IGS0OPSFIN_20241380000_01D_02H_GIM.INX
     1.0            IONOSPHERE MAPS     MIX                 IONEX VERSION / TYPE
cmpcmb v1.2          GRL/UWM            28-may-24 18:36     PGM / RUN BY / DATE 
ionex file containing IGS COMBINED Ionosphere maps          COMMENT             
global ionosphere maps for day 138, 2024                    DESCRIPTION         
IONEX file containing the COMBINED IGS TEC MAPS and DCBs    DESCRIPTION         
      IONEX files of the following IAACs were combined: cod DESCRIPTION         
                                                        jpl DESCRIPTION         
                                                        upc DESCRIPTION         
Contact address: Andrzej Krankowski                         DESCRIPTION
                 Geodynamics Research Laboratory            DESCRIPTION
                 University of Warmia and Mazury (GRL/UWM)  DESCRIPTION
                 Oczapowski St. 1                           DESCRIPTION
                 10-957-Olsztyn, POLAND                     DESCRIPTION
                 e-mail:  kand@uwm.edu.pl                   DESCRIPTION
                                                            DESCRIPTION         
  2024     5    17     0     0     0                        EPOCH OF FIRST MAP  
  2024     5    18     0     0     0                        EPOCH OF LAST MAP   
  7200                                                      INTERVAL            
    13                                                      # OF MAPS IN FILE   
  COSZ                                                      MAPPING FUNCTION    
     0.0                                                    ELEVATION CUTOFF    
combined TEC calculated as weighted mean of input TEC valuesOBSERVABLES USED    
   337                                                      # OF STATIONS       
    32                                                      # OF SATELLITES     
  6371.0                                                    BASE RADIUS         
     2                                                      MAP DIMENSION       
   450.0 450.0   0.0                                        HGT1 / HGT2 / DHGT  
    87.5 -87.5  -2.5                                        LAT1 / LAT2 / DLAT  
  -180.0 180.0   5.0                                        LON1 / LON2 / DLON  
    -1                                                      EXPONENT            
TEC values in 0.1 tec units;  9999, if no value available   COMMENT             
DCB values in nanoseconds, reference is Sum_of_SatDCBs = 0  COMMENT             
                                                            END OF HEADER       
[from data line 5148]
    13                                                      START OF TEC MAP    
  2024     5    18     0     0     0                        EPOCH OF CURRENT MAP
    87.5-180.0 180.0   5.0 450.0                            LAT/LON1/LON2/DLON/H
  179  180  181  181  181  183  183  184  185  188  185  186  188  188  188  191
  188  188  191  190  193  196  197  196  192  191  186  182  181  178  177  174
  171  169  167  166  165  164  163  162  161  161  161  160  160  160  160  161
  160  161  162  163  163  164  165  166  167  168  169  171  171  172  174  175
  175  176  176  177  178  178  179  179  179
    85.0-180.0 180.0   5.0 450.0                            LAT/LON1/LON2/DLON/H
  185  186  188  191  193  196  202  206  208  217  217  218  222  227  227  224
  225  229  227  216  210  211  217  212  200  191  190  186  185  186  182  179
  176  171  168  162  160  158  155  153  151  150  148  147  147  147  147  147
  147  148  149  150  152  153  155  157  159  161  163  166  168  171  174  177
  179  181  182  183  183  183  183  184  185
    82.5-180.0 180.0   5.0 450.0                            LAT/LON1/LON2/DLON/H
  184  188  194  200  204  207  211  214  215  217  219  221  228  230  240  248
  252  257  256  255  244  227  235  214  206  204  203  200  197  187  183  171
  167  160  157  153  150  149  147  146  145  143  142  141  139  139  138  137
  138  138  139  141  143  145  148  150  153  157  160  163  167  170  174  177
  179  180  180  180  180  180  180  180  184
    80.0-180.0 180.0   5.0 450.0                            LAT/LON1/LON2/DLON/H
  184  188  192  195  201  206  215  216  222  233  236  243  246  253  259  265
  267  272  276  279  297  290  260  227  245  243  228  220  205  192  181  176
  165  162  157  152  150  149  147  145  144  141  142  139  136  135  133  132
  132  132  133  134  138  141  143  147  151  155  158  161  165  167  170  173
  174  175  175  175  173  174  174  178  184
    77.5-180.0 180.0   5.0 450.0                            LAT/LON1/LON2/DLON/H
  184  188  192  200  211  220  245  250  259  260  261  264  266  268  266  266
  267  267  265  267  269  271  264  247  225  222  223  214  205  193  184  176
  174  179  185  182  180  166  158  153  149  143  140  141  137  135  133  131
  130  131  132  134  137  140  144  148  152  156  159  162  164  166  167  170
  171  171  171  170  172  172  176  181  184
    75.0-180.0 180.0   5.0 450.0                            LAT/LON1/LON2/DLON/H
  186  194  206  219  245  262  270  270  269  269  268  265  265  267  270  267
  268  273  276  280  286  281  281  274  258  242  228  231  221  206  192  185
  182  179  180  190  190  187  176  168  160  152  147  145  142  139  137  135
  134  134  136  138  142  146  150  154  158  161  164  165  166  167  167  168
  168  167  170  171  172  172  175  179  186
    72.5-180.0 180.0   5.0 450.0                            LAT/LON1/LON2/DLON/H
  193  208  225  246  266  278  280  282  283  278  274  272  270  267  263  264
  273  275  283  292  289  288  290  288  275  263  249  231  222  220  212  192
  182  186  189  196  197  193  187  178  172  164  159  155  151  148  146  143
  143  143  145  148  152  156  161  165  169  171  173  174  174  173  171  170
  170  169  172  174  173  173  176  183  193
    70.0-180.0 180.0   5.0 450.0                            LAT/LON1/LON2/DLON/H
  200  217  236  255  276  290  300  305  297  288  283  277  269  262  257  260
  263  267  277  280  285  288  287  288  280  269  256  240  222  214  208  210
  201  188  198  204  206  198  187  182  177  176  172  166  162  159  156  154
  154  155  157  161  166  171  175  179  181  184  185  185  185  184  182  181
  180  178  179  179  178  179  182  189  200
    67.5-180.0 180.0   5.0 450.0                            LAT/LON1/LON2/DLON/H
  205  217  233  252  272  296  314  317  312  302  294  284  269  260  251  246
  245  249  256  265  274  278  275  275  272  263  252  238  224  210  207  203
  209  207  199  205  209  200  188  186  181  180  178  174  172  169  168  166
  165  167  171  175  181  185  190  192  195  197  198  198  198  198  196  193
  191  189  188  187  186  187  190  196  205
    65.0-180.0 180.0   5.0 450.0                            LAT/LON1/LON2/DLON/H
  208  217  228  244  259  284  309  321  319  316  305  289  272  257  243  230
  225  230  235  244  251  255  254  253  252  244  236  227  217  208  201  203
  205  205  199  196  198  195  191  186  184  182  180  179  179  179  177  175
  174  177  181  187  194  198  202  204  206  207  208  209  210  210  208  206
  203  200  198  198  196  197  198  202  208
    62.5-180.0 180.0   5.0 450.0                            LAT/LON1/LON2/DLON/H
  212  219  226  235  249  274  296  314  321  322  315  296  278  257  238  219
  212  214  213  220  224  225  224  223  224  219  212  210  203  196  191  197
  201  202  197  192  193  186  181  180  182  181  178  179  183  186  184  180
  180  183  189  197  204  209  211  213  213  214  215  218  219  219  219  217
  216  215  212  212  210  208  207  209  212
    60.0-180.0 180.0   5.0 450.0                            LAT/LON1/LON2/DLON/H
  223  225  230  234  244  262  277  299  318  329  330  314  290  267  245  222
  210  206  201  201  200  198  194  193  196  193  189  193  190  185  184  185
  194  198  196  189  188  183  177  175  176  176  177  177  181  184  183  182
  183  188  196  204  211  216  217  219  218  220  221  224  227  228  228  230
  231  232  231  229  228  228  224  221  223
    57.5-180.0 180.0   5.0 450.0                            LAT/LON1/LON2/DLON/H
  241  239  240  242  243  251  263  283  306  326  337  335  316  290  265  238
  220  210  201  195  188  181  178  174  177  174  175  183  184  181  184  186
  191  196  193  187  184  181  179  175  172  173  176  178  179  180  182  184
  187  192  200  209  216  220  221  222  221  224  227  230  233  235  237  240
  245  249  250  246  246  245  245  242  241
    55.0-180.0 180.0   5.0 450.0                            LAT/LON1/LON2/DLON/H
  269  264  259  259  253  250  256  270  290  315  337  348  340  318  292  267
  245  232  222  208  194  184  177  171  171  168  172  180  185  185  189  195
  197  199  195  192  188  184  182  175  172  174  177  179  180  180  182  184
  187  194  203  213  220  224  225  224  225  229  233  237  240  241  242  246
  257  266  268  265  266  267  269  269  269
    52.5-180.0 180.0   5.0 450.0                            LAT/LON1/LON2/DLON/H
  309  303  296  285  276  264  261  268  282  303  329  349  355  348  337  312
  289  274  262  242  223  210  198  189  184  180  183  188  192  194  201  207
  210  211  208  203  199  192  185  180  176  177  178  182  182  181  182  183
  190  198  208  219  227  232  231  230  230  236  240  245  246  248  248  254
  268  286  287  284  289  293  299  302  309
    50.0-180.0 180.0   5.0 450.0                            LAT/LON1/LON2/DLON/H
  351  355  343  330  316  298  284  281  287  300  323  344  359  368  366  359
  346  333  313  298  276  259  246  233  225  218  212  215  216  219  222  226
  228  229  227  222  219  209  202  197  191  188  184  184  185  184  184  189
  196  205  216  229  239  245  245  244  243  248  252  255  255  257  259  266
  282  304  306  307  316  327  336  342  351
    47.5-180.0 180.0   5.0 450.0                            LAT/LON1/LON2/DLON/H
  404  413  402  386  372  350  327  311  307  308  325  344  360  375  386  391
  391  389  377  364  347  332  318  303  293  277  264  260  258  258  257  257
  251  252  251  247  246  239  231  223  213  206  198  195  193  192  194  199
  205  215  229  241  254  263  267  269  269  270  269  268  268  270  274  288
  301  323  332  333  347  364  381  392  404
    45.0-180.0 180.0   5.0 450.0                            LAT/LON1/LON2/DLON/H
  464  476  469  452  430  412  383  359  337  329  336  347  364  381  396  406
  415  425  426  424  414  405  397  381  368  349  327  314  305  298  293  286
  279  277  277  277  280  272  265  254  238  225  219  211  206  204  208  211
  217  230  242  256  272  287  292  297  298  298  293  289  287  288  294  309
  330  346  362  371  387  405  427  445  464
    42.5-180.0 180.0   5.0 450.0                            LAT/LON1/LON2/DLON/H
  516  532  533  518  506  476  442  411  382  360  355  359  372  389  403  417
  435  449  458  467  471  471  471  454  440  419  394  369  351  336  327  315
  306  304  305  305  311  307  299  287  268  251  240  229  223  221  225  229
  236  247  259  274  291  308  317  322  323  323  318  313  308  311  316  331
  357  376  398  411  432  449  474  494  516
    40.0-180.0 180.0   5.0 450.0                            LAT/LON1/LON2/DLON/H
  563  586  596  589  570  542  502  470  432  403  389  384  389  402  415  428
  445  462  479  503  519  529  533  520  504  479  449  420  396  378  362  346
  336  332  335  338  346  343  338  325  304  282  267  254  249  248  248  250
  256  262  274  291  309  326  338  344  346  345  341  334  330  332  339  357
  385  416  436  452  474  496  519  541  563
    37.5-180.0 180.0   5.0 450.0                            LAT/LON1/LON2/DLON/H
  605  630  645  649  636  606  574  535  494  456  436  422  418  427  435  441
  453  473  499  536  561  579  585  573  555  527  493  465  440  421  403  388
  377  371  370  372  381  380  378  365  343  320  299  285  280  277  274  272
  271  274  286  305  326  343  356  363  364  363  359  354  352  356  365  384
  415  449  471  488  513  535  558  581  605
    35.0-180.0 180.0   5.0 450.0                            LAT/LON1/LON2/DLON/H
  642  665  685  695  691  674  641  601  560  527  497  475  461  459  462  462
  469  494  522  562  593  614  621  611  592  564  528  503  485  467  452  439
  426  414  407  409  417  420  418  408  387  360  337  321  311  304  296  287
  282  282  291  314  339  356  370  376  378  377  375  373  373  380  394  414
  449  483  505  526  551  570  594  617  642
    32.5-180.0 180.0   5.0 450.0                            LAT/LON1/LON2/DLON/H
  674  695  714  733  732  725  700  666  628  601  562  540  510  496  495  492
  494  522  544  578  610  627  635  626  609  582  553  535  526  516  509  495
  478  463  450  448  455  454  456  449  427  401  375  355  341  324  310  297
  288  285  293  317  342  362  376  384  388  390  392  394  396  405  423  451
  486  521  543  567  588  606  627  650  674
    30.0-180.0 180.0   5.0 450.0                            LAT/LON1/LON2/DLON/H
  708  726  743  771  780  766  747  729  699  666  638  611  572  548  535  531
  531  546  565  590  612  624  629  620  601  580  562  559  563  564  562  548
  528  508  489  476  482  481  488  483  462  437  406  385  364  340  320  305
  292  285  291  309  334  358  376  387  393  398  405  412  418  431  454  483
  518  553  578  602  621  641  665  686  708
    27.5-180.0 180.0   5.0 450.0                            LAT/LON1/LON2/DLON/H
  746  766  786  816  827  812  801  784  760  734  707  678  641  609  589  576
  572  575  583  597  606  609  609  597  580  569  565  577  594  605  607  590
  570  541  521  498  503  498  504  498  484  460  427  401  376  348  328  311
  295  285  285  297  319  346  367  385  396  405  415  427  439  454  477  508
  542  574  598  623  645  670  696  724  746
    25.0-180.0 180.0   5.0 450.0                            LAT/LON1/LON2/DLON/H
  785  814  839  861  871  862  851  838  817  794  767  736  702  666  643  624
  611  604  599  599  596  589  581  569  562  564  574  594  619  633  637  618
  597  564  534  509  514  499  500  492  484  462  430  399  372  347  329  311
  294  279  273  278  301  330  357  381  398  413  427  442  459  476  498  528
  563  588  607  632  661  691  723  757  785
    22.5-180.0 180.0   5.0 450.0                            LAT/LON1/LON2/DLON/H
  823  855  883  903  916  918  911  898  874  851  823  788  753  718  691  667
  647  629  614  598  584  568  554  546  551  569  592  612  631  648  646  623
  604  564  531  503  510  477  474  467  460  438  409  380  355  336  320  302
  284  267  256  258  280  313  346  377  403  424  441  461  481  502  524  554
  584  606  618  641  679  714  748  785  823
    20.0-180.0 180.0   5.0 450.0                            LAT/LON1/LON2/DLON/H
  855  892  924  949  970  981  979  964  936  908  874  840  804  770  736  709
  677  649  624  597  573  552  538  534  546  571  601  613  614  627  612  595
  577  524  500  468  474  434  430  422  413  391  365  344  323  308  296  284
  264  248  238  238  258  293  333  374  411  440  462  485  509  533  556  584
  610  629  643  674  709  741  776  815  855
    17.5-180.0 180.0   5.0 450.0                            LAT/LON1/LON2/DLON/H
  881  923  959  993 1024 1044 1047 1033 1002  968  927  887  851  816  779  746
  706  671  634  598  565  546  538  532  543  561  583  578  566  563  528  502
  496  440  432  404  410  380  375  366  353  329  307  290  279  268  261  252
  238  227  220  221  239  276  326  376  421  458  487  515  540  565  590  618
  640  660  676  702  734  769  801  844  881
    15.0-180.0 180.0   5.0 450.0                            LAT/LON1/LON2/DLON/H
  900  942  984 1026 1067 1095 1104 1089 1059 1020  976  932  895  865  822  780
  731  691  654  607  570  554  539  530  534  542  545  521  494  457  405  391
  378  356  340  329  332  325  322  310  296  272  253  240  230  224  224  223
  219  212  206  211  229  267  322  380  432  478  512  544  570  596  623  652
  675  699  716  741  772  800  832  864  900
    12.5-180.0 180.0   5.0 450.0                            LAT/LON1/LON2/DLON/H
  912  951  992 1040 1090 1126 1140 1130 1101 1060 1019  980  943  919  875  818
  753  703  667  620  587  566  541  529  513  506  492  451  409  357  312  295
  295  293  284  287  286  286  280  268  249  230  215  200  190  190  195  202
  207  207  201  205  222  260  321  385  445  497  535  567  596  623  654  686
  713  740  760  787  813  837  857  882  912
    10.0-180.0 180.0   5.0 450.0                            LAT/LON1/LON2/DLON/H
  916  947  987 1036 1088 1130 1150 1146 1125 1088 1059 1027  994  974  930  861
  786  722  676  634  600  573  549  523  485  457  426  374  327  282  247  238
  245  257  262  274  269  273  262  246  227  209  194  177  171  172  180  191
  200  204  200  200  213  254  316  383  451  508  550  586  617  648  681  717
  747  776  801  832  855  873  882  896  916
     7.5-180.0 180.0   5.0 450.0                            LAT/LON1/LON2/DLON/H
  922  944  977 1021 1068 1108 1130 1133 1122 1102 1078 1056 1037 1012  969  905
  830  758  698  652  614  580  546  503  445  399  357  307  263  231  214  218
  239  261  278  293  285  283  264  245  224  204  184  169  166  169  176  188
  201  204  199  199  209  250  312  379  449  507  554  596  633  667  702  738
  770  802  832  866  889  902  905  910  922
     5.0-180.0 180.0   5.0 450.0                            LAT/LON1/LON2/DLON/H
  934  950  973 1006 1041 1072 1089 1094 1091 1083 1071 1057 1045 1026  984  929
  862  785  721  669  624  578  528  469  407  351  302  263  232  217  224  242
  273  301  322  329  317  303  279  258  232  207  184  175  174  177  183  194
  206  208  200  197  208  244  301  370  440  497  550  599  640  678  714  748
  780  812  846  882  909  920  923  926  934
     2.5-180.0 180.0   5.0 450.0                            LAT/LON1/LON2/DLON/H
  956  968  984 1002 1022 1037 1045 1045 1039 1037 1032 1022 1016 1008  978  930
  870  794  732  676  624  567  504  434  370  320  280  263  252  262  281  303
  337  366  378  369  354  328  305  283  252  217  196  190  190  193  199  205
  209  206  198  195  205  237  289  358  427  487  542  594  637  677  717  745
  774  806  841  883  915  930  937  946  956
