DORISInput/IGSGIM/2024/IGS0OPSFIN_20241340000_01D_02H_GIM.INX
     1.0            IONOSPHERE MAPS     MIX                 IONEX VERSION / TYPE
cmpcmb v1.2          GRL/UWM            28-may-24 18:14     PGM / RUN BY / DATE 
ionex file containing IGS COMBINED Ionosphere maps          COMMENT             
global ionosphere maps for day 134, 2024                    DESCRIPTION         
IONEX file containing the COMBINED IGS TEC MAPS and DCBs    DESCRIPTION         
      IONEX files of the following IAACs were combined: cod DESCRIPTION         
                                                        jpl DESCRIPTION         
                                                        upc DESCRIPTION         
Contact address: Andrzej Krankowski                         DESCRIPTION
                 Geodynamics Research Laboratory            DESCRIPTION
                 University of Warmia and Mazury (GRL/UWM)  DESCRIPTION
                 Oczapowski St. 1                           DESCRIPTION
                 10-957-Olsztyn, POLAND                     DESCRIPTION
                 e-mail:  kand@uwm.edu.pl                   DESCRIPTION
                                                            DESCRIPTION         
  2024     5    13     0     0     0                        EPOCH OF FIRST MAP  
  2024     5    14     0     0     0                        EPOCH OF LAST MAP   
  7200                                                      INTERVAL            
    13                                                      # OF MAPS IN FILE   
  COSZ                                                      MAPPING FUNCTION    
     0.0                                                    ELEVATION CUTOFF    
combined TEC calculated as weighted mean of input TEC valuesOBSERVABLES USED    
   336                                                      # OF STATIONS       
    32                                                      # OF SATELLITES     
  6371.0                                                    BASE RADIUS         
     2                                                      MAP DIMENSION       
   450.0 450.0   0.0                                        HGT1 / HGT2 / DHGT  
    87.5 -87.5  -2.5                                        LAT1 / LAT2 / DLAT  
  -180.0 180.0   5.0                                        LON1 / LON2 / DLON  
    -1                                                      EXPONENT            
TEC values in 0.1 tec units;  9999, if no value available   COMMENT             
DCB values in nanoseconds, reference is Sum_of_SatDCBs = 0  COMMENT             
                                                            END OF HEADER       
[from data line 2145]
     6                                                      START OF TEC MAP    
  2024     5    13    10     0     0                        EPOCH OF CURRENT MAP
    87.5-180.0 180.0   5.0 450.0                            LAT/LON1/LON2/DLON/H
  175  175  176  176  177  178  179  180  181  181  181  182  183  183  184  185
  185  186  186  187  187  188  189  189  189  189  190  189  190  190  190  190
  190  190  189  189  189  188  187  187  188  187  186  186  185  186  185  185
  185  184  183  183  182  182  181  180  179  178  177  177  176  176  175  174
  175  174  174  174  174  174  174  175  175
    85.0-180.0 180.0   5.0 450.0                            LAT/LON1/LON2/DLON/H
  173  174  175  176  176  178  179  181  182  183  185  186  187  188  189  189
  190  190  191  192  192  193  193  193  194  194  194  195  195  193  193  193
  193  193  193  193  193  192  192  192  191  191  191  190  190  189  189  189
  189  188  187  186  185  184  182  181  180  179  178  177  176  175  175  174
  174  173  173  173  173  173  173  173  173
    82.5-180.0 180.0   5.0 450.0                            LAT/LON1/LON2/DLON/H
  175  175  176  177  178  179  181  181  182  184  185  186  188  189  190  191
  192  192  193  193  194  194  195  196  197  196  195  195  195  194  194  194
  194  194  195  195  196  197  197  197  198  198  199  199  199  200  199  199
  197  197  197  197  196  195  193  191  189  188  187  186  185  183  182  181
  180  178  178  178  177  177  176  176  175
    80.0-180.0 180.0   5.0 450.0                            LAT/LON1/LON2/DLON/H
  182  181  181  181  182  183  183  185  187  188  189  189  189  189  188  189
  189  189  189  190  190  192  193  192  194  195  194  193  193  193  192  193
  193  194  195  196  199  200  202  204  207  209  210  211  211  211  211  210
  209  209  209  211  212  211  209  208  207  206  206  204  203  201  199  197
  195  193  191  189  187  184  183  182  182
    77.5-180.0 180.0   5.0 450.0                            LAT/LON1/LON2/DLON/H
  191  189  188  188  188  189  189  190  190  188  188  186  186  185  183  181
  179  180  181  181  182  185  185  184  185  187  187  186  186  186  186  187
  189  191  193  195  198  201  204  207  210  214  218  220  222  222  223  223
  222  222  223  226  230  232  233  232  232  232  231  230  229  227  224  220
  217  213  210  206  202  198  196  193  191
    75.0-180.0 180.0   5.0 450.0                            LAT/LON1/LON2/DLON/H
  197  195  192  192  191  192  192  191  189  188  187  185  181  178  174  171
  171  170  169  172  173  176  176  176  177  178  178  178  179  179  179  180
  182  184  187  189  194  197  203  208  213  217  221  224  227  229  230  232
  234  235  237  240  246  253  256  258  258  259  258  257  256  254  251  247
  241  237  231  226  221  215  208  202  197
    72.5-180.0 180.0   5.0 450.0                            LAT/LON1/LON2/DLON/H
  200  197  194  192  193  192  192  191  191  189  187  182  176  171  167  163
  162  160  161  161  163  166  168  169  169  170  170  171  171  170  171  172
  174  176  179  183  187  192  197  202  209  215  220  224  227  231  234  237
  241  243  248  252  258  266  272  275  278  280  280  280  279  276  272  267
  263  257  250  243  235  225  214  206  200
    70.0-180.0 180.0   5.0 450.0                            LAT/LON1/LON2/DLON/H
  199  193  188  186  187  188  189  189  190  189  186  181  174  168  162  158
  156  154  154  156  158  160  162  163  164  163  165  165  165  164  165  166
  167  169  172  176  181  186  192  198  204  210  216  221  226  231  235  240
  244  249  253  259  267  273  279  285  288  291  291  292  291  288  284  280
  274  266  259  252  241  228  214  205  199
    67.5-180.0 180.0   5.0 450.0                            LAT/LON1/LON2/DLON/H
  190  181  177  175  177  179  182  185  187  187  185  180  174  167  162  157
  154  154  154  155  156  159  161  161  162  162  162  161  160  160  161  161
  163  165  168  172  177  182  188  194  200  206  212  218  223  229  235  240
  245  251  256  262  268  274  279  285  288  291  291  292  290  287  283  278
  272  265  257  248  238  223  209  198  190
    65.0-180.0 180.0   5.0 450.0                            LAT/LON1/LON2/DLON/H
  176  167  162  162  163  165  169  175  180  182  180  178  173  167  164  160
  158  158  157  158  159  161  162  162  162  160  160  158  157  157  157  159
  161  164  167  171  175  180  185  191  197  204  210  216  222  228  235  240
  247  253  258  263  266  270  274  277  279  281  281  281  280  277  272  266
  260  251  243  234  224  210  197  186  176
    62.5-180.0 180.0   5.0 450.0                            LAT/LON1/LON2/DLON/H
  164  155  148  145  147  148  152  161  167  170  171  172  170  167  165  162
  161  161  162  163  163  164  164  163  162  159  157  156  155  155  156  158
  161  164  167  171  175  179  184  190  197  204  212  219  225  233  240  246
  253  258  263  265  265  266  266  266  266  266  266  265  264  260  255  249
  241  233  226  217  207  197  185  175  164
    60.0-180.0 180.0   5.0 450.0                            LAT/LON1/LON2/DLON/H
  160  148  137  131  130  131  134  142  149  154  159  160  162  161  162  162
  162  163  164  165  165  165  164  163  160  157  154  152  152  153  155  158
  161  165  169  172  176  180  186  194  202  211  219  227  236  243  251  258
  263  268  271  270  267  264  260  257  254  253  253  252  250  245  239  232
  223  215  208  203  196  187  180  169  160
    57.5-180.0 180.0   5.0 450.0                            LAT/LON1/LON2/DLON/H
  163  149  137  124  118  117  118  122  129  135  140  144  148  151  154  155
  157  160  162  162  162  162  161  159  155  153  150  149  150  152  155  158
  163  167  172  175  178  184  190  200  210  221  232  243  251  260  269  274
  280  282  283  279  273  267  260  254  250  248  248  247  244  239  231  222
  212  203  198  192  190  186  182  174  163
    55.0-180.0 180.0   5.0 450.0                            LAT/LON1/LON2/DLON/H
  172  159  143  126  115  107  104  103  106  111  118  123  131  136  140  143
  147  149  152  154  154  155  153  153  150  147  146  146  148  151  155  160
  166  171  175  178  182  188  197  209  223  236  250  262  272  282  287  294
  297  300  298  292  284  274  266  260  256  255  255  254  251  245  234  223
  212  204  197  194  192  191  189  181  172
    52.5-180.0 180.0   5.0 450.0                            LAT/LON1/LON2/DLON/H
  183  172  156  139  121  105   99   92   90   91   96  104  110  118  123  127
  130  134  138  140  142  143  144  144  144  143  144  146  148  154  158  163
  170  174  178  182  186  194  206  220  237  254  271  285  293  302  309  313
  316  317  313  306  298  288  280  273  271  270  271  271  268  261  250  237
  226  216  209  205  203  202  201  194  183
    50.0-180.0 180.0   5.0 450.0                            LAT/LON1/LON2/DLON/H
  199  187  172  151  133  114  104   93   86   82   82   87   92   99  105  108
  111  115  120  123  127  131  135  138  140  143  146  149  153  159  163  168
  175  180  183  188  192  201  214  233  252  273  291  303  313  320  324  328
  330  330  327  322  313  303  296  291  288  287  289  290  288  282  271  259
  246  236  229  223  220  219  216  209  199
    47.5-180.0 180.0   5.0 450.0                            LAT/LON1/LON2/DLON/H
  212  201  188  170  148  128  116  101   90   84   81   81   84   87   91   93
   97   99  103  108  114  122  130  136  142  147  152  156  161  166  171  176
  181  186  190  192  197  207  223  243  266  289  307  321  331  336  339  342
  344  343  340  336  330  321  313  307  304  304  304  306  306  302  292  280
  267  257  250  243  239  237  231  222  212
    45.0-180.0 180.0   5.0 450.0                            LAT/LON1/LON2/DLON/H
  222  212  201  185  165  146  132  115  103   96   90   88   87   88   88   89
   89   91   94   99  109  119  131  141  151  159  165  170  174  178  181  185
  189  193  195  198  202  213  231  253  279  304  324  336  347  352  354  356
  356  358  354  352  346  339  328  322  316  314  313  313  314  313  305  296
  283  274  266  259  254  247  240  232  222
    42.5-180.0 180.0   5.0 450.0                            LAT/LON1/LON2/DLON/H
  226  217  209  197  180  163  151  134  122  114  107  103  100   99   97   96
   94   94   96  102  113  125  141  153  167  176  183  188  191  192  194  196
  198  200  201  202  207  219  239  263  291  316  337  352  363  371  373  376
  375  377  374  371  367  358  344  335  326  319  315  313  313  313  309  301
  290  280  272  266  260  251  241  234  226
    40.0-180.0 180.0   5.0 450.0                            LAT/LON1/LON2/DLON/H
  222  217  211  204  194  181  171  156  146  138  128  120  118  114  112  109
  107  107  108  115  125  139  158  172  187  198  204  209  208  207  207  208
  207  207  205  205  210  222  244  272  302  328  354  371  385  396  401  403
  403  408  407  403  396  384  365  351  338  327  318  315  312  312  309  301
  289  278  269  263  257  248  238  229  222
    37.5-180.0 180.0   5.0 450.0                            LAT/LON1/LON2/DLON/H
  213  210  209  207  203  195  189  178  170  161  149  139  134  129  127  124
  122  123  125  131  141  156  177  193  207  220  226  227  225  222  222  219
  217  215  212  209  214  229  253  283  315  345  375  396  417  426  439  445
  447  452  452  450  441  426  401  382  363  347  334  330  326  324  317  306
  292  277  267  258  252  242  229  219  213
    35.0-180.0 180.0   5.0 450.0                            LAT/LON1/LON2/DLON/H
  202  200  202  205  205  203  201  195  189  179  167  155  149  143  141  139
  137  138  141  148  157  172  194  211  226  240  246  245  240  237  236  231
  228  224  221  216  221  239  268  298  334  368  398  430  455  473  492  504
  513  517  520  519  508  494  462  441  415  394  375  369  363  358  346  329
  309  287  272  260  249  236  224  211  202
    32.5-180.0 180.0   5.0 450.0                            LAT/LON1/LON2/DLON/H
  197  193  194  199  203  205  207  207  201  193  181  168  160  154  152  150
  148  149  154  161  169  184  205  224  241  254  259  259  254  250  252  248
  245  240  234  231  235  252  283  318  357  396  435  474  507  538  557  578
  589  602  607  611  603  587  556  536  505  480  457  449  437  428  408  382
  348  316  295  277  262  245  228  211  197
    30.0-180.0 180.0   5.0 450.0                            LAT/LON1/LON2/DLON/H
  202  193  191  194  199  203  209  211  208  201  190  177  168  163  161  159
  156  157  162  170  179  193  212  233  252  264  269  272  269  264  266  268
  268  264  259  256  260  279  310  345  385  436  478  523  565  605  637  657
  682  700  711  727  723  707  687  662  630  602  579  571  552  535  502  463
  410  368  341  316  296  271  246  223  202
    27.5-180.0 180.0   5.0 450.0                            LAT/LON1/LON2/DLON/H
  223  205  197  197  198  201  208  211  209  204  193  182  174  170  166  162
  159  161  166  177  189  199  216  238  257  270  278  285  284  281  286  292
  300  300  295  294  299  319  346  385  426  480  528  579  627  668  710  744
  777  807  826  853  856  830  818  797  769  741  722  715  691  667  620  563
  497  447  413  377  352  316  283  253  223
    25.0-180.0 180.0   5.0 450.0                            LAT/LON1/LON2/DLON/H
  258  232  216  211  207  205  212  212  211  206  196  185  178  175  168  161
  159  163  169  183  193  198  216  239  258  273  286  295  299  303  315  325
  343  352  349  344  350  368  394  435  478  531  584  638  684  734  778  820
  869  914  933  959  955  939  926  912  891  868  855  848  830  798  740  675
  598  542  495  451  423  378  335  296  258
    22.5-180.0 180.0   5.0 450.0                            LAT/LON1/LON2/DLON/H
  305  272  248  234  224  219  223  222  219  212  200  191  184  180  169  160
  160  168  175  183  187  192  210  233  254  273  290  306  317  332  353  371
  395  408  413  406  414  424  459  502  536  582  634  687  738  789  838  885
  942  989  997 1010 1009  997  987  980  971  956  945  934  914  886  830  764
  690  627  573  535  492  445  396  350  305
    20.0-180.0 180.0   5.0 450.0                            LAT/LON1/LON2/DLON/H
  360  319  293  268  250  240  241  238  232  224  212  203  193  185  171  161
  162  170  175  176  177  186  200  221  245  268  293  317  340  364  395  423
  455  475  474  475  478  488  527  573  608  642  684  733  782  831  883  925
  973 1004 1003 1007 1006 1005 1001  996  995  982  966  952  928  902  855  790
  729  672  628  596  551  504  458  411  360
    17.5-180.0 180.0   5.0 450.0                            LAT/LON1/LON2/DLON/H
  416  379  356  317  286  269  267  261  253  243  231  219  206  193  176  165
  165  170  172  171  172  180  189  208  235  264  294  328  364  398  437  473
  508  530  540  546  550  560  598  635  666  692  729  773  817  862  907  936
  962  980  974  967  965  972  971  968  968  954  936  920  899  866  830  772
  718  673  641  615  586  551  512  469  416
    15.0-180.0 180.0   5.0 450.0                            LAT/LON1/LON2/DLON/H
  481  446  419  378  334  306  300  291  282  268  254  238  221  203  184  172
  169  169  168  168  170  174  178  196  226  261  297  338  382  430  475  516
  554  583  599  607  615  628  657  686  710  734  768  808  849  887  917  933
  941  936  923  912  907  912  911  915  916  904  888  873  850  817  783  730
  690  653  626  605  589  570  549  518  481
    12.5-180.0 180.0   5.0 450.0                            LAT/LON1/LON2/DLON/H
  534  510  487  442  398  352  342  327  315  299  279  261  240  217  197  182
  174  170  165  165  166  166  167  184  218  258  301  347  399  456  507  555
  596  628  647  655  663  674  696  719  742  771  802  835  867  898  915  922
  914  894  874  858  848  848  851  860  861  851  838  824  801  772  728  684
  656  628  606  590  581  573  566  554  534
    10.0-180.0 180.0   5.0 450.0                            LAT/LON1/LON2/DLON/H
  571  558  540  511  461  412  396  366  354  334  310  287  259  233  211  193
  181  171  166  164  161  157  158  175  211  257  308  359  414  471  527  583
  625  653  675  685  688  698  713  733  757  790  822  850  879  899  909  907
  889  865  843  822  808  806  812  822  825  815  802  790  769  736  698  658
  635  614  593  582  576  575  577  577  571
     7.5-180.0 180.0   5.0 450.0                            LAT/LON1/LON2/DLON/H
  596  591  579  557  512  463  443  405  387  367  341  312  281  251  227  206
  191  179  170  165  158  152  153  171  207  257  313  369  425  484  542  595
  636  664  682  692  695  699  707  727  758  793  829  858  880  895  903  895
  878  858  839  819  804  800  805  814  817  809  794  782  767  737  701  667
  644  622  603  591  585  585  592  596  596
     5.0-180.0 180.0   5.0 450.0                            LAT/LON1/LON2/DLON/H
  618  616  606  583  544  502  476  435  412  390  364  332  298  268  243  222
  206  191  178  168  158  152  152  168  203  256  316  375  432  492  548  598
  636  661  677  684  683  681  686  707  742  783  823  855  877  890  898  895
  885  874  862  848  834  827  831  838  841  832  817  807  793  769  737  701
  677  654  635  620  607  603  609  616  618
     2.5-180.0 180.0   5.0 450.0                            LAT/LON1/LON2/DLON/H
  634  631  621  595  559  519  490  453  424  399  374  341  309  280  258  237
  219  201  187  173  162  154  155  168  202  255  317  379  436  492  544  589
  623  646  656  660  657  653  659  681  719  764  806  843  869  883  892  901
  906  910  910  899  892  884  884  888  889  880  865  854  842  823  792  755
  731  706  679  659  638  629  629  632  634
