DORISInput/IGSGIM/2024/IGS0OPSFIN_20241560000_01D_02H_GIM.INX
     1.0            IONOSPHERE MAPS     MIX                 IONEX VERSION / TYPE
cmpcmb v1.2          GRL/UWM            24-jun-24 16:03     PGM / RUN BY / DATE 
ionex file containing IGS COMBINED Ionosphere maps          COMMENT             
global ionosphere maps for day 156, 2024                    DESCRIPTION         
IONEX file containing the COMBINED IGS TEC MAPS and DCBs    DESCRIPTION         
      IONEX files of the following IAACs were combined: cod DESCRIPTION         
                                                        jpl DESCRIPTION         
                                                        upc DESCRIPTION         
Contact address: Andrzej Krankowski                         DESCRIPTION
                 Geodynamics Research Laboratory            DESCRIPTION
                 University of Warmia and Mazury (GRL/UWM)  DESCRIPTION
                 Oczapowski St. 1                           DESCRIPTION
                 10-957-Olsztyn, POLAND                     DESCRIPTION
                 e-mail:  kand@uwm.edu.pl                   DESCRIPTION
                                                            DESCRIPTION         
  2024     6     4     0     0     0                        EPOCH OF FIRST MAP  
  2024     6     5     0     0     0                        EPOCH OF LAST MAP   
  7200                                                      INTERVAL            
    13                                                      # OF MAPS IN FILE   
  COSZ                                                      MAPPING FUNCTION    
     0.0                                                    ELEVATION CUTOFF    
combined TEC calculated as weighted mean of input TEC valuesOBSERVABLES USED    
   335                                                      # OF STATIONS       
    32                                                      # OF SATELLITES     
  6371.0                                                    BASE RADIUS         
     2                                                      MAP DIMENSION       
   450.0 450.0   0.0                                        HGT1 / HGT2 / DHGT  
    87.5 -87.5  -2.5                                        LAT1 / LAT2 / DLAT  
  -180.0 180.0   5.0                                        LON1 / LON2 / DLON  
    -1                                                      EXPONENT            
TEC values in 0.1 tec units;  9999, if no value available   COMMENT             
DCB values in nanoseconds, reference is Sum_of_SatDCBs = 0  COMMENT             
                                                            END OF HEADER       
[from data line 3432]
     9                                                      START OF TEC MAP    
  2024     6     4    16     0     0                        EPOCH OF CURRENT MAP
    87.5-180.0 180.0   5.0 450.0                            LAT/LON1/LON2/DLON/H
  208  209  209  210  210  210  211  212  212  212  213  213  214  214  215  215
  215  216  215  216  216  216  216  215  216  216  216  215  215  215  215  215
  215  215  215  216  216  216  215  215  215  215  215  215  214  214  213  213
  213  212  212  211  211  210  210  210  210  209  209  209  209  209  208  208
  208  208  208  208  208  208  208  208  208
    85.0-180.0 180.0   5.0 450.0                            LAT/LON1/LON2/DLON/H
  207  207  208  209  210  210  211  213  213  214  216  217  217  219  220  220
  221  222  223  222  223  222  222  222  222  221  221  221  220  220  221  220
  220  220  220  221  221  221  220  221  221  221  221  222  221  221  221  221
  220  219  219  218  217  215  215  213  213  212  212  211  210  209  209  208
  208  207  206  206  206  206  206  207  207
    82.5-180.0 180.0   5.0 450.0                            LAT/LON1/LON2/DLON/H
  204  204  205  205  205  206  207  209  210  212  215  217  219  221  223  223
  225  226  228  228  230  231  231  229  227  227  225  224  224  224  223  224
  224  224  224  224  225  226  226  227  227  227  228  228  229  230  230  229
  228  228  227  226  225  224  223  221  220  219  218  216  215  213  211  210
  209  207  206  205  205  204  203  203  204
    80.0-180.0 180.0   5.0 450.0                            LAT/LON1/LON2/DLON/H
  199  198  197  197  199  201  203  205  209  211  214  217  220  222  224  225
  226  227  226  227  226  228  235  231  229  229  229  229  230  231  231  231
  231  231  232  231  232  231  232  232  234  235  235  236  236  237  238  238
  238  237  237  236  235  234  232  231  230  228  226  224  221  218  215  213
  210  209  207  204  203  202  201  200  199
    77.5-180.0 180.0   5.0 450.0                            LAT/LON1/LON2/DLON/H
  196  195  195  196  197  198  200  204  208  212  215  219  223  226  228  230
  232  232  233  233  233  234  233  238  235  235  235  236  236  236  236  237
  238  238  238  237  237  237  237  237  238  239  240  241  242  243  244  245
  246  246  247  246  245  244  243  242  240  238  235  232  228  224  220  216
  213  210  207  205  202  200  198  197  196
    75.0-180.0 180.0   5.0 450.0                            LAT/LON1/LON2/DLON/H
  197  198  198  198  197  199  202  206  210  214  218  221  224  228  229  230
  231  232  233  232  233  233  234  235  238  240  239  239  239  240  240  241
  241  242  242  242  241  241  241  241  242  242  243  244  245  247  248  249
  250  252  254  254  254  253  252  251  249  245  242  238  234  229  224  219
  215  212  209  207  204  202  200  198  197
    72.5-180.0 180.0   5.0 450.0                            LAT/LON1/LON2/DLON/H
  205  204  204  203  203  205  208  211  215  218  222  225  227  229  230  230
  230  230  228  228  229  231  233  235  237  238  239  240  240  241  241  242
  243  243  244  243  242  242  243  243  244  244  245  245  246  247  248  250
  252  255  257  259  259  259  258  257  255  251  246  241  237  232  226  221
  218  216  214  212  210  209  207  206  205
    70.0-180.0 180.0   5.0 450.0                            LAT/LON1/LON2/DLON/H
  217  216  215  214  214  214  216  217  219  223  225  228  230  230  229  228
  228  225  225  225  227  229  232  234  236  237  236  237  239  239  240  240
  241  242  243  242  243  243  244  244  245  245  246  245  245  245  246  248
  252  255  258  260  261  261  261  259  256  253  248  242  239  234  228  225
  223  221  220  219  220  220  219  218  217
    67.5-180.0 180.0   5.0 450.0                            LAT/LON1/LON2/DLON/H
  230  230  229  228  227  226  225  225  227  229  230  232  232  231  229  228
  225  222  223  225  225  228  231  233  235  235  235  234  234  235  236  237
  238  240  242  242  243  244  245  246  247  247  246  245  245  244  245  247
  251  255  258  261  262  262  261  258  255  251  247  243  239  235  230  229
  226  226  225  227  229  231  232  232  230
    65.0-180.0 180.0   5.0 450.0                            LAT/LON1/LON2/DLON/H
  244  243  244  242  240  237  235  234  234  235  235  236  235  233  231  229
  226  223  223  225  226  229  231  233  234  233  232  231  231  231  233  235
  237  239  241  243  245  246  248  249  249  250  249  248  247  246  247  249
  253  256  261  263  263  263  261  258  255  250  246  242  239  234  232  232
  232  231  231  234  238  242  244  245  244
    62.5-180.0 180.0   5.0 450.0                            LAT/LON1/LON2/DLON/H
  251  253  255  254  251  247  243  241  240  240  241  241  240  238  234  231
  228  225  225  227  228  231  233  234  233  232  229  228  228  230  233  236
  240  242  244  246  248  250  251  252  254  255  254  253  253  252  253  256
  260  263  267  269  269  268  265  260  255  250  246  242  239  235  234  233
  234  233  234  237  240  245  249  250  251
    60.0-180.0 180.0   5.0 450.0                            LAT/LON1/LON2/DLON/H
  252  258  262  263  260  255  250  247  245  244  246  247  246  243  241  236
  232  229  228  228  230  232  233  233  232  231  228  227  229  232  236  242
  246  249  251  252  253  254  257  259  262  263  263  263  262  262  264  266
  270  273  277  278  277  274  269  263  258  251  246  242  240  236  235  233
  232  232  231  233  235  239  244  247  252
    57.5-180.0 180.0   5.0 450.0                            LAT/LON1/LON2/DLON/H
  248  257  264  267  265  260  256  252  250  250  252  253  253  250  247  242
  237  234  232  231  232  233  233  233  232  231  229  230  232  238  244  251
  257  260  262  263  263  263  266  269  272  274  276  276  276  276  279  282
  286  287  289  288  285  280  274  267  261  254  249  244  241  237  234  232
  230  228  227  226  225  229  233  240  248
    55.0-180.0 180.0   5.0 450.0                            LAT/LON1/LON2/DLON/H
  239  251  260  266  267  263  259  256  254  255  257  260  261  258  254  248
  242  239  236  234  233  233  233  232  233  233  233  235  240  247  255  264
  271  274  276  276  276  276  278  282  285  289  292  292  292  292  294  299
  301  301  301  297  292  287  279  271  265  258  253  247  244  239  235  232
  229  225  220  216  213  216  220  229  239
    52.5-180.0 180.0   5.0 450.0                            LAT/LON1/LON2/DLON/H
  229  241  253  263  267  266  263  261  258  260  264  268  270  267  262  256
  249  243  239  237  235  234  234  233  234  236  239  244  251  260  269  279
  286  290  292  292  291  291  294  297  301  305  308  309  309  309  309  313
  314  312  309  304  299  292  284  277  271  266  260  253  249  244  239  234
  229  223  216  209  203  204  208  216  229
    50.0-180.0 180.0   5.0 450.0                            LAT/LON1/LON2/DLON/H
  216  229  245  257  266  269  269  266  265  268  273  278  281  278  273  265
  256  249  243  240  238  237  237  237  240  244  250  257  266  274  283  293
  299  305  307  307  306  308  310  314  318  322  325  327  326  325  324  324
  323  322  316  310  303  295  288  284  279  274  269  262  257  250  244  239
  233  226  217  209  200  198  199  205  216
    47.5-180.0 180.0   5.0 450.0                            LAT/LON1/LON2/DLON/H
  205  218  235  251  263  268  271  272  273  277  283  290  294  292  285  274
  264  255  249  247  246  245  245  246  250  257  264  273  281  289  297  305
  310  316  319  321  324  327  330  332  336  339  342  343  341  338  335  335
  333  329  322  314  305  298  292  290  287  283  278  271  265  257  251  246
  242  234  226  215  205  198  195  198  205
    45.0-180.0 180.0   5.0 450.0                            LAT/LON1/LON2/DLON/H
  200  210  226  243  257  266  271  277  281  288  297  305  310  307  297  285
  272  264  259  258  257  258  259  261  266  274  282  290  296  302  308  314
  318  326  332  337  343  347  351  353  355  358  358  358  355  351  347  345
  341  336  328  318  309  301  298  298  297  294  290  282  275  267  261  258
  254  249  241  229  217  207  200  197  200
    42.5-180.0 180.0   5.0 450.0                            LAT/LON1/LON2/DLON/H
  200  206  219  235  250  262  271  279  288  300  313  324  329  326  315  299
  285  277  272  272  274  277  279  283  288  296  303  309  312  314  319  324
  330  340  350  357  365  371  372  375  376  378  378  376  373  368  361  356
  349  344  334  324  314  307  306  308  309  307  302  294  287  277  274  273
  271  267  260  248  237  223  211  204  200
    40.0-180.0 180.0   5.0 450.0                            LAT/LON1/LON2/DLON/H
  203  202  210  225  241  256  269  282  298  315  334  348  355  352  339  320
  304  294  290  293  298  302  306  311  315  323  328  331  332  332  337  343
  351  364  376  385  394  399  400  400  401  400  401  399  398  392  381  372
  364  357  346  334  322  316  316  320  323  323  318  310  303  295  291  290
  290  288  281  270  259  242  224  212  203
    37.5-180.0 180.0   5.0 450.0                            LAT/LON1/LON2/DLON/H
  207  200  202  214  230  247  265  285  309  334  359  376  386  384  370  349
  330  318  316  321  328  334  338  342  347  354  357  359  358  360  365  372
  387  401  416  424  431  433  434  430  429  428  427  427  425  417  405  392
  382  372  360  347  334  328  330  336  340  342  339  332  323  316  310  309
  308  307  301  290  281  262  239  220  207
    35.0-180.0 180.0   5.0 450.0                            LAT/LON1/LON2/DLON/H
  214  201  197  206  220  239  260  284  316  352  383  407  420  421  406  386
  364  354  349  355  363  370  375  379  383  388  389  393  392  396  407  422
  437  454  465  474  478  477  472  468  465  462  459  457  452  445  429  412
  399  386  373  360  348  342  343  350  358  366  366  358  349  337  328  324
  323  323  316  308  299  279  253  232  214
    32.5-180.0 180.0   5.0 450.0                            LAT/LON1/LON2/DLON/H
  223  206  198  204  220  236  256  285  320  363  400  432  452  457  447  428
  407  398  391  397  405  413  416  418  419  424  427  433  436  442  460  483
  502  519  528  534  530  526  519  515  508  503  495  489  480  472  453  433
  412  398  384  371  360  355  357  365  378  390  393  388  377  359  343  336
  333  332  326  319  310  291  267  245  223
    30.0-180.0 180.0   5.0 450.0                            LAT/LON1/LON2/DLON/H
  233  215  206  208  222  239  258  287  325  368  410  448  475  487  482  470
  455  446  439  443  451  458  459  458  456  462  471  481  488  500  524  552
  577  594  598  598  588  582  570  564  554  551  534  519  506  491  472  444
  422  407  392  378  369  366  371  381  395  408  416  415  403  378  356  343
  335  331  328  318  308  293  276  255  233
    27.5-180.0 180.0   5.0 450.0                            LAT/LON1/LON2/DLON/H
  242  227  219  218  229  247  266  293  328  370  415  456  487  507  514  508
  499  492  487  490  497  503  502  498  495  503  514  531  542  564  596  628
  660  671  672  661  644  636  616  603  597  587  565  546  526  502  476  446
  425  409  394  379  371  370  376  390  406  422  434  436  422  392  363  343
  328  322  316  307  297  286  274  259  242
    25.0-180.0 180.0   5.0 450.0                            LAT/LON1/LON2/DLON/H
  247  236  233  233  242  259  279  302  331  370  416  458  490  516  534  538
  534  533  532  533  539  543  541  538  536  546  560  578  598  629  670  705
  734  740  727  714  690  672  654  622  610  602  579  557  532  500  467  438
  418  402  385  370  360  359  369  392  412  428  443  447  432  396  361  333
  315  304  294  290  282  273  266  257  247
    22.5-180.0 180.0   5.0 450.0                            LAT/LON1/LON2/DLON/H
  247  243  242  246  257  273  295  315  339  372  414  454  487  516  538  551
  559  566  569  571  575  576  573  574  578  591  607  625  654  696  744  774
  793  792  773  748  715  694  678  644  617  602  582  558  528  488  449  419
  398  382  365  351  339  340  352  380  406  421  437  444  429  389  348  314
  294  281  268  267  260  256  252  250  247
    20.0-180.0 180.0   5.0 450.0                            LAT/LON1/LON2/DLON/H
  243  243  246  253  267  284  307  330  352  377  411  445  478  510  536  557
  574  588  595  602  603  600  600  605  618  635  654  675  704  759  800  819
  824  818  799  763  718  701  686  656  628  608  586  559  522  474  426  395
  372  354  339  327  317  318  328  355  386  406  422  429  413  372  328  296
  275  260  248  246  240  238  238  241  243
    17.5-180.0 180.0   5.0 450.0                            LAT/LON1/LON2/DLON/H
  236  237  241  249  266  286  310  334  358  379  406  435  468  501  531  558
  580  599  611  620  623  623  627  638  655  676  699  726  749  794  825  836
  828  814  797  757  706  693  682  661  640  621  590  558  518  462  408  369
  348  333  318  304  296  302  313  336  366  390  403  405  388  353  311  280
  261  249  236  231  229  229  230  234  236
    15.0-180.0 180.0   5.0 450.0                            LAT/LON1/LON2/DLON/H
  229  231  231  239  256  279  305  330  355  377  400  428  460  493  523  553
  580  602  616  628  635  641  652  669  688  712  738  760  777  802  822  827
  814  794  768  734  694  685  679  666  646  623  591  563  516  457  396  357
  337  322  304  286  284  299  310  331  355  374  385  382  363  332  295  268
  252  242  234  231  230  229  228  229  229
    12.5-180.0 180.0   5.0 450.0                            LAT/LON1/LON2/DLON/H
  223  223  222  224  239  265  294  324  350  374  398  427  457  488  517  544
  572  598  615  628  638  651  669  692  715  740  764  781  792  803  807  804
  792  770  741  715  692  687  685  674  652  625  599  569  522  458  396  359
  338  322  303  284  284  299  316  336  354  367  374  365  344  311  279  258
  246  238  234  234  234  232  229  226  223
    10.0-180.0 180.0   5.0 450.0                            LAT/LON1/LON2/DLON/H
  218  215  212  210  220  247  281  314  346  375  400  430  460  488  514  538
  563  589  610  624  637  654  679  706  733  760  781  792  798  799  790  779
  766  748  726  708  698  699  697  685  662  638  614  581  536  468  406  368
  345  333  318  301  299  317  336  354  366  375  375  356  332  297  269  253
  241  235  234  236  237  235  230  224  218
     7.5-180.0 180.0   5.0 450.0                            LAT/LON1/LON2/DLON/H
  211  205  200  195  198  223  260  301  339  376  406  435  464  493  518  537
  559  582  603  619  635  657  684  715  746  773  789  797  796  790  775  764
  753  740  727  717  715  719  717  701  679  658  631  597  552  486  426  385
  365  361  351  337  342  361  374  386  393  395  387  361  333  295  270  254
  241  235  235  238  240  237  231  221  211
     5.0-180.0 180.0   5.0 450.0                            LAT/LON1/LON2/DLON/H
  200  194  185  178  180  200  239  284  330  374  412  444  473  502  527  543
  560  580  597  615  634  658  688  723  754  781  794  799  791  780  767  758
  753  748  741  734  736  744  740  725  709  677  647  610  565  507  449  418
  410  405  401  386  397  410  420  423  420  414  401  371  340  302  272  253
  242  237  238  240  240  234  226  216  200
     2.5-180.0 180.0   5.0 450.0                            LAT/LON1/LON2/DLON/H
  190  182  171  161  164  184  219  267  319  372  418  455  485  514  538  554
  568  583  597  613  634  659  691  727  761  786  796  796  789  778  769  764
  767  767  764  759  763  764  757  739  713  678  643  610  567  518  476  459
  466  467  458  444  441  451  457  447  436  424  404  372  340  298  268  249
  240  236  236  238  237  228  218  205  190
