DORISInput/IGSGIM/2024/IGS0OPSFIN_20241490000_01D_02H_GIM.INX
     1.0            IONOSPHERE MAPS     MIX                 IONEX VERSION / TYPE
cmpcmb v1.2          GRL/UWM            12-jun-24 16:12     PGM / RUN BY / DATE 
ionex file containing IGS COMBINED Ionosphere maps          COMMENT             
global ionosphere maps for day 149, 2024                    DESCRIPTION         
IONEX file containing the COMBINED IGS TEC MAPS and DCBs    DESCRIPTION         
      IONEX files of the following IAACs were combined: cod DESCRIPTION         
                                                        jpl DESCRIPTION         
                                                        upc DESCRIPTION         
Contact address: Andrzej Krankowski                         DESCRIPTION
                 Geodynamics Research Laboratory            DESCRIPTION
                 University of Warmia and Mazury (GRL/UWM)  DESCRIPTION
                 Oczapowski St. 1                           DESCRIPTION
                 10-957-Olsztyn, POLAND                     DESCRIPTION
                 e-mail:  kand@uwm.edu.pl                   DESCRIPTION
                                                            DESCRIPTION         
  2024     5    28     0     0     0                        EPOCH OF FIRST MAP  
  2024     5    29     0     0     0                        EPOCH OF LAST MAP   
  7200                                                      INTERVAL            
    13                                                      # OF MAPS IN FILE   
  COSZ                                                      MAPPING FUNCTION    
     0.0                                                    ELEVATION CUTOFF    
combined TEC calculated as weighted mean of input TEC valuesOBSERVABLES USED    
   334                                                      # OF STATIONS       
    32                                                      # OF SATELLITES     
  6371.0                                                    BASE RADIUS         
     2                                                      MAP DIMENSION       
   450.0 450.0   0.0                                        HGT1 / HGT2 / DHGT  
    87.5 -87.5  -2.5                                        LAT1 / LAT2 / DLAT  
  -180.0 180.0   5.0                                        LON1 / LON2 / DLON  
    -1                                                      EXPONENT            
TEC values in 0.1 tec units;  9999, if no value available   COMMENT             
DCB values in nanoseconds, reference is Sum_of_SatDCBs = 0  COMMENT             
                                                            END OF HEADER       
     1                                                      START OF TEC MAP    
  2024     5    28     0     0     0                        EPOCH OF CURRENT MAP
    87.5-180.0 180.0   5.0 450.0                            LAT/LON1/LON2/DLON/H
  215  216  216  216  217  217  217  217  217  217  217  217  217  217  217  217
  216  216  216  215  214  213  213  212  210  209  208  206  205  204  202  201
  200  199  199  197  197  197  196  196  196  195  195  196  196  197  197  198
  198  199  200  201  202  203  204  205  206  207  208  209  209  210  211  212
  212  212  213  213  214  214  215  215  215
    85.0-180.0 180.0   5.0 450.0                            LAT/LON1/LON2/DLON/H
  223  223  223  223  224  224  226  227  228  231  231  232  234  235  236  235
  234  234  231  228  228  226  224  223  220  217  215  212  210  207  205  202
  199  196  194  191  190  188  187  187  186  187  187  187  189  190  192  194
  197  199  201  203  206  209  211  212  215  216  218  220  221  222  223  223
  224  224  224  225  224  224  224  223  223
    82.5-180.0 180.0   5.0 450.0                            LAT/LON1/LON2/DLON/H
  234  237  234  235  234  235  236  237  238  239  241  242  243  244  246  246
  247  247  250  248  244  240  238  236  231  229  224  220  214  209  205  199
  196  191  188  186  183  182  181  182  181  181  182  183  185  187  189  194
  198  202  206  210  214  217  221  224  226  229  232  234  236  237  237  238
  237  237  237  235  234  233  233  232  234
    80.0-180.0 180.0   5.0 450.0                            LAT/LON1/LON2/DLON/H
  250  247  246  244  246  246  248  247  247  249  249  251  253  254  257  257
  259  258  258  257  254  253  250  245  242  238  232  228  222  217  211  207
  202  198  194  190  188  183  181  181  182  183  185  186  188  191  195  199
  203  208  213  218  223  227  231  235  239  242  246  248  250  252  253  252
  253  252  250  249  248  249  248  252  250
    77.5-180.0 180.0   5.0 450.0                            LAT/LON1/LON2/DLON/H
  255  254  253  255  257  260  263  262  262  261  261  266  270  273  271  268
  264  263  264  262  260  253  251  248  246  244  241  236  231  225  218  211
  207  202  197  192  191  189  188  189  190  192  194  195  198  201  205  210
  214  219  224  228  234  237  241  245  249  252  256  259  261  263  265  265
  265  264  264  263  266  264  263  259  255
    75.0-180.0 180.0   5.0 450.0                            LAT/LON1/LON2/DLON/H
  258  258  260  263  269  273  276  278  277  276  277  276  275  271  268  271
  269  265  258  258  254  252  253  250  248  245  241  237  234  228  223  217
  211  207  205  201  200  198  198  198  200  203  206  210  212  215  217  221
  224  228  233  238  241  244  247  251  254  258  261  265  268  270  271  273
  273  272  273  273  272  269  266  262  258
    72.5-180.0 180.0   5.0 450.0                            LAT/LON1/LON2/DLON/H
  260  261  263  267  273  277  283  287  290  288  287  283  279  275  271  264
  258  251  255  252  250  252  252  251  247  242  240  234  230  225  222  218
  214  210  209  209  209  208  209  211  212  214  218  222  226  229  230  232
  234  236  239  243  245  247  249  252  254  257  260  264  268  270  272  274
  274  274  275  275  272  267  264  261  260
    70.0-180.0 180.0   5.0 450.0                            LAT/LON1/LON2/DLON/H
  259  259  262  264  269  276  284  292  296  298  299  295  287  277  268  261
  251  253  250  246  248  249  248  248  245  240  235  230  224  221  218  215
  214  212  211  213  214  216  217  219  221  223  227  231  235  238  238  239
  241  242  244  244  246  246  246  248  249  251  254  258  261  264  267  269
  271  272  273  270  266  263  260  259  259
    67.5-180.0 180.0   5.0 450.0                            LAT/LON1/LON2/DLON/H
  257  256  256  258  261  270  282  292  301  307  308  304  296  286  274  262
  255  252  247  247  248  249  247  244  242  238  232  225  220  216  213  212
  212  213  213  215  215  218  219  221  223  226  229  233  237  240  241  241
  241  243  243  243  243  242  241  241  241  243  245  248  251  254  258  261
  264  266  266  263  262  259  258  257  257
    65.0-180.0 180.0   5.0 450.0                            LAT/LON1/LON2/DLON/H
  258  256  253  252  255  263  275  287  299  307  312  313  308  299  285  271
  267  258  253  252  251  253  249  243  240  234  227  222  216  212  211  210
  211  213  212  213  212  213  215  216  217  219  223  227  231  235  237  238
  238  239  240  239  239  238  237  236  236  236  237  238  241  245  248  252
  255  257  258  257  258  258  258  259  258
    62.5-180.0 180.0   5.0 450.0                            LAT/LON1/LON2/DLON/H
  259  256  252  249  248  255  264  277  292  301  309  315  314  308  296  286
  280  269  263  259  257  257  252  244  239  233  226  221  216  214  214  211
  211  211  209  208  206  205  205  204  204  206  210  214  219  224  227  230
  231  235  236  238  238  240  238  237  235  234  234  235  236  237  240  245
  248  250  253  255  258  261  262  261  259
    60.0-180.0 180.0   5.0 450.0                            LAT/LON1/LON2/DLON/H
  262  257  252  248  245  247  254  266  280  291  303  312  315  314  309  302
  295  286  281  273  267  263  257  250  244  237  231  226  222  220  218  216
  213  209  206  201  198  195  193  191  190  193  196  201  206  211  215  220
  225  230  236  241  242  246  246  244  241  239  238  237  236  235  236  240
  244  247  251  255  261  265  266  266  262
    57.5-180.0 180.0   5.0 450.0                            LAT/LON1/LON2/DLON/H
  269  264  259  252  246  245  249  258  270  282  297  307  314  316  316  315
  312  307  301  293  285  278  269  262  255  248  242  238  233  230  227  223
  217  210  204  196  191  185  181  179  178  181  183  188  194  199  204  211
  217  226  236  243  249  253  255  254  251  249  248  245  243  239  238  239
  242  245  251  257  264  269  271  271  269
    55.0-180.0 180.0   5.0 450.0                            LAT/LON1/LON2/DLON/H
  279  276  271  263  256  251  252  258  268  279  291  302  310  316  320  323
  324  325  322  315  306  298  288  279  272  264  259  255  249  244  237  230
  222  212  202  193  187  179  174  172  172  173  175  179  183  188  195  201
  209  221  233  244  255  263  268  269  269  268  266  261  256  250  245  243
  243  246  251  259  267  273  277  278  279
    52.5-180.0 180.0   5.0 450.0                            LAT/LON1/LON2/DLON/H
  292  293  289  280  273  268  265  268  274  282  290  299  306  314  322  328
  333  338  339  334  326  315  305  296  289  284  279  273  268  261  249  239
  226  215  203  192  185  177  173  171  170  171  173  175  178  182  186  192
  201  212  228  244  260  273  283  289  293  293  291  284  275  267  257  251
  248  250  255  262  270  278  285  291  292
    50.0-180.0 180.0   5.0 450.0                            LAT/LON1/LON2/DLON/H
  311  314  311  306  299  292  289  287  290  293  295  299  306  314  322  331
  341  348  351  349  341  332  322  315  308  305  300  296  287  277  261  247
  231  218  206  194  188  182  178  176  174  175  176  177  178  179  182  186
  195  205  224  243  262  282  299  310  318  320  318  311  299  287  273  265
  258  257  261  267  276  286  296  304  311
    47.5-180.0 180.0   5.0 450.0                            LAT/LON1/LON2/DLON/H
  331  339  339  335  330  326  320  313  312  310  306  307  311  316  325  336
  347  354  359  361  355  347  339  333  328  326  322  315  303  288  269  253
  235  220  209  200  196  194  190  185  183  182  182  183  183  182  182  185
  191  202  220  241  265  290  312  328  341  346  345  337  322  307  291  279
  272  267  270  276  285  296  310  321  331
    45.0-180.0 180.0   5.0 450.0                            LAT/LON1/LON2/DLON/H
  356  367  369  367  365  365  356  346  340  335  326  321  320  324  331  340
  351  360  367  372  369  363  356  350  347  344  339  329  313  295  273  255
  237  224  215  209  209  208  204  199  195  192  191  191  191  190  188  187
  190  200  219  240  266  295  320  342  358  365  365  357  342  325  308  297
  287  282  283  289  297  311  327  342  356
    42.5-180.0 180.0   5.0 450.0                            LAT/LON1/LON2/DLON/H
  381  393  399  398  403  405  395  381  374  365  351  340  335  338  343  351
  358  367  376  383  383  378  372  366  362  359  352  338  319  299  277  256
  239  229  223  223  225  227  222  215  209  204  201  201  201  199  195  191
  191  201  217  239  267  297  323  350  368  374  374  368  356  341  327  316
  306  299  299  305  315  328  346  364  381
    40.0-180.0 180.0   5.0 450.0                            LAT/LON1/LON2/DLON/H
  410  425  429  430  436  439  433  418  413  396  380  365  356  357  359  363
  367  377  389  397  399  395  387  379  375  370  361  345  322  300  280  258
  244  237  236  240  246  247  243  234  225  216  213  214  215  210  203  197
  196  203  217  238  266  296  324  351  371  377  377  373  366  357  346  337
  325  319  318  325  336  351  370  391  410
    37.5-180.0 180.0   5.0 450.0                            LAT/LON1/LON2/DLON/H
  442  458  461  462  467  476  471  458  451  433  414  395  384  382  378  378
  381  391  403  414  417  412  402  393  387  379  367  350  326  305  282  263
  253  250  254  262  269  269  266  256  243  231  227  228  228  222  212  204
  200  205  216  236  263  292  318  344  367  376  378  377  375  371  365  358
  348  341  340  347  360  377  398  425  442
    35.0-180.0 180.0   5.0 450.0                            LAT/LON1/LON2/DLON/H
  483  490  495  496  499  507  505  495  486  473  453  433  418  412  404  400
  400  408  420  431  435  429  418  406  397  388  373  354  333  309  286  272
  266  267  272  281  289  293  288  277  263  250  242  241  241  232  220  209
  203  205  215  233  257  285  311  337  358  369  375  380  383  385  384  380
  371  366  365  372  388  405  430  461  483
    32.5-180.0 180.0   5.0 450.0                            LAT/LON1/LON2/DLON/H
  522  528  530  531  533  536  535  529  520  513  492  474  457  448  438  429
  425  428  440  451  453  445  430  413  400  393  379  358  338  314  293  282
  281  284  289  297  305  309  306  295  281  265  257  254  251  238  223  213
  206  207  215  231  253  278  306  330  350  362  371  380  388  394  398  397
  392  389  389  399  416  438  464  499  522
    30.0-180.0 180.0   5.0 450.0                            LAT/LON1/LON2/DLON/H
  559  566  568  567  566  565  564  565  558  550  536  514  497  486  472  460
  452  453  461  470  469  457  437  413  399  390  382  361  344  320  301  294
  294  295  299  303  310  314  313  307  296  279  275  268  256  243  227  217
  211  210  215  229  247  273  301  324  341  355  366  378  390  401  408  410
  410  409  414  425  443  468  503  537  559
    27.5-180.0 180.0   5.0 450.0                            LAT/LON1/LON2/DLON/H
  595  603  607  605  602  600  601  604  603  595  578  553  535  521  506  491
  481  478  481  486  482  467  443  411  392  382  374  355  342  323  308  301
  298  294  294  298  302  305  309  315  307  292  291  279  262  246  233  225
  217  214  217  227  243  267  292  314  332  347  361  375  390  405  416  422
  426  427  434  447  468  498  537  572  595
    25.0-180.0 180.0   5.0 450.0                            LAT/LON1/LON2/DLON/H
  632  641  651  649  643  641  644  648  650  642  622  594  574  553  538  524
  510  504  502  499  489  473  446  410  388  374  362  345  330  317  306  300
  296  286  281  282  284  290  301  321  316  301  296  279  262  251  244  237
  223  214  214  220  233  255  278  301  322  340  356  373  391  408  422  432
  438  443  451  467  491  522  566  608  632
    22.5-180.0 180.0   5.0 450.0                            LAT/LON1/LON2/DLON/H
  665  684  694  696  692  688  691  692  696  688  666  635  610  591  572  561
  541  531  521  511  497  475  447  414  390  371  355  333  313  300  291  288
  286  272  264  263  264  273  290  312  309  305  299  277  265  257  254  243
  225  213  207  209  217  236  260  285  312  334  354  372  392  409  425  438
  448  455  468  485  516  546  591  636  665
    20.0-180.0 180.0   5.0 450.0                            LAT/LON1/LON2/DLON/H
  686  712  734  746  746  743  738  742  741  733  708  679  650  629  608  592
  568  553  537  523  504  477  448  417  392  368  344  316  290  273  266  266
  261  249  241  239  239  253  269  283  289  299  296  280  270  263  258  244
  224  209  198  192  198  217  242  272  303  331  353  373  392  409  427  444
  456  469  484  506  535  568  611  653  686
    17.5-180.0 180.0   5.0 450.0                            LAT/LON1/LON2/DLON/H
  695  725  757  778  786  787  786  786  781  771  747  719  687  662  642  618
  591  574  550  528  504  473  443  412  384  354  320  285  260  242  233  233
  231  224  222  221  221  232  245  256  264  271  281  280  274  267  256  237
  218  202  186  175  180  200  230  267  303  333  358  378  396  414  433  453
  470  486  503  526  553  587  624  663  695
    15.0-180.0 180.0   5.0 450.0                            LAT/LON1/LON2/DLON/H
  691  725  760  790  806  815  820  821  813  801  781  755  722  692  668  640
  611  586  557  525  494  464  433  397  361  324  286  247  224  211  202  201
  205  211  216  210  210  218  231  240  242  245  255  266  269  261  247  228
  211  192  173  160  163  186  222  265  304  337  367  388  406  423  443  466
  488  508  527  549  572  600  634  662  691
    12.5-180.0 180.0   5.0 450.0                            LAT/LON1/LON2/DLON/H
  681  714  748  780  801  816  827  833  830  822  807  783  751  720  688  656
  624  589  556  518  482  449  414  373  331  287  248  209  190  178  173  179
  193  207  218  216  215  221  231  236  232  227  232  244  250  244  234  218
  200  179  159  146  150  174  214  260  305  343  376  400  417  435  455  479
  506  532  554  576  595  616  637  659  681
    10.0-180.0 180.0   5.0 450.0                            LAT/LON1/LON2/DLON/H
  672  699  732  761  780  798  813  820  826  826  820  798  770  739  703  666
  630  588  550  507  466  427  388  348  304  255  213  181  165  158  158  168
  189  214  231  237  236  239  245  243  232  220  218  223  227  227  220  204
  186  166  147  136  140  166  209  258  305  347  382  410  431  449  469  493
  521  552  577  600  617  632  643  656  672
     7.5-180.0 180.0   5.0 450.0                            LAT/LON1/LON2/DLON/H
  671  690  716  739  752  764  775  790  800  811  811  797  777  748  712  671
  630  584  541  495  446  400  361  320  276  227  189  164  155  155  159  172
  200  231  256  267  266  267  268  257  241  220  209  207  211  212  202  188
  173  155  137  128  134  159  202  255  305  350  387  420  443  464  487  509
  535  568  599  624  642  652  656  661  671
     5.0-180.0 180.0   5.0 450.0                            LAT/LON1/LON2/DLON/H
  683  695  714  728  732  734  740  751  761  776  784  778  767  746  713  673
  629  581  532  481  425  374  331  291  247  206  177  162  162  167  172  191
  229  261  287  301  299  294  289  274  251  223  202  191  193  193  184  172
  158  144  129  122  128  152  194  244  299  347  387  424  453  475  501  523
  548  583  620  651  673  683  681  679  683
     2.5-180.0 180.0   5.0 450.0                            LAT/LON1/LON2/DLON/H
  712  718  728  732  727  719  717  722  728  739  747  747  742  727  701  668
  627  577  522  465  404  350  304  263  224  193  178  176  184  196  202  225
  269  301  318  327  324  305  301  284  257  224  194  176  173  171  163  153
  140  131  122  116  121  143  182  237  289  339  380  418  454  481  504  528
  555  591  632  676  705  719  718  716  712
