DORISInput/IGSGIM/2024/IGS0OPSFIN_20241530000_01D_02H_GIM.INX
     1.0            IONOSPHERE MAPS     MIX                 IONEX VERSION / TYPE
cmpcmb v1.2          GRL/UWM            12-jun-24 16:32     PGM / RUN BY / DATE 
ionex file containing IGS COMBINED Ionosphere maps          COMMENT             
global ionosphere maps for day 153, 2024                    DESCRIPTION         
IONEX file containing the COMBINED IGS TEC MAPS and DCBs    DESCRIPTION         
      IONEX files of the following IAACs were combined: cod DESCRIPTION         
                                                        jpl DESCRIPTION         
                                                        upc DESCRIPTION         
Contact address: Andrzej Krankowski                         DESCRIPTION
                 Geodynamics Research Laboratory            DESCRIPTION
                 University of Warmia and Mazury (GRL/UWM)  DESCRIPTION
                 Oczapowski St. 1                           DESCRIPTION
                 10-957-Olsztyn, POLAND                     DESCRIPTION
                 e-mail:  kand@uwm.edu.pl                   DESCRIPTION
                                                            DESCRIPTION         
  2024     6     1     0     0     0                        EPOCH OF FIRST MAP  
  2024     6     2     0     0     0                        EPOCH OF LAST MAP   
  7200                                                      INTERVAL            
    13                                                      # OF MAPS IN FILE   
  COSZ                                                      MAPPING FUNCTION    
     0.0                                                    ELEVATION CUTOFF    
combined TEC calculated as weighted mean of input TEC valuesOBSERVABLES USED    
   334                                                      # OF STATIONS       
    32                                                      # OF SATELLITES     
  6371.0                                                    BASE RADIUS         
     2                                                      MAP DIMENSION       
   450.0 450.0   0.0                                        HGT1 / HGT2 / DHGT  
    87.5 -87.5  -2.5                                        LAT1 / LAT2 / DLAT  
  -180.0 180.0   5.0                                        LON1 / LON2 / DLON  
    -1                                                      EXPONENT            
TEC values in 0.1 tec units;  9999, if no value available   COMMENT             
DCB values in nanoseconds, reference is Sum_of_SatDCBs = 0  COMMENT             
                                                            END OF HEADER       
[from data line 4290]
    11                                                      START OF TEC MAP    
  2024     6     1    20     0     0                        EPOCH OF CURRENT MAP
    87.5-180.0 180.0   5.0 450.0                            LAT/LON1/LON2/DLON/H
  217  217  218  218  219  220  220  221  221  222  222  223  223  223  223  224
  224  223  223  224  223  223  222  222  221  221  220  220  219  219  218  217
  217  216  216  215  215  214  214  213  212  212  212  211  211  210  210  210
  210  210  209  209  209  209  210  210  210  211  211  211  212  212  212  213
  214  214  215  215  215  215  216  216  217
    85.0-180.0 180.0   5.0 450.0                            LAT/LON1/LON2/DLON/H
  218  218  219  220  221  221  222  223  224  225  226  227  229  230  231  231
  232  232  232  232  231  230  228  227  227  226  225  224  223  223  222  221
  220  219  218  216  215  214  213  211  210  209  208  207  206  206  205  204
  205  204  204  204  204  205  206  206  207  208  209  210  211  212  213  214
  215  215  216  217  217  217  217  218  218
    82.5-180.0 180.0   5.0 450.0                            LAT/LON1/LON2/DLON/H
  218  218  218  219  220  221  223  224  227  229  232  234  237  238  238  239
  239  239  238  237  237  235  234  234  233  231  231  229  228  226  225  224
  222  221  219  217  216  214  212  210  208  207  205  204  203  202  202  201
  201  201  201  202  202  203  204  206  208  209  210  213  214  216  218  218
  219  221  221  221  221  221  221  219  218
    80.0-180.0 180.0   5.0 450.0                            LAT/LON1/LON2/DLON/H
  219  218  218  218  220  222  225  228  230  234  236  239  241  243  243  244
  244  242  242  241  240  239  239  238  238  237  235  234  232  230  228  227
  225  224  222  220  218  217  215  213  211  208  206  204  202  201  200  199
  199  199  200  201  202  204  206  208  210  213  214  218  220  222  224  225
  226  227  226  226  225  224  222  221  219
    77.5-180.0 180.0   5.0 450.0                            LAT/LON1/LON2/DLON/H
  222  220  219  219  221  222  224  227  230  233  237  241  244  246  247  247
  247  247  247  247  246  244  245  242  241  238  237  236  235  233  233  231
  229  228  226  225  223  221  218  216  214  212  211  207  205  204  202  202
  202  201  201  202  204  206  209  211  214  217  219  223  226  229  232  233
  235  235  234  233  232  229  227  225  222
    75.0-180.0 180.0   5.0 450.0                            LAT/LON1/LON2/DLON/H
  230  226  225  224  223  223  224  226  230  234  238  243  247  248  252  253
  253  253  252  250  249  249  250  247  245  243  241  240  239  238  236  236
  234  232  231  230  228  227  226  222  220  217  215  212  210  209  207  207
  206  206  206  206  207  210  212  215  217  220  224  228  231  235  237  241
  242  244  244  243  242  239  236  233  230
    72.5-180.0 180.0   5.0 450.0                            LAT/LON1/LON2/DLON/H
  244  240  236  232  230  227  228  229  233  237  241  246  250  255  258  260
  261  259  258  257  255  256  254  251  250  249  246  244  243  242  241  240
  238  237  235  233  232  231  230  228  225  222  219  217  215  213  213  213
  212  211  210  209  209  211  213  216  218  221  225  230  235  239  243  248
  251  254  256  257  256  255  251  247  244
    70.0-180.0 180.0   5.0 450.0                            LAT/LON1/LON2/DLON/H
  263  258  252  247  242  237  236  237  239  241  245  250  256  260  265  267
  266  268  265  264  263  261  258  256  256  254  252  250  248  247  246  244
  242  240  238  236  234  233  232  230  227  224  222  220  219  217  216  215
  214  214  212  210  209  209  210  212  215  219  224  230  235  240  247  253
  259  265  269  274  275  274  272  268  263
    67.5-180.0 180.0   5.0 450.0                            LAT/LON1/LON2/DLON/H
  285  281  274  267  260  254  249  247  247  247  251  255  259  264  268  271
  273  274  272  271  270  267  265  262  262  261  259  258  254  251  249  246
  244  241  238  236  233  231  229  228  226  223  222  221  219  218  217  217
  215  214  211  208  206  204  204  205  209  213  218  226  232  240  248  256
  265  273  284  290  292  294  292  291  285
    65.0-180.0 180.0   5.0 450.0                            LAT/LON1/LON2/DLON/H
  307  301  295  286  279  272  264  258  255  254  256  258  261  266  270  275
  278  278  278  278  276  274  273  271  271  269  267  264  260  254  250  247
  243  239  236  233  230  227  225  224  222  220  218  217  217  216  216  216
  214  211  205  201  198  196  195  197  200  205  211  219  226  236  245  256
  267  280  290  299  305  309  311  313  307
    62.5-180.0 180.0   5.0 450.0                            LAT/LON1/LON2/DLON/H
  325  318  312  304  295  286  277  268  263  260  259  260  263  267  273  277
  281  283  284  283  282  282  281  279  278  277  273  269  264  257  251  245
  241  236  232  228  225  223  221  219  218  216  215  215  214  214  214  213
  211  206  199  194  189  187  186  187  190  195  202  210  219  230  241  253
  265  278  292  304  312  319  324  328  325
    60.0-180.0 180.0   5.0 450.0                            LAT/LON1/LON2/DLON/H
  334  329  323  316  306  296  287  277  269  264  261  261  263  267  273  278
  284  288  289  288  287  287  287  285  284  282  278  273  268  260  251  244
  239  234  229  224  221  219  218  216  215  214  213  212  211  211  211  210
  207  200  193  187  183  179  177  178  180  186  193  202  212  222  236  247
  262  274  291  304  315  324  331  335  334
    57.5-180.0 180.0   5.0 450.0                            LAT/LON1/LON2/DLON/H
  340  337  332  324  314  304  293  284  275  268  263  262  263  268  273  280
  286  291  292  292  292  292  292  291  291  287  283  277  270  262  253  245
  240  235  229  223  220  219  217  216  215  214  212  210  210  209  209  207
  204  197  190  184  178  173  170  169  172  177  184  194  204  215  229  241
  255  270  285  302  313  324  333  337  340
    55.0-180.0 180.0   5.0 450.0                            LAT/LON1/LON2/DLON/H
  344  344  341  330  321  311  301  291  281  272  267  264  265  269  275  283
  289  293  296  296  296  296  296  296  296  292  287  281  274  267  257  250
  246  240  232  227  223  221  220  219  218  216  214  212  211  211  210  208
  204  197  189  183  177  171  166  165  166  170  177  186  196  208  222  236
  249  264  281  297  310  321  332  339  344
    52.5-180.0 180.0   5.0 450.0                            LAT/LON1/LON2/DLON/H
  347  351  350  339  330  320  308  298  289  280  272  268  269  272  278  286
  292  297  299  299  299  299  300  300  299  296  292  287  280  274  267  260
  257  250  242  236  231  228  227  226  223  221  219  217  215  214  214  210
  206  199  192  186  180  174  169  166  166  168  173  180  191  204  218  233
  245  260  277  292  306  319  330  340  347
    50.0-180.0 180.0   5.0 450.0                            LAT/LON1/LON2/DLON/H
  351  360  359  352  345  332  321  310  300  289  281  276  275  278  283  290
  297  300  302  304  303  304  305  306  305  303  300  296  291  286  279  273
  268  264  255  249  243  239  236  235  233  230  226  223  221  219  217  215
  212  206  200  194  188  182  175  172  170  170  173  179  190  201  216  231
  244  258  275  289  301  316  330  342  351
    47.5-180.0 180.0   5.0 450.0                            LAT/LON1/LON2/DLON/H
  360  374  375  371  361  349  337  326  313  303  293  287  285  287  291  297
  302  306  307  309  309  311  313  315  315  314  311  308  303  298  293  288
  283  279  271  262  256  252  249  246  242  238  233  230  228  226  224  222
  220  216  211  205  200  195  188  182  178  176  177  182  191  204  217  233
  246  258  274  287  300  316  332  348  360
    45.0-180.0 180.0   5.0 450.0                            LAT/LON1/LON2/DLON/H
  375  389  394  394  387  373  360  349  332  320  310  302  300  300  302  306
  311  313  314  316  318  322  325  328  328  328  326  321  316  310  306  304
  300  295  286  278  272  267  263  258  253  247  242  237  236  234  233  233
  231  229  225  222  216  211  205  198  192  186  186  189  196  208  222  237
  251  263  276  290  304  320  340  358  375
    42.5-180.0 180.0   5.0 450.0                            LAT/LON1/LON2/DLON/H
  390  406  415  416  411  399  386  374  359  343  330  321  316  316  317  320
  322  325  326  328  332  337  341  345  346  346  343  337  332  324  320  319
  314  310  302  295  289  284  279  273  266  259  253  247  245  244  244  244
  244  244  243  240  235  230  223  216  209  201  196  197  203  215  231  246
  259  271  284  298  313  330  350  370  390
    40.0-180.0 180.0   5.0 450.0                            LAT/LON1/LON2/DLON/H
  404  420  431  435  433  424  412  400  384  367  354  343  337  336  337  339
  339  341  341  345  350  356  361  365  366  367  363  358  350  341  337  333
  329  326  321  315  311  306  299  292  283  275  268  261  258  257  258  259
  259  261  260  257  251  245  239  232  224  217  209  206  211  225  240  256
  270  283  297  309  325  342  364  386  404
    37.5-180.0 180.0   5.0 450.0                            LAT/LON1/LON2/DLON/H
  416  431  443  449  450  444  436  427  415  401  384  370  365  362  362  363
  363  364  363  367  372  378  383  387  390  391  387  382  372  360  354  346
  346  344  343  341  338  332  325  316  306  297  290  285  282  276  276  277
  276  274  273  268  261  255  249  242  235  229  222  218  221  233  251  267
  282  296  311  324  338  353  374  396  416
    35.0-180.0 180.0   5.0 450.0                            LAT/LON1/LON2/DLON/H
  421  437  452  461  462  462  459  452  444  433  417  404  395  393  394  396
  395  394  392  394  398  403  407  411  415  417  413  409  397  384  372  364
  363  367  369  370  369  365  358  347  339  327  320  316  308  302  296  292
  289  282  278  271  265  259  253  247  241  236  231  226  228  240  257  277
  294  309  324  337  349  361  379  400  421
    32.5-180.0 180.0   5.0 450.0                            LAT/LON1/LON2/DLON/H
  420  438  457  471  476  479  482  478  471  463  454  441  435  433  435  436
  436  432  428  428  428  430  432  436  439  442  439  435  424  409  395  386
  385  391  396  401  404  399  393  388  383  372  361  353  342  326  312  302
  295  284  277  270  263  256  251  246  243  239  234  230  233  242  260  281
  302  319  333  345  354  364  380  401  420
    30.0-180.0 180.0   5.0 450.0                            LAT/LON1/LON2/DLON/H
  418  437  458  476  486  493  500  501  499  495  492  483  479  481  483  484
  484  479  470  465  461  458  456  457  461  467  465  464  454  437  423  412
  411  418  423  434  442  442  438  437  429  418  403  394  371  341  320  305
  295  281  271  264  256  248  243  241  237  235  232  229  231  241  260  282
  305  322  334  346  354  363  379  399  418
    27.5-180.0 180.0   5.0 450.0                            LAT/LON1/LON2/DLON/H
  419  438  460  478  492  504  514  520  524  528  531  527  526  530  538  544
  539  531  519  505  494  486  479  477  482  490  493  493  486  471  456  448
  448  450  450  463  479  482  485  481  469  448  434  416  380  343  320  302
  288  275  261  252  242  235  231  228  226  225  224  223  225  235  254  277
  302  320  331  341  349  359  375  396  419
    25.0-180.0 180.0   5.0 450.0                            LAT/LON1/LON2/DLON/H
  420  442  463  481  498  512  525  535  547  560  570  573  577  585  590  598
  593  583  565  545  527  513  502  499  503  513  519  522  518  507  500  495
  502  486  476  477  493  501  508  495  470  448  437  408  361  332  312  295
  277  263  245  233  225  217  214  211  211  212  212  212  215  224  242  266
  291  310  320  332  342  354  372  395  420
    22.5-180.0 180.0   5.0 450.0                            LAT/LON1/LON2/DLON/H
  424  447  467  483  500  517  531  545  563  584  602  618  624  634  639  648
  648  634  609  586  561  541  527  523  527  537  544  550  553  550  553  555
  557  532  492  473  478  480  479  456  430  414  407  375  336  314  298  281
  262  243  224  213  204  198  194  194  195  198  199  199  202  210  227  249
  274  294  311  324  335  351  372  397  424
    20.0-180.0 180.0   5.0 450.0                            LAT/LON1/LON2/DLON/H
  430  452  471  485  499  516  534  551  572  599  626  646  660  674  683  692
  695  681  654  628  598  571  552  545  550  564  574  577  589  595  603  600
  585  544  492  456  440  426  409  383  361  364  363  333  304  289  276  257
  239  222  205  192  184  181  180  182  185  188  189  187  187  193  209  229
  254  278  299  318  335  354  376  405  430
    17.5-180.0 180.0   5.0 450.0                            LAT/LON1/LON2/DLON/H
  437  457  474  486  500  515  533  552  575  604  636  660  682  702  715  727
  732  722  697  669  636  602  576  566  572  588  599  601  613  628  631  619
  585  536  478  430  390  360  335  309  297  309  308  285  265  259  251  238
  223  205  191  181  174  174  177  180  183  185  182  177  174  178  191  211
  237  265  292  315  338  361  386  413  437
    15.0-180.0 180.0   5.0 450.0                            LAT/LON1/LON2/DLON/H
  444  463  478  490  504  516  531  549  572  602  635  665  691  716  735  749
  756  749  731  704  669  630  601  587  589  603  613  616  624  637  637  622
  580  520  458  399  344  311  282  254  246  255  250  238  239  238  238  230
  217  206  192  181  177  178  184  186  186  185  178  171  164  165  174  193
  223  255  287  316  344  371  397  422  444
    12.5-180.0 180.0   5.0 450.0                            LAT/LON1/LON2/DLON/H
  452  469  483  495  509  521  535  548  568  596  628  662  691  718  741  758
  768  766  754  730  695  653  622  606  604  611  619  623  628  635  633  616
  567  506  434  369  319  286  257  224  217  220  217  218  225  234  241  238
  227  219  201  189  184  188  194  195  192  186  176  166  157  153  158  174
  203  241  281  320  354  383  409  431  452
    10.0-180.0 180.0   5.0 450.0                            LAT/LON1/LON2/DLON/H
  459  477  491  503  515  526  540  551  568  591  621  654  684  711  736  758
  773  778  771  751  715  671  638  619  615  618  624  627  631  631  626  604
  558  491  420  360  317  289  260  232  221  221  217  225  237  248  256  258
  248  236  214  197  190  195  202  203  195  186  174  162  151  144  150  163
  188  228  276  323  364  396  419  440  459
     7.5-180.0 180.0   5.0 450.0                            LAT/LON1/LON2/DLON/H
  467  485  502  515  527  537  549  560  575  594  618  645  673  699  726  752
  772  784  781  766  730  682  647  627  621  624  629  631  632  629  616  589
  544  481  420  369  342  325  302  282  269  258  253  261  266  273  280  284
  274  252  225  205  197  200  204  204  196  184  169  156  147  141  144  157
  181  223  272  321  366  404  429  450  467
     5.0-180.0 180.0   5.0 450.0                            LAT/LON1/LON2/DLON/H
  481  498  517  533  544  554  564  573  588  603  621  643  666  690  715  743
  767  783  783  770  734  688  651  629  624  627  631  633  632  624  605  575
  531  477  432  399  385  381  375  363  345  321  307  307  307  304  308  310
  297  266  235  211  201  200  201  199  191  177  162  149  142  139  141  154
  180  216  267  321  369  409  437  463  481
     2.5-180.0 180.0   5.0 450.0                            LAT/LON1/LON2/DLON/H
  499  519  535  551  566  574  583  590  602  615  630  647  663  684  707  733
  758  774  775  764  731  686  650  629  624  629  634  635  631  617  594  558
  512  471  446  436  436  446  453  443  420  380  354  347  341  338  336  330
  313  275  238  210  192  190  190  185  178  165  150  139  134  135  142  156
  179  212  260  315  370  413  448  477  499
