DORISInput/IGSGIM/2024/IGS0OPSFIN_20241500000_01D_02H_GIM.INX
     1.0            IONOSPHERE MAPS     MIX                 IONEX VERSION / TYPE
cmpcmb v1.2          GRL/UWM            12-jun-24 16:17     PGM / RUN BY / DATE 
ionex file containing IGS COMBINED Ionosphere maps          COMMENT             
global ionosphere maps for day 150, 2024                    DESCRIPTION         
IONEX file containing the COMBINED IGS TEC MAPS and DCBs    DESCRIPTION         
      IONEX files of the following IAACs were combined: cod DESCRIPTION         
                                                        jpl DESCRIPTION         
                                                        upc DESCRIPTION         
Contact address: Andrzej Krankowski                         DESCRIPTION
                 Geodynamics Research Laboratory            DESCRIPTION
                 University of Warmia and Mazury (GRL/UWM)  DESCRIPTION
                 Oczapowski St. 1                           DESCRIPTION
                 10-957-Olsztyn, POLAND                     DESCRIPTION
                 e-mail:  kand@uwm.edu.pl                   DESCRIPTION
                                                            DESCRIPTION         
  2024     5    29     0     0     0                        EPOCH OF FIRST MAP  
  2024     5    30     0     0     0                        EPOCH OF LAST MAP   
  7200                                                      INTERVAL            
    13                                                      # OF MAPS IN FILE   
  COSZ                                                      MAPPING FUNCTION    
     0.0                                                    ELEVATION CUTOFF    
combined TEC calculated as weighted mean of input TEC valuesOBSERVABLES USED    
   335                                                      # OF STATIONS       
    32                                                      # OF SATELLITES     
  6371.0                                                    BASE RADIUS         
     2                                                      MAP DIMENSION       
   450.0 450.0   0.0                                        HGT1 / HGT2 / DHGT  
    87.5 -87.5  -2.5                                        LAT1 / LAT2 / DLAT  
  -180.0 180.0   5.0                                        LON1 / LON2 / DLON  
    -1                                                      EXPONENT            
TEC values in 0.1 tec units;  9999, if no value available   COMMENT             
DCB values in nanoseconds, reference is Sum_of_SatDCBs = 0  COMMENT             
                                                            END OF HEADER       
[from data line 5148]
    13                                                      START OF TEC MAP    
  2024     5    30     0     0     0                        EPOCH OF CURRENT MAP
    87.5-180.0 180.0   5.0 450.0                            LAT/LON1/LON2/DLON/H
  205  205  205  206  206  208  208  209  209  209  210  211  211  211  211  212
  212  212  212  211  211  210  210  210  210  209  209  209  208  207  207  205
  204  203  202  200  200  199  198  197  197  196  196  196  195  195  196  196
  196  196  196  196  196  196  196  196  197  197  198  198  199  199  199  200
  201  202  201  202  202  203  203  204  205
    85.0-180.0 180.0   5.0 450.0                            LAT/LON1/LON2/DLON/H
  208  208  209  210  210  211  212  212  213  214  215  216  217  217  218  218
  218  218  218  219  218  216  214  214  213  212  210  207  204  201  200  198
  197  197  195  194  192  192  190  189  188  186  185  185  184  184  184  184
  184  185  186  187  187  189  189  190  192  192  193  194  195  196  197  198
  199  199  201  202  203  203  205  206  208
    82.5-180.0 180.0   5.0 450.0                            LAT/LON1/LON2/DLON/H
  214  216  214  215  215  216  218  218  219  220  220  221  222  222  223  225
  224  224  223  221  220  219  216  216  213  209  204  202  202  200  197  196
  193  191  188  187  184  182  180  179  177  176  175  174  173  173  174  175
  176  178  179  181  183  185  188  189  191  193  195  197  198  199  200  201
  202  203  204  207  208  211  213  214  214
    80.0-180.0 180.0   5.0 450.0                            LAT/LON1/LON2/DLON/H
  219  218  220  222  226  225  228  226  228  232  232  232  232  232  230  230
  227  224  222  219  216  217  215  205  203  202  203  200  199  197  195  192
  188  185  182  180  178  175  173  170  168  166  165  165  165  165  166  169
  171  174  177  180  183  187  190  193  197  200  202  205  207  209  209  208
  209  209  210  212  215  218  219  220  219
    77.5-180.0 180.0   5.0 450.0                            LAT/LON1/LON2/DLON/H
  223  227  229  232  234  236  238  238  239  238  236  233  227  224  220  218
  217  215  214  210  208  206  203  199  196  193  193  193  192  190  185  184
  184  182  180  175  173  169  169  167  165  161  159  159  160  162  164  167
  171  175  179  183  188  192  196  201  205  208  212  215  217  218  219  219
  218  217  218  220  223  224  224  224  223
    75.0-180.0 180.0   5.0 450.0                            LAT/LON1/LON2/DLON/H
  233  236  238  240  245  246  247  250  249  247  241  234  226  219  216  214
  209  204  201  196  197  196  194  191  188  185  180  181  184  183  181  179
  172  170  170  174  173  167  163  164  162  161  160  160  161  164  167  170
  174  179  184  189  195  200  205  209  213  217  221  224  228  228  229  229
  231  230  231  229  229  229  229  230  233
    72.5-180.0 180.0   5.0 450.0                            LAT/LON1/LON2/DLON/H
  244  245  248  251  253  258  261  262  263  259  251  240  232  224  218  208
  201  195  189  189  188  185  184  182  180  178  174  172  173  177  173  171
  169  170  169  169  170  166  164  162  163  164  164  166  167  170  174  177
  182  188  193  198  205  210  214  220  223  227  231  235  239  241  242  248
  250  248  244  241  237  237  239  242  244
    70.0-180.0 180.0   5.0 450.0                            LAT/LON1/LON2/DLON/H
  255  258  259  262  266  269  273  275  276  271  267  258  244  232  219  207
  200  194  188  183  180  179  177  175  175  174  173  171  174  174  175  173
  169  167  171  171  172  167  164  164  167  170  171  173  175  179  183  187
  193  198  204  210  215  221  225  230  234  238  242  248  253  256  262  265
  268  266  262  257  253  253  253  254  255
    67.5-180.0 180.0   5.0 450.0                            LAT/LON1/LON2/DLON/H
  267  269  270  271  274  277  282  286  287  287  284  275  263  247  229  217
  210  200  192  186  181  181  179  177  176  176  177  176  177  178  175  176
  176  173  171  174  176  173  171  172  174  176  178  180  183  187  192  197
  204  210  216  222  227  231  235  239  243  247  252  259  265  271  277  281
  283  282  278  276  271  271  269  268  267
    65.0-180.0 180.0   5.0 450.0                            LAT/LON1/LON2/DLON/H
  279  278  277  276  277  282  288  292  295  297  296  291  282  271  254  240
  231  220  213  202  196  196  193  189  188  189  189  189  186  186  182  180
  181  180  178  182  184  184  184  183  184  182  182  185  189  194  200  206
  215  222  229  234  238  241  244  246  249  254  259  267  274  282  289  294
  296  295  294  293  289  288  283  281  279
    62.5-180.0 180.0   5.0 450.0                            LAT/LON1/LON2/DLON/H
  289  286  283  280  281  286  291  295  300  304  304  301  296  289  279  268
  258  249  245  231  224  222  217  211  211  213  209  209  204  202  196  194
  192  191  189  192  193  194  195  195  194  190  188  190  195  200  207  215
  224  232  240  246  249  251  251  252  253  258  263  272  280  288  295  302
  306  307  306  306  304  301  296  292  289
    60.0-180.0 180.0   5.0 450.0                            LAT/LON1/LON2/DLON/H
  298  294  289  286  286  289  292  296  302  306  309  308  306  302  297  291
  284  280  275  265  259  255  250  244  244  243  239  237  233  225  218  214
  213  209  205  203  204  204  205  203  200  197  195  196  198  204  213  222
  233  242  251  257  259  260  258  258  258  262  266  274  282  290  298  306
  312  315  317  316  314  311  306  302  298
    57.5-180.0 180.0   5.0 450.0                            LAT/LON1/LON2/DLON/H
  306  302  298  294  291  291  294  298  303  308  313  314  314  312  310  308
  307  305  302  295  291  285  280  276  272  270  266  264  260  249  242  236
  235  229  226  221  221  218  216  211  206  203  202  201  203  210  217  228
  239  249  259  266  269  269  266  264  263  266  269  275  281  288  298  306
  315  320  322  322  320  316  313  309  306
    55.0-180.0 180.0   5.0 450.0                            LAT/LON1/LON2/DLON/H
  314  312  309  304  300  297  299  302  307  311  316  320  322  323  323  323
  325  325  325  321  318  311  303  297  293  290  289  284  282  274  263  257
  254  249  245  239  237  230  224  218  212  209  207  206  208  212  219  229
  241  254  265  275  279  279  275  272  269  271  272  276  280  285  294  304
  315  321  324  324  323  321  319  317  314
    52.5-180.0 180.0   5.0 450.0                            LAT/LON1/LON2/DLON/H
  323  323  321  317  313  310  308  311  313  317  320  325  328  331  335  338
  342  344  346  344  340  332  323  315  309  306  306  300  297  290  283  276
  271  265  259  252  249  239  231  224  218  215  211  210  210  213  219  228
  242  256  269  282  290  291  288  284  280  281  279  278  277  279  289  302
  312  321  325  326  326  326  327  326  323
    50.0-180.0 180.0   5.0 450.0                            LAT/LON1/LON2/DLON/H
  339  341  339  336  331  327  325  325  324  326  328  330  334  340  345  352
  358  362  365  364  360  351  342  334  325  321  318  315  308  303  295  289
  282  276  268  259  255  245  236  230  225  220  216  213  210  211  218  228
  241  256  274  290  300  306  303  300  297  294  288  281  276  275  284  300
  311  321  327  330  332  334  339  339  339
    47.5-180.0 180.0   5.0 450.0                            LAT/LON1/LON2/DLON/H
  363  365  364  361  356  351  348  345  341  339  339  340  344  349  357  365
  373  380  384  385  381  373  363  354  342  334  330  325  319  311  303  297
  288  281  273  263  259  252  244  237  233  229  225  219  214  214  220  229
  240  257  278  296  309  318  320  320  316  310  301  291  282  277  283  299
  315  326  333  338  344  349  358  361  363
    45.0-180.0 180.0   5.0 450.0                            LAT/LON1/LON2/DLON/H
  395  399  397  395  389  384  378  372  363  359  355  355  359  361  369  377
  386  396  402  404  401  394  383  372  361  348  341  333  326  316  307  299
  291  284  276  270  266  259  253  247  244  240  235  229  224  221  223  229
  242  260  279  297  314  328  335  340  337  330  321  310  298  289  290  304
  325  334  345  353  362  373  385  391  395
    42.5-180.0 180.0   5.0 450.0                            LAT/LON1/LON2/DLON/H
  435  435  439  434  436  425  415  404  393  384  378  375  375  379  384  393
  403  415  422  425  420  413  404  390  378  363  353  341  329  317  307  299
  293  287  282  276  274  271  267  261  258  253  244  239  234  232  233  238
  249  264  280  299  319  336  348  359  359  354  346  336  324  314  312  323
  341  356  368  378  392  400  419  427  435
    40.0-180.0 180.0   5.0 450.0                            LAT/LON1/LON2/DLON/H
  478  485  485  482  477  466  456  442  428  414  405  399  397  401  406  414
  423  435  445  451  443  431  422  410  397  379  364  347  333  318  307  299
  295  291  289  286  287  286  286  281  277  269  257  253  252  252  251  253
  258  266  281  300  322  341  359  375  379  379  374  366  356  347  344  353
  371  390  403  413  428  440  456  469  478
    37.5-180.0 180.0   5.0 450.0                            LAT/LON1/LON2/DLON/H
  520  531  533  530  525  518  504  486  469  452  439  428  425  430  435  441
  447  458  471  478  466  450  440  428  415  397  376  356  338  321  309  302
  300  299  299  299  302  305  308  304  298  287  277  276  278  276  272  269
  267  270  281  300  325  346  366  385  396  402  402  399  392  386  384  389
  410  432  444  452  469  482  497  513  520
    35.0-180.0 180.0   5.0 450.0                            LAT/LON1/LON2/DLON/H
  566  575  582  579  572  565  553  534  516  500  482  465  459  463  468  473
  478  487  500  508  490  471  458  445  432  412  388  367  346  328  315  311
  310  312  313  316  323  328  333  333  323  313  303  302  302  298  291  280
  273  270  278  296  319  342  365  386  403  415  421  426  425  421  421  425
  446  471  483  494  512  525  540  555  566
    32.5-180.0 180.0   5.0 450.0                            LAT/LON1/LON2/DLON/H
  610  622  632  629  620  611  601  583  562  548  528  513  500  500  501  506
  513  519  528  534  514  492  476  460  443  422  400  378  354  336  325  323
  325  328  330  335  344  349  356  357  347  335  327  323  319  311  301  287
  273  266  271  286  307  329  353  376  397  413  427  436  440  443  447  451
  466  493  513  528  545  564  581  598  610
    30.0-180.0 180.0   5.0 450.0                            LAT/LON1/LON2/DLON/H
  652  669  681  680  670  656  651  642  615  593  579  567  553  546  539  541
  545  548  554  555  534  509  489  470  451  429  407  386  362  345  336  337
  340  343  341  345  355  362  372  374  361  350  341  333  323  315  302  285
  270  259  258  269  285  309  333  357  381  399  415  428  439  448  457  464
  474  499  525  550  573  595  618  636  652
    27.5-180.0 180.0   5.0 450.0                            LAT/LON1/LON2/DLON/H
  690  711  727  729  721  708  701  692  670  647  631  617  607  597  585  578
  574  574  577  571  546  518  496  474  452  431  409  387  366  352  342  344
  351  347  340  339  351  362  376  376  364  355  343  333  322  309  296  279
  262  248  242  248  262  286  309  333  358  378  395  410  426  440  452  463
  478  502  530  561  590  618  644  667  690
    25.0-180.0 180.0   5.0 450.0                            LAT/LON1/LON2/DLON/H
  720  746  767  771  768  759  748  736  718  699  681  665  655  641  630  616
  599  595  592  578  551  523  498  474  452  433  408  382  365  353  340  343
  350  347  327  326  337  345  359  359  353  346  332  323  312  297  283  265
  247  231  223  224  238  261  284  310  334  354  372  388  404  419  435  453
  478  506  529  561  596  628  658  689  720
    22.5-180.0 180.0   5.0 450.0                            LAT/LON1/LON2/DLON/H
  734  772  794  803  805  799  789  774  758  742  725  707  693  679  664  643
  620  609  600  581  556  529  500  473  452  432  402  371  356  344  331  335
  342  339  315  308  317  313  323  326  323  318  309  301  291  278  262  242
  225  211  200  200  214  237  261  288  312  332  350  365  380  397  417  441
  471  499  523  557  591  627  660  694  734
    20.0-180.0 180.0   5.0 450.0                            LAT/LON1/LON2/DLON/H
  731  777  810  823  829  827  817  803  789  775  760  744  728  708  687  664
  640  625  609  587  560  530  497  468  444  418  382  355  334  312  300  309
  336  326  304  287  293  272  278  282  280  277  273  268  261  249  233  218
  202  187  179  178  193  217  243  271  295  317  335  349  363  381  404  432
  465  495  520  555  585  622  654  687  731
    17.5-180.0 180.0   5.0 450.0                            LAT/LON1/LON2/DLON/H
  715  761  804  825  836  837  830  818  807  795  783  769  754  732  703  680
  659  640  619  591  557  524  487  455  423  390  349  322  298  263  241  257
  317  287  273  250  250  226  227  231  231  230  228  225  226  217  202  189
  178  166  160  161  175  200  228  258  285  309  325  340  354  372  398  430
  463  492  519  552  585  619  646  675  715
    15.0-180.0 180.0   5.0 450.0                            LAT/LON1/LON2/DLON/H
  694  737  779  808  826  831  827  818  810  801  791  778  766  744  714  686
  663  642  621  589  552  512  466  432  393  351  309  274  251  223  205  225
  254  231  204  192  187  180  179  183  185  183  182  184  190  187  180  171
  163  153  148  149  163  186  217  251  280  303  321  335  350  370  398  431
  464  494  521  555  588  617  641  661  694
    12.5-180.0 180.0   5.0 450.0                            LAT/LON1/LON2/DLON/H
  674  708  740  777  800  810  809  803  798  793  786  773  764  747  718  688
  661  639  614  580  540  493  439  398  354  305  262  226  208  194  183  197
  209  189  166  165  154  150  146  146  151  148  147  155  165  170  169  165
  161  151  143  143  155  177  208  243  276  302  321  334  348  372  406  439
  470  501  528  560  592  618  635  653  674
    10.0-180.0 180.0   5.0 450.0                            LAT/LON1/LON2/DLON/H
  657  678  708  741  766  779  782  779  776  775  770  763  754  739  713  684
  658  635  606  567  521  467  410  360  310  265  225  195  179  173  170  178
  185  175  160  154  140  136  131  130  131  128  132  143  155  164  167  167
  166  155  143  139  147  169  201  237  272  301  321  335  347  371  410  449
  483  514  539  569  598  624  639  649  657
     7.5-180.0 180.0   5.0 450.0                            LAT/LON1/LON2/DLON/H
  652  660  682  708  731  745  748  748  747  749  750  747  740  725  702  675
  650  625  592  549  499  443  382  324  273  233  205  183  169  167  170  182
  193  192  181  170  155  146  141  136  130  130  134  143  154  163  171  176
  172  157  143  137  141  161  191  232  268  299  322  340  351  373  410  453
  496  527  551  579  607  634  649  653  652
     5.0-180.0 180.0   5.0 450.0                            LAT/LON1/LON2/DLON/H
  657  657  671  691  710  720  719  717  715  720  727  727  721  707  686  659
  634  605  572  528  477  420  356  296  248  225  206  191  178  178  185  196
  208  212  210  199  187  174  169  163  155  148  147  151  158  167  179  183
  175  160  142  134  134  154  184  221  262  294  321  344  362  382  417  458
  496  528  554  587  618  646  662  662  657
     2.5-180.0 180.0   5.0 450.0                            LAT/LON1/LON2/DLON/H
  677  674  682  698  710  712  703  692  688  693  701  704  700  686  666  640
  613  583  550  507  457  400  336  282  249  249  238  213  202  200  206  211
  220  231  238  229  222  209  208  202  191  175  163  162  166  173  181  183
  173  158  142  131  131  149  179  215  253  285  314  343  369  395  424  460
  493  520  545  588  626  657  676  681  677
