DORISInput/IGSGIM/2024/IGS0OPSFIN_20241340000_01D_02H_GIM.INX
     1.0            IONOSPHERE MAPS     MIX                 IONEX VERSION / TYPE
cmpcmb v1.2          GRL/UWM            28-may-24 18:14     PGM / RUN BY / DATE 
ionex file containing IGS COMBINED Ionosphere maps          COMMENT             
global ionosphere maps for day 134, 2024                    DESCRIPTION         
IONEX file containing the COMBINED IGS TEC MAPS and DCBs    DESCRIPTION         
      IONEX files of the following IAACs were combined: cod DESCRIPTION         
                                                        jpl DESCRIPTION         
                                                        upc DESCRIPTION         
Contact address: Andrzej Krankowski                         DESCRIPTION
                 Geodynamics Research Laboratory            DESCRIPTION
                 University of Warmia and Mazury (GRL/UWM)  DESCRIPTION
                 Oczapowski St. 1                           DESCRIPTION
                 10-957-Olsztyn, POLAND                     DESCRIPTION
                 e-mail:  kand@uwm.edu.pl                   DESCRIPTION
                                                            DESCRIPTION         
  2024     5    13     0     0     0                        EPOCH OF FIRST MAP  
  2024     5    14     0     0     0                        EPOCH OF LAST MAP   
  7200                                                      INTERVAL            
    13                                                      # OF MAPS IN FILE   
  COSZ                                                      MAPPING FUNCTION    
     0.0                                                    ELEVATION CUTOFF    
combined TEC calculated as weighted mean of input TEC valuesOBSERVABLES USED    
   336                                                      # OF STATIONS       
    32                                                      # OF SATELLITES     
  6371.0                                                    BASE RADIUS         
     2                                                      MAP DIMENSION       
   450.0 450.0   0.0                                        HGT1 / HGT2 / DHGT  
    87.5 -87.5  -2.5                                        LAT1 / LAT2 / DLAT  
  -180.0 180.0   5.0                                        LON1 / LON2 / DLON  
    -1                                                      EXPONENT            
TEC values in 0.1 tec units;  9999, if no value available   COMMENT             
DCB values in nanoseconds, reference is Sum_of_SatDCBs = 0  COMMENT             
                                                            END OF HEADER       
[from data line 1716]
     5                                                      START OF TEC MAP    
  2024     5    13     8     0     0                        EPOCH OF CURRENT MAP
    87.5-180.0 180.0   5.0 450.0                            LAT/LON1/LON2/DLON/H
  170  171  172  172  174  174  175  176  177  177  178  178  179  180  180  181
  182  182  182  183  183  182  182  182  182  182  182  182  182  182  182  182
  182  182  182  182  182  182  182  181  182  182  182  182  181  181  181  180
  180  179  179  179  178  176  176  174  174  173  172  171  171  170  170  169
  169  168  168  169  169  169  170  170  170
    85.0-180.0 180.0   5.0 450.0                            LAT/LON1/LON2/DLON/H
  165  166  166  168  169  170  172  174  176  176  178  180  182  184  186  186
  188  188  188  189  189  189  188  187  187  187  188  188  188  188  188  187
  187  187  186  187  186  186  187  187  187  187  188  188  188  188  188  189
  189  188  188  187  187  185  183  181  179  177  175  173  171  169  168  167
  166  166  166  165  165  165  165  165  165
    82.5-180.0 180.0   5.0 450.0                            LAT/LON1/LON2/DLON/H
  162  162  163  164  166  167  169  172  174  176  179  182  184  187  189  190
  192  193  194  193  192  192  190  189  189  188  187  186  185  184  183  183
  182  182  182  183  184  185  186  188  191  192  193  195  196  198  199  200
  201  202  201  201  201  199  196  194  191  187  184  181  177  175  173  171
  170  169  167  166  164  163  162  162  162
    80.0-180.0 180.0   5.0 450.0                            LAT/LON1/LON2/DLON/H
  165  164  165  165  167  169  171  174  177  180  183  187  189  190  191  192
  193  193  193  193  193  192  190  186  184  183  181  180  178  177  176  175
  176  176  177  178  179  181  184  186  189  193  196  201  204  207  211  213
  215  217  218  218  218  217  214  211  207  204  200  196  192  190  187  185
  183  180  176  174  171  168  167  166  165
    77.5-180.0 180.0   5.0 450.0                            LAT/LON1/LON2/DLON/H
  174  172  171  171  172  173  176  179  181  184  185  186  188  190  192  191
  190  190  189  187  184  182  179  177  173  172  172  171  170  167  166  165
  166  166  167  170  172  174  178  183  188  192  197  203  207  213  218  222
  227  230  232  234  234  234  232  229  226  224  221  218  215  212  210  208
  205  199  195  191  187  183  179  177  174
    75.0-180.0 180.0   5.0 450.0                            LAT/LON1/LON2/DLON/H
  185  181  178  177  177  178  179  180  182  184  188  191  191  191  187  185
  183  181  178  177  174  172  170  169  167  165  161  160  160  158  157  156
  156  157  158  161  164  167  171  175  182  188  195  202  208  215  222  228
  234  239  243  246  249  250  250  249  247  246  244  242  241  240  238  235
  232  227  220  214  208  202  197  191  185
    72.5-180.0 180.0   5.0 450.0                            LAT/LON1/LON2/DLON/H
  195  188  183  180  179  178  179  181  184  187  189  190  189  184  182  180
  175  171  169  167  165  163  161  161  159  157  155  152  151  151  150  150
  151  151  153  156  158  161  166  171  177  183  191  198  207  215  223  232
  239  245  251  255  259  261  262  264  264  265  265  264  263  262  260  259
  255  251  245  238  229  221  213  204  195
    70.0-180.0 180.0   5.0 450.0                            LAT/LON1/LON2/DLON/H
  203  193  185  180  176  176  176  179  182  185  186  186  185  182  179  173
  168  164  161  159  157  155  154  154  153  151  149  147  147  148  148  147
  148  149  151  153  156  159  164  170  175  181  188  195  204  212  222  231
  240  247  253  259  263  266  269  272  274  276  278  278  277  276  274  273
  270  266  260  253  244  234  224  213  203
    67.5-180.0 180.0   5.0 450.0                            LAT/LON1/LON2/DLON/H
  205  193  182  175  168  166  168  171  175  179  181  182  181  178  175  169
  164  159  156  154  152  151  151  150  150  148  147  145  145  145  145  145
  146  148  151  153  156  159  163  168  173  179  186  194  201  210  220  230
  239  246  253  258  262  266  269  272  275  279  281  282  281  280  278  275
  273  269  265  257  249  239  228  217  205
    65.0-180.0 180.0   5.0 450.0                            LAT/LON1/LON2/DLON/H
  201  188  176  165  157  152  154  157  161  167  172  175  175  173  170  168
  161  156  154  153  152  151  150  148  148  146  145  145  146  145  145  146
  147  149  151  154  156  159  163  168  172  177  184  193  200  209  219  229
  239  246  253  255  258  261  263  266  269  274  276  277  275  272  269  267
  263  262  257  253  245  236  225  215  201
    62.5-180.0 180.0   5.0 450.0                            LAT/LON1/LON2/DLON/H
  196  181  167  152  142  138  136  139  145  151  159  164  166  168  166  164
  158  155  154  152  151  148  147  145  143  142  142  142  143  144  144  146
  147  150  152  154  157  160  164  168  172  178  185  194  202  211  222  232
  241  249  253  254  255  257  257  259  261  265  267  265  262  257  254  250
  247  245  243  240  235  229  221  209  196
    60.0-180.0 180.0   5.0 450.0                            LAT/LON1/LON2/DLON/H
  195  178  161  144  131  124  120  120  126  134  141  149  154  160  159  158
  154  152  151  148  146  143  142  138  136  136  137  138  139  140  142  144
  146  149  152  154  157  161  165  170  175  181  188  197  206  218  230  239
  248  254  259  259  257  256  254  254  255  258  257  253  249  244  239  233
  229  227  226  225  225  222  217  207  195
    57.5-180.0 180.0   5.0 450.0                            LAT/LON1/LON2/DLON/H
  199  184  165  146  130  118  109  106  108  114  124  133  139  145  147  148
  146  144  144  141  138  134  132  129  127  128  129  131  132  134  137  141
  144  148  152  155  158  162  167  172  179  185  194  205  218  230  243  253
  260  266  267  266  262  259  257  255  255  255  252  247  243  237  231  224
  218  215  215  216  217  219  216  208  199
    55.0-180.0 180.0   5.0 450.0                            LAT/LON1/LON2/DLON/H
  208  196  180  165  144  125  109   98   95   99  105  116  123  131  134  135
  134  132  132  129  125  122  118  116  116  116  118  121  125  128  133  138
  143  148  152  156  160  165  170  176  183  193  204  217  231  247  260  271
  279  282  281  277  272  268  265  262  259  258  256  252  248  241  234  226
  219  216  216  216  218  220  221  216  208
    52.5-180.0 180.0   5.0 450.0                            LAT/LON1/LON2/DLON/H
  225  216  204  187  170  147  124  106   92   89   93   99  105  115  118  120
  120  118  116  113  110  105  102  101  102  103  108  112  118  124  132  138
  143  149  155  160  163  168  175  182  192  203  217  233  250  267  281  293
  301  303  302  294  287  282  278  274  271  270  268  265  262  255  247  240
  233  229  229  229  231  232  233  229  225
    50.0-180.0 180.0   5.0 450.0                            LAT/LON1/LON2/DLON/H
  244  239  230  216  197  173  146  122  102   92   88   93   97  103  106  107
  106  104  102   97   93   88   86   86   89   94  100  109  119  128  135  142
  148  155  160  165  169  174  180  188  201  216  234  254  273  292  308  322
  326  329  326  318  309  302  296  292  289  287  285  282  280  275  267  260
  253  251  250  250  251  251  251  248  244
    47.5-180.0 180.0   5.0 450.0                            LAT/LON1/LON2/DLON/H
  265  261  253  241  224  200  173  146  124  106   97   96   99   99   99   98
   97   93   90   85   80   76   74   76   82   90  102  114  126  137  144  152
  159  164  169  174  177  181  187  197  211  231  253  275  300  323  339  353
  358  358  352  344  335  326  319  314  309  306  303  302  299  294  287  280
  274  272  272  273  275  272  271  269  265
    45.0-180.0 180.0   5.0 450.0                            LAT/LON1/LON2/DLON/H
  282  278  273  263  247  225  198  170  146  128  116  111  111  108  105  101
   97   93   87   82   77   73   72   76   84   96  111  127  141  152  160  167
  172  176  180  183  185  188  193  204  222  246  273  300  329  356  373  387
  391  390  381  374  365  356  348  340  331  324  321  319  314  308  302  296
  290  288  291  293  294  290  287  283  282
    42.5-180.0 180.0   5.0 450.0                            LAT/LON1/LON2/DLON/H
  289  287  283  276  263  245  220  194  171  151  137  130  128  125  120  115
  109  106  101   95   89   85   85   89   98  112  129  148  163  175  180  185
  186  188  190  191  192  193  199  212  233  262  295  326  360  386  406  421
  430  427  419  412  402  392  384  373  359  347  340  336  324  317  309  303
  297  294  298  303  304  301  297  292  289
    40.0-180.0 180.0   5.0 450.0                            LAT/LON1/LON2/DLON/H
  288  285  281  275  268  255  236  214  193  173  159  151  147  143  138  135
  131  129  126  122  115  111  109  113  123  135  154  176  189  199  204  205
  201  199  198  198  198  199  206  221  246  279  312  349  384  414  438  458
  464  471  464  459  453  438  429  415  397  381  367  357  340  329  316  307
  298  294  296  302  305  302  299  293  288
    37.5-180.0 180.0   5.0 450.0                            LAT/LON1/LON2/DLON/H
  282  277  271  264  260  254  243  227  210  192  180  171  167  160  156  154
  152  155  155  154  149  144  141  143  150  162  181  203  215  221  224  221
  213  207  203  204  204  207  214  231  259  293  331  369  406  438  467  489
  505  513  515  514  511  500  491  474  456  433  413  395  373  355  335  319
  304  296  296  300  303  300  295  288  282
    35.0-180.0 180.0   5.0 450.0                            LAT/LON1/LON2/DLON/H
  273  266  256  249  245  245  243  235  223  209  197  189  184  177  172  169
  169  177  182  185  183  178  176  176  179  187  202  223  235  241  242  233
  221  212  206  207  211  216  225  243  275  311  347  385  421  456  489  521
  544  559  569  581  580  576  571  554  535  510  488  464  436  409  378  354
  329  314  307  308  308  301  293  285  273
    32.5-180.0 180.0   5.0 450.0                            LAT/LON1/LON2/DLON/H
  276  259  246  233  229  231  237  237  231  222  211  202  196  191  185  181
  182  193  202  213  215  211  208  207  208  210  221  237  250  256  255  240
  228  216  209  212  220  229  241  263  296  329  363  396  434  468  509  550
  581  606  628  647  665  668  669  656  642  620  600  572  538  497  457  422
  385  358  339  332  326  313  302  291  276
    30.0-180.0 180.0   5.0 450.0                            LAT/LON1/LON2/DLON/H
  294  271  249  227  217  219  230  237  234  228  219  212  206  201  195  191
  190  204  217  237  243  241  240  237  235  237  243  248  260  265  260  247
  235  223  219  225  236  248  265  293  321  348  374  406  443  484  532  580
  620  656  690  730  763  774  779  777  779  761  745  718  676  626  569  529
  477  438  404  387  369  346  330  314  294
    27.5-180.0 180.0   5.0 450.0                            LAT/LON1/LON2/DLON/H
  331  302  272  242  224  219  226  234  235  230  225  220  215  211  204  198
  196  208  229  255  268  269  270  267  262  268  266  261  265  266  262  254
  245  236  235  247  260  273  295  324  346  368  392  425  470  512  566  619
  665  706  759  816  860  892  898  907  914  909  901  876  833  775  708  663
  599  547  500  469  428  400  380  357  331
    25.0-180.0 180.0   5.0 450.0                            LAT/LON1/LON2/DLON/H
  389  357  318  278  249  235  235  236  236  235  232  227  224  222  214  204
  200  209  233  268  287  292  298  295  293  291  276  262  263  262  262  264
  261  259  262  275  290  307  330  356  378  396  422  461  509  551  608  654
  706  763  827  891  939  973  992 1010 1015 1024 1022 1005  967  910  849  787
  730  671  616  573  514  473  439  418  389
    22.5-180.0 180.0   5.0 450.0                            LAT/LON1/LON2/DLON/H
  460  424  389  337  296  272  260  253  248  247  244  239  236  234  223  211
  204  209  236  274  294  309  321  320  311  292  268  249  247  251  263  274
  281  290  300  314  329  343  367  397  419  440  467  509  553  597  647  694
  748  815  880  941  984 1008 1026 1041 1059 1073 1079 1074 1040  992  942  891
  847  790  728  677  606  550  507  479  460
    20.0-180.0 180.0   5.0 450.0                            LAT/LON1/LON2/DLON/H
  540  512  463  411  360  322  305  287  274  269  266  258  255  248  237  222
  212  213  240  276  296  320  339  336  312  280  251  228  221  234  258  283
  302  323  342  361  375  384  413  446  467  489  519  558  589  635  680  731
  788  856  913  961  987  998 1008 1015 1040 1058 1067 1068 1043 1010  975  943
  908  861  809  752  680  616  571  550  540
    17.5-180.0 180.0   5.0 450.0                            LAT/LON1/LON2/DLON/H
  597  588  546  500  441  393  359  331  316  304  294  287  284  270  256  238
  225  225  250  273  296  323  339  333  305  267  234  206  196  215  251  288
  321  352  383  408  422  436  465  496  507  528  560  595  630  668  715  770
  825  884  923  948  957  959  963  964  982  999 1009 1009  997  977  960  941
  919  885  835  787  717  648  609  592  597
    15.0-180.0 180.0   5.0 450.0                            LAT/LON1/LON2/DLON/H
  614  627  607  574  523  471  429  398  368  345  332  322  317  302  282  263
  247  241  251  268  290  317  329  315  287  248  211  181  172  195  241  291
  335  377  413  440  456  475  499  522  541  565  594  627  663  702  752  807
  854  894  911  913  910  905  904  900  911  925  931  931  925  920  918  914
  901  876  836  785  712  643  608  596  614
    12.5-180.0 180.0   5.0 450.0                            LAT/LON1/LON2/DLON/H
  597  623  629  618  590  548  505  470  434  399  378  366  359  338  314  293
  274  259  256  261  278  302  312  294  262  220  183  153  149  179  231  290
  347  396  434  462  482  497  515  536  562  586  617  651  691  732  782  831
  869  890  888  880  864  855  845  842  848  852  853  854  853  859  870  878
  880  863  826  767  694  627  588  578  597
    10.0-180.0 180.0   5.0 450.0                            LAT/LON1/LON2/DLON/H
  578  607  625  633  626  605  573  542  504  460  431  414  405  381  351  331
  303  282  264  261  272  287  290  269  236  193  156  133  132  164  219  286
  351  405  444  473  491  501  514  535  564  594  626  665  708  751  798  839
  871  884  873  856  835  821  811  807  805  800  796  797  803  818  836  852
  863  852  815  755  679  610  569  560  578
     7.5-180.0 180.0   5.0 450.0                            LAT/LON1/LON2/DLON/H
  571  600  621  638  643  637  616  591  555  507  480  452  441  421  395  371
  339  312  283  270  273  277  269  245  210  170  136  119  122  154  209  279
  348  407  449  476  486  489  498  520  552  586  623  666  709  752  796  837
  867  880  873  852  831  819  812  805  796  784  776  777  786  811  835  854
  858  847  811  750  673  605  564  553  571
     5.0-180.0 180.0   5.0 450.0                            LAT/LON1/LON2/DLON/H
  584  609  626  643  652  651  640  616  579  538  507  486  475  452  436  409
  377  345  310  286  277  270  256  226  188  151  123  110  116  148  204  271
  346  404  446  466  469  466  474  493  528  566  607  650  695  735  779  828
  863  879  881  868  853  847  846  839  824  806  796  795  806  836  866  879
  871  855  817  756  683  619  580  567  584
     2.5-180.0 180.0   5.0 450.0                            LAT/LON1/LON2/DLON/H
  622  638  646  656  664  660  647  621  582  545  517  500  487  471  458  440
  410  375  335  305  285  269  246  212  174  141  117  107  116  147  198  268
  341  397  430  445  446  444  448  467  503  541  582  624  669  712  758  813
  857  882  896  898  896  897  905  897  886  865  850  847  858  885  911  921
  902  873  831  772  706  652  617  609  622
