DORISInput/IGSGIM/2024/IGS0OPSFIN_20241410000_01D_02H_GIM.INX
     1.0            IONOSPHERE MAPS     MIX                 IONEX VERSION / TYPE
cmpcmb v1.2          GRL/UWM             5-jun-24 16:22     PGM / RUN BY / DATE 
ionex file containing IGS COMBINED Ionosphere maps          COMMENT             
global ionosphere maps for day 141, 2024                    DESCRIPTION         
IONEX file containing the COMBINED IGS TEC MAPS and DCBs    DESCRIPTION         
      IONEX files of the following IAACs were combined: cod DESCRIPTION         
                                                        jpl DESCRIPTION         
                                                        upc DESCRIPTION         
Contact address: Andrzej Krankowski                         DESCRIPTION
                 Geodynamics Research Laboratory            DESCRIPTION
                 University of Warmia and Mazury (GRL/UWM)  DESCRIPTION
                 Oczapowski St. 1                           DESCRIPTION
                 10-957-Olsztyn, POLAND                     DESCRIPTION
                 e-mail:  kand@uwm.edu.pl                   DESCRIPTION
                                                            DESCRIPTION         
  2024     5    20     0     0     0                        EPOCH OF FIRST MAP  
  2024     5    21     0     0     0                        EPOCH OF LAST MAP   
  7200                                                      INTERVAL            
    13                                                      # OF MAPS IN FILE   
  COSZ                                                      MAPPING FUNCTION    
     0.0                                                    ELEVATION CUTOFF    
combined TEC calculated as weighted mean of input TEC valuesOBSERVABLES USED    
   338                                                      # OF STATIONS       
    32                                                      # OF SATELLITES     
  6371.0                                                    BASE RADIUS         
     2                                                      MAP DIMENSION       
   450.0 450.0   0.0                                        HGT1 / HGT2 / DHGT  
    87.5 -87.5  -2.5                                        LAT1 / LAT2 / DLAT  
  -180.0 180.0   5.0                                        LON1 / LON2 / DLON  
    -1                                                      EXPONENT            
TEC values in 0.1 tec units;  9999, if no value available   COMMENT             
DCB values in nanoseconds, reference is Sum_of_SatDCBs = 0  COMMENT             
                                                            END OF HEADER       
[from data line 1287]
     4                                                      START OF TEC MAP    
  2024     5    20     6     0     0                        EPOCH OF CURRENT MAP
    87.5-180.0 180.0   5.0 450.0                            LAT/LON1/LON2/DLON/H
  257  258  258  259  260  260  261  261  262  262  263  263  263  264  264  264
  264  264  263  263  262  261  260  259  258  257  256  255  254  253  252  251
  251  250  249  247  247  246  246  245  244  244  244  244  243  243  243  244
  244  244  245  245  246  246  247  247  248  248  249  249  250  250  251  252
  252  252  253  254  255  255  256  256  257
    85.0-180.0 180.0   5.0 450.0                            LAT/LON1/LON2/DLON/H
  255  256  257  257  258  259  260  261  262  262  264  264  265  266  267  267
  268  268  268  268  268  266  264  263  261  259  257  254  252  249  246  244
  242  240  238  237  236  235  234  234  234  234  234  234  234  234  234  235
  236  237  239  240  241  243  245  246  248  249  250  251  251  252  252  252
  252  252  252  253  253  253  254  255  255
    82.5-180.0 180.0   5.0 450.0                            LAT/LON1/LON2/DLON/H
  251  251  250  251  252  253  254  255  257  259  261  263  265  267  268  269
  270  270  271  270  270  269  268  264  261  256  252  247  244  240  237  235
  232  231  229  229  228  228  228  228  228  229  229  230  231  231  232  233
  235  236  237  240  243  246  249  252  254  256  258  259  260  259  259  258
  257  255  255  254  253  253  252  252  251
    80.0-180.0 180.0   5.0 450.0                            LAT/LON1/LON2/DLON/H
  250  248  247  245  245  245  246  247  247  249  251  253  256  258  261  263
  265  266  267  267  266  265  266  260  255  250  245  240  236  232  229  227
  224  224  222  223  224  225  225  226  227  229  231  233  235  235  236  237
  239  242  243  245  249  253  257  261  265  268  271  273  274  274  273  270
  268  265  262  260  258  255  253  251  250
    77.5-180.0 180.0   5.0 450.0                            LAT/LON1/LON2/DLON/H
  249  245  242  241  239  237  236  236  236  237  238  241  243  246  248  251
  253  256  258  260  263  262  256  253  250  243  238  233  229  224  221  220
  218  217  218  220  222  224  227  230  234  237  240  243  247  248  249  251
  253  256  256  257  260  263  268  273  278  283  287  291  292  292  290  287
  283  279  274  270  266  261  257  253  249
    75.0-180.0 180.0   5.0 450.0                            LAT/LON1/LON2/DLON/H
  250  245  241  239  235  233  231  228  226  226  226  227  226  228  230  233
  238  242  246  249  252  253  247  246  241  236  230  223  218  214  211  211
  211  212  215  218  223  229  236  240  246  251  255  260  263  265  265  268
  268  271  272  272  274  277  282  287  293  298  304  308  310  310  308  304
  299  293  287  280  274  268  262  255  250
    72.5-180.0 180.0   5.0 450.0                            LAT/LON1/LON2/DLON/H
  255  249  245  240  236  231  228  225  222  220  217  213  214  214  215  217
  220  224  228  234  238  238  237  237  234  227  219  212  206  202  200  198
  200  204  209  216  225  234  243  252  262  265  271  276  279  281  282  282
  282  282  283  284  285  288  293  298  304  310  316  320  323  323  320  315
  309  302  296  288  281  274  267  261  255
    70.0-180.0 180.0   5.0 450.0                            LAT/LON1/LON2/DLON/H
  261  256  251  245  239  234  229  224  220  216  210  206  205  203  200  200
  203  207  212  220  226  226  226  226  223  217  210  203  196  194  192  192
  192  198  207  217  227  239  251  262  270  277  283  287  292  293  294  295
  294  293  293  292  293  295  299  304  309  314  320  324  327  326  323  318
  311  304  298  291  284  278  273  267  261
    67.5-180.0 180.0   5.0 450.0                            LAT/LON1/LON2/DLON/H
  269  265  259  252  245  239  233  226  219  213  206  201  197  192  188  186
  188  192  197  206  213  216  215  214  211  207  200  196  189  188  187  191
  193  200  211  221  233  244  258  267  274  282  289  295  299  301  304  305
  305  303  302  299  298  298  299  303  305  310  314  318  320  319  315  310
  303  297  291  286  283  279  276  273  269
    65.0-180.0 180.0   5.0 450.0                            LAT/LON1/LON2/DLON/H
  273  270  264  257  250  244  237  229  221  214  207  200  193  185  180  178
  178  182  187  194  202  205  205  202  198  195  190  186  182  181  185  190
  197  207  217  227  238  248  258  266  274  282  290  297  303  308  312  315
  316  314  311  306  301  299  296  295  294  297  301  304  305  303  298  292
  287  282  278  275  275  276  276  275  273
    62.5-180.0 180.0   5.0 450.0                            LAT/LON1/LON2/DLON/H
  273  270  265  260  253  247  240  233  226  218  210  202  194  185  177  173
  174  177  180  186  190  193  191  189  185  180  176  174  174  176  183  192
  202  212  223  233  243  252  259  267  274  281  290  300  308  317  324  326
  329  325  319  312  304  299  291  287  282  283  284  286  285  282  278  272
  266  262  260  261  263  267  271  273  273
    60.0-180.0 180.0   5.0 450.0                            LAT/LON1/LON2/DLON/H
  267  265  262  257  251  247  243  237  229  223  213  205  197  188  181  174
  173  172  175  178  180  181  177  176  171  166  163  165  168  174  183  194
  205  217  231  242  253  260  266  273  279  289  297  307  320  328  336  340
  343  339  333  320  310  302  293  283  276  272  271  270  269  266  261  255
  247  244  243  247  250  257  263  266  267
    57.5-180.0 180.0   5.0 450.0                            LAT/LON1/LON2/DLON/H
  260  259  257  252  248  245  243  239  233  226  217  209  199  192  184  177
  172  171  173  174  175  172  168  165  160  157  156  158  164  170  181  194
  208  225  242  258  269  279  283  290  296  302  312  323  332  343  352  358
  363  361  351  335  322  313  300  289  281  273  267  264  263  259  253  245
  237  232  232  235  241  248  255  259  260
    55.0-180.0 180.0   5.0 450.0                            LAT/LON1/LON2/DLON/H
  256  255  253  250  246  245  243  240  236  230  222  213  202  193  184  178
  174  172  173  172  173  169  164  159  154  151  152  154  161  166  179  196
  214  235  258  277  294  305  314  319  325  329  337  346  354  365  374  381
  386  388  377  362  343  332  320  308  299  288  278  271  268  263  254  245
  237  232  231  234  239  246  251  255  256
    52.5-180.0 180.0   5.0 450.0                            LAT/LON1/LON2/DLON/H
  256  256  256  254  251  250  247  243  240  234  224  212  201  191  183  178
  175  174  174  172  173  169  165  159  155  153  154  156  162  168  180  200
  222  248  277  302  323  340  353  359  361  366  373  380  386  395  404  413
  420  422  414  400  378  363  351  337  324  312  301  290  283  275  265  256
  249  243  241  243  247  252  255  256  256
    50.0-180.0 180.0   5.0 450.0                            LAT/LON1/LON2/DLON/H
  264  264  266  266  264  263  259  253  247  238  224  211  197  187  181  177
  176  175  176  176  176  174  170  166  162  161  162  164  166  172  185  204
  230  264  298  333  358  379  393  402  405  409  413  417  424  432  440  452
  460  465  459  449  426  413  393  372  354  339  325  312  302  292  283  275
  268  263  262  263  265  266  267  264  264
    47.5-180.0 180.0   5.0 450.0                            LAT/LON1/LON2/DLON/H
  277  279  282  283  283  282  276  268  258  242  226  209  194  183  177  175
  175  175  178  181  183  183  180  177  175  174  174  175  175  178  189  211
  239  278  318  357  390  414  431  440  448  454  458  466  471  478  485  496
  505  509  506  498  482  466  440  417  390  366  349  333  322  313  304  297
  290  287  287  287  286  286  284  280  277
    45.0-180.0 180.0   5.0 450.0                            LAT/LON1/LON2/DLON/H
  296  297  301  303  304  301  295  285  270  252  231  211  192  181  176  173
  174  176  179  186  190  192  192  190  188  188  187  186  185  187  196  216
  250  293  338  378  413  439  458  472  484  493  501  508  518  527  532  541
  546  554  550  545  533  514  486  461  430  396  370  353  341  333  326  320
  313  309  312  312  310  307  305  300  296
    42.5-180.0 180.0   5.0 450.0                            LAT/LON1/LON2/DLON/H
  317  315  316  317  318  316  310  298  282  261  237  213  193  182  176  174
  175  177  181  190  197  202  204  202  201  201  200  199  197  198  206  227
  260  304  351  390  423  450  473  491  509  523  535  548  560  572  578  584
  590  597  593  590  578  560  528  498  465  426  391  370  356  348  341  339
  334  332  333  334  332  329  326  322  317
    40.0-180.0 180.0   5.0 450.0                            LAT/LON1/LON2/DLON/H
  338  332  328  326  324  321  313  301  286  265  243  220  200  187  181  179
  179  181  186  195  206  212  215  215  214  213  214  214  213  212  220  241
  272  312  353  389  420  446  471  496  519  541  561  576  591  601  612  620
  628  637  638  634  621  602  568  534  496  454  414  390  374  367  361  356
  353  350  349  353  353  349  347  344  338
    37.5-180.0 180.0   5.0 450.0                            LAT/LON1/LON2/DLON/H
  359  349  339  330  321  313  304  293  282  266  246  226  210  197  189  186
  185  188  194  205  216  224  229  231  229  227  229  232  232  230  238  255
  286  321  354  382  407  433  461  490  520  549  574  593  608  620  633  646
  658  671  672  670  661  645  613  578  530  485  446  421  406  401  394  385
  378  373  374  375  376  372  370  368  359
    35.0-180.0 180.0   5.0 450.0                            LAT/LON1/LON2/DLON/H
  385  368  352  332  313  300  287  278  270  262  248  234  221  209  201  197
  195  199  204  220  231  239  247  250  246  250  253  256  256  254  260  274
  300  327  353  373  392  416  444  478  513  543  571  593  609  624  641  660
  679  692  701  703  701  692  668  634  582  535  498  476  459  455  446  433
  420  410  410  407  405  402  405  398  385
    32.5-180.0 180.0   5.0 450.0                            LAT/LON1/LON2/DLON/H
  425  400  375  344  314  290  274  263  258  256  253  244  234  224  216  213
  209  213  219  237  248  257  266  272  270  279  283  283  282  282  286  296
  314  333  349  361  375  398  427  463  496  528  558  578  596  615  637  664
  688  708  725  738  746  749  740  707  655  611  579  560  545  537  524  508
  491  469  464  456  447  448  452  443  425
    30.0-180.0 180.0   5.0 450.0                            LAT/LON1/LON2/DLON/H
  482  451  415  375  333  301  278  261  255  256  259  256  248  239  232  229
  226  229  235  253  267  277  285  296  299  307  311  309  307  307  310  318
  328  336  341  347  359  384  414  449  482  511  536  556  575  598  625  656
  690  716  743  772  797  809  817  798  749  706  682  668  658  648  629  609
  579  556  550  531  518  516  512  503  482
    27.5-180.0 180.0   5.0 450.0                            LAT/LON1/LON2/DLON/H
  561  516  481  431  382  343  311  284  269  266  268  269  264  255  248  245
  241  248  254  268  284  297  307  321  326  333  334  329  328  328  330  332
  333  331  328  330  345  371  405  439  469  495  515  532  552  577  607  647
  689  722  761  807  848  874  898  892  853  816  795  788  784  778  755  731
  688  665  660  634  630  611  601  592  561
    25.0-180.0 180.0   5.0 450.0                            LAT/LON1/LON2/DLON/H
  664  621  564  515  463  416  381  339  308  294  289  291  285  276  264  260
  256  261  268  284  300  316  327  343  352  356  350  343  341  339  339  335
  325  315  308  313  334  365  400  433  460  480  497  514  534  561  597  639
  686  728  778  837  891  930  961  957  940  923  904  902  905  901  880  858
  801  779  766  745  748  725  712  699  664
    22.5-180.0 180.0   5.0 450.0                            LAT/LON1/LON2/DLON/H
  778  738  678  635  585  538  483  432  381  348  330  329  317  301  285  276
  269  273  282  298  313  332  344  357  365  367  357  348  341  337  333  325
  310  294  286  296  323  358  396  427  450  471  487  506  528  557  596  639
  687  735  793  856  921  968  996  990  992  991  981  987  994  983  966  957
  906  868  860  858  863  843  828  812  778
    20.0-180.0 180.0   5.0 450.0                            LAT/LON1/LON2/DLON/H
  876  841  790  758  726  694  632  564  487  430  394  383  361  336  311  295
  285  288  296  310  326  344  354  361  364  362  353  340  328  320  313  302
  283  263  260  275  308  349  384  417  445  466  487  511  535  565  604  648
  693  744  800  863  926  976  998  999 1006 1010 1010 1018 1023 1010  994  994
  966  920  920  934  940  938  929  908  876
    17.5-180.0 180.0   5.0 450.0                            LAT/LON1/LON2/DLON/H
  929  899  870  856  855  849  797  721  620  538  479  450  416  380  346  321
  305  302  309  321  335  347  351  352  350  343  330  317  300  292  283  270
  249  231  232  254  292  334  374  411  443  470  499  526  553  584  624  660
  706  754  807  863  913  955  975  982  990  996 1004 1012 1012 1006  988  978
  961  930  934  953  979  986  976  956  929
    15.0-180.0 180.0   5.0 450.0                            LAT/LON1/LON2/DLON/H
  929  901  880  895  933  952  933  865  755  649  585  529  485  437  394  357
  332  321  324  328  337  340  338  331  324  311  295  281  266  253  246  235
  216  201  206  233  274  319  362  405  445  481  516  547  576  610  650  686
  727  773  818  862  897  925  940  947  958  969  981  990  988  983  968  948
  930  916  921  939  965  974  972  959  929
    12.5-180.0 180.0   5.0 450.0                            LAT/LON1/LON2/DLON/H
  886  854  833  859  917  978  989  936  843  738  667  605  555  505  458  407
  372  348  345  336  335  329  319  304  289  272  256  241  227  215  207  193
  184  175  183  213  256  303  350  399  446  491  533  565  599  634  676  715
  759  796  831  863  885  900  906  909  922  937  951  963  960  950  940  920
  904  893  899  914  933  940  937  921  886
    10.0-180.0 180.0   5.0 450.0                            LAT/LON1/LON2/DLON/H
  824  780  738  747  804  891  935  921  857  784  720  675  628  582  531  470
  423  386  375  349  334  317  299  278  257  236  219  205  190  179  168  161
  156  156  166  197  237  282  335  386  442  493  538  580  618  660  703  748
  788  820  847  867  880  887  887  888  897  913  931  946  945  937  924  905
  883  872  876  890  903  905  897  871  824
     7.5-180.0 180.0   5.0 450.0                            LAT/LON1/LON2/DLON/H
  770  707  643  614  656  730  788  810  783  758  728  707  683  648  600  532
  474  426  408  366  336  310  284  258  233  210  191  176  161  151  143  138
  138  142  153  181  223  265  316  373  431  487  539  586  631  677  723  769
  809  842  865  882  892  894  894  895  900  916  937  953  954  946  930  906
  881  864  863  870  878  874  859  824  770
     5.0-180.0 180.0   5.0 450.0                            LAT/LON1/LON2/DLON/H
  733  659  573  513  518  560  611  652  661  677  686  693  698  684  643  574
  513  451  429  385  343  309  276  245  218  193  176  159  144  134  128  124
  126  134  146  171  208  252  302  359  419  477  529  578  626  674  724  775
  821  859  885  908  919  922  925  932  935  951  969  981  985  975  952  924
  894  872  862  859  861  851  829  792  733
     2.5-180.0 180.0   5.0 450.0                            LAT/LON1/LON2/DLON/H
  727  640  538  454  416  425  459  496  538  579  611  639  666  666  638  584
  527  471  446  396  354  311  273  240  210  185  167  150  136  125  120  119
  120  128  141  163  197  239  287  343  404  459  508  555  600  645  702  758
  818  867  908  939  961  964  973  988  995 1005 1014 1021 1027 1014  983  949
  918  893  868  856  848  836  817  783  727
