DORISInput/IGSGIM/2024/IGS0OPSFIN_20241560000_01D_02H_GIM.INX
     1.0            IONOSPHERE MAPS     MIX                 IONEX VERSION / TYPE
cmpcmb v1.2          GRL/UWM            24-jun-24 16:03     PGM / RUN BY / DATE 
ionex file containing IGS COMBINED Ionosphere maps          COMMENT             
global ionosphere maps for day 156, 2024                    DESCRIPTION         
IONEX file containing the COMBINED IGS TEC MAPS and DCBs    DESCRIPTION         
      IONEX files of the following IAACs were combined: cod DESCRIPTION         
                                                        jpl DESCRIPTION         
                                                        upc DESCRIPTION         
Contact address: Andrzej Krankowski                         DESCRIPTION
                 Geodynamics Research Laboratory            DESCRIPTION
                 University of Warmia and Mazury (GRL/UWM)  DESCRIPTION
                 Oczapowski St. 1                           DESCRIPTION
                 10-957-Olsztyn, POLAND                     DESCRIPTION
                 e-mail:  kand@uwm.edu.pl                   DESCRIPTION
                                                            DESCRIPTION         
  2024     6     4     0     0     0                        EPOCH OF FIRST MAP  
  2024     6     5     0     0     0                        EPOCH OF LAST MAP   
  7200                                                      INTERVAL            
    13                                                      # OF MAPS IN FILE   
  COSZ                                                      MAPPING FUNCTION    
     0.0                                                    ELEVATION CUTOFF    
combined TEC calculated as weighted mean of input TEC valuesOBSERVABLES USED    
   335                                                      # OF STATIONS       
    32                                                      # OF SATELLITES     
  6371.0                                                    BASE RADIUS         
     2                                                      MAP DIMENSION       
   450.0 450.0   0.0                                        HGT1 / HGT2 / DHGT  
    87.5 -87.5  -2.5                                        LAT1 / LAT2 / DLAT  
  -180.0 180.0   5.0                                        LON1 / LON2 / DLON  
    -1                                                      EXPONENT            
TEC values in 0.1 tec units;  9999, if no value available   COMMENT             
DCB values in nanoseconds, reference is Sum_of_SatDCBs = 0  COMMENT             
                                                            END OF HEADER       
[from data line 2145]
     6                                                      START OF TEC MAP    
  2024     6     4    10     0     0                        EPOCH OF CURRENT MAP
    87.5-180.0 180.0   5.0 450.0                            LAT/LON1/LON2/DLON/H
  198  199  200  201  201  202  203  204  206  206  207  208  209  210  210  211
  212  212  212  213  213  212  213  212  212  211  211  209  209  208  208  207
  207  206  205  205  205  203  202  201  201  201  200  200  199  198  198  197
  197  196  195  195  195  194  194  194  194  194  194  194  194  194  194  195
  194  195  195  195  196  196  197  197  198
    85.0-180.0 180.0   5.0 450.0                            LAT/LON1/LON2/DLON/H
  196  197  199  200  202  204  207  209  211  213  215  217  218  220  221  222
  223  223  224  225  224  224  223  222  221  220  220  219  219  219  218  215
  214  213  212  210  209  208  207  206  205  204  203  202  201  200  199  199
  198  196  195  195  195  195  194  194  194  193  194  194  193  193  193  193
  193  192  193  193  193  193  194  195  196
    82.5-180.0 180.0   5.0 450.0                            LAT/LON1/LON2/DLON/H
  194  195  197  200  203  205  208  211  214  217  220  223  225  228  230  231
  232  233  232  231  231  230  229  229  232  229  227  224  223  221  219  218
  217  215  214  214  213  213  211  211  210  209  208  207  206  204  203  203
  202  201  201  200  201  201  201  201  202  202  202  202  202  201  201  200
  199  197  196  194  193  193  192  193  194
    80.0-180.0 180.0   5.0 450.0                            LAT/LON1/LON2/DLON/H
  194  196  197  199  201  204  208  210  214  217  221  225  228  230  231  233
  234  235  235  235  235  231  229  231  227  226  224  222  220  218  217  217
  216  217  217  219  220  220  220  221  219  219  218  216  216  214  212  211
  210  210  211  212  213  214  216  217  218  219  220  220  220  219  218  215
  212  208  205  202  199  196  194  194  194
    77.5-180.0 180.0   5.0 450.0                            LAT/LON1/LON2/DLON/H
  197  197  198  200  202  204  207  210  213  217  220  222  224  226  227  229
  231  231  227  228  231  229  220  217  217  214  212  210  209  207  207  207
  209  211  215  220  224  228  231  235  235  234  234  231  231  229  228  227
  226  226  227  229  232  235  237  240  242  244  245  245  246  245  242  238
  233  226  220  214  208  203  200  197  197
    75.0-180.0 180.0   5.0 450.0                            LAT/LON1/LON2/DLON/H
  199  198  197  198  199  201  204  205  207  210  213  214  214  217  218  219
  216  215  216  217  212  208  205  201  197  197  194  193  193  192  195  198
  203  207  211  218  225  234  241  245  248  250  250  250  250  250  248  249
  248  247  249  251  255  257  260  264  268  271  273  275  275  274  270  265
  258  249  240  230  222  214  207  203  199
    72.5-180.0 180.0   5.0 450.0                            LAT/LON1/LON2/DLON/H
  202  198  195  194  194  194  196  198  200  203  204  203  204  204  204  202
  200  198  198  193  191  188  186  181  178  177  175  175  176  179  182  189
  196  204  211  220  229  237  246  255  260  263  266  268  268  270  271  271
  271  270  271  272  274  278  281  285  290  295  298  301  302  302  297  291
  282  272  261  250  238  227  217  209  202
    70.0-180.0 180.0   5.0 450.0                            LAT/LON1/LON2/DLON/H
  207  200  195  191  189  189  190  191  192  192  189  188  188  188  186  184
  182  179  177  172  170  167  165  162  161  160  160  162  164  170  177  186
  194  204  214  225  235  244  253  262  269  275  279  282  285  287  289  289
  290  289  289  288  289  292  295  299  303  309  314  318  321  321  318  312
  305  294  282  270  255  242  229  217  207
    67.5-180.0 180.0   5.0 450.0                            LAT/LON1/LON2/DLON/H
  215  205  196  191  187  184  183  181  180  179  176  174  172  172  171  167
  164  164  160  155  154  152  150  149  150  151  153  156  161  169  179  189
  200  212  223  234  244  255  264  270  278  285  290  294  298  301  303  304
  304  302  300  299  298  299  301  304  308  314  320  325  329  331  329  325
  319  309  298  285  273  258  242  229  215
    65.0-180.0 180.0   5.0 450.0                            LAT/LON1/LON2/DLON/H
  225  215  204  195  188  182  179  174  170  166  163  161  160  159  157  153
  152  151  149  146  144  143  144  146  148  151  155  159  166  175  186  198
  211  224  237  246  257  266  274  280  286  292  297  303  308  311  314  314
  314  311  308  305  302  300  300  302  305  311  316  322  326  328  328  326
  321  315  307  298  285  270  254  241  225
    62.5-180.0 180.0   5.0 450.0                            LAT/LON1/LON2/DLON/H
  239  226  213  203  193  182  177  169  163  158  154  152  151  149  147  145
  145  144  143  141  141  143  145  149  153  159  164  169  176  187  198  211
  225  238  250  260  270  277  283  289  294  300  305  311  317  320  323  323
  321  317  312  307  302  299  297  297  300  304  309  313  316  318  318  317
  315  312  308  301  292  279  266  252  239
    60.0-180.0 180.0   5.0 450.0                            LAT/LON1/LON2/DLON/H
  256  240  227  214  201  189  182  168  159  153  148  145  144  144  143  141
  141  142  141  141  143  146  150  156  162  170  175  183  190  200  213  226
  238  251  262  272  280  289  293  298  304  308  314  320  324  328  330  329
  326  321  316  310  305  301  296  295  295  298  302  304  305  306  306  306
  307  307  307  304  298  290  280  269  256
    57.5-180.0 180.0   5.0 450.0                            LAT/LON1/LON2/DLON/H
  271  255  239  227  213  198  188  173  161  152  146  143  142  142  142  142
  142  144  145  146  149  153  158  165  171  180  186  196  205  215  225  238
  250  261  271  281  292  299  306  311  316  320  325  329  334  337  338  337
  333  328  321  316  311  306  301  299  297  297  298  298  298  298  298  299
  302  305  307  308  307  303  294  284  271
    55.0-180.0 180.0   5.0 450.0                            LAT/LON1/LON2/DLON/H
  282  268  254  241  225  209  197  178  165  154  148  145  143  143  144  145
  146  149  152  154  158  161  167  173  180  189  198  208  218  228  237  249
  260  269  280  290  302  312  320  327  331  336  339  343  346  349  350  348
  344  336  329  325  321  317  312  309  306  303  302  302  300  300  299  300
  304  309  313  317  317  313  305  295  282
    52.5-180.0 180.0   5.0 450.0                            LAT/LON1/LON2/DLON/H
  292  280  268  253  238  221  208  186  171  160  154  150  148  147  148  148
  151  156  161  164  167  170  174  179  187  196  208  219  229  239  248  258
  267  276  287  300  312  326  337  347  354  356  359  361  362  364  363  363
  357  351  346  341  337  333  328  325  321  317  315  315  314  312  310  311
  315  320  325  329  329  324  314  303  292
    50.0-180.0 180.0   5.0 450.0                            LAT/LON1/LON2/DLON/H
  299  288  278  264  249  229  215  193  179  169  162  158  155  154  153  154
  158  164  170  175  179  181  183  187  194  204  216  228  239  249  258  268
  274  283  296  309  326  343  360  370  378  383  383  384  383  385  383  381
  375  373  370  366  360  356  350  346  340  337  334  334  333  332  330  331
  333  340  343  344  340  332  321  310  299
    47.5-180.0 180.0   5.0 450.0                            LAT/LON1/LON2/DLON/H
  302  291  281  269  254  236  223  201  189  180  174  169  165  162  161  162
  166  173  180  187  191  194  196  200  205  216  228  241  252  262  269  277
  283  292  305  324  344  367  385  402  410  414  415  411  411  410  406  405
  402  402  399  395  389  382  374  368  362  360  356  355  357  356  356  357
  358  360  360  357  350  337  325  313  302
    45.0-180.0 180.0   5.0 450.0                            LAT/LON1/LON2/DLON/H
  300  289  279  267  252  237  226  208  198  192  188  183  179  174  171  171
  175  182  191  201  207  211  212  215  221  232  244  259  269  275  284  288
  293  302  319  341  368  394  417  434  446  451  449  445  443  441  436  437
  435  436  433  428  420  409  400  391  383  379  377  377  379  381  383  385
  385  381  375  367  356  341  325  311  300
    42.5-180.0 180.0   5.0 450.0                            LAT/LON1/LON2/DLON/H
  295  284  272  261  247  234  226  212  207  203  201  198  194  188  184  182
  184  192  201  214  223  229  231  236  241  252  266  280  289  295  298  302
  306  318  335  362  394  425  454  473  486  489  488  482  482  478  473  473
  478  477  472  465  453  439  427  416  405  400  396  396  398  402  407  408
  406  400  389  375  359  342  325  309  295
    40.0-180.0 180.0   5.0 450.0                            LAT/LON1/LON2/DLON/H
  293  278  265  253  241  227  220  213  213  215  214  213  209  203  197  195
  195  201  211  227  239  247  253  259  266  277  291  303  309  313  315  318
  323  337  359  388  425  460  491  510  524  529  526  522  520  517  514  517
  518  521  513  504  491  471  457  443  431  423  417  416  417  422  428  428
  423  415  400  382  361  342  324  308  293
    37.5-180.0 180.0   5.0 450.0                            LAT/LON1/LON2/DLON/H
  294  278  263  249  236  224  219  214  219  225  230  230  225  218  212  207
  204  209  220  237  253  266  274  283  293  306  317  327  329  329  330  335
  343  360  384  420  459  494  524  546  559  565  562  559  557  556  555  558
  563  561  553  543  529  510  493  478  466  455  446  441  440  444  447  447
  439  425  408  386  362  343  325  308  294
    35.0-180.0 180.0   5.0 450.0                            LAT/LON1/LON2/DLON/H
  296  283  267  253  239  226  222  221  227  237  244  246  242  234  226  219
  214  216  227  244  265  282  293  307  320  332  342  345  345  343  345  352
  364  385  414  448  485  520  549  572  587  594  591  588  588  592  595  599
  600  600  593  582  570  553  538  524  511  497  484  474  468  466  465  462
  452  435  414  390  365  346  328  313  296
    32.5-180.0 180.0   5.0 450.0                            LAT/LON1/LON2/DLON/H
  307  293  280  265  251  238  232  232  238  248  256  259  256  249  239  229
  222  222  231  248  273  293  309  326  340  350  357  356  354  353  354  367
  385  410  439  471  506  541  567  589  605  612  612  611  614  618  625  628
  631  636  635  624  617  604  594  581  570  553  536  518  504  492  485  476
  462  443  418  393  371  352  336  322  307
    30.0-180.0 180.0   5.0 450.0                            LAT/LON1/LON2/DLON/H
  322  311  300  285  271  259  251  248  252  258  264  268  265  257  247  238
  229  226  232  251  278  301  318  336  348  356  362  360  358  358  363  380
  403  431  461  491  521  550  576  598  614  624  625  626  630  635  643  653
  664  675  676  674  671  663  659  650  640  621  597  572  547  526  506  491
  470  447  421  396  378  360  346  336  322
    27.5-180.0 180.0   5.0 450.0                            LAT/LON1/LON2/DLON/H
  340  334  326  314  301  289  280  272  269  269  271  274  270  261  252  243
  233  228  234  255  282  302  318  333  344  350  357  357  357  360  371  393
  418  446  477  507  531  552  577  599  615  629  633  633  640  644  653  674
  697  709  720  724  727  732  730  722  712  688  661  629  597  564  533  506
  478  449  423  400  381  365  355  349  340
    25.0-180.0 180.0   5.0 450.0                            LAT/LON1/LON2/DLON/H
  355  353  351  344  335  323  313  300  289  280  277  279  274  265  256  248
  238  232  238  257  283  299  309  319  327  334  342  347  353  363  381  406
  435  465  493  519  539  555  574  596  615  633  635  636  643  651  665  686
  719  744  759  770  780  794  796  794  779  752  721  684  647  608  564  521
  485  449  422  401  383  369  363  359  355
    22.5-180.0 180.0   5.0 450.0                            LAT/LON1/LON2/DLON/H
  359  362  365  367  365  356  347  329  311  296  289  285  278  269  260  251
  242  238  245  260  276  288  295  299  305  315  326  336  349  368  392  421
  454  484  511  534  552  562  575  595  616  631  635  638  647  660  683  707
  738  767  788  803  818  838  843  837  825  801  767  729  692  650  594  537
  491  451  422  400  383  371  365  361  359
    20.0-180.0 180.0   5.0 450.0                            LAT/LON1/LON2/DLON/H
  354  358  367  375  381  377  370  354  331  313  305  294  285  275  265  255
  248  244  252  259  267  272  276  278  285  298  313  328  349  375  404  440
  474  504  530  551  566  576  586  602  619  633  641  646  651  668  694  724
  755  782  803  816  832  847  853  849  837  820  795  765  727  679  615  553
  498  454  428  401  381  369  362  356  354
    17.5-180.0 180.0   5.0 450.0                            LAT/LON1/LON2/DLON/H
  344  350  359  371  383  385  380  365  346  329  316  306  295  285  272  262
  255  250  256  257  256  254  253  257  268  284  302  324  352  386  422  460
  495  523  549  570  585  596  605  618  629  641  651  655  661  677  703  734
  764  788  806  814  824  830  835  831  822  814  802  783  749  693  627  564
  508  465  436  404  380  364  352  345  344
    15.0-180.0 180.0   5.0 450.0                            LAT/LON1/LON2/DLON/H
  333  341  352  365  379  384  380  363  348  334  323  314  304  294  279  270
  263  258  255  253  247  237  234  238  254  273  297  325  359  399  439  479
  512  543  571  591  607  622  632  639  647  657  662  661  669  682  704  734
  764  784  798  801  802  803  804  801  796  793  788  778  754  701  634  573
  517  472  437  404  378  354  341  334  333
    12.5-180.0 180.0   5.0 450.0                            LAT/LON1/LON2/DLON/H
  325  333  349  362  375  381  378  358  343  330  322  316  308  299  286  275
  270  263  255  246  236  224  218  223  241  266  297  329  367  409  453  495
  533  567  596  618  638  652  663  666  671  674  672  669  674  683  702  729
  755  771  780  784  781  778  772  766  762  762  764  762  744  698  636  577
  521  473  437  402  371  343  328  324  325
    10.0-180.0 180.0   5.0 450.0                            LAT/LON1/LON2/DLON/H
  323  331  347  362  374  382  379  356  340  324  315  311  309  299  288  279
  273  266  256  241  227  213  206  213  231  262  296  333  373  417  464  510
  551  586  619  644  667  681  690  691  693  690  681  675  677  681  695  716
  735  752  758  765  760  754  746  740  738  739  745  743  724  686  631  574
  522  476  439  403  368  339  324  318  323
     7.5-180.0 180.0   5.0 450.0                            LAT/LON1/LON2/DLON/H
  331  339  351  366  379  386  383  361  339  320  311  308  305  298  288  279
  273  266  254  236  218  202  196  203  224  257  298  338  379  422  472  520
  563  602  634  664  688  700  707  708  706  698  684  676  671  669  677  696
  712  726  737  743  742  737  736  736  737  738  737  729  708  675  626  570
  522  482  446  410  375  346  331  326  331
     5.0-180.0 180.0   5.0 450.0                            LAT/LON1/LON2/DLON/H
  352  357  362  375  389  397  393  368  341  319  308  305  302  297  288  277
  271  266  251  230  209  192  184  193  218  256  302  341  381  425  474  520
  566  603  639  669  689  702  709  713  708  695  675  664  656  648  649  667
  688  706  722  731  733  737  746  753  757  754  745  728  704  671  622  568
  525  487  454  425  393  370  356  348  352
     2.5-180.0 180.0   5.0 450.0                            LAT/LON1/LON2/DLON/H
  387  385  383  389  403  412  407  379  345  320  309  305  302  296  287  274
  266  261  245  220  199  183  175  185  214  255  299  341  379  422  465  511
  556  594  626  656  674  685  692  699  696  678  653  635  623  612  613  634
  656  681  709  724  736  748  764  778  786  779  761  735  702  669  625  578
  538  499  469  449  424  408  397  387  387
