DORISInput/IGSGIM/2024/IGS0OPSFIN_20241320000_01D_02H_GIM.INX
     1.0            IONOSPHERE MAPS     MIX                 IONEX VERSION / TYPE
cmpcmb v1.2          GRL/UWM            28-may-24 16:33     PGM / RUN BY / DATE 
ionex file containing IGS COMBINED Ionosphere maps          COMMENT             
global ionosphere maps for day 132, 2024                    DESCRIPTION         
IONEX file containing the COMBINED IGS TEC MAPS and DCBs    DESCRIPTION         
      IONEX files of the following IAACs were combined: cod DESCRIPTION         
                                                        jpl DESCRIPTION         
                                                        upc DESCRIPTION         
Contact address: Andrzej Krankowski                         DESCRIPTION
                 Geodynamics Research Laboratory            DESCRIPTION
                 University of Warmia and Mazury (GRL/UWM)  DESCRIPTION
                 Oczapowski St. 1                           DESCRIPTION
                 10-957-Olsztyn, POLAND                     DESCRIPTION
                 e-mail:  kand@uwm.edu.pl                   DESCRIPTION
                                                            DESCRIPTION         
  2024     5    11     0     0     0                        EPOCH OF FIRST MAP  
  2024     5    12     0     0     0                        EPOCH OF LAST MAP   
  7200                                                      INTERVAL            
    13                                                      # OF MAPS IN FILE   
  COSZ                                                      MAPPING FUNCTION    
     0.0                                                    ELEVATION CUTOFF    
combined TEC calculated as weighted mean of input TEC valuesOBSERVABLES USED    
   338                                                      # OF STATIONS       
    32                                                      # OF SATELLITES     
  6371.0                                                    BASE RADIUS         
     2                                                      MAP DIMENSION       
   450.0 450.0   0.0                                        HGT1 / HGT2 / DHGT  
    87.5 -87.5  -2.5                                        LAT1 / LAT2 / DLAT  
  -180.0 180.0   5.0                                        LON1 / LON2 / DLON  
    -1                                                      EXPONENT            
TEC values in 0.1 tec units;  9999, if no value available   COMMENT             
DCB values in nanoseconds, reference is Sum_of_SatDCBs = 0  COMMENT             
                                                            END OF HEADER       
[from data line 2145]
     6                                                      START OF TEC MAP    
  2024     5    11    10     0     0                        EPOCH OF CURRENT MAP
    87.5-180.0 180.0   5.0 450.0                            LAT/LON1/LON2/DLON/H
  121  121  121  122  122  120  121  121  122  122  122  123  123  123  124  124
  125  125  126  126  126  126  126  126  126  125  125  124  124  123  124  124
  123  123  122  123  123  123  122  122  124  124  123  123  124  124  123  123
  123  124  124  124  124  124  124  124  123  123  122  122  122  122  122  122
  122  121  121  122  121  122  121  122  121
    85.0-180.0 180.0   5.0 450.0                            LAT/LON1/LON2/DLON/H
  117  117  117  116  116  117  118  119  120  121  122  123  124  125  126  127
  128  128  128  128  128  129  130  129  127  126  126  126  126  127  127  126
  126  126  126  126  126  126  126  126  126  126  127  127  127  126  126  126
  125  124  124  123  123  123  122  122  122  121  120  120  119  119  119  119
  119  119  118  118  118  118  118  117  117
    82.5-180.0 180.0   5.0 450.0                            LAT/LON1/LON2/DLON/H
  113  112  113  114  116  117  118  119  120  121  122  124  125  126  127  128
  128  128  129  129  129  129  129  130  129  127  127  125  126  126  126  127
  127  127  128  129  129  130  130  132  132  133  133  133  133  132  131  129
  126  124  123  122  121  120  120  119  118  118  117  117  116  116  117  117
  117  117  117  117  117  115  114  114  113
    80.0-180.0 180.0   5.0 450.0                            LAT/LON1/LON2/DLON/H
  111  112  114  114  113  113  115  114  115  117  119  120  121  122  124  125
  125  125  125  124  123  123  124  123  122  121  120  120  120  120  121  122
  123  125  126  128  130  132  133  135  137  138  139  140  140  139  136  133
  130  126  123  122  120  119  118  116  115  115  115  116  117  117  117  118
  118  118  119  117  115  113  111  110  111
    77.5-180.0 180.0   5.0 450.0                            LAT/LON1/LON2/DLON/H
  116  116  115  114  112  109  110  108  108  109  111  113  116  117  118  119
  120  119  119  120  120  119  116  116  118  116  115  115  116  115  115  116
  119  121  124  128  133  138  142  146  147  149  151  151  150  148  146  142
  136  131  127  124  122  120  118  117  115  116  117  118  119  120  121  121
  122  121  121  121  119  116  115  115  116
    75.0-180.0 180.0   5.0 450.0                            LAT/LON1/LON2/DLON/H
  120  119  116  113  110  108  107  104  104  105  106  106  108  111  112  113
  114  114  114  114  113  113  110  111  109  110  110  110  110  110  111  113
  116  120  125  130  134  140  148  154  159  161  163  164  162  160  156  152
  145  139  134  128  124  121  119  118  118  118  120  122  124  126  127  127
  127  127  128  129  128  125  124  121  120
    72.5-180.0 180.0   5.0 450.0                            LAT/LON1/LON2/DLON/H
  125  121  119  116  110  107  106  103  101   99  100  102  103  104  106  108
  107  108  109  108  108  108  106  108  106  106  107  107  107  107  108  110
  115  120  125  131  137  143  149  156  163  167  172  173  171  169  165  160
  152  144  139  132  127  124  119  118  119  121  123  125  128  130  132  133
  136  137  140  141  140  138  133  129  125
    70.0-180.0 180.0   5.0 450.0                            LAT/LON1/LON2/DLON/H
  133  130  127  123  116  112  109  105   99   99  101  100   99  100  103  105
  104  104  105  105  105  105  106  107  106  106  107  107  106  107  107  109
  114  119  125  131  137  143  151  161  165  170  176  178  177  174  170  164
  156  148  140  134  129  124  121  119  119  122  124  128  131  134  137  140
  143  146  150  154  153  150  145  140  133
    67.5-180.0 180.0   5.0 450.0                            LAT/LON1/LON2/DLON/H
  142  139  135  130  125  119  115  109  105  102  101  100  101  102  105  106
  105  107  107  106  107  109  110  112  110  112  112  111  109  109  109  110
  112  117  122  129  134  141  150  160  168  173  177  180  179  177  173  166
  159  150  142  136  130  125  122  120  120  122  126  129  132  136  139  143
  147  150  156  160  160  157  153  147  142
    65.0-180.0 180.0   5.0 450.0                            LAT/LON1/LON2/DLON/H
  144  142  140  137  132  126  121  119  112  106  106  106  105  107  109  110
  111  112  113  113  114  117  116  119  118  121  120  117  114  112  111  111
  111  116  122  126  131  138  146  155  163  169  174  179  180  178  176  171
  163  154  147  140  134  129  125  123  122  124  127  130  133  136  140  144
  148  152  157  161  161  156  152  147  144
    62.5-180.0 180.0   5.0 450.0                            LAT/LON1/LON2/DLON/H
  141  140  141  138  134  130  125  124  118  113  113  111  110  113  117  118
  120  120  120  121  121  125  124  128  126  129  126  121  120  113  111  111
  112  115  121  123  126  133  141  148  156  163  170  177  179  180  179  176
  171  163  156  149  141  136  132  130  129  129  131  133  135  138  141  145
  150  155  158  160  158  152  147  145  141
    60.0-180.0 180.0   5.0 450.0                            LAT/LON1/LON2/DLON/H
  136  135  137  134  131  128  125  121  118  116  115  114  114  118  121  123
  125  126  127  128  128  128  130  134  131  132  128  122  121  113  110  110
  111  113  117  119  123  128  136  143  151  160  168  176  181  183  183  182
  179  174  168  162  154  147  142  140  140  139  139  140  140  143  146  150
  156  161  164  162  156  147  142  138  136
    57.5-180.0 180.0   5.0 450.0                            LAT/LON1/LON2/DLON/H
  131  131  129  125  123  119  117  112  112  112  114  114  114  118  121  124
  127  129  131  130  129  129  133  135  133  130  127  121  118  109  107  109
  110  111  114  116  121  126  134  142  151  160  170  178  184  188  190  190
  189  186  183  178  172  165  157  154  155  154  152  152  152  154  158  163
  169  173  173  167  158  147  138  133  131
    55.0-180.0 180.0   5.0 450.0                            LAT/LON1/LON2/DLON/H
  125  122  116  113  111  102  102   99  102  105  108  111  111  115  119  121
  124  127  128  126  124  125  129  131  128  124  122  116  112  105  105  108
  108  110  112  116  120  127  136  145  155  165  175  184  190  195  196  199
  199  199  198  196  192  187  178  173  174  174  173  173  173  176  177  181
  184  187  185  177  165  152  139  131  125
    52.5-180.0 180.0   5.0 450.0                            LAT/LON1/LON2/DLON/H
  126  115  107  105   97   88   87   86   90   95  101  105  107  110  113  115
  117  118  119  119  116  116  119  121  119  114  113  108  105  102  103  107
  109  110  114  118  123  132  142  153  164  175  185  194  199  203  205  207
  208  209  210  210  208  207  202  199  199  199  203  205  204  205  202  201
  203  203  201  193  181  163  147  136  126
    50.0-180.0 180.0   5.0 450.0                            LAT/LON1/LON2/DLON/H
  141  126  112  103   89   76   73   72   76   84   93   98  101  103  104  106
  108  109  109  108  107  105  106  108  107  104  101  100   98   99  103  107
  110  112  116  122  130  140  152  164  176  188  199  205  210  211  212  215
  216  218  219  220  219  220  220  219  221  224  231  236  237  237  231  226
  221  222  221  215  203  182  164  151  141
    47.5-180.0 180.0   5.0 450.0                            LAT/LON1/LON2/DLON/H
  168  156  137  119   95   75   66   59   62   72   84   90   91   93   94   97
   98   99   99   98   96   94   94   95   96   95   93   92   95   99  104  109
  113  117  122  128  138  150  164  177  190  202  212  217  220  221  220  221
  223  225  226  227  226  226  227  229  234  241  249  254  259  260  255  249
  243  242  244  238  227  205  187  177  168
    45.0-180.0 180.0   5.0 450.0                            LAT/LON1/LON2/DLON/H
  209  204  184  157  126   93   75   59   56   62   73   79   80   81   84   85
   87   90   90   89   86   85   83   85   86   87   89   91   96  103  108  113
  117  122  128  137  149  164  179  192  205  217  224  229  231  230  228  228
  228  230  231  231  229  227  228  233  239  249  259  264  269  271  268  263
  257  256  259  256  247  227  215  209  209
    42.5-180.0 180.0   5.0 450.0                            LAT/LON1/LON2/DLON/H
  255  264  250  221  178  137  108   76   63   59   63   67   68   69   72   73
   76   78   79   79   78   77   78   79   82   84   89   95  101  110  115  119
  124  130  139  150  165  180  196  208  219  228  234  238  240  240  237  236
  236  237  236  236  232  229  230  237  242  253  264  273  277  280  278  272
  265  262  263  264  258  244  239  244  255
    40.0-180.0 180.0   5.0 450.0                            LAT/LON1/LON2/DLON/H
  299  330  329  303  259  210  171  113   82   65   60   61   58   60   63   65
   66   68   71   72   73   74   77   79   83   87   93  102  110  117  123  127
  132  140  151  167  183  198  210  223  231  238  244  249  252  251  248  247
  248  249  246  243  240  238  239  245  249  259  272  284  292  297  294  286
  275  265  262  261  258  253  257  273  299
    37.5-180.0 180.0   5.0 450.0                            LAT/LON1/LON2/DLON/H
  341  387  404  394  354  296  249  171  118   84   66   60   57   57   58   59
   61   62   66   69   72   75   80   84   89   94  100  110  120  127  133  137
  143  154  169  185  201  214  225  235  242  249  256  262  267  265  265  266
  268  269  265  262  259  257  258  263  267  275  289  306  318  329  328  316
  299  280  267  259  255  256  266  293  341
    35.0-180.0 180.0   5.0 450.0                            LAT/LON1/LON2/DLON/H
  369  436  478  480  447  389  337  243  170  114   84   70   64   62   60   58
   58   59   64   70   76   81   87   93   99  104  111  120  130  138  144  147
  156  169  187  203  217  229  238  247  254  262  272  280  286  286  290  296
  298  304  298  296  292  290  289  296  304  313  325  343  362  381  381  369
  344  312  287  268  259  262  280  311  369
    32.5-180.0 180.0   5.0 450.0                            LAT/LON1/LON2/DLON/H
  399  476  535  555  536  492  439  337  242  166  118   93   80   73   66   60
   56   57   63   72   82   90   95  103  111  117  122  130  140  149  154  159
  169  184  202  218  231  240  249  258  267  277  290  304  312  319  325  334
  342  346  345  345  340  339  340  351  364  375  383  403  429  452  455  440
  403  361  325  295  284  282  299  338  399
    30.0-180.0 180.0   5.0 450.0                            LAT/LON1/LON2/DLON/H
  441  523  586  618  609  573  525  429  327  237  171  130  109   93   78   66
   57   57   64   73   87   98  105  114  124  131  134  140  148  156  162  169
  181  199  218  231  239  246  256  268  281  296  313  330  342  355  366  377
  392  402  406  411  410  415  420  432  446  460  465  486  510  536  542  524
  479  425  382  344  326  316  332  376  441
    27.5-180.0 180.0   5.0 450.0                            LAT/LON1/LON2/DLON/H
  485  566  628  667  670  634  595  514  417  327  252  188  158  128   96   77
   61   59   66   76   90  104  115  126  136  143  144  147  154  161  168  179
  193  213  231  241  246  254  265  281  299  319  338  359  377  395  412  432
  453  470  478  493  504  504  517  530  542  555  561  580  601  621  628  609
  562  504  447  407  381  366  377  417  485
    25.0-180.0 180.0   5.0 450.0                            LAT/LON1/LON2/DLON/H
  521  600  660  696  703  685  658  589  502  418  337  279  229  182  126   98
   72   66   71   80   93  110  126  140  148  151  150  151  158  166  174  188
  206  226  242  251  254  262  276  298  322  345  369  396  416  441  467  494
  522  547  558  582  596  598  614  628  637  647  655  671  689  703  704  681
  634  572  512  472  444  425  432  461  521
    22.5-180.0 180.0   5.0 450.0                            LAT/LON1/LON2/DLON/H
  545  611  673  704  709  702  690  648  579  504  434  369  310  248  170  132
   95   86   83   90   99  115  135  150  159  158  153  153  161  171  182  197
  217  238  259  267  268  275  297  325  353  377  405  436  468  497  527  559
  596  627  647  667  683  686  703  716  720  726  733  743  753  767  765  742
  688  622  560  527  501  485  488  504  545
    20.0-180.0 180.0   5.0 450.0                            LAT/LON1/LON2/DLON/H
  557  598  650  681  684  680  680  666  624  564  506  445  385  311  224  170
  132  117  106  104  107  119  139  156  167  165  157  155  165  179  195  210
  234  258  281  291  292  300  326  359  393  421  450  487  525  556  589  621
  663  699  723  742  764  767  781  789  786  784  782  784  796  807  806  781
  718  645  582  557  544  534  531  538  557
    17.5-180.0 180.0   5.0 450.0                            LAT/LON1/LON2/DLON/H
  556  576  602  624  624  620  629  634  625  592  543  490  434  361  266  208
  170  148  131  116  113  122  139  160  172  172  163  161  173  194  215  235
  264  295  320  333  334  343  370  405  447  471  502  543  583  616  651  684
  723  750  777  804  831  840  846  844  833  823  814  812  818  823  820  796
  727  648  586  563  556  551  556  555  556
    15.0-180.0 180.0   5.0 450.0                            LAT/LON1/LON2/DLON/H
  536  530  548  544  533  526  541  561  580  576  542  499  448  377  300  241
  197  166  146  123  114  121  137  161  176  178  171  171  189  215  245  274
  308  349  380  391  393  399  427  464  506  527  560  599  637  675  713  734
  769  794  815  842  875  892  897  885  861  846  835  829  826  828  822  793
  727  648  586  558  546  544  555  553  536
    12.5-180.0 180.0   5.0 450.0                            LAT/LON1/LON2/DLON/H
  511  487  470  449  421  416  433  474  503  521  509  473  427  367  305  253
  205  170  146  120  108  111  131  160  179  184  183  188  211  246  285  327
  372  424  455  467  466  466  491  527  563  586  620  652  677  718  758  779
  808  833  844  867  897  918  922  906  871  850  835  833  836  828  811  781
  736  660  597  561  541  533  541  535  511
    10.0-180.0 180.0   5.0 450.0                            LAT/LON1/LON2/DLON/H
  483  448  394  345  317  306  325  370  412  446  451  428  387  335  287  243
  198  162  136  108   91   95  122  157  182  196  203  218  251  290  335  394
  459  507  545  551  543  542  560  589  608  634  665  693  720  756  787  807
  843  870  871  882  907  929  931  912  871  846  833  835  839  834  815  782
  749  684  627  584  554  533  528  512  483
     7.5-180.0 180.0   5.0 450.0                            LAT/LON1/LON2/DLON/H
  462  413  330  260  226  213  233  272  318  361  381  371  336  290  253  218
  180  148  119   92   74   81  114  156  190  215  235  261  306  350  403  466
  531  589  626  630  615  608  616  632  648  670  697  725  753  778  800  829
  871  894  886  888  910  937  939  915  871  847  838  843  843  847  843  806
  769  715  665  621  581  546  522  498  462
     5.0-180.0 180.0   5.0 450.0                            LAT/LON1/LON2/DLON/H
  438  358  258  186  152  141  162  191  240  283  309  307  283  246  216  187
  157  128  100   77   63   71  107  157  202  239  274  312  364  411  465  529
  596  655  690  692  676  663  661  664  671  688  713  738  761  780  805  842
  884  909  898  894  910  936  941  926  885  860  852  858  859  865  868  839
  785  740  716  686  628  575  533  494  438
     2.5-180.0 180.0   5.0 450.0                            LAT/LON1/LON2/DLON/H
  414  314  209  140  111  111  130  148  191  231  253  250  232  204  183  158
  132  107   84   64   53   63  101  156  210  260  308  356  407  458  509  562
  626  688  726  729  715  702  693  685  682  696  716  733  751  775  804  845
  884  918  908  900  917  934  947  948  918  892  874  872  878  886  889  871
  815  779  765  741  689  626  563  496  414
