DORISInput/IGSGIM/2024/IGS0OPSFIN_20241530000_01D_02H_GIM.INX
     1.0            IONOSPHERE MAPS     MIX                 IONEX VERSION / TYPE
cmpcmb v1.2          GRL/UWM            12-jun-24 16:32     PGM / RUN BY / DATE 
ionex file containing IGS COMBINED Ionosphere maps          COMMENT             
global ionosphere maps for day 153, 2024                    DESCRIPTION         
IONEX file containing the COMBINED IGS TEC MAPS and DCBs    DESCRIPTION         
      IONEX files of the following IAACs were combined: cod DESCRIPTION         
                                                        jpl DESCRIPTION         
                                                        upc DESCRIPTION         
Contact address: Andrzej Krankowski                         DESCRIPTION
                 Geodynamics Research Laboratory            DESCRIPTION
                 University of Warmia and Mazury (GRL/UWM)  DESCRIPTION
                 Oczapowski St. 1                           DESCRIPTION
                 10-957-Olsztyn, POLAND                     DESCRIPTION
                 e-mail:  kand@uwm.edu.pl                   DESCRIPTION
                                                            DESCRIPTION         
  2024     6     1     0     0     0                        EPOCH OF FIRST MAP  
  2024     6     2     0     0     0                        EPOCH OF LAST MAP   
  7200                                                      INTERVAL            
    13                                                      # OF MAPS IN FILE   
  COSZ                                                      MAPPING FUNCTION    
     0.0                                                    ELEVATION CUTOFF    
combined TEC calculated as weighted mean of input TEC valuesOBSERVABLES USED    
   334                                                      # OF STATIONS       
    32                                                      # OF SATELLITES     
  6371.0                                                    BASE RADIUS         
     2                                                      MAP DIMENSION       
   450.0 450.0   0.0                                        HGT1 / HGT2 / DHGT  
    87.5 -87.5  -2.5                                        LAT1 / LAT2 / DLAT  
  -180.0 180.0   5.0                                        LON1 / LON2 / DLON  
    -1                                                      EXPONENT            
TEC values in 0.1 tec units;  9999, if no value available   COMMENT             
DCB values in nanoseconds, reference is Sum_of_SatDCBs = 0  COMMENT             
                                                            END OF HEADER       
[from data line 3003]
     8                                                      START OF TEC MAP    
  2024     6     1    14     0     0                        EPOCH OF CURRENT MAP
    87.5-180.0 180.0   5.0 450.0                            LAT/LON1/LON2/DLON/H
  231  230  230  230  229  229  229  229  229  229  229  229  229  229  229  229
  230  230  231  231  231  232  232  232  233  233  233  233  233  234  234  234
  234  234  235  235  235  235  235  234  235  235  235  235  236  236  235  236
  236  236  236  236  236  236  236  236  236  236  236  236  236  236  235  235
  234  233  233  233  233  232  232  231  231
    85.0-180.0 180.0   5.0 450.0                            LAT/LON1/LON2/DLON/H
  226  225  224  222  222  221  220  219  219  219  219  220  221  221  223  224
  225  226  228  229  231  231  232  233  233  234  234  236  236  236  236  236
  235  236  235  235  235  234  235  235  235  235  235  235  235  235  237  237
  237  238  239  240  240  240  240  241  241  240  240  240  239  239  238  237
  236  235  234  232  231  230  228  227  226
    82.5-180.0 180.0   5.0 450.0                            LAT/LON1/LON2/DLON/H
  218  215  214  210  208  207  206  206  206  207  207  208  210  212  213  215
  217  220  223  225  227  230  231  232  234  235  236  237  237  236  236  235
  234  234  233  233  233  232  232  232  232  232  233  234  234  235  236  237
  238  240  242  243  245  246  246  246  246  246  246  246  245  244  242  241
  239  236  234  231  229  226  223  220  218
    80.0-180.0 180.0   5.0 450.0                            LAT/LON1/LON2/DLON/H
  212  208  204  201  198  197  196  196  196  197  198  198  199  202  205  207
  210  214  217  220  223  227  229  233  233  234  235  235  235  236  236  235
  235  235  234  233  232  232  232  232  231  231  231  232  233  234  235  237
  239  241  244  246  248  250  251  252  253  252  252  252  250  249  247  245
  242  238  235  230  227  223  219  216  212
    77.5-180.0 180.0   5.0 450.0                            LAT/LON1/LON2/DLON/H
  211  205  200  197  194  192  191  190  188  188  189  189  190  192  195  198
  202  205  210  215  219  223  228  231  231  233  234  235  236  236  235  234
  232  232  232  231  230  228  227  227  228  229  230  231  233  235  238  240
  243  246  248  250  253  255  256  257  258  258  257  256  255  253  251  248
  244  240  236  231  226  223  219  215  211
    75.0-180.0 180.0   5.0 450.0                            LAT/LON1/LON2/DLON/H
  211  206  203  199  196  192  189  187  186  185  183  184  186  187  189  192
  196  201  204  210  216  219  225  228  232  233  233  235  234  235  235  235
  234  233  232  230  230  228  227  226  225  226  227  230  233  236  240  244
  248  252  255  257  259  261  261  262  262  261  260  259  257  254  252  248
  244  239  236  231  227  224  219  215  211
    72.5-180.0 180.0   5.0 450.0                            LAT/LON1/LON2/DLON/H
  215  212  209  206  202  197  193  190  188  188  187  187  187  187  189  191
  193  196  202  206  213  218  223  228  232  233  233  234  235  235  234  234
  234  233  231  230  228  227  226  224  224  225  227  230  234  239  243  248
  252  256  260  263  264  266  266  265  264  263  261  259  257  254  250  246
  241  237  235  231  228  225  221  217  215
    70.0-180.0 180.0   5.0 450.0                            LAT/LON1/LON2/DLON/H
  220  218  216  214  210  207  203  200  199  197  196  194  193  193  192  192
  194  197  201  206  212  219  225  230  232  233  233  233  234  233  233  233
  232  232  231  229  227  226  224  224  224  225  228  231  236  241  246  251
  255  258  262  264  265  267  267  266  264  262  260  257  254  250  245  241
  237  233  231  230  228  225  222  221  220
    67.5-180.0 180.0   5.0 450.0                            LAT/LON1/LON2/DLON/H
  223  222  221  220  220  218  217  215  214  210  206  204  203  201  198  198
  199  201  204  210  217  224  229  233  233  235  233  232  232  231  230  231
  231  231  229  228  226  225  223  222  222  224  228  231  236  242  247  251
  255  258  260  262  262  263  263  263  262  260  257  253  249  244  239  235
  230  228  227  227  226  225  223  223  223
    65.0-180.0 180.0   5.0 450.0                            LAT/LON1/LON2/DLON/H
  221  222  222  223  223  226  227  226  224  221  219  218  215  211  207  206
  207  208  212  218  224  230  234  237  237  236  234  231  230  229  228  229
  230  229  228  227  225  223  221  220  221  223  227  231  235  240  246  250
  254  256  257  256  257  258  258  259  258  256  254  248  244  238  232  228
  225  222  222  221  221  221  220  220  221
    62.5-180.0 180.0   5.0 450.0                            LAT/LON1/LON2/DLON/H
  215  216  215  216  218  220  224  227  228  228  227  227  224  220  216  214
  215  216  221  226  232  236  239  241  240  237  235  231  229  228  227  228
  229  229  228  226  224  221  219  218  219  221  226  230  235  240  245  249
  251  251  252  252  252  253  253  255  256  254  251  246  241  234  229  223
  218  215  215  214  214  214  213  213  215
    60.0-180.0 180.0   5.0 450.0                            LAT/LON1/LON2/DLON/H
  203  204  203  204  207  212  217  222  225  228  228  228  228  225  223  221
  221  222  227  233  237  241  243  244  242  240  237  234  231  229  228  229
  230  230  229  228  225  222  219  217  218  221  226  231  236  242  246  248
  249  249  249  249  250  251  252  255  257  255  253  249  243  236  228  222
  215  210  209  207  207  205  203  203  203
    57.5-180.0 180.0   5.0 450.0                            LAT/LON1/LON2/DLON/H
  189  189  188  189  193  200  205  211  216  219  222  224  225  225  225  223
  224  227  232  237  241  243  246  247  245  244  241  237  235  233  232  232
  233  234  234  232  229  225  222  220  221  223  228  234  240  245  248  251
  252  251  252  253  253  255  257  260  262  262  261  256  250  242  232  224
  216  210  208  203  201  197  194  190  189
    55.0-180.0 180.0   5.0 450.0                            LAT/LON1/LON2/DLON/H
  178  176  174  175  180  186  190  195  202  208  214  218  221  223  224  225
  227  230  234  238  242  245  247  249  249  249  246  244  241  240  239  240
  241  243  243  241  238  233  229  227  227  230  235  242  248  253  256  258
  259  261  262  266  266  268  269  272  274  274  272  268  261  252  241  229
  220  211  208  203  198  193  187  181  178
    52.5-180.0 180.0   5.0 450.0                            LAT/LON1/LON2/DLON/H
  172  168  165  164  166  171  175  182  191  199  207  213  218  222  223  225
  228  232  236  239  243  245  248  251  253  256  255  253  251  250  250  251
  253  255  256  254  250  246  242  239  237  241  247  252  259  263  266  269
  271  274  278  282  285  287  288  291  291  289  287  283  275  265  251  238
  228  219  214  207  199  192  185  178  172
    50.0-180.0 180.0   5.0 450.0                            LAT/LON1/LON2/DLON/H
  171  165  160  156  157  161  166  174  184  195  204  212  218  223  225  227
  231  235  238  241  245  248  251  256  261  264  264  266  265  265  265  266
  269  271  272  271  267  262  257  254  252  255  260  267  272  276  277  281
  286  289  294  301  304  307  308  309  309  305  302  296  288  277  262  247
  237  229  224  216  206  196  188  178  171
    47.5-180.0 180.0   5.0 450.0                            LAT/LON1/LON2/DLON/H
  175  168  160  155  154  157  162  172  183  195  207  215  222  226  228  231
  235  240  243  247  250  254  259  265  271  276  278  281  282  281  283  286
  288  291  292  290  289  284  278  273  270  271  275  282  286  290  292  296
  299  306  313  320  323  326  326  324  323  319  314  306  296  284  270  257
  248  241  235  226  215  203  192  182  175
    45.0-180.0 180.0   5.0 450.0                            LAT/LON1/LON2/DLON/H
  180  173  165  159  157  159  164  172  186  201  213  221  230  233  235  238
  241  247  251  255  259  265  271  278  286  293  296  298  300  302  304  308
  311  315  316  315  315  311  305  299  292  292  291  297  304  307  308  313
  317  326  335  340  342  343  340  337  333  327  321  312  301  288  276  267
  259  253  247  235  223  212  200  189  180
    42.5-180.0 180.0   5.0 450.0                            LAT/LON1/LON2/DLON/H
  188  179  170  164  161  163  166  174  191  210  222  231  240  244  245  247
  251  257  262  268  273  280  288  297  306  312  315  318  321  323  329  335
  340  344  347  347  348  345  336  327  320  316  315  317  323  326  327  331
  335  344  352  358  359  358  353  348  340  332  324  314  301  289  280  274
  268  263  258  245  232  219  207  197  188
    40.0-180.0 180.0   5.0 450.0                            LAT/LON1/LON2/DLON/H
  195  185  175  167  163  164  168  179  200  217  232  242  251  255  256  258
  263  269  276  282  289  298  307  318  328  335  338  341  344  348  357  367
  372  378  384  386  390  386  375  364  354  345  341  342  348  347  351  352
  354  362  367  373  375  372  367  357  347  338  329  317  304  293  285  280
  277  273  268  254  239  225  213  204  195
    37.5-180.0 180.0   5.0 450.0                            LAT/LON1/LON2/DLON/H
  199  189  175  166  160  159  166  179  201  223  240  253  261  265  268  270
  275  283  290  298  307  318  328  340  350  358  363  368  371  378  389  398
  410  419  428  433  438  436  427  410  395  382  372  372  377  377  378  376
  372  378  384  390  391  387  380  368  358  347  338  326  314  304  295  291
  289  285  280  265  247  231  218  209  199
    35.0-180.0 180.0   5.0 450.0                            LAT/LON1/LON2/DLON/H
  204  190  174  163  154  151  159  173  196  222  245  261  271  276  278  283
  288  297  304  312  324  336  347  361  372  381  387  394  401  408  422  439
  453  466  477  490  498  495  483  465  446  430  413  411  409  406  405  401
  395  399  404  408  409  406  397  386  373  361  352  340  328  318  310  306
  304  301  296  277  259  240  225  215  204
    32.5-180.0 180.0   5.0 450.0                            LAT/LON1/LON2/DLON/H
  210  194  176  162  150  144  149  164  188  218  244  264  275  284  290  297
  304  311  317  325  338  350  363  379  391  400  408  419  428  438  456  478
  498  518  534  552  560  562  547  529  508  488  465  456  448  441  435  429
  425  428  430  433  434  428  419  407  394  383  371  359  347  336  327  323
  322  320  314  294  273  251  236  224  210
    30.0-180.0 180.0   5.0 450.0                            LAT/LON1/LON2/DLON/H
  220  201  182  166  151  141  142  153  176  206  238  262  277  289  300  310
  318  324  329  337  346  359  373  390  403  414  426  440  453  467  489  517
  545  574  595  617  631  639  623  596  568  547  515  498  493  480  474  467
  464  467  466  466  467  457  444  430  414  402  390  377  366  356  348  343
  342  338  331  313  290  269  253  237  220
    27.5-180.0 180.0   5.0 450.0                            LAT/LON1/LON2/DLON/H
  233  214  194  175  158  145  142  148  165  193  227  258  279  294  310  321
  330  335  338  343  350  363  378  395  409  424  440  460  476  497  524  555
  594  631  657  687  707  720  701  661  626  597  557  534  530  522  519  515
  512  512  510  504  499  485  468  450  429  413  401  390  381  373  366  361
  358  354  347  328  308  287  268  251  233
    25.0-180.0 180.0   5.0 450.0                            LAT/LON1/LON2/DLON/H
  249  229  209  188  169  156  147  148  159  183  219  254  280  300  316  329
  338  342  343  344  351  364  380  397  413  432  453  477  500  526  557  594
  638  683  719  760  773  772  761  710  668  638  592  564  562  562  563  565
  562  556  549  540  525  505  484  460  435  417  405  396  389  383  377  371
  369  364  358  339  320  301  283  266  249
    22.5-180.0 180.0   5.0 450.0                            LAT/LON1/LON2/DLON/H
  258  240  221  202  182  166  157  151  158  179  212  250  281  305  322  334
  342  346  343  344  352  366  382  400  417  439  465  492  522  552  587  629
  682  731  770  799  798  784  769  726  690  664  621  592  592  594  600  608
  609  595  583  565  541  514  490  460  429  412  399  391  387  382  376  372
  369  362  357  341  323  306  291  275  258
    20.0-180.0 180.0   5.0 450.0                            LAT/LON1/LON2/DLON/H
  260  245  231  214  197  179  164  157  161  177  208  244  279  307  324  335
  342  346  344  346  356  371  389  406  425  450  479  509  540  577  613  659
  717  761  794  805  788  763  749  713  688  666  633  618  617  621  632  640
  645  633  611  582  548  514  484  450  419  400  386  378  375  371  363  358
  351  344  340  330  318  306  291  276  260
    17.5-180.0 180.0   5.0 450.0                            LAT/LON1/LON2/DLON/H
  257  245  235  223  207  188  171  162  164  177  203  238  273  301  321  333
  341  344  346  351  364  382  399  416  436  464  496  528  563  599  635  678
  730  765  786  783  762  735  720  693  673  659  642  635  635  642  656  669
  676  661  629  588  547  505  469  436  405  383  370  362  358  353  344  333
  321  314  311  308  301  292  281  268  257
    15.0-180.0 180.0   5.0 450.0                            LAT/LON1/LON2/DLON/H
  251  244  237  228  213  193  175  165  165  176  200  231  263  291  312  326
  335  340  344  355  373  393  412  430  450  478  513  551  583  614  647  686
  723  753  762  753  728  702  685  664  653  652  647  646  649  661  673  686
  694  674  633  586  539  493  452  417  388  369  359  352  345  338  325  306
  289  278  275  277  276  267  261  256  251
    12.5-180.0 180.0   5.0 450.0                            LAT/LON1/LON2/DLON/H
  245  242  238  228  211  192  174  163  163  172  191  219  250  276  299  315
  326  333  343  360  382  405  427  445  467  495  530  569  598  625  656  688
  716  736  738  723  698  670  651  644  644  652  657  657  664  676  683  695
  699  673  629  578  530  483  439  403  380  368  359  351  341  325  304  280
  261  248  243  242  245  240  240  242  245
    10.0-180.0 180.0   5.0 450.0                            LAT/LON1/LON2/DLON/H
  235  239  234  223  206  185  169  160  159  165  179  204  233  261  283  303
  317  330  346  366  391  417  440  464  487  511  546  581  607  631  659  687
  712  723  720  704  679  657  644  642  652  666  673  674  681  684  687  698
  694  663  620  571  527  484  445  413  396  388  380  370  352  326  294  263
  243  227  222  217  219  220  224  229  235
     7.5-180.0 180.0   5.0 450.0                            LAT/LON1/LON2/DLON/H
  225  230  229  218  199  179  164  156  153  155  164  184  212  242  269  293
  313  331  351  374  401  430  457  483  506  530  559  588  612  634  660  687
  712  718  713  699  682  673  672  675  682  692  692  690  687  685  685  689
  679  649  613  575  538  504  471  449  439  430  422  411  386  348  306  268
  240  225  219  209  208  209  215  220  225
     5.0-180.0 180.0   5.0 450.0                            LAT/LON1/LON2/DLON/H
  220  221  220  210  192  173  158  151  147  145  149  167  194  226  258  288
  313  335  359  385  413  444  474  502  522  544  566  590  613  635  662  687
  712  718  716  711  707  713  723  725  729  721  711  697  685  680  677  672
  659  639  610  585  564  534  509  497  489  479  472  459  428  382  329  294
  263  237  234  225  222  218  217  218  220
     2.5-180.0 180.0   5.0 450.0                            LAT/LON1/LON2/DLON/H
  223  219  213  202  185  166  153  146  140  136  137  152  180  214  251  287
  316  343  368  396  426  459  489  517  536  553  568  585  606  629  659  682
  708  717  722  731  746  764  775  773  760  739  716  693  674  667  661  652
  639  622  605  594  584  563  543  528  523  516  511  491  455  401  353  320
  298  263  263  260  257  248  233  227  223
