DORISInput/IGSGIM/2024/IGS0OPSFIN_20241420000_01D_02H_GIM.INX
     1.0            IONOSPHERE MAPS     MIX                 IONEX VERSION / TYPE
cmpcmb v1.2          GRL/UWM             5-jun-24 16:28     PGM / RUN BY / DATE 
ionex file containing IGS COMBINED Ionosphere maps          COMMENT             
global ionosphere maps for day 142, 2024                    DESCRIPTION         
IONEX file containing the COMBINED IGS TEC MAPS and DCBs    DESCRIPTION         
      IONEX files of the following IAACs were combined: cod DESCRIPTION         
                                                        jpl DESCRIPTION         
                                                        upc DESCRIPTION         
Contact address: Andrzej Krankowski                         DESCRIPTION
                 Geodynamics Research Laboratory            DESCRIPTION
                 University of Warmia and Mazury (GRL/UWM)  DESCRIPTION
                 Oczapowski St. 1                           DESCRIPTION
                 10-957-Olsztyn, POLAND                     DESCRIPTION
                 e-mail:  kand@uwm.edu.pl                   DESCRIPTION
                                                            DESCRIPTION         
  2024     5    21     0     0     0                        EPOCH OF FIRST MAP  
  2024     5    22     0     0     0                        EPOCH OF LAST MAP   
  7200                                                      INTERVAL            
    13                                                      # OF MAPS IN FILE   
  COSZ                                                      MAPPING FUNCTION    
     0.0                                                    ELEVATION CUTOFF    
combined TEC calculated as weighted mean of input TEC valuesOBSERVABLES USED    
   335                                                      # OF STATIONS       
    32                                                      # OF SATELLITES     
  6371.0                                                    BASE RADIUS         
     2                                                      MAP DIMENSION       
   450.0 450.0   0.0                                        HGT1 / HGT2 / DHGT  
    87.5 -87.5  -2.5                                        LAT1 / LAT2 / DLAT  
  -180.0 180.0   5.0                                        LON1 / LON2 / DLON  
    -1                                                      EXPONENT            
TEC values in 0.1 tec units;  9999, if no value available   COMMENT             
DCB values in nanoseconds, reference is Sum_of_SatDCBs = 0  COMMENT             
                                                            END OF HEADER       
[from data line 2145]
     6                                                      START OF TEC MAP    
  2024     5    21    10     0     0                        EPOCH OF CURRENT MAP
    87.5-180.0 180.0   5.0 450.0                            LAT/LON1/LON2/DLON/H
  257  258  259  259  260  261  262  263  264  266  266  268  269  270  270  271
  272  273  274  275  276  276  278  278  278  278  278  278  278  278  278  278
  278  278  278  278  278  277  276  275  275  275  274  273  273  271  270  270
  269  267  267  266  264  263  262  261  260  260  260  259  259  258  258  258
  257  257  256  256  256  256  256  256  257
    85.0-180.0 180.0   5.0 450.0                            LAT/LON1/LON2/DLON/H
  250  252  252  253  255  257  259  262  264  267  269  271  274  276  278  281
  282  284  284  283  284  284  285  285  285  284  284  284  284  283  283  282
  281  281  280  280  278  277  278  278  277  278  277  276  275  274  272  270
  269  267  265  264  262  260  259  258  257  257  256  256  255  255  253  253
  252  251  251  250  250  250  250  250  250
    82.5-180.0 180.0   5.0 450.0                            LAT/LON1/LON2/DLON/H
  246  246  247  248  249  251  254  257  260  263  266  269  273  276  279  281
  283  284  285  286  289  288  288  290  288  287  285  285  283  282  282  283
  283  284  283  284  284  284  284  283  284  282  282  280  279  277  275  273
  271  269  268  266  265  264  263  262  262  261  261  261  260  259  259  258
  258  256  255  253  250  249  248  247  246
    80.0-180.0 180.0   5.0 450.0                            LAT/LON1/LON2/DLON/H
  244  242  240  240  241  243  246  252  256  260  264  268  271  275  278  280
  281  283  283  282  281  281  283  276  276  276  276  277  276  277  277  279
  283  286  289  291  294  296  297  296  295  295  293  292  289  287  284  281
  280  279  278  277  276  276  276  276  276  276  277  277  276  276  275  274
  272  269  266  262  258  254  251  247  244
    77.5-180.0 180.0   5.0 450.0                            LAT/LON1/LON2/DLON/H
  248  243  239  237  238  239  241  246  248  252  257  262  266  270  273  274
  276  277  276  274  273  271  268  262  263  260  262  262  263  266  270  275
  279  286  293  299  307  310  311  313  312  310  308  305  303  300  297  296
  294  295  296  296  296  296  298  299  300  300  302  302  302  302  301  298
  295  291  285  279  273  266  260  254  248
    75.0-180.0 180.0   5.0 450.0                            LAT/LON1/LON2/DLON/H
  257  249  243  238  234  234  235  235  239  245  250  254  257  260  262  264
  266  266  264  262  260  254  254  250  246  246  246  247  252  256  262  269
  279  289  299  307  315  323  329  328  328  326  322  320  318  316  313  313
  312  312  314  317  318  320  321  323  326  328  330  330  331  331  329  327
  323  318  311  304  295  285  276  266  257
    72.5-180.0 180.0   5.0 450.0                            LAT/LON1/LON2/DLON/H
  269  259  248  238  232  228  227  228  231  235  240  244  248  250  253  254
  253  254  250  248  244  240  239  235  231  231  232  235  240  248  258  268
  281  296  308  320  329  336  340  344  344  340  338  336  334  332  330  329
  328  329  330  334  336  338  341  344  347  350  353  354  355  355  353  350
  347  341  335  327  317  306  294  281  269
    70.0-180.0 180.0   5.0 450.0                            LAT/LON1/LON2/DLON/H
  281  268  253  242  233  227  224  222  224  227  230  234  237  240  241  243
  242  239  236  234  229  226  224  223  221  222  225  230  237  246  259  274
  291  304  321  334  342  350  354  358  359  356  354  351  350  347  345  344
  342  342  344  345  347  350  353  357  359  363  366  367  368  368  366  364
  361  355  350  344  335  324  311  297  281
    67.5-180.0 180.0   5.0 450.0                            LAT/LON1/LON2/DLON/H
  292  275  262  249  238  229  225  219  217  218  221  224  225  228  230  230
  229  227  225  223  220  217  218  217  219  221  227  233  241  252  267  283
  298  316  333  347  357  365  369  372  372  370  368  366  366  362  359  355
  353  352  353  352  353  355  357  359  362  364  367  369  369  368  366  363
  360  357  353  349  342  336  323  310  292
    65.0-180.0 180.0   5.0 450.0                            LAT/LON1/LON2/DLON/H
  298  283  269  254  242  232  227  216  211  210  209  211  213  213  215  217
  216  216  215  217  217  217  221  222  226  230  236  244  252  262  277  293
  310  328  343  357  369  376  381  383  383  382  383  381  379  375  371  367
  362  359  357  355  353  352  352  353  355  357  358  359  359  356  353  349
  346  343  342  342  340  336  327  315  298
    62.5-180.0 180.0   5.0 450.0                            LAT/LON1/LON2/DLON/H
  299  286  272  258  245  235  229  215  207  202  199  200  199  198  199  203
  203  205  207  212  216  220  227  233  238  243  249  256  264  274  287  303
  322  338  352  367  378  385  390  394  397  398  397  398  395  390  385  378
  372  365  360  354  350  347  346  345  345  345  346  345  342  338  333  327
  323  320  322  324  327  327  322  313  299
    60.0-180.0 180.0   5.0 450.0                            LAT/LON1/LON2/DLON/H
  297  284  271  258  246  235  228  214  203  193  188  185  185  185  185  189
  191  194  200  209  215  224  234  244  251  258  264  270  277  286  297  314
  330  346  362  377  388  394  402  408  412  413  415  415  413  406  398  389
  380  371  363  354  348  343  341  339  338  337  336  333  329  323  314  307
  299  297  299  305  312  315  314  307  297
    57.5-180.0 180.0   5.0 450.0                            LAT/LON1/LON2/DLON/H
  293  280  266  252  241  230  222  208  196  185  178  173  170  170  170  174
  178  183  194  205  216  228  241  253  263  272  278  284  290  298  308  324
  340  356  373  389  400  409  418  425  430  433  434  434  429  422  412  403
  392  381  371  361  352  346  341  338  337  336  333  329  323  314  304  294
  284  281  283  291  300  305  307  303  293
    55.0-180.0 180.0   5.0 450.0                            LAT/LON1/LON2/DLON/H
  291  277  259  244  233  226  218  199  186  175  168  162  158  157  158  160
  164  173  184  198  214  231  246  261  273  283  290  297  303  311  322  336
  351  372  390  404  418  428  437  444  452  454  457  455  449  441  431  419
  409  396  385  375  363  356  350  346  344  342  340  336  328  318  307  293
  283  277  280  288  298  304  305  301  291
    52.5-180.0 180.0   5.0 450.0                            LAT/LON1/LON2/DLON/H
  292  277  260  241  229  223  212  192  177  167  159  154  151  149  148  150
  154  163  176  191  211  231  250  266  281  294  302  310  317  327  339  355
  373  391  411  426  439  452  463  470  475  479  480  475  468  460  450  440
  430  417  405  394  383  376  367  361  359  357  356  353  345  336  323  308
  295  288  290  299  307  311  310  303  292
    50.0-180.0 180.0   5.0 450.0                            LAT/LON1/LON2/DLON/H
  299  282  263  247  232  222  211  189  174  163  156  150  146  144  143  143
  147  157  171  191  211  234  255  274  291  305  315  325  335  345  361  377
  395  417  437  455  469  482  491  500  504  507  506  499  491  483  472  464
  455  446  434  422  410  401  390  382  377  376  376  374  368  360  348  333
  320  312  314  319  324  324  320  311  299
    47.5-180.0 180.0   5.0 450.0                            LAT/LON1/LON2/DLON/H
  309  293  275  256  241  227  213  192  175  164  155  151  148  145  142  142
  145  156  170  192  213  239  263  285  304  319  332  344  356  370  386  406
  425  448  467  484  501  515  525  531  536  538  533  527  517  508  498  492
  484  477  465  453  440  427  413  404  396  394  395  394  390  385  374  362
  348  341  341  341  341  339  332  321  309
    45.0-180.0 180.0   5.0 450.0                            LAT/LON1/LON2/DLON/H
  319  305  288  272  255  239  223  199  180  170  163  159  156  153  148  146
  149  158  174  195  219  246  272  297  318  336  351  366  381  398  415  434
  457  480  499  516  533  548  560  567  571  570  564  553  546  537  528  526
  517  512  502  488  472  456  437  425  415  410  410  409  407  402  395  386
  375  368  364  360  356  351  342  331  319
    42.5-180.0 180.0   5.0 450.0                            LAT/LON1/LON2/DLON/H
  327  315  300  285  270  252  235  211  192  183  176  172  169  165  160  156
  157  165  180  200  225  254  283  311  333  355  372  390  406  422  443  463
  484  506  524  545  564  579  593  601  606  605  596  585  575  569  564  561
  556  552  542  527  507  487  462  445  433  425  421  418  416  413  408  402
  393  383  376  370  363  354  346  338  327
    40.0-180.0 180.0   5.0 450.0                            LAT/LON1/LON2/DLON/H
  330  320  309  296  282  264  247  222  206  196  192  188  185  181  174  170
  170  176  189  207  233  262  294  324  349  374  392  411  430  445  465  485
  505  525  546  566  586  604  621  634  639  636  628  617  610  602  604  603
  600  598  586  573  550  526  493  468  451  440  432  427  424  421  417  413
  404  392  381  371  361  352  344  337  330
    37.5-180.0 180.0   5.0 450.0                            LAT/LON1/LON2/DLON/H
  325  320  311  303  290  274  257  234  219  212  208  205  205  199  192  186
  185  189  199  216  239  268  303  337  363  389  408  426  446  459  474  492
  513  535  556  578  602  625  647  662  669  667  661  653  653  649  647  651
  654  651  640  624  601  571  539  502  477  461  452  445  438  435  429  425
  416  402  386  371  360  348  340  334  325
    35.0-180.0 180.0   5.0 450.0                            LAT/LON1/LON2/DLON/H
  325  317  310  303  294  278  262  242  231  225  222  223  222  218  211  204
  198  201  209  223  244  273  309  345  372  397  417  433  447  460  471  486
  506  530  554  581  610  638  664  683  693  694  691  692  692  694  694  703
  709  711  699  682  657  627  594  556  523  500  488  477  468  461  454  445
  435  419  401  384  370  354  344  336  325
    32.5-180.0 180.0   5.0 450.0                            LAT/LON1/LON2/DLON/H
  336  325  317  308  298  282  268  252  243  237  237  239  239  236  229  220
  213  211  215  228  244  273  310  347  376  398  417  429  437  447  456  471
  494  520  548  579  610  643  674  696  710  717  721  727  731  739  747  755
  769  774  763  748  729  698  669  631  594  564  548  532  517  505  493  481
  468  451  435  413  393  375  363  351  336
    30.0-180.0 180.0   5.0 450.0                            LAT/LON1/LON2/DLON/H
  364  348  336  322  309  294  282  266  257  253  255  256  255  253  245  235
  226  220  218  227  242  269  307  343  373  394  410  417  420  427  434  453
  480  509  540  574  609  646  677  702  718  731  742  752  763  773  791  810
  827  839  837  832  820  792  765  729  684  649  631  610  590  572  554  535
  520  501  488  465  441  420  399  384  364
    27.5-180.0 180.0   5.0 450.0                            LAT/LON1/LON2/DLON/H
  407  388  369  350  331  313  300  285  277  273  273  272  271  266  257  247
  237  228  223  226  239  265  301  335  365  385  397  398  397  404  415  439
  469  501  536  573  611  648  677  701  719  735  750  766  781  800  825  854
  883  911  919  922  918  897  875  840  791  749  728  703  680  656  631  607
  578  561  559  542  515  487  460  437  407
    25.0-180.0 180.0   5.0 450.0                            LAT/LON1/LON2/DLON/H
  473  442  415  388  367  343  329  312  303  298  294  289  286  280  270  258
  247  237  231  229  239  262  294  323  352  371  381  380  378  386  405  434
  466  502  540  579  618  650  675  696  714  730  748  769  792  819  854  898
  936  978  999  999 1006  994  973  943  899  849  823  799  776  746  714  681
  642  624  632  624  605  566  534  508  473
    22.5-180.0 180.0   5.0 450.0                            LAT/LON1/LON2/DLON/H
  546  511  473  442  412  385  368  348  334  327  318  311  303  294  282  270
  257  247  241  239  243  260  285  310  336  354  362  364  368  383  408  439
  476  515  555  592  626  654  675  691  708  725  744  771  802  835  881  937
  982 1016 1041 1053 1057 1047 1023  995  964  919  891  880  859  826  788  745
  693  675  681  681  658  630  602  577  546
    20.0-180.0 180.0   5.0 450.0                            LAT/LON1/LON2/DLON/H
  604  581  540  501  463  433  414  393  374  361  348  335  322  310  295  282
  269  260  255  252  253  262  277  297  320  336  347  356  370  392  422  456
  496  538  578  614  643  663  678  691  706  721  742  774  809  844  895  950
  993 1024 1042 1054 1057 1047 1021  993  965  936  923  918  905  872  827  769
  706  679  681  680  663  650  635  619  604
    17.5-180.0 180.0   5.0 450.0                            LAT/LON1/LON2/DLON/H
  622  623  598  556  508  476  458  437  416  397  378  360  343  326  309  296
  283  275  269  264  263  265  272  288  307  324  338  354  375  408  443  480
  522  563  604  639  663  677  688  698  709  720  744  773  804  836  887  939
  969  992 1004 1010 1012 1006  984  962  943  931  928  926  917  885  829  750
  676  631  623  621  618  614  613  610  622
    15.0-180.0 180.0   5.0 450.0                            LAT/LON1/LON2/DLON/H
  584  613  611  583  536  503  487  472  453  428  404  381  362  344  325  313
  299  291  283  275  270  266  267  278  295  314  333  355  383  423  463  503
  545  588  628  663  686  699  709  715  720  728  750  772  797  825  863  911
  930  942  949  948  946  943  930  920  913  911  915  914  906  872  809  715
  627  565  539  532  534  527  534  552  584
    12.5-180.0 180.0   5.0 450.0                            LAT/LON1/LON2/DLON/H
  499  547  577  570  533  511  500  496  482  452  424  395  375  361  346  331
  317  308  298  286  274  263  258  263  278  301  329  356  391  434  476  520
  567  607  649  685  709  727  739  743  741  748  763  778  797  819  848  876
  890  894  896  887  883  882  878  876  878  882  893  894  881  846  781  679
  581  505  460  439  436  429  439  467  499
    10.0-180.0 180.0   5.0 450.0                            LAT/LON1/LON2/DLON/H
  413  464  507  525  509  498  494  501  493  465  429  404  387  376  364  350
  334  322  310  293  274  256  243  243  261  289  322  356  396  441  486  531
  576  621  665  700  727  750  766  772  771  777  785  795  808  825  844  857
  863  861  856  845  839  840  843  849  856  869  880  880  865  828  760  658
  557  469  408  371  353  345  357  379  413
     7.5-180.0 180.0   5.0 450.0                            LAT/LON1/LON2/DLON/H
  345  394  439  465  464  464  467  483  484  462  425  401  389  383  375  362
  345  332  315  292  268  242  224  224  246  279  317  357  399  445  490  536
  586  631  676  713  741  765  785  799  804  808  810  817  828  837  849  856
  855  852  847  837  831  833  841  853  868  883  888  881  863  823  758  669
  569  480  407  353  318  301  302  315  345
     5.0-180.0 180.0   5.0 450.0                            LAT/LON1/LON2/DLON/H
  312  352  390  409  417  421  428  446  450  436  407  384  377  375  372  362
  348  332  310  282  252  223  203  206  232  270  313  357  400  444  489  535
  585  632  673  711  741  767  792  815  829  831  827  834  844  852  862  868
  869  869  868  859  855  856  868  888  903  914  914  898  875  841  782  700
  612  529  462  396  351  315  295  293  312
     2.5-180.0 180.0   5.0 450.0                            LAT/LON1/LON2/DLON/H
  329  350  375  386  385  386  392  407  410  398  373  356  353  354  355  348
  336  321  296  265  230  198  182  188  216  261  309  355  396  437  480  525
  572  620  659  696  727  757  786  814  831  838  836  840  847  859  874  887
  896  903  906  901  902  899  911  931  946  947  942  919  894  864  819  751
  672  605  544  485  424  378  345  328  329
