DORISInput/IGSGIM/2024/IGS0OPSFIN_20241310000_01D_02H_GIM.INX
     1.0            IONOSPHERE MAPS     MIX                 IONEX VERSION / TYPE
cmpcmb v1.2          GRL/UWM            28-may-24 16:26     PGM / RUN BY / DATE 
ionex file containing IGS COMBINED Ionosphere maps          COMMENT             
global ionosphere maps for day 131, 2024                    DESCRIPTION         
IONEX file containing the COMBINED IGS TEC MAPS and DCBs    DESCRIPTION         
      IONEX files of the following IAACs were combined: cod DESCRIPTION         
                                                        jpl DESCRIPTION         
                                                        upc DESCRIPTION         
Contact address: Andrzej Krankowski                         DESCRIPTION
                 Geodynamics Research Laboratory            DESCRIPTION
                 University of Warmia and Mazury (GRL/UWM)  DESCRIPTION
                 Oczapowski St. 1                           DESCRIPTION
                 10-957-Olsztyn, POLAND                     DESCRIPTION
                 e-mail:  kand@uwm.edu.pl                   DESCRIPTION
                                                            DESCRIPTION         
  2024     5    10     0     0     0                        EPOCH OF FIRST MAP  
  2024     5    11     0     0     0                        EPOCH OF LAST MAP   
  7200                                                      INTERVAL            
    13                                                      # OF MAPS IN FILE   
  COSZ                                                      MAPPING FUNCTION    
     0.0                                                    ELEVATION CUTOFF    
combined TEC calculated as weighted mean of input TEC valuesOBSERVABLES USED    
   336                                                      # OF STATIONS       
    32                                                      # OF SATELLITES     
  6371.0                                                    BASE RADIUS         
     2                                                      MAP DIMENSION       
   450.0 450.0   0.0                                        HGT1 / HGT2 / DHGT  
    87.5 -87.5  -2.5                                        LAT1 / LAT2 / DLAT  
  -180.0 180.0   5.0                                        LON1 / LON2 / DLON  
    -1                                                      EXPONENT            
TEC values in 0.1 tec units;  9999, if no value available   COMMENT             
DCB values in nanoseconds, reference is Sum_of_SatDCBs = 0  COMMENT             
                                                            END OF HEADER       
[from data line 4719]
    12                                                      START OF TEC MAP    
  2024     5    10    22     0     0                        EPOCH OF CURRENT MAP
    87.5-180.0 180.0   5.0 450.0                            LAT/LON1/LON2/DLON/H
  144  147  150  152  156  160  163  165  168  170  173  175  178  181  184  187
  187  188  189  191  191  193  192  193  193  194  194  194  193  193  190  189
  186  184  182  178  175  171  169  165  161  155  152  149  144  141  137  133
  131  129  124  122  121  119  119  118  118  118  118  120  120  122  122  125
  126  127  130  132  133  137  140  142  144
    85.0-180.0 180.0   5.0 450.0                            LAT/LON1/LON2/DLON/H
  145  149  153  157  162  165  172  179  183  190  195  200  205  212  219  218
  222  227  229  230  231  233  232  236  241  244  249  247  251  255  250  247
  242  236  231  222  216  209  200  191  184  174  167  154  146  138  130  123
  117  112  107  102   99   98   97   96   97   99  100  103  107  109  113  116
  120  123  126  129  132  135  139  141  145
    82.5-180.0 180.0   5.0 450.0                            LAT/LON1/LON2/DLON/H
  156  160  165  168  172  177  184  190  198  204  213  220  228  235  243  250
  257  265  277  285  277  270  268  282  307  310  309  301  297  287  282  270
  263  249  240  229  219  210  202  198  186  181  173  160  146  136  125  116
  108  102   97   92   89   87   87   88   90   94   97  102  108  114  119  123
  127  130  133  136  139  143  146  150  156
    80.0-180.0 180.0   5.0 450.0                            LAT/LON1/LON2/DLON/H
  168  169  170  174  178  185  191  200  207  216  224  234  244  254  267  278
  285  292  299  307  320  318  306  322  305  303  316  315  320  322  315  311
  299  288  270  254  239  220  201  186  174  168  159  151  143  135  124  115
  107   99   94   91   88   87   88   90   94   99  104  111  119  126  134  140
  145  148  151  153  156  159  161  167  168
    77.5-180.0 180.0   5.0 450.0                            LAT/LON1/LON2/DLON/H
  177  176  177  179  185  192  199  208  214  224  237  248  263  277  288  307
  330  349  330  336  349  382  346  356  362  351  341  334  322  310  303  293
  286  269  257  254  244  224  202  185  168  155  150  145  138  132  126  120
  113  106  100   97   96   96   97  100  105  111  119  128  138  146  154  162
  167  170  172  174  176  178  179  178  177
    75.0-180.0 180.0   5.0 450.0                            LAT/LON1/LON2/DLON/H
  179  176  176  179  185  193  201  208  220  234  249  263  273  288  313  334
  332  336  337  365  377  358  337  345  350  347  332  327  319  309  292  278
  262  246  229  215  204  191  181  168  155  146  144  140  139  135  133  130
  125  120  115  111  108  108  110  113  119  127  136  147  157  167  175  182
  187  190  192  193  191  188  185  182  179
    72.5-180.0 180.0   5.0 450.0                            LAT/LON1/LON2/DLON/H
  168  164  165  174  183  192  204  220  237  255  271  281  309  341  341  330
  329  338  354  348  341  330  315  312  316  324  314  293  287  278  274  257
  236  217  208  194  178  162  151  148  140  135  138  142  144  143  145  145
  141  136  131  126  123  121  122  127  134  142  152  164  174  184  192  198
  201  201  200  197  191  184  179  174  168
    70.0-180.0 180.0   5.0 450.0                            LAT/LON1/LON2/DLON/H
  144  141  151  162  174  190  212  242  262  282  307  337  362  358  347  342
  343  348  330  317  310  300  286  273  272  276  276  263  251  250  244  241
  221  200  183  171  154  142  135  137  139  137  144  149  154  157  161  163
  160  153  146  139  135  133  133  137  144  153  163  175  184  193  200  203
  203  200  194  185  175  166  160  150  144
    67.5-180.0 180.0   5.0 450.0                            LAT/LON1/LON2/DLON/H
  115  115  130  146  164  190  225  253  281  315  348  371  372  366  355  345
  336  316  301  294  290  270  254  241  236  234  230  235  224  227  227  221
  208  192  173  158  143  132  131  134  140  142  150  156  164  171  176  177
  176  167  159  149  143  138  140  143  150  159  168  178  187  194  198  198
  194  188  178  166  154  139  130  118  115
    65.0-180.0 180.0   5.0 450.0                            LAT/LON1/LON2/DLON/H
   99  101  114  131  152  187  226  262  307  349  367  379  378  366  342  318
  298  286  279  276  266  246  229  216  206  203  199  204  208  207  213  207
  196  187  173  162  153  147  147  148  152  155  160  164  172  180  184  187
  186  179  166  154  145  141  141  145  151  158  166  174  180  185  187  185
  179  171  160  147  133  119  107  101   99
    62.5-180.0 180.0   5.0 450.0                            LAT/LON1/LON2/DLON/H
  106  109  116  125  148  183  224  271  318  348  380  395  383  359  316  286
  268  255  255  253  246  231  216  202  190  185  182  188  196  198  208  209
  200  194  186  179  176  177  177  177  178  179  180  179  182  184  185  190
  192  181  166  154  147  142  140  143  147  152  158  164  168  171  171  168
  162  154  144  135  124  114  106  106  106
    60.0-180.0 180.0   5.0 450.0                            LAT/LON1/LON2/DLON/H
  137  140  139  143  157  181  211  264  307  338  384  396  378  346  291  257
  228  218  227  233  230  222  213  199  191  184  187  190  196  199  208  219
  206  203  202  202  202  205  210  207  206  204  199  194  192  187  182  184
  187  174  161  151  145  141  137  137  140  144  149  152  154  155  154  152
  147  142  136  132  127  126  125  130  137
    57.5-180.0 180.0   5.0 450.0                            LAT/LON1/LON2/DLON/H
  178  183  179  178  180  182  196  234  290  344  391  397  372  331  272  226
  190  186  197  211  217  222  217  204  202  198  203  205  207  203  205  216
  208  203  208  215  222  226  234  232  228  224  215  207  198  189  180  178
  178  169  157  148  139  133  129  128  132  137  140  142  142  141  140  138
  136  134  134  137  140  146  157  167  178
    55.0-180.0 180.0   5.0 450.0                            LAT/LON1/LON2/DLON/H
  224  229  222  216  215  201  197  225  280  353  417  424  401  346  274  209
  165  155  168  187  205  218  221  217  218  218  222  225  218  206  198  195
  193  190  197  210  222  231  238  239  235  228  218  208  197  187  177  170
  166  160  152  144  133  128  124  124  128  133  135  134  133  132  130  129
  130  133  139  147  156  173  194  211  224
    52.5-180.0 180.0   5.0 450.0                            LAT/LON1/LON2/DLON/H
  268  273  263  259  257  239  229  239  287  373  458  485  476  401  305  222
  160  137  145  166  189  208  220  227  233  239  241  236  221  201  182  173
  164  167  175  190  206  215  221  224  224  219  211  199  187  175  164  157
  153  149  146  137  128  123  123  125  129  132  133  133  131  128  126  126
  129  135  146  159  176  201  229  252  268
    50.0-180.0 180.0   5.0 450.0                            LAT/LON1/LON2/DLON/H
  304  309  300  297  301  282  270  282  332  410  502  582  581  500  381  269
  184  142  141  157  178  200  214  228  241  249  252  242  223  197  162  146
  142  145  155  167  180  185  191  193  195  195  192  183  173  163  154  145
  142  139  137  133  126  123  125  128  133  136  137  137  135  132  129  131
  136  141  156  171  192  221  253  281  304
    47.5-180.0 180.0   5.0 450.0                            LAT/LON1/LON2/DLON/H
  330  336  328  336  342  332  332  338  400  488  580  665  702  639  495  358
  245  183  168  171  182  197  208  225  243  255  259  246  221  188  147  128
  125  130  140  150  155  156  158  163  166  168  170  166  160  154  147  141
  139  137  136  134  132  130  132  136  141  145  148  147  146  145  144  148
  151  154  168  183  204  232  267  303  330
    45.0-180.0 180.0   5.0 450.0                            LAT/LON1/LON2/DLON/H
  343  353  354  365  395  389  398  411  468  573  673  761  824  795  666  499
  353  271  231  217  210  206  207  223  243  261  264  250  220  183  148  133
  132  138  146  150  150  145  142  143  146  150  155  157  154  150  145  142
  140  141  143  144  143  144  146  150  156  161  166  165  166  169  170  175
  175  176  185  194  213  239  276  312  343
    42.5-180.0 180.0   5.0 450.0                            LAT/LON1/LON2/DLON/H
  357  376  384  412  445  469  489  502  564  669  778  888  960  953  851  680
  526  409  334  302  265  237  222  230  250  274  281  267  235  198  174  168
  167  174  175  178  172  161  150  144  143  146  152  153  153  152  148  147
  147  152  156  158  161  163  165  169  175  181  189  190  192  198  202  208
  206  205  209  212  228  252  286  323  357
    40.0-180.0 180.0   5.0 450.0                            LAT/LON1/LON2/DLON/H
  382  410  428  463  520  571  605  630  683  775  894 1009 1096 1104 1020  879
  727  590  477  415  349  298  260  255  275  307  316  307  275  238  227  224
  224  227  231  226  221  205  183  167  158  154  156  158  159  157  156  156
  158  164  170  175  179  183  183  188  195  203  211  217  222  229  234  241
  241  240  243  243  257  279  313  352  382
    37.5-180.0 180.0   5.0 450.0                            LAT/LON1/LON2/DLON/H
  436  465  498  539  607  677  728  766  816  897 1001 1121 1221 1238 1175 1039
  898  761  644  554  465  387  326  309  330  370  374  368  337  302  294  288
  289  289  293  286  282  263  235  205  184  173  169  168  168  167  167  167
  168  173  179  188  195  197  198  199  207  218  232  242  251  258  266  274
  277  280  283  283  302  324  359  402  436
    35.0-180.0 180.0   5.0 450.0                            LAT/LON1/LON2/DLON/H
  506  542  591  638  711  795  856  902  945 1015 1104 1212 1311 1346 1296 1173
 1027  912  805  718  611  506  422  405  430  466  456  438  411  378  357  349
  344  346  348  345  337  318  288  248  215  194  185  180  179  180  179  177
  175  177  184  194  202  204  203  202  210  225  247  263  276  286  295  306
  313  321  336  335  355  380  421  470  506
    32.5-180.0 180.0   5.0 450.0                            LAT/LON1/LON2/DLON/H
  592  633  688  746  825  910  982 1027 1067 1119 1197 1293 1384 1416 1380 1269
 1133 1025  933  870  762  641  552  542  571  594  549  510  479  441  414  402
  387  385  379  375  375  357  327  278  241  213  200  189  187  189  189  186
  181  179  182  191  200  203  202  203  211  227  251  273  294  309  322  335
  348  360  382  389  412  446  504  551  592
    30.0-180.0 180.0   5.0 450.0                            LAT/LON1/LON2/DLON/H
  684  730  790  849  923 1013 1095 1135 1167 1206 1269 1355 1436 1466 1435 1335
 1217 1106 1032  980  880  768  696  705  746  748  639  580  535  498  477  453
  413  389  369  363  372  366  333  280  247  221  206  191  188  191  194  193
  186  179  180  187  195  197  197  198  206  223  248  274  302  324  344  361
  376  391  417  437  469  515  579  641  684
    27.5-180.0 180.0   5.0 450.0                            LAT/LON1/LON2/DLON/H
  773  830  884  941 1008 1098 1186 1222 1244 1271 1319 1394 1472 1501 1479 1404
 1289 1165 1107 1052  963  878  837  871  923  903  746  640  573  537  516  475
  407  351  320  313  330  330  304  263  235  214  200  186  182  186  192  196
  189  180  177  181  188  188  188  188  196  214  240  270  302  333  361  380
  395  417  441  468  514  568  642  721  773
    25.0-180.0 180.0   5.0 450.0                            LAT/LON1/LON2/DLON/H
  838  894  943  998 1068 1157 1234 1273 1296 1315 1362 1430 1501 1549 1539 1488
 1359 1216 1164 1116 1041  985  972 1019 1063 1022  828  668  578  536  509  455
  361  295  246  248  269  276  262  233  210  198  187  175  170  174  186  197
  190  177  172  173  178  177  175  173  181  201  227  262  301  342  375  395
  409  432  457  488  542  604  686  765  838
    22.5-180.0 180.0   5.0 450.0                            LAT/LON1/LON2/DLON/H
  850  909  960 1010 1077 1159 1237 1285 1310 1335 1389 1464 1536 1601 1608 1581
 1451 1286 1222 1181 1133 1102 1098 1137 1141 1060  875  651  544  493  444  385
  290  214  180  185  205  220  213  194  178  173  167  159  154  160  178  192
  184  170  163  163  164  163  157  154  164  184  212  252  300  348  386  409
  419  436  464  500  558  628  709  777  850
    20.0-180.0 180.0   5.0 450.0                            LAT/LON1/LON2/DLON/H
  825  877  923  961 1022 1100 1185 1250 1285 1312 1381 1459 1542 1625 1666 1665
 1556 1375 1291 1253 1232 1210 1202 1202 1153 1032  832  602  470  412  350  294
  220  158  130  139  153  166  163  150  144  145  145  141  141  148  166  176
  170  158  150  150  150  148  141  140  150  168  197  240  293  347  391  418
  428  439  466  510  572  649  708  761  825
    17.5-180.0 180.0   5.0 450.0                            LAT/LON1/LON2/DLON/H
  789  831  867  892  937 1001 1089 1161 1222 1260 1329 1409 1499 1589 1676 1707
 1646 1487 1376 1330 1311 1289 1269 1224 1131  972  755  518  383  312  256  213
  164  122  104  115  122  127  124  116  117  122  130  130  133  141  152  158
  152  143  139  140  141  139  135  133  143  159  187  232  286  345  395  422
  434  448  473  521  583  646  699  733  789
    15.0-180.0 180.0   5.0 450.0                            LAT/LON1/LON2/DLON/H
  770  807  821  836  859  910  979 1053 1132 1195 1249 1332 1421 1513 1635 1692
 1689 1575 1458 1399 1367 1341 1298 1206 1068  876  655  438  300  224  178  149
  124  100   94  105  111  106   99   95   98  110  123  134  138  143  147  145
  139  134  135  139  143  142  137  135  143  156  184  228  284  345  397  423
  439  461  487  532  585  636  680  726  770
    12.5-180.0 180.0   5.0 450.0                            LAT/LON1/LON2/DLON/H
  776  801  811  809  813  841  888  949 1038 1114 1169 1253 1337 1431 1552 1640
 1656 1591 1504 1448 1412 1369 1294 1158  982  769  555  362  230  161  125  105
   92   86   88  103  110  103   92   86   94  118  137  152  157  156  149  139
  131  129  135  143  149  147  143  142  145  155  182  225  279  339  393  426
  447  472  503  541  588  639  687  734  776
    10.0-180.0 180.0   5.0 450.0                            LAT/LON1/LON2/DLON/H
  809  821  820  808  797  805  829  877  942 1022 1094 1157 1233 1330 1451 1546
 1575 1544 1493 1450 1415 1359 1246 1091  898  682  483  307  183  119   89   76
   76   80   88  103  117  111  100   96  110  147  169  180  182  173  155  135
  125  126  134  143  150  149  148  147  146  154  180  221  275  336  389  431
  453  478  514  554  597  651  711  767  809
     7.5-180.0 180.0   5.0 450.0                            LAT/LON1/LON2/DLON/H
  846  859  854  830  809  802  805  826  871  939 1004 1055 1118 1199 1305 1412
 1464 1464 1433 1395 1358 1305 1171 1005  803  606  436  280  160   99   70   65
   74   83   95  108  121  119  116  124  152  195  216  218  210  190  161  134
  122  122  130  140  146  146  146  147  148  156  176  214  267  327  381  423
  447  480  517  559  605  660  732  799  846
     5.0-180.0 180.0   5.0 450.0                            LAT/LON1/LON2/DLON/H
  870  893  887  850  830  815  800  798  821  871  920  955  995 1048 1126 1231
 1310 1339 1319 1286 1265 1217 1078  900  709  541  400  268  158   97   71   73
   86   95  101  104  117  123  137  164  204  247  262  255  240  203  165  134
  119  118  125  134  136  137  140  147  150  156  173  209  261  320  367  407
  441  485  522  561  599  655  732  813  870
     2.5-180.0 180.0   5.0 450.0                            LAT/LON1/LON2/DLON/H
  861  890  887  857  846  830  803  781  783  817  853  870  881  901  948 1036
 1122 1165 1166 1144 1140 1082  962  806  633  487  371  269  178  120   96  100
  111  112  107  104  117  134  165  209  260  290  296  272  243  201  159  130
  114  114  121  127  127  125  131  142  148  155  169  206  256  314  361  398
  440  488  525  552  586  638  715  797  861
