DORISInput/IGSGIM/2024/IGS0OPSFIN_20241460000_01D_02H_GIM.INX
     1.0            IONOSPHERE MAPS     MIX                 IONEX VERSION / TYPE
cmpcmb v1.2          GRL/UWM             5-jun-24 16:49     PGM / RUN BY / DATE 
ionex file containing IGS COMBINED Ionosphere maps          COMMENT             
global ionosphere maps for day 146, 2024                    DESCRIPTION         
IONEX file containing the COMBINED IGS TEC MAPS and DCBs    DESCRIPTION         
      IONEX files of the following IAACs were combined: cod DESCRIPTION         
                                                        jpl DESCRIPTION         
                                                        upc DESCRIPTION         
Contact address: Andrzej Krankowski                         DESCRIPTION
                 Geodynamics Research Laboratory            DESCRIPTION
                 University of Warmia and Mazury (GRL/UWM)  DESCRIPTION
                 Oczapowski St. 1                           DESCRIPTION
                 10-957-Olsztyn, POLAND                     DESCRIPTION
                 e-mail:  kand@uwm.edu.pl                   DESCRIPTION
                                                            DESCRIPTION         
  2024     5    25     0     0     0                        EPOCH OF FIRST MAP  
  2024     5    26     0     0     0                        EPOCH OF LAST MAP   
  7200                                                      INTERVAL            
    13                                                      # OF MAPS IN FILE   
  COSZ                                                      MAPPING FUNCTION    
     0.0                                                    ELEVATION CUTOFF    
combined TEC calculated as weighted mean of input TEC valuesOBSERVABLES USED    
   338                                                      # OF STATIONS       
    32                                                      # OF SATELLITES     
  6371.0                                                    BASE RADIUS         
     2                                                      MAP DIMENSION       
   450.0 450.0   0.0                                        HGT1 / HGT2 / DHGT  
    87.5 -87.5  -2.5                                        LAT1 / LAT2 / DLAT  
  -180.0 180.0   5.0                                        LON1 / LON2 / DLON  
    -1                                                      EXPONENT            
TEC values in 0.1 tec units;  9999, if no value available   COMMENT             
DCB values in nanoseconds, reference is Sum_of_SatDCBs = 0  COMMENT             
                                                            END OF HEADER       
     1                                                      START OF TEC MAP    
  2024     5    25     0     0     0                        EPOCH OF CURRENT MAP
    87.5-180.0 180.0   5.0 450.0                            LAT/LON1/LON2/DLON/H
  196  196  197  197  197  198  198  198  198  199  198  199  198  199  199  199
  199  199  198  198  199  198  198  197  197  196  195  195  194  194  193  193
  193  193  192  193  192  192  192  192  193  193  193  193  194  194  194  195
  195  195  195  195  195  195  195  195  195  195  195  195  195  195  195  195
  195  196  196  196  196  196  196  196  196
    85.0-180.0 180.0   5.0 450.0                            LAT/LON1/LON2/DLON/H
  195  196  195  195  195  195  196  197  198  200  201  202  204  205  207  207
  206  206  204  202  201  200  200  197  195  194  193  193  192  191  190  190
  189  189  189  189  189  189  190  190  191  191  192  193  193  193  194  195
  196  196  197  198  199  198  198  197  197  196  196  196  196  196  196  197
  197  196  196  196  196  196  196  196  195
    82.5-180.0 180.0   5.0 450.0                            LAT/LON1/LON2/DLON/H
  194  194  192  192  190  191  192  193  196  198  202  203  206  208  211  212
  214  214  215  213  210  205  201  198  195  193  191  188  187  185  184  183
  182  182  182  184  184  185  186  188  188  190  191  193  194  195  196  197
  197  198  199  200  200  201  201  200  200  200  200  200  201  200  200  200
  201  200  199  198  198  197  196  195  194
    80.0-180.0 180.0   5.0 450.0                            LAT/LON1/LON2/DLON/H
  201  198  197  196  197  198  201  201  204  208  210  213  215  217  220  220
  222  222  220  218  215  212  204  195  195  192  188  184  182  180  178  177
  177  176  176  177  178  180  182  185  188  190  192  193  195  196  196  198
  198  198  198  199  198  199  200  200  202  202  203  203  205  205  206  207
  206  206  205  205  204  204  202  203  201
    77.5-180.0 180.0   5.0 450.0                            LAT/LON1/LON2/DLON/H
  207  204  202  201  201  204  207  209  211  213  215  220  224  226  228  228
  227  227  225  221  216  211  205  199  195  190  186  182  179  175  173  172
  172  172  171  172  174  178  181  184  188  191  193  196  197  197  197  196
  196  195  195  195  196  196  197  198  199  202  204  206  208  210  212  213
  214  214  215  214  215  214  213  210  207
    75.0-180.0 180.0   5.0 450.0                            LAT/LON1/LON2/DLON/H
  213  210  208  206  208  209  211  214  215  218  224  230  234  233  231  233
  231  228  225  221  215  209  203  197  192  187  182  178  175  171  169  168
  166  167  168  171  173  176  180  185  188  192  195  197  199  199  198  196
  194  194  194  193  192  192  193  194  197  200  204  208  211  214  217  220
  222  223  225  226  226  224  222  218  213
    72.5-180.0 180.0   5.0 450.0                            LAT/LON1/LON2/DLON/H
  222  219  215  213  212  212  214  216  220  225  231  235  236  236  238  234
  231  229  226  220  213  207  201  195  188  183  179  175  172  168  165  164
  164  165  165  167  169  175  178  181  185  190  194  196  198  200  199  197
  195  194  192  192  190  190  190  192  196  199  203  208  213  218  221  225
  228  230  232  234  234  232  229  226  222
    70.0-180.0 180.0   5.0 450.0                            LAT/LON1/LON2/DLON/H
  231  227  223  218  215  215  217  220  224  230  235  237  238  240  238  234
  232  229  223  217  211  205  200  194  188  183  178  175  172  169  166  163
  163  165  165  166  168  169  174  178  181  187  190  194  195  197  198  196
  195  193  192  190  189  188  189  191  194  199  203  209  214  219  223  227
  231  234  237  238  239  238  237  235  231
    67.5-180.0 180.0   5.0 450.0                            LAT/LON1/LON2/DLON/H
  239  234  229  223  218  216  219  223  228  233  237  239  241  241  238  235
  230  227  222  217  213  206  202  197  191  187  181  176  175  171  171  169
  167  167  167  167  167  168  170  174  178  182  185  189  190  191  192  192
  191  192  190  190  189  190  192  194  198  202  205  211  216  220  225  228
  231  234  237  239  241  243  243  241  239
    65.0-180.0 180.0   5.0 450.0                            LAT/LON1/LON2/DLON/H
  244  239  234  226  219  218  219  224  229  235  239  241  242  241  238  234
  231  228  223  220  216  213  209  203  198  194  188  183  181  180  179  177
  176  175  173  171  170  167  167  169  172  174  177  180  182  184  186  187
  189  191  192  193  196  198  202  204  206  210  213  217  221  225  227  229
  232  233  235  238  241  244  245  246  244
    62.5-180.0 180.0   5.0 450.0                            LAT/LON1/LON2/DLON/H
  246  242  236  229  221  219  220  224  230  235  240  243  243  241  238  235
  233  230  227  225  223  222  218  213  208  202  197  194  192  192  191  189
  186  183  178  174  171  166  164  163  164  166  168  170  173  176  179  183
  186  191  196  202  207  212  215  219  220  223  225  227  229  230  231  232
  232  232  233  234  238  243  246  247  246
    60.0-180.0 180.0   5.0 450.0                            LAT/LON1/LON2/DLON/H
  246  243  237  230  223  219  220  223  229  235  240  243  242  241  239  237
  236  234  233  232  230  229  226  223  218  211  207  204  202  202  200  198
  193  188  182  175  170  164  161  159  158  159  160  162  164  167  172  177
  185  193  203  213  222  230  234  237  238  238  238  238  238  236  235  234
  233  231  230  231  234  239  243  246  246
    57.5-180.0 180.0   5.0 450.0                            LAT/LON1/LON2/DLON/H
  245  243  238  233  226  222  224  227  231  236  241  242  242  242  241  239
  239  239  238  238  237  235  232  229  224  219  214  212  209  207  206  204
  199  192  184  176  171  163  159  157  155  155  155  155  157  160  165  174
  184  196  210  224  237  246  254  257  256  254  251  249  247  243  239  236
  234  231  228  228  231  235  240  244  245
    55.0-180.0 180.0   5.0 450.0                            LAT/LON1/LON2/DLON/H
  247  247  245  241  235  232  232  235  238  241  243  243  243  243  243  243
  242  242  243  242  241  239  236  233  228  224  218  216  213  210  210  207
  202  194  185  177  171  163  160  157  155  154  152  152  152  156  163  171
  183  197  213  232  250  264  272  276  275  270  264  257  252  247  242  238
  233  230  227  228  231  234  239  244  247
    52.5-180.0 180.0   5.0 450.0                            LAT/LON1/LON2/DLON/H
  254  258  258  254  250  248  248  250  250  250  248  246  245  245  246  246
  246  245  245  242  241  238  236  233  230  226  221  218  215  211  211  209
  202  193  185  178  172  165  162  160  158  156  154  153  153  155  161  169
  181  197  216  237  259  278  290  295  293  284  274  263  252  247  241  237
  233  231  229  230  232  236  242  249  254
    50.0-180.0 180.0   5.0 450.0                            LAT/LON1/LON2/DLON/H
  268  276  277  276  273  272  272  269  269  265  259  253  251  250  251  250
  249  247  244  241  239  237  235  234  231  228  224  221  218  215  213  209
  203  194  187  179  174  169  166  166  164  162  160  158  157  159  162  169
  179  193  215  239  264  288  304  310  307  296  282  267  253  245  240  238
  236  235  234  235  237  241  249  259  268
    47.5-180.0 180.0   5.0 450.0                            LAT/LON1/LON2/DLON/H
  288  298  302  302  300  302  301  295  293  285  275  266  261  258  257  256
  253  249  244  240  238  237  237  236  235  233  230  227  224  221  215  210
  202  195  187  180  177  176  174  172  171  169  167  165  164  164  166  171
  179  192  213  237  265  293  314  322  321  307  289  270  254  247  242  242
  243  243  244  245  247  254  265  276  288
    45.0-180.0 180.0   5.0 450.0                            LAT/LON1/LON2/DLON/H
  316  326  331  333  332  338  336  329  320  310  296  285  277  271  268  265
  259  254  248  244  242  243  245  245  245  243  240  236  231  226  219  212
  204  196  189  185  184  184  182  182  180  179  177  174  173  173  173  175
  180  191  209  233  265  296  318  332  333  318  297  276  260  252  249  252
  252  255  258  261  266  274  287  302  316
    42.5-180.0 180.0   5.0 450.0                            LAT/LON1/LON2/DLON/H
  346  357  363  365  368  373  373  363  352  340  323  308  296  290  284  279
  271  265  259  256  257  259  261  262  261  258  255  248  241  233  226  216
  206  199  195  193  194  195  193  192  191  189  187  185  183  182  181  180
  182  191  206  230  262  296  322  341  344  329  307  286  270  262  261  266
  268  270  277  283  291  300  317  332  346
    40.0-180.0 180.0   5.0 450.0                            LAT/LON1/LON2/DLON/H
  383  395  397  399  400  406  408  397  387  371  355  336  323  314  306  299
  289  283  278  279  282  285  286  285  281  277  271  263  253  243  234  222
  213  207  206  206  208  209  208  205  202  199  198  197  195  192  188  186
  186  192  204  227  260  295  325  347  356  343  323  303  289  281  279  284
  287  291  300  309  319  333  351  369  383
    37.5-180.0 180.0   5.0 450.0                            LAT/LON1/LON2/DLON/H
  422  434  433  432  433  438  440  432  423  409  392  373  357  345  333  323
  312  307  307  311  315  317  316  313  305  297  287  278  267  257  245  232
  224  222  223  225  227  226  224  219  215  212  210  209  206  201  196  192
  190  192  203  224  258  293  324  349  363  357  341  325  315  308  305  308
  312  318  328  338  353  367  387  410  422
    35.0-180.0 180.0   5.0 450.0                            LAT/LON1/LON2/DLON/H
  466  468  468  465  463  465  466  464  461  451  435  417  398  382  366  352
  341  338  343  350  353  352  347  340  328  316  302  293  282  270  257  247
  241  242  244  246  246  243  239  233  228  224  223  220  215  209  202  196
  192  192  201  222  253  288  319  347  365  366  356  346  340  338  336  339
  343  351  360  372  390  404  424  450  466
    32.5-180.0 180.0   5.0 450.0                            LAT/LON1/LON2/DLON/H
  508  508  505  497  491  488  487  491  493  487  477  466  446  426  406  389
  376  374  383  392  390  383  373  361  347  332  317  308  298  283  270  264
  261  264  266  267  265  259  251  245  240  237  235  230  224  215  207  200
  194  193  200  218  248  280  312  343  363  371  370  366  366  369  372  378
  382  391  399  413  428  446  465  491  508
    30.0-180.0 180.0   5.0 450.0                            LAT/LON1/LON2/DLON/H
  548  549  543  530  517  508  504  512  522  521  524  514  496  474  448  429
  416  416  422  429  420  406  390  374  360  347  336  326  314  297  285  282
  281  283  282  280  274  267  257  253  249  248  245  240  232  221  210  203
  197  194  199  215  240  272  305  335  355  368  376  381  388  397  407  415
  424  434  446  454  468  487  512  533  548
    27.5-180.0 180.0   5.0 450.0                            LAT/LON1/LON2/DLON/H
  591  591  584  567  548  535  530  533  551  564  568  559  543  520  491  469
  460  459  461  462  444  421  401  383  370  362  353  344  327  309  299  297
  295  289  286  282  272  267  257  254  253  254  254  248  239  225  215  208
  200  197  199  212  235  265  297  324  344  360  375  388  402  417  433  448
  463  473  485  492  508  532  556  576  591
    25.0-180.0 180.0   5.0 450.0                            LAT/LON1/LON2/DLON/H
  636  632  629  611  587  570  562  564  581  606  608  601  590  562  536  515
  502  500  500  488  458  431  410  393  382  378  371  359  336  316  306  302
  298  288  278  271  259  255  252  251  254  255  256  253  243  231  222  213
  204  199  196  205  226  255  284  309  330  348  368  388  408  429  450  473
  491  505  519  527  546  573  600  624  636
    22.5-180.0 180.0   5.0 450.0                            LAT/LON1/LON2/DLON/H
  677  678  671  656  634  611  605  604  619  641  643  639  629  610  582  567
  548  541  534  512  473  439  418  405  399  396  387  370  340  316  304  297
  290  276  260  245  233  232  237  241  247  250  255  254  246  236  228  217
  204  196  190  194  213  241  268  293  317  340  364  387  413  438  464  491
  512  528  546  559  579  609  640  664  677
    20.0-180.0 180.0   5.0 450.0                            LAT/LON1/LON2/DLON/H
  710  717  715  707  687  667  652  654  662  678  679  677  668  654  630  618
  595  580  562  534  489  450  430  419  417  412  399  373  338  308  291  281
  269  248  228  210  199  200  211  222  231  238  246  251  248  240  233  218
  202  188  178  179  195  222  251  281  311  339  367  392  419  447  477  507
  531  551  568  584  608  635  667  693  710
    17.5-180.0 180.0   5.0 450.0                            LAT/LON1/LON2/DLON/H
  730  743  750  749  738  721  708  707  709  716  715  714  705  694  677  667
  644  621  590  551  502  463  444  434  429  418  395  357  319  289  266  252
  236  214  196  181  174  176  190  204  213  222  235  244  246  242  232  217
  197  179  166  162  176  204  238  277  313  346  377  405  431  460  492  524
  549  570  586  604  625  653  682  710  730
    15.0-180.0 180.0   5.0 450.0                            LAT/LON1/LON2/DLON/H
  738  756  770  779  783  777  768  762  756  753  751  747  739  731  720  712
  687  658  614  564  514  476  457  442  428  405  373  329  290  259  238  218
  204  193  178  167  164  167  184  199  207  214  227  237  242  238  228  213
  193  170  153  146  158  187  229  276  320  357  393  422  450  479  510  542
  567  587  603  620  637  661  689  715  738
    12.5-180.0 180.0   5.0 450.0                            LAT/LON1/LON2/DLON/H
  736  758  779  797  819  826  823  815  801  790  784  780  771  765  757  750
  728  690  638  580  527  490  463  440  415  379  340  295  256  228  208  192
  187  186  177  169  170  180  199  214  218  220  225  232  237  232  223  208
  186  160  140  130  142  174  222  275  327  370  410  442  472  501  533  563
  584  602  619  635  649  668  689  713  736
    10.0-180.0 180.0   5.0 450.0                            LAT/LON1/LON2/DLON/H
  730  754  779  808  839  861  863  856  837  822  815  805  798  794  789  781
  761  720  662  599  541  498  462  431  395  345  297  252  222  201  186  180
  184  192  193  192  197  212  236  246  241  232  226  226  228  224  216  197
  175  150  129  118  129  165  217  275  331  381  425  460  494  526  558  585
  603  618  635  650  661  672  688  707  730
     7.5-180.0 180.0   5.0 450.0                            LAT/LON1/LON2/DLON/H
  728  751  778  812  850  877  887  883  865  846  832  825  818  814  809  798
  778  744  686  618  555  501  454  411  364  304  254  213  192  182  179  186
  202  217  228  236  243  264  285  285  272  249  228  217  216  213  202  184
  164  141  120  111  120  155  209  268  333  388  436  479  514  550  583  605
  622  637  656  670  681  686  694  709  728
     5.0-180.0 180.0   5.0 450.0                            LAT/LON1/LON2/DLON/H
  738  755  781  817  857  885  897  896  877  857  842  832  825  822  816  803
  782  752  699  630  561  495  434  379  320  260  216  185  177  180  191  212
  242  264  281  291  299  315  329  321  297  261  227  207  201  197  185  169
  149  130  111  104  113  146  199  260  327  388  441  488  530  572  608  625
  640  660  685  700  710  713  715  725  738
     2.5-180.0 180.0   5.0 450.0                            LAT/LON1/LON2/DLON/H
  764  775  796  830  866  893  903  900  879  858  841  829  821  815  808  796
  774  738  688  622  550  475  404  339  277  223  192  181  186  203  224  254
  293  328  344  349  354  354  358  343  310  264  222  197  186  179  166  149
  131  116  104   98  107  137  186  251  317  377  435  488  540  589  622  640
  662  687  717  731  743  747  747  757  764
