DORISInput/IGSGIM/2024/IGS0OPSFIN_20241490000_01D_02H_GIM.INX
     1.0            IONOSPHERE MAPS     MIX                 IONEX VERSION / TYPE
cmpcmb v1.2          GRL/UWM            12-jun-24 16:12     PGM / RUN BY / DATE 
ionex file containing IGS COMBINED Ionosphere maps          COMMENT             
global ionosphere maps for day 149, 2024                    DESCRIPTION         
IONEX file containing the COMBINED IGS TEC MAPS and DCBs    DESCRIPTION         
      IONEX files of the following IAACs were combined: cod DESCRIPTION         
                                                        jpl DESCRIPTION         
                                                        upc DESCRIPTION         
Contact address: Andrzej Krankowski                         DESCRIPTION
                 Geodynamics Research Laboratory            DESCRIPTION
                 University of Warmia and Mazury (GRL/UWM)  DESCRIPTION
                 Oczapowski St. 1                           DESCRIPTION
                 10-957-Olsztyn, POLAND                     DESCRIPTION
                 e-mail:  kand@uwm.edu.pl                   DESCRIPTION
                                                            DESCRIPTION         
  2024     5    28     0     0     0                        EPOCH OF FIRST MAP  
  2024     5    29     0     0     0                        EPOCH OF LAST MAP   
  7200                                                      INTERVAL            
    13                                                      # OF MAPS IN FILE   
  COSZ                                                      MAPPING FUNCTION    
     0.0                                                    ELEVATION CUTOFF    
combined TEC calculated as weighted mean of input TEC valuesOBSERVABLES USED    
   334                                                      # OF STATIONS       
    32                                                      # OF SATELLITES     
  6371.0                                                    BASE RADIUS         
     2                                                      MAP DIMENSION       
   450.0 450.0   0.0                                        HGT1 / HGT2 / DHGT  
    87.5 -87.5  -2.5                                        LAT1 / LAT2 / DLAT  
  -180.0 180.0   5.0                                        LON1 / LON2 / DLON  
    -1                                                      EXPONENT            
TEC values in 0.1 tec units;  9999, if no value available   COMMENT             
DCB values in nanoseconds, reference is Sum_of_SatDCBs = 0  COMMENT             
                                                            END OF HEADER       
[from data line 3861]
    10                                                      START OF TEC MAP    
  2024     5    28    18     0     0                        EPOCH OF CURRENT MAP
    87.5-180.0 180.0   5.0 450.0                            LAT/LON1/LON2/DLON/H
  255  254  255  254  254  254  254  253  253  253  251  251  251  250  249  248
  247  246  245  244  243  243  242  242  241  241  240  239  239  238  237  237
  237  236  236  236  235  235  235  235  235  235  234  235  235  235  235  236
  236  237  237  238  238  239  239  241  242  243  244  245  245  246  248  249
  250  250  251  252  253  253  254  255  255
    85.0-180.0 180.0   5.0 450.0                            LAT/LON1/LON2/DLON/H
  264  264  264  264  264  263  263  263  263  263  262  261  260  259  258  256
  255  253  251  249  248  246  244  243  242  241  241  240  239  238  237  236
  236  234  234  233  232  232  231  231  231  231  231  230  231  231  232  232
  232  233  234  235  236  238  239  241  243  244  247  248  251  254  256  257
  259  260  262  263  263  264  265  265  264
    82.5-180.0 180.0   5.0 450.0                            LAT/LON1/LON2/DLON/H
  272  273  273  273  273  273  273  273  273  272  272  271  270  269  267  265
  263  260  257  255  251  249  247  245  244  242  240  239  238  239  238  239
  237  237  237  237  236  235  234  232  232  231  231  231  230  230  231  231
  232  233  233  235  236  239  240  242  245  247  250  252  255  258  262  264
  266  268  270  270  271  272  272  272  272
    80.0-180.0 180.0   5.0 450.0                            LAT/LON1/LON2/DLON/H
  280  280  280  280  280  280  281  281  281  281  280  278  277  275  273  271
  268  264  262  259  257  255  251  248  246  246  245  244  244  244  243  243
  244  243  243  243  243  241  241  239  237  236  235  235  234  233  233  233
  233  234  235  236  238  240  241  245  248  250  253  256  260  263  266  269
  272  274  276  278  279  279  280  280  280
    77.5-180.0 180.0   5.0 450.0                            LAT/LON1/LON2/DLON/H
  287  288  287  287  286  286  286  286  286  286  286  285  284  283  280  277
  274  269  265  259  255  253  250  249  250  249  250  251  251  251  252  252
  251  250  249  248  247  245  244  243  243  241  240  239  238  238  237  236
  236  236  236  237  239  241  243  246  248  251  254  258  261  265  268  271
  274  277  280  282  284  284  286  287  287
    75.0-180.0 180.0   5.0 450.0                            LAT/LON1/LON2/DLON/H
  293  292  292  291  290  290  290  291  291  292  294  294  293  290  288  284
  279  271  265  262  259  257  254  254  255  255  257  257  258  259  260  258
  258  257  255  254  252  250  248  246  246  245  244  242  242  240  240  240
  239  238  238  239  239  241  243  244  247  249  253  256  259  262  265  269
  272  276  279  282  285  288  291  292  293
    72.5-180.0 180.0   5.0 450.0                            LAT/LON1/LON2/DLON/H
  295  296  295  295  293  293  294  295  298  303  304  302  303  300  296  289
  283  275  270  267  265  263  259  259  263  262  264  264  264  265  264  264
  261  259  258  257  254  253  251  250  248  247  247  246  244  244  242  242
  241  240  239  238  238  239  240  241  242  244  247  250  252  255  259  262
  266  271  275  280  285  290  293  295  295
    70.0-180.0 180.0   5.0 450.0                            LAT/LON1/LON2/DLON/H
  300  301  300  299  297  297  298  300  303  306  308  310  309  306  302  296
  288  282  276  273  273  269  267  267  269  269  269  268  267  267  265  264
  262  260  259  258  256  255  253  251  249  249  248  247  246  245  244  242
  241  239  237  236  235  234  234  234  235  236  238  240  242  245  249  253
  259  265  271  279  285  292  296  299  300
    67.5-180.0 180.0   5.0 450.0                            LAT/LON1/LON2/DLON/H
  308  310  308  306  305  303  302  303  303  306  309  311  311  309  304  299
  292  286  281  278  277  274  273  273  273  273  272  269  268  266  264  263
  261  260  259  258  257  256  254  252  250  249  248  247  246  245  244  242
  240  237  234  232  229  228  227  226  226  226  226  227  228  232  236  242
  248  256  265  277  287  296  301  306  308
    65.0-180.0 180.0   5.0 450.0                            LAT/LON1/LON2/DLON/H
  318  320  320  317  314  310  307  305  304  306  309  310  311  308  305  299
  293  287  283  280  279  278  278  278  276  274  271  269  266  264  263  262
  263  263  262  261  259  257  255  254  251  250  249  248  248  247  245  242
  238  235  231  227  223  220  218  216  215  214  214  213  214  216  221  226
  234  245  257  271  284  297  306  313  318
    62.5-180.0 180.0   5.0 450.0                            LAT/LON1/LON2/DLON/H
  326  330  333  330  325  320  313  308  305  304  305  308  308  306  303  297
  292  287  284  282  281  282  281  281  278  275  271  268  265  264  264  265
  267  268  267  266  263  261  259  257  254  253  252  252  251  250  247  244
  238  233  227  222  216  212  209  205  203  202  201  200  200  201  206  211
  221  231  247  261  278  294  307  318  326
    60.0-180.0 180.0   5.0 450.0                            LAT/LON1/LON2/DLON/H
  332  339  343  342  337  329  321  313  307  304  302  303  304  303  301  297
  292  287  285  283  283  283  283  282  278  275  270  268  266  266  268  272
  274  276  276  275  271  269  266  263  261  260  260  259  257  255  252  247
  242  234  227  219  213  205  202  196  193  192  191  190  190  190  193  197
  208  218  235  252  269  289  306  321  332
    57.5-180.0 180.0   5.0 450.0                            LAT/LON1/LON2/DLON/H
  337  348  354  354  348  340  330  320  311  304  300  299  299  300  299  296
  293  289  286  285  283  283  283  281  278  275  271  270  270  273  277  282
  286  287  288  287  283  279  276  275  272  271  271  268  266  262  258  253
  246  237  228  219  212  203  199  191  188  186  185  184  184  183  184  189
  197  209  223  242  260  282  304  321  337
    55.0-180.0 180.0   5.0 450.0                            LAT/LON1/LON2/DLON/H
  339  354  362  364  361  352  342  328  315  306  300  297  297  298  298  296
  294  291  288  285  283  282  282  280  278  275  274  275  278  283  289  296
  300  302  303  301  297  294  291  289  287  286  285  282  276  272  265  259
  250  240  230  221  213  203  199  191  187  184  183  182  182  181  180  183
  190  200  215  231  253  274  298  319  339
    52.5-180.0 180.0   5.0 450.0                            LAT/LON1/LON2/DLON/H
  337  356  368  375  372  365  354  338  324  311  302  297  297  297  298  298
  296  294  290  285  283  281  280  279  278  278  279  283  288  296  304  311
  315  317  317  316  313  310  308  306  304  303  301  296  290  283  274  265
  255  244  234  226  216  208  203  196  192  189  187  186  186  184  182  183
  187  195  206  222  243  267  291  314  337
    50.0-180.0 180.0   5.0 450.0                            LAT/LON1/LON2/DLON/H
  332  353  371  380  384  378  368  353  337  319  308  301  298  299  300  302
  300  297  293  288  285  282  281  281  281  284  287  294  302  311  319  326
  329  331  330  330  327  326  325  324  322  321  319  310  303  293  282  273
  261  250  241  232  224  216  211  204  200  196  194  194  193  192  190  189
  189  193  201  217  235  257  283  308  332
    47.5-180.0 180.0   5.0 450.0                            LAT/LON1/LON2/DLON/H
  327  348  370  385  395  393  386  373  352  333  318  308  304  303  304  306
  305  303  298  294  290  288  287  288  290  295  301  308  318  327  332  337
  339  341  342  342  342  342  344  343  343  341  335  324  312  301  290  280
  269  260  250  242  235  226  221  214  209  205  203  203  203  202  200  197
  195  195  200  212  228  248  273  302  327
    45.0-180.0 180.0   5.0 450.0                            LAT/LON1/LON2/DLON/H
  318  344  367  387  403  408  404  392  373  352  335  321  313  311  311  312
  312  311  307  304  301  299  300  302  306  312  318  325  334  342  345  348
  348  350  352  353  357  361  364  366  365  360  351  337  321  309  298  286
  277  270  261  253  247  240  234  225  221  217  214  214  214  214  212  208
  203  200  202  210  223  243  265  291  318
    42.5-180.0 180.0   5.0 450.0                            LAT/LON1/LON2/DLON/H
  309  338  363  388  408  419  418  410  392  373  357  340  328  323  321  322
  323  323  322  321  319  320  321  325  329  334  339  346  352  359  360  361
  361  364  366  369  376  381  387  388  387  380  366  349  333  318  306  295
  287  280  272  265  259  253  248  240  234  229  227  227  227  227  225  220
  212  205  204  208  220  238  261  285  309
    40.0-180.0 180.0   5.0 450.0                            LAT/LON1/LON2/DLON/H
  309  334  362  387  410  424  429  426  416  401  383  365  352  342  337  337
  338  342  343  345  345  347  351  355  358  363  365  371  376  378  383  383
  381  383  385  393  401  408  410  412  409  399  382  364  345  330  317  307
  298  291  284  279  272  266  262  254  249  244  242  243  243  243  239  232
  224  213  208  211  219  234  256  280  309
    37.5-180.0 180.0   5.0 450.0                            LAT/LON1/LON2/DLON/H
  309  337  363  387  409  425  435  439  438  429  413  395  378  368  360  357
  360  366  371  376  378  382  387  392  394  396  397  402  407  410  416  416
  414  416  421  426  434  438  437  437  432  417  398  379  359  344  331  319
  309  301  296  291  284  277  274  271  267  263  262  262  261  259  253  246
  237  225  216  215  222  235  256  281  309
    35.0-180.0 180.0   5.0 450.0                            LAT/LON1/LON2/DLON/H
  312  339  365  389  409  425  438  451  459  454  445  429  413  401  389  384
  388  398  405  413  416  421  427  433  435  435  435  440  448  453  462  462
  464  464  469  470  472  471  466  461  451  433  413  394  375  358  343  329
  318  311  306  302  297  292  291  292  290  287  284  283  279  275  268  260
  251  239  228  224  227  238  258  283  312
    32.5-180.0 180.0   5.0 450.0                            LAT/LON1/LON2/DLON/H
  313  341  368  390  407  422  439  458  473  479  476  466  452  440  425  423
  426  436  446  455  458  460  466  473  475  475  477  486  496  504  517  522
  525  526  523  522  514  506  496  483  467  446  424  405  388  371  352  336
  325  317  315  313  311  311  312  315  315  314  308  303  297  290  282  275
  264  253  241  233  233  241  261  285  313
    30.0-180.0 180.0   5.0 450.0                            LAT/LON1/LON2/DLON/H
  316  342  367  386  402  417  437  459  481  497  505  501  492  481  469  468
  470  480  488  498  498  497  503  509  512  514  519  534  548  561  575  586
  593  596  586  577  565  542  522  500  474  449  427  409  397  379  358  343
  330  323  321  324  327  331  333  340  342  339  331  322  312  303  295  289
  280  268  254  243  237  243  259  285  316
    27.5-180.0 180.0   5.0 450.0                            LAT/LON1/LON2/DLON/H
  313  342  364  381  395  412  434  458  483  507  526  532  529  523  514  515
  519  523  530  537  536  533  539  544  547  555  563  581  598  616  637  654
  660  665  649  633  617  580  546  510  472  441  419  404  394  378  357  344
  333  325  326  332  341  348  351  360  362  357  346  335  322  312  306  300
  293  282  266  252  242  242  255  280  313
    25.0-180.0 180.0   5.0 450.0                            LAT/LON1/LON2/DLON/H
  303  335  359  373  387  408  432  456  484  515  541  557  559  558  555  561
  565  568  571  574  571  566  571  577  583  597  608  627  645  669  691  704
  711  713  696  680  655  610  560  510  465  432  407  387  378  365  347  335
  328  323  327  338  350  356  360  368  371  366  353  338  324  314  308  305
  301  292  275  259  244  240  248  270  303
    22.5-180.0 180.0   5.0 450.0                            LAT/LON1/LON2/DLON/H
  288  321  348  365  380  401  428  455  483  517  550  573  582  586  589  599
  609  614  614  612  604  598  603  612  623  642  656  673  690  710  726  734
  737  733  722  703  665  621  569  509  460  426  396  371  354  342  332  323
  320  320  325  340  353  358  360  362  365  361  349  334  321  312  306  305
  304  298  280  263  246  236  238  257  288
    20.0-180.0 180.0   5.0 450.0                            LAT/LON1/LON2/DLON/H
  270  303  333  355  373  394  424  453  483  516  550  579  595  607  616  628
  642  652  652  647  637  632  639  653  669  688  698  713  727  734  740  743
  743  736  723  702  663  619  570  514  464  422  388  356  338  325  320  315
  314  315  321  337  350  352  351  347  348  344  335  323  312  303  299  298
  302  298  281  264  244  228  225  239  270
    17.5-180.0 180.0   5.0 450.0                            LAT/LON1/LON2/DLON/H
  251  288  317  344  367  391  421  452  482  513  547  578  600  618  632  649
  666  682  685  679  669  667  677  695  715  730  735  735  740  738  735  731
  726  719  705  685  652  610  565  515  468  424  383  351  333  320  317  314
  315  317  320  334  343  343  339  330  328  324  318  309  298  288  284  284
  289  289  275  258  235  212  205  221  251
    15.0-180.0 180.0   5.0 450.0                            LAT/LON1/LON2/DLON/H
  229  269  305  335  364  391  418  449  480  508  539  572  600  621  639  659
  682  702  710  707  700  703  716  735  754  763  760  745  731  720  711  705
  699  693  685  670  642  605  564  521  477  431  390  361  344  334  329  325
  326  328  328  334  337  332  327  316  310  306  302  292  280  270  266  265
  268  269  259  241  220  193  182  199  229
    12.5-180.0 180.0   5.0 450.0                            LAT/LON1/LON2/DLON/H
  213  254  293  328  360  390  419  448  473  500  530  562  592  617  638  662
  688  712  726  729  729  737  752  771  786  784  770  742  713  688  677  674
  672  672  671  660  639  607  571  532  492  447  409  385  365  357  354  346
  348  349  340  337  334  326  318  304  297  292  286  277  266  254  247  243
  242  242  233  216  197  176  167  182  213
    10.0-180.0 180.0   5.0 450.0                            LAT/LON1/LON2/DLON/H
  202  243  283  321  357  390  419  447  470  493  521  551  581  608  633  660
  689  717  736  745  753  767  784  799  805  792  763  726  689  660  648  651
  659  666  669  659  643  616  585  550  511  471  438  413  395  387  383  380
  377  366  351  342  335  326  319  303  293  286  278  268  255  240  227  221
  216  213  204  190  172  159  156  172  202
     7.5-180.0 180.0   5.0 450.0                            LAT/LON1/LON2/DLON/H
  195  233  273  315  353  391  423  450  471  492  516  543  570  598  625  655
  686  716  742  759  770  787  804  814  811  786  748  705  666  640  632  645
  661  671  674  665  650  625  598  564  528  493  465  439  424  413  412  410
  399  379  359  349  340  333  327  310  299  290  280  265  247  227  210  200
  192  187  178  167  153  143  147  164  195
     5.0-180.0 180.0   5.0 450.0                            LAT/LON1/LON2/DLON/H
  188  227  266  309  352  392  428  458  480  499  519  541  566  591  618  649
  680  713  741  761  777  794  810  813  801  769  726  685  651  633  634  652
  673  685  685  676  656  631  600  565  535  504  478  454  442  433  433  431
  413  388  364  353  345  341  336  321  310  298  284  264  241  218  196  184
  174  165  156  146  138  134  140  160  188
     2.5-180.0 180.0   5.0 450.0                            LAT/LON1/LON2/DLON/H
  182  218  259  306  353  399  439  472  498  517  534  550  568  590  617  644
  675  705  733  755  772  787  797  796  778  746  705  669  645  639  649  667
  689  700  696  680  654  622  585  548  522  498  474  459  452  443  438  435
  413  384  361  349  345  340  338  326  316  302  284  260  236  210  186  170
  161  153  143  134  129  127  136  156  182
