DORISInput/IGSGIM/2024/IGS0OPSFIN_20241330000_01D_02H_GIM.INX
     1.0            IONOSPHERE MAPS     MIX                 IONEX VERSION / TYPE
cmpcmb v1.2          GRL/UWM            28-may-24 18:09     PGM / RUN BY / DATE 
ionex file containing IGS COMBINED Ionosphere maps          COMMENT             
global ionosphere maps for day 133, 2024                    DESCRIPTION         
IONEX file containing the COMBINED IGS TEC MAPS and DCBs    DESCRIPTION         
      IONEX files of the following IAACs were combined: cod DESCRIPTION         
                                                        jpl DESCRIPTION         
                                                        upc DESCRIPTION         
Contact address: Andrzej Krankowski                         DESCRIPTION
                 Geodynamics Research Laboratory            DESCRIPTION
                 University of Warmia and Mazury (GRL/UWM)  DESCRIPTION
                 Oczapowski St. 1                           DESCRIPTION
                 10-957-Olsztyn, POLAND                     DESCRIPTION
                 e-mail:  kand@uwm.edu.pl                   DESCRIPTION
                                                            DESCRIPTION         
  2024     5    12     0     0     0                        EPOCH OF FIRST MAP  
  2024     5    13     0     0     0                        EPOCH OF LAST MAP   
  7200                                                      INTERVAL            
    13                                                      # OF MAPS IN FILE   
  COSZ                                                      MAPPING FUNCTION    
     0.0                                                    ELEVATION CUTOFF    
combined TEC calculated as weighted mean of input TEC valuesOBSERVABLES USED    
   338                                                      # OF STATIONS       
    32                                                      # OF SATELLITES     
  6371.0                                                    BASE RADIUS         
     2                                                      MAP DIMENSION       
   450.0 450.0   0.0                                        HGT1 / HGT2 / DHGT  
    87.5 -87.5  -2.5                                        LAT1 / LAT2 / DLAT  
  -180.0 180.0   5.0                                        LON1 / LON2 / DLON  
    -1                                                      EXPONENT            
TEC values in 0.1 tec units;  9999, if no value available   COMMENT             
DCB values in nanoseconds, reference is Sum_of_SatDCBs = 0  COMMENT             
                                                            END OF HEADER       
[from data line 1287]
     4                                                      START OF TEC MAP    
  2024     5    12     6     0     0                        EPOCH OF CURRENT MAP
    87.5-180.0 180.0   5.0 450.0                            LAT/LON1/LON2/DLON/H
  150  150  150  150  151  151  151  151  151  152  151  151  151  151  150  150
  149  148  148  147  146  146  144  143  142  141  140  139  138  138  137  137
  135  135  135  134  133  133  133  133  133  133  133  133  134  134  135  135
  135  136  137  137  139  139  140  141  141  142  143  143  144  145  145  146
  147  147  148  148  149  150  150  150  150
    85.0-180.0 180.0   5.0 450.0                            LAT/LON1/LON2/DLON/H
  156  156  156  157  156  157  156  156  156  155  155  155  155  155  154  154
  154  154  153  152  151  149  147  144  143  141  139  137  135  133  132  131
  130  128  128  127  127  126  126  126  126  127  128  128  130  131  132  133
  135  136  137  139  140  142  143  145  146  148  149  149  151  152  153  153
  154  154  155  155  156  156  156  156  156
    82.5-180.0 180.0   5.0 450.0                            LAT/LON1/LON2/DLON/H
  162  160  159  158  157  157  157  158  158  159  159  159  159  159  159  159
  158  158  157  156  154  152  149  146  143  140  137  134  132  129  127  126
  124  123  122  122  121  121  121  123  123  124  125  126  128  130  133  135
  137  139  142  143  146  147  150  152  154  157  159  160  161  163  163  164
  164  164  164  164  163  163  164  163  162
    80.0-180.0 180.0   5.0 450.0                            LAT/LON1/LON2/DLON/H
  167  164  162  160  159  159  158  158  158  158  158  158  159  160  160  161
  160  159  158  156  154  155  150  143  139  135  133  130  129  127  126  125
  124  123  123  122  122  121  122  122  123  125  127  128  131  133  135  138
  141  144  147  150  153  156  158  161  164  167  169  172  173  174  174  175
  175  175  175  175  174  173  171  169  167
    77.5-180.0 180.0   5.0 450.0                            LAT/LON1/LON2/DLON/H
  171  168  164  161  158  156  154  154  153  154  155  157  157  157  155  153
  154  152  152  150  150  144  140  135  134  130  127  126  125  123  121  121
  121  122  123  123  124  124  125  126  127  128  130  133  136  138  141  144
  147  151  154  158  161  163  166  169  172  176  179  181  183  185  186  186
  187  188  188  187  185  183  180  176  171
    75.0-180.0 180.0   5.0 450.0                            LAT/LON1/LON2/DLON/H
  177  169  164  159  155  153  151  151  151  152  153  151  149  148  146  144
  144  144  143  140  134  131  129  126  124  123  122  119  119  118  119  120
  121  124  126  127  128  130  131  131  131  132  134  137  140  144  147  151
  154  158  162  165  168  171  173  176  178  181  185  188  191  194  196  198
  200  201  201  200  198  193  189  183  177
    72.5-180.0 180.0   5.0 450.0                            LAT/LON1/LON2/DLON/H
  178  170  163  158  154  152  150  150  151  152  150  146  144  140  137  135
  132  129  127  122  119  118  115  115  113  113  112  112  112  114  117  120
  124  127  129  132  134  136  137  138  138  138  138  139  143  147  151  155
  159  163  167  170  173  175  176  178  180  183  187  191  195  199  204  207
  210  211  211  209  205  200  194  186  178
    70.0-180.0 180.0   5.0 450.0                            LAT/LON1/LON2/DLON/H
  177  170  163  158  154  151  150  151  153  151  149  146  142  137  131  126
  120  113  110  105  104  104  102  102  103  103  104  105  107  111  116  122
  127  131  134  138  140  140  141  142  143  143  142  142  144  147  150  155
  159  163  168  170  172  174  175  176  178  180  184  189  195  201  207  212
  215  216  215  213  208  202  194  186  177
    67.5-180.0 180.0   5.0 450.0                            LAT/LON1/LON2/DLON/H
  174  167  161  157  153  151  151  152  153  153  152  149  144  137  129  120
  110  102   97   92   91   92   93   94   96   97   99  102  106  110  118  125
  131  136  140  141  143  144  145  144  144  144  144  143  144  145  148  151
  156  159  163  166  167  168  169  169  171  173  178  184  190  198  205  210
  213  214  213  210  205  197  191  183  174
    65.0-180.0 180.0   5.0 450.0                            LAT/LON1/LON2/DLON/H
  166  160  156  153  150  148  150  151  152  153  153  152  147  139  130  118
  108   96   91   86   86   87   89   91   94   96   98  102  106  112  119  127
  134  139  142  143  143  144  144  144  144  143  142  141  141  141  141  144
  148  152  156  159  160  161  160  160  160  163  168  175  183  192  199  204
  207  207  205  202  196  189  182  174  166
    62.5-180.0 180.0   5.0 450.0                            LAT/LON1/LON2/DLON/H
  155  152  149  146  144  143  144  145  146  149  151  152  149  143  134  122
  110   97   91   86   85   88   90   92   95   97  100  102  107  114  120  128
  134  137  140  141  140  140  141  141  141  140  138  137  136  135  135  136
  139  143  149  152  153  153  152  151  151  153  159  167  176  185  191  195
  197  196  193  189  183  177  170  162  155
    60.0-180.0 180.0   5.0 450.0                            LAT/LON1/LON2/DLON/H
  148  144  141  138  136  135  134  135  137  141  145  148  148  146  139  128
  115  101   95   90   88   91   94   97   99  100  101  102  106  113  120  126
  130  134  135  135  134  135  135  136  136  136  135  133  132  130  130  131
  134  139  145  149  150  151  150  148  146  148  155  162  171  178  183  185
  185  183  180  175  171  165  161  153  148
    57.5-180.0 180.0   5.0 450.0                            LAT/LON1/LON2/DLON/H
  150  143  136  129  127  124  123  121  123  128  134  139  144  145  141  133
  121  110  103   97   94   96   99  101  101  100   99  100  103  107  114  121
  125  127  128  128  128  128  130  131  132  133  133  132  131  131  132  135
  140  145  151  156  158  159  156  153  150  151  155  161  167  173  176  176
  174  171  168  164  162  159  155  152  150
    55.0-180.0 180.0   5.0 450.0                            LAT/LON1/LON2/DLON/H
  154  148  137  127  121  116  109  105  107  111  118  126  134  139  139  135
  127  116  110  104  101  102  102  103  100   96   93   94   96   99  107  113
  118  121  122  122  123  124  125  128  129  131  133  134  136  140  144  151
  157  166  174  180  181  180  176  170  164  161  162  165  168  172  173  171
  167  164  160  158  157  157  157  156  154
    52.5-180.0 180.0   5.0 450.0                            LAT/LON1/LON2/DLON/H
  162  156  145  133  122  112  100   94   91   92   98  108  118  127  131  131
  126  119  114  107  104  103  102  100   95   89   86   84   86   91   98  106
  112  115  117  118  120  122  124  126  128  132  137  144  151  162  173  182
  194  205  214  219  221  215  207  196  186  177  173  172  172  174  172  169
  165  161  160  159  160  162  164  164  162
    50.0-180.0 180.0   5.0 450.0                            LAT/LON1/LON2/DLON/H
  174  168  156  141  130  118  103   91   81   78   81   88   98  108  117  120
  120  116  112  106  102  100   98   93   87   80   76   74   76   82   89   98
  106  112  115  118  120  123  125  127  132  139  149  161  178  196  213  231
  248  260  268  275  275  264  250  232  214  198  187  182  179  178  176  172
  168  166  165  166  169  172  176  177  174
    47.5-180.0 180.0   5.0 450.0                            LAT/LON1/LON2/DLON/H
  187  180  168  154  142  131  116  100   85   74   69   71   77   88   97  104
  108  107  105   99   96   92   89   83   76   69   64   62   64   70   80   92
  102  110  117  120  124  126  129  133  140  152  169  191  219  244  269  293
  314  327  334  341  338  325  302  274  248  224  204  194  188  185  182  179
  175  174  174  176  180  184  188  189  187
    45.0-180.0 180.0   5.0 450.0                            LAT/LON1/LON2/DLON/H
  198  190  179  167  157  147  134  118  100   85   72   65   65   69   76   83
   90   92   92   88   84   81   76   71   63   57   53   52   54   61   73   86
  100  111  119  125  129  133  138  144  156  175  201  231  270  304  333  361
  378  399  404  410  402  386  355  321  284  250  222  206  198  193  190  188
  185  183  184  187  191  194  197  199  198
    42.5-180.0 180.0   5.0 450.0                            LAT/LON1/LON2/DLON/H
  203  197  189  178  171  163  152  137  120  103   88   74   64   60   61   67
   72   75   75   74   71   67   62   58   52   48   46   47   50   57   69   83
   99  112  122  129  136  143  152  162  181  205  237  280  326  365  395  422
  440  460  467  473  462  443  407  364  316  273  239  219  206  201  198  196
  193  192  190  193  196  198  200  203  203
    40.0-180.0 180.0   5.0 450.0                            LAT/LON1/LON2/DLON/H
  201  199  194  187  181  175  166  154  141  127  111   94   78   66   59   60
   62   64   65   63   60   56   51   48   46   46   47   49   51   57   68   82
   98  112  123  133  142  155  168  186  210  240  283  329  377  417  443  466
  484  504  518  521  509  489  451  400  340  288  253  228  214  210  207  203
  199  197  194  194  195  195  198  201  201
    37.5-180.0 180.0   5.0 450.0                            LAT/LON1/LON2/DLON/H
  198  195  192  188  184  179  174  168  160  150  135  119  100   84   72   65
   62   62   62   59   56   53   48   47   48   52   54   56   57   60   69   81
   98  112  124  136  151  168  189  214  243  278  323  369  417  448  474  491
  507  529  545  557  546  526  488  432  361  300  262  239  226  221  217  211
  208  203  198  195  193  191  192  196  198
    35.0-180.0 180.0   5.0 450.0                            LAT/LON1/LON2/DLON/H
  197  194  192  187  180  173  171  174  171  166  158  146  128  111   96   84
   76   70   69   65   63   59   55   54   56   63   65   65   65   67   72   82
   95  111  125  140  160  185  213  242  275  311  348  393  433  466  486  499
  517  540  561  579  575  559  519  462  382  316  278  256  242  234  228  222
  219  213  208  201  194  191  195  197  197
    32.5-180.0 180.0   5.0 450.0                            LAT/LON1/LON2/DLON/H
  209  203  195  186  177  166  165  171  171  173  176  171  157  141  126  112
   99   88   85   80   78   75   70   69   71   77   78   76   74   72   75   83
   94  110  125  145  169  200  233  268  300  331  366  402  437  463  480  495
  515  544  568  589  598  583  544  478  399  338  301  278  261  248  240  236
  234  231  228  220  210  206  209  212  209
    30.0-180.0 180.0   5.0 450.0                            LAT/LON1/LON2/DLON/H
  240  230  212  194  179  168  163  165  164  171  185  191  185  171  159  146
  128  112  106  103  102   99   92   89   87   91   90   86   80   78   78   85
   96  110  128  149  178  214  250  285  316  343  370  399  425  448  464  481
  508  546  575  596  613  602  558  482  414  364  329  307  283  265  259  259
  260  263  266  257  250  243  245  247  240
    27.5-180.0 180.0   5.0 450.0                            LAT/LON1/LON2/DLON/H
  298  278  250  223  200  189  177  169  165  173  193  206  206  202  191  179
  159  139  132  130  130  127  117  109  102  102   98   91   84   80   81   87
   97  111  129  155  187  226  264  298  326  350  369  389  411  432  449  471
  513  559  589  607  617  610  560  487  432  391  361  339  314  294  290  295
  302  315  326  319  315  309  310  311  298
    25.0-180.0 180.0   5.0 450.0                            LAT/LON1/LON2/DLON/H
  377  352  312  280  251  233  215  197  187  192  204  217  223  225  218  207
  188  169  161  159  159  154  142  127  115  108  101   91   83   80   82   88
   96  110  130  159  194  235  273  306  333  354  365  380  398  428  448  483
  541  584  612  627  630  612  565  502  456  423  396  376  355  339  335  346
  359  383  399  400  404  397  399  398  377
    22.5-180.0 180.0   5.0 450.0                            LAT/LON1/LON2/DLON/H
  470  442  400  365  329  307  280  260  240  232  228  232  240  245  240  232
  214  196  188  183  182  175  161  141  122  109   98   87   80   78   80   87
   94  108  131  162  200  239  277  311  335  353  363  374  401  433  458  514
  576  614  645  658  659  633  590  531  487  459  436  424  413  402  400  417
  435  467  495  504  502  503  504  498  470
    20.0-180.0 180.0   5.0 450.0                            LAT/LON1/LON2/DLON/H
  565  538  513  465  424  400  373  344  316  297  276  265  266  268  261  255
  240  221  213  204  200  190  172  148  123  106   91   81   75   74   77   84
   91  104  127  158  197  238  278  312  341  359  366  379  410  443  478  540
  603  654  687  703  699  673  628  570  527  503  488  486  484  484  486  508
  528  562  594  612  604  607  604  597  565
    17.5-180.0 180.0   5.0 450.0                            LAT/LON1/LON2/DLON/H
  647  622  617  571  521  491  467  438  408  384  356  321  307  298  287  281
  266  246  238  221  213  199  177  149  121  100   85   74   69   70   73   80
   86   97  119  154  193  234  277  313  347  365  374  390  422  458  505  563
  636  699  738  751  743  711  665  615  576  560  555  563  573  581  588  611
  632  662  687  704  698  702  692  671  647
    15.0-180.0 180.0   5.0 450.0                            LAT/LON1/LON2/DLON/H
  706  687  675  645  592  560  548  524  502  474  447  390  356  334  319  307
  294  274  265  237  224  205  179  147  116   94   78   68   65   65   70   75
   79   87  111  146  187  230  275  316  351  372  387  406  440  482  540  595
  666  741  779  793  781  747  711  668  638  630  633  644  665  682  692  719
  734  754  766  773  764  756  740  720  706
    12.5-180.0 180.0   5.0 450.0                            LAT/LON1/LON2/DLON/H
  727  703  683  673  639  613  600  585  570  556  518  470  419  377  351  332
  319  302  291  255  233  211  178  143  112   90   74   64   61   63   66   69
   70   78  100  136  178  224  271  317  354  380  400  426  458  508  570  631
  707  781  817  827  818  792  770  738  715  710  714  729  752  772  795  815
  825  830  829  823  807  785  765  745  727
    10.0-180.0 180.0   5.0 450.0                            LAT/LON1/LON2/DLON/H
  735  703  666  645  638  631  627  615  608  596  569  530  480  428  387  355
  337  325  311  275  245  215  175  136  106   85   72   63   60   62   65   64
   63   68   89  125  169  214  263  312  351  384  408  438  480  530  593  660
  738  810  848  856  856  849  841  819  802  795  800  814  835  862  880  891
  893  890  882  860  835  804  777  757  735
     7.5-180.0 180.0   5.0 450.0                            LAT/LON1/LON2/DLON/H
  746  706  652  615  603  606  614  610  605  602  589  565  527  478  431  379
  353  340  324  297  256  215  170  131  101   83   72   63   61   62   63   61
   58   62   79  114  159  204  252  299  345  380  413  447  490  539  602  679
  751  819  862  883  899  911  919  904  890  882  886  896  912  933  949  952
  946  935  918  890  858  821  791  770  746
     5.0-180.0 180.0   5.0 450.0                            LAT/LON1/LON2/DLON/H
  765  719  656  598  566  564  573  570  567  575  580  576  554  523  483  416
  378  362  344  309  264  214  165  124   97   82   71   64   62   62   63   59
   55   58   76  109  150  196  245  292  336  375  412  446  487  532  598  673
  742  808  862  907  941  971  992  989  978  967  963  968  979  993  999  992
  982  969  947  919  885  845  810  790  765
     2.5-180.0 180.0   5.0 450.0                            LAT/LON1/LON2/DLON/H
  808  759  682  616  565  539  533  527  517  525  544  557  556  544  521  461
  417  391  371  323  274  214  160  118   95   82   71   64   61   63   63   59
   54   57   75  106  147  192  238  284  327  365  402  437  473  517  580  643
  716  789  855  917  972 1021 1057 1068 1061 1046 1035 1034 1038 1041 1035 1017
 1005  994  979  955  921  883  848  828  808
