DORISInput/IGSGIM/2024/IGS0OPSFIN_20241440000_01D_02H_GIM.INX
     1.0            IONOSPHERE MAPS     MIX                 IONEX VERSION / TYPE
cmpcmb v1.2          GRL/UWM             5-jun-24 16:39     PGM / RUN BY / DATE 
ionex file containing IGS COMBINED Ionosphere maps          COMMENT             
global ionosphere maps for day 144, 2024                    DESCRIPTION         
IONEX file containing the COMBINED IGS TEC MAPS and DCBs    DESCRIPTION         
      IONEX files of the following IAACs were combined: cod DESCRIPTION         
                                                        jpl DESCRIPTION         
                                                        upc DESCRIPTION         
Contact address: Andrzej Krankowski                         DESCRIPTION
                 Geodynamics Research Laboratory            DESCRIPTION
                 University of Warmia and Mazury (GRL/UWM)  DESCRIPTION
                 Oczapowski St. 1                           DESCRIPTION
                 10-957-Olsztyn, POLAND                     DESCRIPTION
                 e-mail:  kand@uwm.edu.pl                   DESCRIPTION
                                                            DESCRIPTION         
  2024     5    23     0     0     0                        EPOCH OF FIRST MAP  
  2024     5    24     0     0     0                        EPOCH OF LAST MAP   
  7200                                                      INTERVAL            
    13                                                      # OF MAPS IN FILE   
  COSZ                                                      MAPPING FUNCTION    
     0.0                                                    ELEVATION CUTOFF    
combined TEC calculated as weighted mean of input TEC valuesOBSERVABLES USED    
   335                                                      # OF STATIONS       
    32                                                      # OF SATELLITES     
  6371.0                                                    BASE RADIUS         
     2                                                      MAP DIMENSION       
   450.0 450.0   0.0                                        HGT1 / HGT2 / DHGT  
    87.5 -87.5  -2.5                                        LAT1 / LAT2 / DLAT  
  -180.0 180.0   5.0                                        LON1 / LON2 / DLON  
    -1                                                      EXPONENT            
TEC values in 0.1 tec units;  9999, if no value available   COMMENT             
DCB values in nanoseconds, reference is Sum_of_SatDCBs = 0  COMMENT             
                                                            END OF HEADER       
[from data line 3861]
    10                                                      START OF TEC MAP    
  2024     5    23    18     0     0                        EPOCH OF CURRENT MAP
    87.5-180.0 180.0   5.0 450.0                            LAT/LON1/LON2/DLON/H
  271  272  273  274  274  275  276  277  278  279  280  281  281  282  283  283
  284  284  284  284  283  283  282  280  279  278  276  276  275  273  274  273
  271  270  269  270  269  269  269  269  269  270  268  269  271  272  271  273
  275  275  275  277  277  278  278  278  278  277  276  276  276  274  273  272
  272  270  270  271  271  271  271  271  271
    85.0-180.0 180.0   5.0 450.0                            LAT/LON1/LON2/DLON/H
  252  253  255  257  260  262  264  267  269  272  274  276  278  279  280  281
  282  282  282  282  281  277  274  271  268  266  263  261  258  256  254  253
  252  250  250  250  250  249  251  252  252  254  256  258  260  261  263  265
  266  268  269  270  270  271  271  271  271  270  267  266  262  260  258  257
  256  254  254  251  251  251  251  250  252
    82.5-180.0 180.0   5.0 450.0                            LAT/LON1/LON2/DLON/H
  227  229  232  233  237  239  243  247  252  255  262  265  271  273  277  280
  279  279  278  277  273  269  263  260  253  248  244  240  237  233  231  229
  227  226  226  227  227  228  229  232  233  236  239  243  247  251  254  258
  261  263  265  266  266  266  265  264  263  260  256  254  250  246  242  240
  238  233  229  227  225  225  224  225  227
    80.0-180.0 180.0   5.0 450.0                            LAT/LON1/LON2/DLON/H
  201  202  202  205  207  211  217  225  233  241  249  257  263  268  274  277
  279  283  283  280  275  264  254  244  237  228  221  216  211  207  204  203
  201  202  202  203  205  208  211  213  217  221  226  230  235  240  245  249
  253  256  259  261  261  261  262  258  256  253  249  244  240  236  230  226
  221  216  211  207  205  203  202  201  201
    77.5-180.0 180.0   5.0 450.0                            LAT/LON1/LON2/DLON/H
  182  180  179  180  184  190  198  206  213  222  231  240  247  256  262  265
  267  268  268  264  255  248  236  225  217  210  203  196  190  184  181  181
  182  184  186  189  192  195  198  202  206  211  216  220  225  230  235  240
  245  249  253  255  256  257  257  254  251  249  245  241  236  230  224  219
  212  206  201  196  192  189  185  183  182
    75.0-180.0 180.0   5.0 450.0                            LAT/LON1/LON2/DLON/H
  174  171  168  169  171  175  181  187  195  205  214  223  231  240  245  252
  258  258  256  253  247  240  231  221  210  200  192  184  178  175  172  171
  171  174  177  180  185  189  194  197  201  206  211  214  219  224  228  234
  240  244  247  250  250  249  251  249  248  245  243  238  234  229  223  217
  210  205  198  193  188  184  179  177  174
    72.5-180.0 180.0   5.0 450.0                            LAT/LON1/LON2/DLON/H
  177  173  169  166  165  166  170  176  185  191  200  209  218  228  236  243
  245  248  253  250  244  238  232  221  212  202  192  183  176  174  171  172
  174  177  180  184  188  193  197  200  204  207  211  215  219  222  226  229
  234  240  242  242  243  243  244  244  243  242  240  237  233  229  224  219
  213  209  204  199  194  190  185  182  177
    70.0-180.0 180.0   5.0 450.0                            LAT/LON1/LON2/DLON/H
  190  185  180  174  171  169  169  172  178  185  192  198  207  216  222  231
  239  246  253  249  250  246  241  231  222  212  201  194  190  185  187  188
  188  190  194  198  202  204  208  211  212  215  218  220  222  225  228  230
  232  235  237  236  235  236  237  238  238  238  236  234  231  228  226  224
  222  219  217  215  211  208  202  196  190
    67.5-180.0 180.0   5.0 450.0                            LAT/LON1/LON2/DLON/H
  214  208  199  193  187  183  179  178  180  184  188  192  198  204  214  224
  236  246  258  262  266  264  262  252  243  234  223  218  215  213  212  215
  215  215  216  218  221  222  225  227  228  228  229  230  231  232  234  234
  235  234  234  232  231  230  231  230  230  231  230  229  227  226  226  227
  229  230  232  233  232  231  225  220  214
    65.0-180.0 180.0   5.0 450.0                            LAT/LON1/LON2/DLON/H
  241  234  227  218  210  203  197  193  191  194  196  198  202  206  214  225
  237  251  269  281  291  291  293  285  274  268  259  256  249  248  248  245
  248  248  246  245  246  246  246  247  248  248  246  247  247  245  246  243
  242  239  237  233  229  227  227  223  221  220  219  218  218  219  220  224
  229  234  239  243  247  249  247  246  241
    62.5-180.0 180.0   5.0 450.0                            LAT/LON1/LON2/DLON/H
  262  259  253  244  234  227  219  214  211  211  215  217  217  221  226  234
  244  261  279  294  311  317  321  315  308  305  297  299  295  294  292  287
  288  286  279  277  275  274  271  273  272  271  268  268  265  265  264  259
  255  250  245  239  232  227  225  217  214  212  209  208  209  210  212  216
  223  229  237  245  252  257  260  263  262
    60.0-180.0 180.0   5.0 450.0                            LAT/LON1/LON2/DLON/H
  275  273  270  264  255  247  240  235  232  232  236  238  240  241  246  250
  260  273  290  306  321  331  336  334  331  333  330  332  333  334  331  329
  325  318  314  309  305  302  299  299  298  296  293  290  288  285  282  276
  271  264  255  248  239  229  224  216  210  207  204  202  201  201  203  207
  214  222  231  239  248  256  264  271  275
    57.5-180.0 180.0   5.0 450.0                            LAT/LON1/LON2/DLON/H
  280  281  280  277  271  264  257  254  251  251  255  259  261  262  266  269
  276  286  299  313  326  337  341  343  344  347  349  353  358  361  362  360
  355  347  341  336  331  327  326  326  321  318  316  311  307  303  298  292
  285  277  267  257  246  234  228  218  210  206  202  199  197  197  198  202
  208  215  223  232  241  251  262  271  280
    55.0-180.0 180.0   5.0 450.0                            LAT/LON1/LON2/DLON/H
  277  282  285  283  281  276  272  271  271  272  276  280  283  284  285  287
  291  298  307  318  329  338  343  346  349  353  357  365  371  376  380  382
  376  370  365  360  354  351  350  347  345  339  336  330  323  319  311  305
  296  287  274  263  252  239  233  222  216  211  206  202  200  199  199  203
  206  212  219  226  235  245  257  269  277
    52.5-180.0 180.0   5.0 450.0                            LAT/LON1/LON2/DLON/H
  275  281  286  288  289  287  287  287  290  293  297  300  303  304  303  304
  305  309  315  323  331  339  344  347  351  356  362  372  382  389  395  398
  395  391  386  381  377  374  370  367  361  356  351  344  337  331  322  313
  304  293  280  268  257  245  239  231  226  222  217  214  210  208  207  209
  212  215  221  226  233  244  254  265  275
    50.0-180.0 180.0   5.0 450.0                            LAT/LON1/LON2/DLON/H
  276  283  289  294  297  299  302  307  310  314  318  322  325  324  323  322
  321  322  323  329  334  342  347  352  355  362  370  381  394  404  410  414
  416  411  407  402  396  393  387  382  376  369  363  354  346  338  329  321
  310  298  286  274  263  254  248  242  238  235  231  228  223  222  221  222
  223  226  230  234  240  248  258  267  276
    47.5-180.0 180.0   5.0 450.0                            LAT/LON1/LON2/DLON/H
  281  289  296  301  307  314  321  327  331  338  340  343  347  346  345  343
  340  338  337  340  345  352  358  363  368  375  384  396  410  422  429  432
  432  431  428  423  416  411  404  397  389  381  371  362  351  343  335  326
  314  303  291  280  269  262  257  252  249  247  244  242  238  236  235  237
  239  242  246  249  256  261  268  274  281
    45.0-180.0 180.0   5.0 450.0                            LAT/LON1/LON2/DLON/H
  292  298  305  311  320  329  339  347  358  364  366  367  371  371  370  369
  365  361  357  359  364  372  379  385  391  399  408  422  434  446  451  453
  453  452  449  444  439  432  423  411  402  391  379  368  357  348  339  329
  319  308  297  287  279  273  268  262  260  258  256  254  250  249  249  252
  256  260  265  270  277  281  284  287  292
    42.5-180.0 180.0   5.0 450.0                            LAT/LON1/LON2/DLON/H
  304  309  316  324  333  344  355  368  382  389  395  399  402  399  398  400
  396  391  387  389  394  402  412  418  424  432  443  455  466  475  479  480
  478  478  474  469  463  454  442  428  416  402  389  376  365  354  344  335
  325  317  307  300  293  285  280  273  270  267  264  262  260  259  259  264
  270  276  283  290  297  300  302  303  304
    40.0-180.0 180.0   5.0 450.0                            LAT/LON1/LON2/DLON/H
  318  319  327  335  346  360  374  388  405  417  423  428  432  430  432  434
  432  428  423  424  431  440  450  457  463  470  479  494  504  508  514  514
  512  511  504  500  492  481  464  448  432  417  401  388  376  364  354  345
  335  328  321  314  308  301  294  285  279  274  271  269  267  267  268  274
  283  290  297  308  315  316  317  317  318
    37.5-180.0 180.0   5.0 450.0                            LAT/LON1/LON2/DLON/H
  328  330  337  345  357  375  393  408  428  444  452  460  464  466  469  472
  470  468  464  466  471  480  490  498  504  511  520  537  548  552  558  555
  552  552  545  537  525  509  489  471  452  433  417  403  391  379  368  358
  349  343  337  332  326  318  309  299  290  286  283  282  279  279  280  285
  293  302  310  320  329  330  333  329  328
    35.0-180.0 180.0   5.0 450.0                            LAT/LON1/LON2/DLON/H
  337  339  346  352  364  383  405  425  450  467  482  493  500  505  510  512
  513  511  508  509  512  520  528  536  541  551  563  579  595  600  607  604
  604  601  595  581  564  543  519  495  471  451  434  420  408  394  383  372
  365  359  354  353  347  337  328  317  308  303  301  300  297  296  295  297
  303  311  319  328  335  340  343  340  337
    32.5-180.0 180.0   5.0 450.0                            LAT/LON1/LON2/DLON/H
  347  347  353  357  367  386  410  433  462  488  511  528  540  551  554  559
  559  556  555  554  552  555  560  566  574  588  606  624  641  651  659  658
  661  659  649  635  607  581  552  523  494  470  451  435  421  408  396  385
  378  373  370  369  366  360  351  342  332  329  328  326  324  320  317  316
  318  322  326  330  335  341  347  348  347
    30.0-180.0 180.0   5.0 450.0                            LAT/LON1/LON2/DLON/H
  355  359  363  366  373  389  412  437  467  503  538  561  578  594  601  607
  607  604  598  596  591  587  590  592  604  623  648  672  689  703  711  715
  721  720  707  689  660  621  584  548  515  484  460  442  426  414  402  390
  385  380  379  381  383  381  374  370  362  361  362  360  357  352  346  341
  337  337  334  331  331  336  345  352  355
    27.5-180.0 180.0   5.0 450.0                            LAT/LON1/LON2/DLON/H
  361  370  376  379  385  399  418  443  475  516  558  588  612  635  645  652
  654  649  640  633  623  614  616  621  636  663  693  721  738  754  766  776
  780  782  769  749  711  662  616  569  524  485  459  440  423  410  396  386
  383  380  380  385  393  394  391  390  389  392  396  396  392  384  377  369
  360  351  341  331  324  326  340  352  361
    25.0-180.0 180.0   5.0 450.0                            LAT/LON1/LON2/DLON/H
  369  381  390  397  402  411  428  455  488  530  573  607  638  666  681  691
  693  691  678  665  648  639  641  653  675  710  746  771  786  806  820  825
  830  834  823  801  753  697  636  581  520  477  456  435  410  396  380  373
  374  373  374  382  389  394  393  397  405  413  424  427  423  412  404  393
  379  364  346  330  317  316  332  352  369
    22.5-180.0 180.0   5.0 450.0                            LAT/LON1/LON2/DLON/H
  375  393  404  412  420  430  445  471  502  541  583  620  657  690  711  723
  727  725  711  696  673  664  671  696  727  766  803  822  838  851  860  862
  869  868  862  835  780  711  641  572  501  463  447  424  391  374  363  359
  361  361  363  370  376  380  383  393  410  422  437  448  444  432  419  405
  390  373  349  329  314  312  327  352  375
    20.0-180.0 180.0   5.0 450.0                            LAT/LON1/LON2/DLON/H
  375  397  412  425  436  449  465  487  516  551  590  629  670  706  734  748
  755  755  742  725  702  696  714  750  790  826  855  871  884  886  887  887
  890  886  875  842  791  713  628  544  477  444  421  391  366  354  350  349
  349  348  350  354  359  363  367  382  403  418  434  449  448  439  422  408
  393  376  351  331  317  313  326  350  375
    17.5-180.0 180.0   5.0 450.0                            LAT/LON1/LON2/DLON/H
  371  399  417  436  451  464  481  501  527  559  594  634  675  713  747  767
  777  779  767  751  732  741  767  809  854  887  907  910  907  900  894  893
  890  884  866  828  776  698  605  518  460  425  392  367  354  348  344  342
  341  340  339  338  342  347  351  363  383  403  418  432  437  430  411  400
  387  374  355  338  325  320  326  347  371
    15.0-180.0 180.0   5.0 450.0                            LAT/LON1/LON2/DLON/H
  366  394  422  442  461  478  493  512  535  563  596  634  674  712  748  776
  791  795  783  766  761  778  815  863  909  937  945  936  908  888  878  879
  874  863  845  808  754  683  590  507  450  411  383  367  362  357  352  350
  345  338  331  327  330  333  337  343  359  383  399  411  414  402  389  381
  372  361  350  341  332  328  329  344  366
    12.5-180.0 180.0   5.0 450.0                            LAT/LON1/LON2/DLON/H
  363  389  417  441  465  486  502  519  539  565  597  631  668  704  740  773
  794  800  791  774  778  804  851  902  945  965  960  936  893  861  847  853
  851  842  824  791  741  673  592  512  450  419  402  394  386  381  377  372
  363  346  334  328  327  328  331  330  341  364  376  384  383  368  360  355
  347  341  338  336  334  334  335  346  363
    10.0-180.0 180.0   5.0 450.0                            LAT/LON1/LON2/DLON/H
  360  383  410  438  465  490  509  526  544  567  597  629  663  696  731  765
  788  798  794  785  787  819  873  927  963  970  945  909  865  829  817  825
  833  832  817  788  741  681  606  532  477  457  450  441  428  418  411  403
  387  367  351  343  338  337  338  332  338  352  359  359  354  339  331  326
  319  319  321  326  331  336  338  346  360
     7.5-180.0 180.0   5.0 450.0                            LAT/LON1/LON2/DLON/H
  354  375  403  434  462  491  515  536  553  574  600  628  659  691  725  757
  783  797  798  794  799  828  881  930  958  954  915  870  829  806  798  808
  825  833  823  794  751  696  635  568  519  503  503  497  478  460  447  435
  416  396  379  372  367  361  360  353  348  351  351  345  335  321  310  303
  293  294  303  313  324  330  333  339  354
     5.0-180.0 180.0   5.0 450.0                            LAT/LON1/LON2/DLON/H
  344  367  396  428  460  490  520  547  569  586  609  633  659  691  722  756
  781  797  801  802  809  836  881  919  935  918  875  830  800  790  791  804
  828  839  831  805  763  714  662  607  564  549  548  542  522  502  484  472
  451  430  414  406  402  397  393  384  370  361  353  342  325  311  299  290
  280  277  285  298  311  318  324  332  344
     2.5-180.0 180.0   5.0 450.0                            LAT/LON1/LON2/DLON/H
  331  353  386  422  458  495  527  560  586  606  627  646  667  693  725  756
  782  796  799  804  813  840  877  903  904  878  837  801  784  786  798  814
  837  846  837  812  772  724  673  628  596  580  576  569  549  527  506  495
  480  460  446  437  430  427  421  410  394  376  359  339  319  305  296  288
  276  267  270  279  295  304  312  320  331
