DORISInput/IGSGIM/2024/IGS0OPSFIN_20241540000_01D_02H_GIM.INX
     1.0            IONOSPHERE MAPS     MIX                 IONEX VERSION / TYPE
cmpcmb v1.2          GRL/UWM            24-jun-24 15:53     PGM / RUN BY / DATE 
ionex file containing IGS COMBINED Ionosphere maps          COMMENT             
global ionosphere maps for day 154, 2024                    DESCRIPTION         
IONEX file containing the COMBINED IGS TEC MAPS and DCBs    DESCRIPTION         
      IONEX files of the following IAACs were combined: cod DESCRIPTION         
                                                        jpl DESCRIPTION         
                                                        upc DESCRIPTION         
Contact address: Andrzej Krankowski                         DESCRIPTION
                 Geodynamics Research Laboratory            DESCRIPTION
                 University of Warmia and Mazury (GRL/UWM)  DESCRIPTION
                 Oczapowski St. 1                           DESCRIPTION
                 10-957-Olsztyn, POLAND                     DESCRIPTION
                 e-mail:  kand@uwm.edu.pl                   DESCRIPTION
                                                            DESCRIPTION         
  2024     6     2     0     0     0                        EPOCH OF FIRST MAP  
  2024     6     3     0     0     0                        EPOCH OF LAST MAP   
  7200                                                      INTERVAL            
    13                                                      # OF MAPS IN FILE   
  COSZ                                                      MAPPING FUNCTION    
     0.0                                                    ELEVATION CUTOFF    
combined TEC calculated as weighted mean of input TEC valuesOBSERVABLES USED    
   334                                                      # OF STATIONS       
    32                                                      # OF SATELLITES     
  6371.0                                                    BASE RADIUS         
     2                                                      MAP DIMENSION       
   450.0 450.0   0.0                                        HGT1 / HGT2 / DHGT  
    87.5 -87.5  -2.5                                        LAT1 / LAT2 / DLAT  
  -180.0 180.0   5.0                                        LON1 / LON2 / DLON  
    -1                                                      EXPONENT            
TEC values in 0.1 tec units;  9999, if no value available   COMMENT             
DCB values in nanoseconds, reference is Sum_of_SatDCBs = 0  COMMENT             
                                                            END OF HEADER       
[from data line 3861]
    10                                                      START OF TEC MAP    
  2024     6     2    18     0     0                        EPOCH OF CURRENT MAP
    87.5-180.0 180.0   5.0 450.0                            LAT/LON1/LON2/DLON/H
  256  256  257  257  257  259  259  259  260  260  260  261  262  262  262  262
  262  262  262  262  262  261  261  260  259  259  258  258  257  256  255  255
  254  253  253  251  251  250  250  249  249  248  248  247  247  247  247  247
  247  247  247  247  247  247  247  247  248  248  249  249  249  250  250  251
  251  252  252  252  253  254  254  255  256
    85.0-180.0 180.0   5.0 450.0                            LAT/LON1/LON2/DLON/H
  259  259  260  261  262  262  264  265  266  267  268  269  269  270  271  271
  271  271  271  270  270  269  268  266  266  265  263  262  261  259  258  256
  254  253  252  250  249  248  247  246  245  244  243  243  243  242  242  241
  242  242  242  243  243  243  243  244  244  246  246  247  248  249  249  250
  251  252  253  254  255  256  257  258  259
    82.5-180.0 180.0   5.0 450.0                            LAT/LON1/LON2/DLON/H
  261  263  263  264  265  266  266  268  269  271  273  274  277  278  279  280
  280  281  280  279  277  276  274  273  272  270  268  265  263  260  257  255
  253  250  248  247  245  244  244  243  242  242  242  242  242  241  241  241
  241  240  241  241  242  242  243  243  245  246  248  249  250  252  253  254
  254  256  257  258  259  260  261  261  261
    80.0-180.0 180.0   5.0 450.0                            LAT/LON1/LON2/DLON/H
  267  267  267  267  268  268  269  270  271  272  275  277  279  281  284  284
  286  286  286  286  284  286  281  279  277  273  269  266  262  259  256  253
  250  247  244  242  240  239  239  239  240  240  241  241  243  243  243  243
  243  242  242  243  244  245  245  247  249  251  252  254  255  257  259  259
  260  261  262  264  265  265  266  266  267
    77.5-180.0 180.0   5.0 450.0                            LAT/LON1/LON2/DLON/H
  274  274  273  273  274  274  275  275  275  275  276  277  278  281  283  285
  286  286  287  287  287  287  285  282  278  273  269  265  261  257  254  250
  247  244  241  239  238  237  237  237  238  239  240  242  243  245  246  246
  246  246  246  246  246  247  248  251  252  255  259  261  263  264  266  267
  269  271  271  273  274  274  275  275  274
    75.0-180.0 180.0   5.0 450.0                            LAT/LON1/LON2/DLON/H
  287  286  285  284  283  282  281  279  279  279  279  281  282  283  285  285
  286  286  287  287  286  285  284  282  278  273  268  264  261  255  251  248
  245  243  241  240  238  238  237  238  240  240  242  244  245  246  249  250
  250  250  250  249  249  251  252  255  257  260  264  267  269  271  273  276
  278  280  282  283  285  286  287  287  287
    72.5-180.0 180.0   5.0 450.0                            LAT/LON1/LON2/DLON/H
  304  303  302  300  297  295  291  288  286  287  286  287  289  289  288  286
  286  287  287  286  285  284  281  280  277  273  269  265  261  257  253  249
  246  245  243  242  242  242  242  243  244  245  246  248  249  250  252  254
  254  253  254  252  252  253  253  256  259  262  266  270  273  276  280  283
  287  289  293  296  298  301  303  304  304
    70.0-180.0 180.0   5.0 450.0                            LAT/LON1/LON2/DLON/H
  324  324  322  320  316  310  305  301  297  296  297  297  297  296  295  292
  291  291  288  285  285  283  282  279  277  274  270  266  263  259  256  254
  251  250  249  248  248  248  249  250  250  251  252  253  254  255  256  256
  257  255  255  254  253  253  253  255  257  259  264  267  271  278  282  287
  292  297  302  309  313  318  322  324  324
    67.5-180.0 180.0   5.0 450.0                            LAT/LON1/LON2/DLON/H
  343  343  341  337  332  325  318  314  310  306  305  305  306  305  302  300
  299  294  291  288  287  285  284  282  279  277  273  270  267  264  260  258
  258  256  257  257  256  257  257  257  257  258  258  258  258  258  259  259
  258  256  254  252  250  249  248  248  249  251  255  259  264  271  277  282
  289  297  308  318  324  333  337  342  343
    65.0-180.0 180.0   5.0 450.0                            LAT/LON1/LON2/DLON/H
  355  356  354  349  344  336  327  322  318  314  313  313  315  314  312  308
  305  301  296  292  290  289  289  287  284  282  278  274  271  268  265  264
  264  264  265  265  264  265  264  263  263  264  264  263  262  262  261  260
  258  255  251  248  245  242  240  238  238  239  242  245  251  256  263  270
  279  292  305  319  329  338  347  352  355
    62.5-180.0 180.0   5.0 450.0                            LAT/LON1/LON2/DLON/H
  359  362  362  358  351  342  333  326  322  319  319  321  322  322  320  316
  312  307  302  299  296  294  294  292  289  285  282  277  274  271  270  270
  271  272  272  272  271  271  271  271  271  271  271  269  268  267  264  260
  256  252  247  243  238  234  232  227  226  226  228  231  235  240  246  253
  265  280  296  312  324  334  346  353  359
    60.0-180.0 180.0   5.0 450.0                            LAT/LON1/LON2/DLON/H
  357  362  365  362  355  347  338  330  326  324  324  327  328  328  327  324
  320  314  310  305  303  301  300  298  294  290  285  282  277  276  275  277
  278  279  279  278  278  278  278  279  280  281  281  279  276  273  268  262
  256  249  244  238  233  227  224  219  216  215  216  217  221  224  229  236
  250  263  282  296  312  325  337  349  357
    57.5-180.0 180.0   5.0 450.0                            LAT/LON1/LON2/DLON/H
  352  360  364  364  359  353  344  336  331  329  330  332  334  335  335  333
  330  325  320  316  312  310  308  304  300  295  290  286  283  281  281  283
  285  286  286  286  285  286  288  291  293  293  294  291  287  282  275  266
  257  250  243  237  231  224  221  215  211  208  207  208  210  212  216  222
  234  249  265  282  298  313  327  341  352
    55.0-180.0 180.0   5.0 450.0                            LAT/LON1/LON2/DLON/H
  345  355  363  365  365  360  353  346  341  339  339  340  342  344  345  343
  341  336  332  327  322  318  316  311  306  301  296  291  289  288  288  291
  292  295  296  296  295  297  301  305  308  310  309  306  300  293  282  271
  261  252  243  236  230  223  220  214  209  206  204  204  205  207  209  214
  222  235  250  268  285  301  318  333  345
    52.5-180.0 180.0   5.0 450.0                            LAT/LON1/LON2/DLON/H
  339  353  363  370  373  372  367  361  358  354  353  352  354  354  355  355
  353  349  343  338  333  328  323  318  313  307  302  299  298  298  298  300
  304  306  308  308  309  312  317  322  325  328  327  322  315  304  292  278
  265  253  245  237  231  226  223  217  213  209  207  206  207  207  208  211
  217  227  241  256  275  294  310  325  339
    50.0-180.0 180.0   5.0 450.0                            LAT/LON1/LON2/DLON/H
  335  351  365  377  386  389  387  383  380  375  372  369  369  368  367  368
  367  363  357  350  344  337  332  327  322  317  313  311  311  311  312  315
  317  321  322  324  325  329  334  341  344  346  344  337  328  315  300  284
  269  257  248  240  235  231  229  223  220  217  214  214  214  212  212  213
  217  224  235  252  269  288  306  320  335
    47.5-180.0 180.0   5.0 450.0                            LAT/LON1/LON2/DLON/H
  335  353  370  387  402  410  413  411  406  402  395  390  387  384  382  383
  381  378  371  364  356  349  344  340  335  331  328  327  329  329  328  332
  333  338  341  341  345  351  357  361  364  364  359  349  338  325  308  292
  277  264  254  245  242  239  237  232  229  226  223  224  223  222  220  219
  221  225  234  249  266  282  302  318  335
    45.0-180.0 180.0   5.0 450.0                            LAT/LON1/LON2/DLON/H
  336  358  379  401  421  434  440  442  436  431  422  413  407  403  400  401
  397  394  386  379  371  364  359  355  352  349  346  346  348  349  349  353
  353  357  360  362  368  375  380  383  384  380  370  358  344  330  315  300
  287  274  262  256  252  250  248  245  241  237  233  233  233  234  230  228
  227  230  237  249  264  282  299  317  336
    42.5-180.0 180.0   5.0 450.0                            LAT/LON1/LON2/DLON/H
  339  364  390  417  439  455  467  471  468  460  452  441  431  424  421  420
  417  411  403  396  388  384  380  377  374  372  370  369  371  374  374  376
  376  380  383  387  395  401  407  407  404  396  380  364  349  335  321  309
  296  285  275  272  268  266  264  259  253  249  246  244  245  246  243  239
  235  235  240  249  264  282  302  319  339
    40.0-180.0 180.0   5.0 450.0                            LAT/LON1/LON2/DLON/H
  346  372  400  430  455  474  488  496  497  491  481  469  460  450  444  442
  438  432  423  417  410  406  404  403  400  398  396  397  400  401  405  406
  404  406  409  416  425  432  432  431  425  410  391  372  355  342  330  321
  310  302  295  290  287  283  280  271  263  259  258  258  259  259  256  252
  246  242  243  252  265  283  305  325  346
    37.5-180.0 180.0   5.0 450.0                            LAT/LON1/LON2/DLON/H
  354  382  411  440  464  485  501  512  520  519  510  500  489  480  472  468
  461  456  447  442  437  434  434  432  430  427  426  429  435  437  442  439
  436  437  443  449  457  460  459  455  442  424  403  384  369  355  347  338
  330  322  316  311  308  303  298  286  276  271  271  272  273  273  270  265
  259  252  249  253  266  284  308  330  354
    35.0-180.0 180.0   5.0 450.0                            LAT/LON1/LON2/DLON/H
  361  390  420  447  470  489  505  521  534  539  537  532  523  514  505  497
  491  483  475  471  467  466  464  463  460  458  459  467  474  477  481  475
  474  475  479  482  487  488  485  475  459  440  420  402  389  377  369  360
  351  343  337  332  329  323  317  304  292  286  285  285  286  286  284  279
  272  263  255  256  266  285  308  333  361
    32.5-180.0 180.0   5.0 450.0                            LAT/LON1/LON2/DLON/H
  365  396  424  450  469  487  503  522  543  555  561  561  556  550  540  535
  525  516  507  503  500  497  494  492  489  490  494  504  513  517  522  518
  516  516  516  518  518  514  506  492  476  460  441  426  415  403  393  383
  374  365  354  352  350  341  333  319  308  302  298  297  298  297  295  292
  284  272  261  257  264  281  308  336  365
    30.0-180.0 180.0   5.0 450.0                            LAT/LON1/LON2/DLON/H
  369  397  423  446  466  481  497  517  543  564  577  585  586  582  575  571
  560  551  544  539  533  529  524  520  516  519  528  540  550  557  561  562
  558  557  554  553  547  535  522  507  489  473  460  450  439  425  414  402
  393  381  369  367  367  354  345  332  322  316  310  309  310  308  305  301
  292  277  262  257  262  277  304  335  369
    27.5-180.0 180.0   5.0 450.0                            LAT/LON1/LON2/DLON/H
  364  394  419  439  459  473  490  510  537  565  588  604  612  610  605  602
  594  586  580  574  565  559  551  545  541  546  560  574  586  595  603  603
  600  597  592  589  578  559  537  518  495  479  473  464  451  438  422  409
  400  389  375  372  370  361  351  340  333  327  321  320  319  316  312  306
  296  278  261  255  259  272  297  329  364
    25.0-180.0 180.0   5.0 450.0                            LAT/LON1/LON2/DLON/H
  352  384  410  430  449  465  481  501  530  563  593  617  629  633  630  630
  624  621  614  606  595  586  576  568  567  577  594  609  623  636  643  640
  642  637  631  627  609  581  550  528  500  480  475  465  453  434  414  402
  393  380  370  364  362  356  347  344  340  336  331  328  323  319  315  308
  295  276  259  252  252  264  286  316  352
    22.5-180.0 180.0   5.0 450.0                            LAT/LON1/LON2/DLON/H
  332  365  393  416  436  453  471  491  520  554  589  619  639  648  651  655
  654  657  650  638  621  608  598  593  600  615  631  648  661  674  681  680
  681  672  672  657  631  596  564  534  502  473  463  455  441  416  394  384
  374  363  354  352  349  344  336  338  341  338  334  329  321  317  313  305
  293  274  255  246  245  253  269  297  332
    20.0-180.0 180.0   5.0 450.0                            LAT/LON1/LON2/DLON/H
  307  340  371  399  421  440  460  481  509  541  578  612  637  653  661  671
  679  686  682  667  644  625  617  620  635  655  672  684  695  705  712  715
  713  704  692  668  636  600  562  523  485  451  435  424  404  383  365  358
  350  341  338  339  340  334  326  327  331  330  328  322  315  311  307  300
  290  273  255  244  238  241  254  274  307
    17.5-180.0 180.0   5.0 450.0                            LAT/LON1/LON2/DLON/H
  282  318  349  380  405  427  450  472  497  527  562  597  625  646  662  679
  693  702  701  686  662  638  635  647  669  693  709  721  726  729  731  733
  726  717  701  667  628  588  544  498  449  415  393  377  354  339  327  322
  316  316  323  329  332  327  320  319  320  318  316  312  305  299  294  288
  281  270  256  245  232  229  236  253  282
    15.0-180.0 180.0   5.0 450.0                            LAT/LON1/LON2/DLON/H
  258  292  331  363  392  417  438  461  486  513  544  579  610  632  654  677
  696  706  710  694  669  649  650  671  700  725  739  745  748  745  735  732
  724  717  702  668  625  581  531  477  424  383  357  336  311  294  283  286
  286  299  312  323  327  324  317  312  309  307  303  298  289  281  276  270
  268  262  254  244  230  220  220  234  258
    12.5-180.0 180.0   5.0 450.0                            LAT/LON1/LON2/DLON/H
  241  274  313  348  379  407  431  455  476  500  530  560  590  616  641  669
  692  708  713  694  668  653  662  689  722  748  757  755  750  743  726  718
  713  706  696  666  626  583  536  478  419  372  339  309  284  266  260  262
  276  295  309  321  326  322  314  303  300  295  288  280  271  261  255  250
  249  249  245  239  225  211  206  218  241
    10.0-180.0 180.0   5.0 450.0                            LAT/LON1/LON2/DLON/H
  228  260  299  336  370  401  427  451  471  493  519  547  574  601  629  658
  687  708  711  691  667  657  671  701  734  757  761  752  742  730  715  706
  702  695  684  659  627  596  553  495  435  378  331  294  267  259  263  270
  286  302  316  327  329  322  312  298  293  285  274  263  252  242  235  230
  230  231  228  225  212  197  193  204  228
     7.5-180.0 180.0   5.0 450.0                            LAT/LON1/LON2/DLON/H
  216  249  288  327  364  399  429  455  475  494  516  541  566  591  619  651
  681  702  705  689  668  663  677  708  739  756  756  743  727  714  705  700
  694  684  671  651  626  606  574  522  461  398  337  293  272  273  287  300
  311  323  334  346  344  332  319  300  291  281  266  250  237  227  219  213
  211  212  208  206  193  182  180  191  216
     5.0-180.0 180.0   5.0 450.0                            LAT/LON1/LON2/DLON/H
  205  240  278  322  363  402  438  468  489  506  525  545  568  590  617  647
  674  695  699  688  669  667  682  709  736  749  746  731  715  705  699  694
  684  673  657  639  626  611  584  540  487  421  356  317  304  310  323  343
  353  360  367  378  374  353  336  307  293  279  261  239  224  215  206  201
  197  191  189  185  178  170  169  179  205
     2.5-180.0 180.0   5.0 450.0                            LAT/LON1/LON2/DLON/H
  198  232  275  319  366  412  454  487  511  527  544  562  579  598  620  648
  670  686  691  683  670  669  683  706  729  740  736  721  708  699  693  684
  670  654  635  622  615  603  583  545  500  438  385  362  362  371  386  401
  406  404  408  408  396  360  339  306  287  270  249  226  211  202  195  189
  183  177  173  170  164  159  161  174  198
