DORISInput/IGSGIM/2024/IGS0OPSFIN_20241310000_01D_02H_GIM.INX
     1.0            IONOSPHERE MAPS     MIX                 IONEX VERSION / TYPE
cmpcmb v1.2          GRL/UWM            28-may-24 16:26     PGM / RUN BY / DATE 
ionex file containing IGS COMBINED Ionosphere maps          COMMENT             
global ionosphere maps for day 131, 2024                    DESCRIPTION         
IONEX file containing the COMBINED IGS TEC MAPS and DCBs    DESCRIPTION         
      IONEX files of the following IAACs were combined: cod DESCRIPTION         
                                                        jpl DESCRIPTION         
                                                        upc DESCRIPTION         
Contact address: Andrzej Krankowski                         DESCRIPTION
                 Geodynamics Research Laboratory            DESCRIPTION
                 University of Warmia and Mazury (GRL/UWM)  DESCRIPTION
                 Oczapowski St. 1                           DESCRIPTION
                 10-957-Olsztyn, POLAND                     DESCRIPTION
                 e-mail:  kand@uwm.edu.pl                   DESCRIPTION
                                                            DESCRIPTION         
  2024     5    10     0     0     0                        EPOCH OF FIRST MAP  
  2024     5    11     0     0     0                        EPOCH OF LAST MAP   
  7200                                                      INTERVAL            
    13                                                      # OF MAPS IN FILE   
  COSZ                                                      MAPPING FUNCTION    
     0.0                                                    ELEVATION CUTOFF    
combined TEC calculated as weighted mean of input TEC valuesOBSERVABLES USED    
   336                                                      # OF STATIONS       
    32                                                      # OF SATELLITES     
  6371.0                                                    BASE RADIUS         
     2                                                      MAP DIMENSION       
   450.0 450.0   0.0                                        HGT1 / HGT2 / DHGT  
    87.5 -87.5  -2.5                                        LAT1 / LAT2 / DLAT  
  -180.0 180.0   5.0                                        LON1 / LON2 / DLON  
    -1                                                      EXPONENT            
TEC values in 0.1 tec units;  9999, if no value available   COMMENT             
DCB values in nanoseconds, reference is Sum_of_SatDCBs = 0  COMMENT             
                                                            END OF HEADER       
[from data line 3432]
     9                                                      START OF TEC MAP    
  2024     5    10    16     0     0                        EPOCH OF CURRENT MAP
    87.5-180.0 180.0   5.0 450.0                            LAT/LON1/LON2/DLON/H
  239  240  240  241  241  242  242  243  243  244  246  247  247  248  249  249
  250  251  251  251  252  252  252  252  252  251  252  251  251  250  249  248
  248  247  247  245  245  244  244  243  242  242  242  242  241  240  240  240
  240  240  240  240  241  241  240  241  240  240  239  239  239  238  238  238
  238  238  238  238  237  238  238  238  239
    85.0-180.0 180.0   5.0 450.0                            LAT/LON1/LON2/DLON/H
  230  230  231  231  232  234  235  236  238  240  242  243  246  248  249  251
  253  254  256  257  258  259  260  260  260  260  259  257  256  254  252  250
  249  247  245  243  242  240  239  238  237  236  235  235  235  235  235  236
  236  236  237  237  238  239  240  240  240  240  239  238  238  235  234  233
  232  231  231  230  230  230  230  229  230
    82.5-180.0 180.0   5.0 450.0                            LAT/LON1/LON2/DLON/H
  218  218  218  219  220  221  222  223  225  228  231  233  236  239  242  245
  248  251  254  257  258  261  263  264  264  262  260  259  256  254  251  249
  246  243  240  238  236  234  232  231  230  229  229  230  231  232  233  235
  235  237  239  240  242  243  244  244  245  244  243  242  241  237  233  231
  229  227  225  223  222  221  220  219  218
    80.0-180.0 180.0   5.0 450.0                            LAT/LON1/LON2/DLON/H
  209  207  206  205  205  206  208  210  213  214  218  222  225  229  235  238
  241  245  249  253  255  258  261  264  264  264  263  261  257  254  251  248
  243  240  234  230  226  225  223  223  223  224  225  227  229  232  235  239
  242  245  247  250  252  253  254  254  254  253  251  248  245  241  236  232
  228  225  222  219  216  214  212  210  209
    77.5-180.0 180.0   5.0 450.0                            LAT/LON1/LON2/DLON/H
  202  200  198  196  195  195  194  196  197  199  203  207  211  217  222  229
  234  239  244  250  253  255  261  263  266  266  263  260  258  254  249  244
  241  237  234  230  226  222  219  218  219  221  224  227  231  236  242  247
  253  258  262  265  267  268  268  266  264  261  258  255  250  245  240  235
  230  227  223  219  216  212  209  205  202
    75.0-180.0 180.0   5.0 450.0                            LAT/LON1/LON2/DLON/H
  203  200  196  192  189  187  187  187  189  192  195  200  205  210  213  215
  221  230  236  241  246  253  260  264  264  265  264  263  258  254  249  246
  240  236  233  229  226  223  221  220  220  223  226  230  236  243  250  258
  265  272  277  281  283  284  282  279  274  268  263  258  253  248  243  238
  234  231  228  223  218  214  211  207  203
    72.5-180.0 180.0   5.0 450.0                            LAT/LON1/LON2/DLON/H
  209  205  201  198  194  191  189  188  190  192  195  199  201  203  205  211
  215  223  230  235  244  253  261  264  265  266  265  262  258  255  251  247
  244  240  236  233  230  227  224  223  224  227  231  236  243  250  259  267
  275  283  289  292  295  295  292  287  280  272  265  258  252  247  242  238
  236  234  231  228  225  221  218  213  209
    70.0-180.0 180.0   5.0 450.0                            LAT/LON1/LON2/DLON/H
  220  217  213  211  206  203  201  201  200  201  203  204  205  205  209  210
  214  224  229  236  246  256  263  266  266  268  266  264  262  256  254  251
  248  244  241  238  235  232  230  228  230  232  236  241  248  256  264  272
  281  289  294  296  297  297  293  287  280  271  262  254  247  241  236  234
  233  233  233  233  231  229  226  224  220
    67.5-180.0 180.0   5.0 450.0                            LAT/LON1/LON2/DLON/H
  232  231  229  227  227  224  221  219  218  218  218  218  218  218  218  219
  226  230  237  246  254  261  266  268  268  269  267  265  262  259  257  255
  252  251  249  246  243  241  239  237  236  239  241  245  250  257  264  272
  280  287  292  293  293  291  288  282  273  264  254  244  238  231  228  226
  225  227  229  230  231  232  233  233  232
    65.0-180.0 180.0   5.0 450.0                            LAT/LON1/LON2/DLON/H
  237  240  243  244  245  246  243  239  236  238  238  235  233  232  232  233
  236  243  251  258  263  269  272  273  271  270  266  263  260  259  257  257
  256  257  258  257  255  252  250  247  246  247  248  250  253  258  263  269
  275  281  283  283  283  281  277  270  260  251  242  232  225  220  217  214
  214  215  217  221  224  226  230  235  237
    62.5-180.0 180.0   5.0 450.0                            LAT/LON1/LON2/DLON/H
  233  241  249  255  259  260  260  256  254  253  251  247  245  243  243  245
  249  256  262  269  273  277  280  278  273  268  263  259  257  257  258  259
  262  263  265  266  264  262  259  258  257  257  257  258  258  261  264  267
  270  273  273  274  272  270  265  257  247  239  230  221  215  210  206  203
  201  200  200  204  207  211  219  225  233
    60.0-180.0 180.0   5.0 450.0                            LAT/LON1/LON2/DLON/H
  223  235  247  256  264  268  270  269  267  263  258  253  249  247  249  252
  257  264  270  277  281  285  285  281  275  267  261  258  256  257  260  264
  268  270  273  275  274  273  271  270  270  271  271  271  270  269  269  269
  271  271  272  270  266  262  256  248  237  230  222  216  210  205  198  193
  189  186  184  186  189  194  203  213  223
    57.5-180.0 180.0   5.0 450.0                            LAT/LON1/LON2/DLON/H
  208  223  237  252  263  271  275  274  271  265  259  254  249  249  250  254
  261  269  276  283  287  291  290  285  278  270  264  262  261  263  267  272
  278  280  284  285  285  284  285  285  286  287  288  288  285  283  279  277
  277  277  277  273  268  261  255  246  236  230  222  217  212  205  197  189
  182  176  173  171  172  176  186  196  208
    55.0-180.0 180.0   5.0 450.0                            LAT/LON1/LON2/DLON/H
  192  208  226  243  256  266  271  270  267  260  254  249  245  245  249  255
  264  275  283  289  294  297  297  293  288  280  273  273  272  276  281  286
  292  295  298  299  299  299  300  302  304  306  308  307  304  301  295  292
  290  289  286  282  275  267  261  252  245  239  232  227  223  216  206  194
  183  175  168  165  162  165  171  180  192
    52.5-180.0 180.0   5.0 450.0                            LAT/LON1/LON2/DLON/H
  179  195  213  230  245  256  263  264  261  255  249  244  241  243  248  259
  271  283  292  299  303  306  309  307  304  296  291  290  290  293  298  304
  309  313  316  318  316  318  319  321  323  327  330  330  326  322  315  310
  307  304  300  295  288  281  274  266  260  254  249  245  241  234  223  210
  196  183  173  166  161  160  162  169  179
    50.0-180.0 180.0   5.0 450.0                            LAT/LON1/LON2/DLON/H
  171  182  199  218  235  249  258  261  260  256  251  246  244  247  254  268
  282  296  306  314  318  322  326  327  324  320  316  315  314  316  320  325
  330  334  336  339  338  339  340  342  344  348  352  350  348  343  336  330
  324  320  315  309  303  296  289  281  276  271  266  263  260  254  244  230
  214  200  187  176  170  165  163  165  171
    47.5-180.0 180.0   5.0 450.0                            LAT/LON1/LON2/DLON/H
  172  179  191  210  229  245  259  267  269  267  264  261  261  264  272  286
  301  316  326  335  342  346  351  353  352  350  347  347  343  344  344  346
  349  355  360  361  364  365  365  364  366  370  371  370  368  363  355  348
  341  335  328  321  314  307  301  294  288  283  279  277  276  270  262  250
  235  221  208  196  187  179  173  170  172
    45.0-180.0 180.0   5.0 450.0                            LAT/LON1/LON2/DLON/H
  180  183  192  207  226  245  263  279  287  287  286  286  288  293  301  314
  328  342  354  364  371  377  383  386  387  387  382  380  376  372  370  370
  371  377  384  388  392  393  392  391  391  391  391  389  386  380  372  365
  355  348  339  330  321  313  307  300  295  289  285  285  285  282  276  268
  256  243  233  221  211  200  192  184  180
    42.5-180.0 180.0   5.0 450.0                            LAT/LON1/LON2/DLON/H
  193  190  195  208  226  248  272  293  307  312  316  320  323  327  334  348
  361  375  387  397  407  413  421  425  427  428  421  416  409  402  398  396
  397  406  413  419  424  424  424  420  417  415  411  408  404  397  388  380
  368  358  346  337  327  317  309  302  295  288  285  284  286  288  286  281
  273  264  255  245  236  224  212  202  193
    40.0-180.0 180.0   5.0 450.0                            LAT/LON1/LON2/DLON/H
  206  199  200  211  228  252  281  307  328  343  350  355  361  364  371  382
  394  410  422  434  444  451  459  463  466  469  460  452  445  434  432  430
  432  441  449  459  464  465  459  455  449  442  437  431  425  417  406  396
  380  367  355  343  331  322  312  305  296  288  285  286  289  292  292  289
  285  279  273  263  257  245  232  220  206
    37.5-180.0 180.0   5.0 450.0                            LAT/LON1/LON2/DLON/H
  219  209  207  216  233  259  291  321  349  372  385  393  397  402  406  414
  425  440  455  471  482  490  495  499  502  506  500  490  485  477  477  477
  480  491  503  508  511  508  501  494  486  477  469  459  455  441  430  415
  396  381  368  355  342  332  321  313  303  295  293  296  299  301  301  299
  298  295  290  280  271  260  247  234  219
    35.0-180.0 180.0   5.0 450.0                            LAT/LON1/LON2/DLON/H
  229  218  215  222  240  268  300  334  367  396  415  425  430  435  437  440
  450  465  482  503  517  526  530  533  536  542  538  534  529  526  532  533
  545  555  566  565  563  557  547  539  530  518  509  500  491  473  462  445
  421  407  390  379  366  356  343  333  322  314  314  318  320  322  320  318
  318  314  307  295  283  270  259  245  229
    32.5-180.0 180.0   5.0 450.0                            LAT/LON1/LON2/DLON/H
  239  228  225  230  248  274  305  340  377  410  433  446  454  459  459  463
  470  484  504  528  545  558  564  565  570  576  575  578  579  581  594  605
  620  631  634  634  626  611  600  590  579  563  556  549  533  512  499  480
  456  440  426  418  404  393  381  369  357  350  351  356  356  356  351  347
  341  334  325  310  297  281  268  254  239
    30.0-180.0 180.0   5.0 450.0                            LAT/LON1/LON2/DLON/H
  249  241  238  242  259  283  310  340  375  412  441  456  466  473  474  476
  484  501  523  547  569  590  596  596  601  608  614  624  635  644  664  688
  703  714  712  706  687  663  650  640  626  617  606  593  571  549  534  514
  493  480  471  467  453  442  431  420  408  402  403  409  407  405  395  385
  372  360  345  327  309  293  278  264  249
    27.5-180.0 180.0   5.0 450.0                            LAT/LON1/LON2/DLON/H
  262  255  254  259  274  293  315  337  366  399  436  456  472  480  483  487
  497  518  539  563  588  613  619  622  629  640  654  676  696  713  745  772
  789  798  789  777  751  724  700  687  674  661  646  627  605  584  564  547
  532  521  516  514  506  493  484  475  464  460  462  470  466  457  444  431
  409  388  365  343  321  303  289  275  262
    25.0-180.0 180.0   5.0 450.0                            LAT/LON1/LON2/DLON/H
  274  270  269  275  287  303  317  332  355  385  422  450  470  485  493  502
  511  535  557  581  602  626  635  644  656  674  699  728  754  785  816  842
  863  869  854  837  807  771  746  732  720  702  680  661  636  610  587  574
  560  555  552  552  548  536  530  523  514  511  516  524  520  504  491  475
  445  416  384  355  331  313  297  283  274
    22.5-180.0 180.0   5.0 450.0                            LAT/LON1/LON2/DLON/H
  282  279  281  286  294  305  317  327  342  367  403  441  469  491  507  524
  532  554  574  599  617  635  649  666  684  713  748  781  813  846  874  893
  913  913  902  880  847  810  792  777  766  741  711  694  669  629  596  583
  573  575  575  569  571  560  551  544  541  542  549  555  551  533  520  497
  465  433  400  367  342  321  305  291  282
    20.0-180.0 180.0   5.0 450.0                            LAT/LON1/LON2/DLON/H
  289  284  283  289  295  303  313  322  333  354  388  430  466  496  521  544
  554  575  592  613  629  642  662  686  714  754  795  829  864  889  908  922
  937  938  924  898  866  836  819  808  792  767  740  717  687  635  590  573
  567  566  558  553  552  546  537  533  534  539  547  548  544  525  511  486
  461  434  406  377  353  336  316  302  289
    17.5-180.0 180.0   5.0 450.0                            LAT/LON1/LON2/DLON/H
  296  286  281  283  291  300  309  318  329  347  380  420  461  499  534  560
  574  595  610  625  636  649  674  706  745  792  834  868  899  912  921  929
  938  938  926  897  866  840  825  821  802  788  763  729  687  626  571  543
  529  522  508  501  499  498  493  495  501  512  520  519  513  492  476  456
  437  417  396  377  362  347  331  311  296
    15.0-180.0 180.0   5.0 450.0                            LAT/LON1/LON2/DLON/H
  303  288  278  275  283  295  303  313  327  348  377  417  461  503  542  573
  592  611  623  633  642  656  686  725  770  822  864  889  913  913  913  918
  919  917  910  889  865  839  825  824  815  806  778  732  674  607  539  499
  473  454  442  436  434  437  437  446  458  476  485  482  474  452  430  415
  404  389  376  365  358  351  338  320  303
    12.5-180.0 180.0   5.0 450.0                            LAT/LON1/LON2/DLON/H
  307  290  274  267  271  283  296  311  326  350  381  419  462  505  544  580
  607  624  634  642  652  664  695  739  789  839  878  898  908  898  892  892
  891  891  891  880  866  847  836  834  832  822  787  727  663  588  516  457
  420  399  385  381  382  388  392  406  424  445  454  447  436  408  389  378
  369  361  352  348  345  342  335  321  307
    10.0-180.0 180.0   5.0 450.0                            LAT/LON1/LON2/DLON/H
  307  291  270  254  255  266  283  304  326  353  385  422  463  506  547  585
  617  637  646  655  662  676  706  753  805  849  879  893  894  879  871  866
  866  873  877  873  867  860  856  855  843  826  786  728  654  579  501  436
  394  372  361  359  364  370  381  396  413  431  440  432  414  384  365  351
  343  338  330  329  330  329  326  315  307
     7.5-180.0 180.0   5.0 450.0                            LAT/LON1/LON2/DLON/H
  302  286  263  237  232  243  266  295  325  357  390  426  466  507  548  586
  621  646  661  672  676  691  720  767  818  854  874  881  877  866  859  853
  856  864  870  870  869  868  868  863  847  822  782  726  660  584  506  444
  405  388  382  387  393  397  409  421  434  448  453  442  418  383  360  340
  329  323  317  314  314  315  316  308  302
     5.0-180.0 180.0   5.0 450.0                            LAT/LON1/LON2/DLON/H
  296  279  253  222  210  220  246  283  322  359  396  431  469  507  546  584
  621  652  673  684  692  708  737  779  823  853  866  867  862  859  855  855
  863  868  870  871  871  871  867  857  841  812  772  721  668  605  538  491
  460  454  454  461  461  454  462  472  485  493  491  472  441  396  370  346
  331  322  314  307  305  306  308  302  296
     2.5-180.0 180.0   5.0 450.0                            LAT/LON1/LON2/DLON/H
  290  273  247  214  193  202  231  271  318  359  398  436  471  509  545  585
  622  655  681  698  710  725  753  790  827  850  857  856  854  859  862  867
  873  874  871  868  867  863  853  838  821  792  754  713  675  626  582  555
  543  554  556  559  548  530  526  534  543  543  530  503  468  420  386  365
  348  332  319  308  302  302  304  298  290
