DORISInput/IGSGIM/2024/IGS0OPSFIN_20241410000_01D_02H_GIM.INX
     1.0            IONOSPHERE MAPS     MIX                 IONEX VERSION / TYPE
cmpcmb v1.2          GRL/UWM             5-jun-24 16:22     PGM / RUN BY / DATE 
ionex file containing IGS COMBINED Ionosphere maps          COMMENT             
global ionosphere maps for day 141, 2024                    DESCRIPTION         
IONEX file containing the COMBINED IGS TEC MAPS and DCBs    DESCRIPTION         
      IONEX files of the following IAACs were combined: cod DESCRIPTION         
                                                        jpl DESCRIPTION         
                                                        upc DESCRIPTION         
Contact address: Andrzej Krankowski                         DESCRIPTION
                 Geodynamics Research Laboratory            DESCRIPTION
                 University of Warmia and Mazury (GRL/UWM)  DESCRIPTION
                 Oczapowski St. 1                           DESCRIPTION
                 10-957-Olsztyn, POLAND                     DESCRIPTION
                 e-mail:  kand@uwm.edu.pl                   DESCRIPTION
                                                            DESCRIPTION         
  2024     5    20     0     0     0                        EPOCH OF FIRST MAP  
  2024     5    21     0     0     0                        EPOCH OF LAST MAP   
  7200                                                      INTERVAL            
    13                                                      # OF MAPS IN FILE   
  COSZ                                                      MAPPING FUNCTION    
     0.0                                                    ELEVATION CUTOFF    
combined TEC calculated as weighted mean of input TEC valuesOBSERVABLES USED    
   338                                                      # OF STATIONS       
    32                                                      # OF SATELLITES     
  6371.0                                                    BASE RADIUS         
     2                                                      MAP DIMENSION       
   450.0 450.0   0.0                                        HGT1 / HGT2 / DHGT  
    87.5 -87.5  -2.5                                        LAT1 / LAT2 / DLAT  
  -180.0 180.0   5.0                                        LON1 / LON2 / DLON  
    -1                                                      EXPONENT            
TEC values in 0.1 tec units;  9999, if no value available   COMMENT             
DCB values in nanoseconds, reference is Sum_of_SatDCBs = 0  COMMENT             
                                                            END OF HEADER       
[from data line 3861]
    10                                                      START OF TEC MAP    
  2024     5    20    18     0     0                        EPOCH OF CURRENT MAP
    87.5-180.0 180.0   5.0 450.0                            LAT/LON1/LON2/DLON/H
  266  268  268  268  268  269  269  270  270  270  271  271  271  272  272  272
  272  271  271  271  270  269  268  268  268  266  266  265  264  263  262  262
  261  260  259  259  258  258  257  256  256  256  256  255  256  256  256  257
  257  258  258  258  259  259  260  260  261  262  263  263  264  264  265  265
  266  266  266  267  267  267  267  266  266
    85.0-180.0 180.0   5.0 450.0                            LAT/LON1/LON2/DLON/H
  265  266  267  267  269  269  271  272  273  275  276  277  278  279  280  280
  280  279  278  277  277  276  274  272  271  270  268  266  264  261  259  258
  256  255  253  253  251  251  250  249  249  249  248  249  249  249  250  251
  252  253  254  255  256  257  258  260  261  262  264  264  265  265  266  266
  266  265  265  264  263  264  263  264  265
    82.5-180.0 180.0   5.0 450.0                            LAT/LON1/LON2/DLON/H
  261  261  261  261  262  263  264  267  269  271  275  277  279  281  283  284
  285  285  286  286  284  281  279  276  273  270  267  266  264  262  260  258
  256  254  252  251  250  249  249  248  247  246  247  247  248  249  249  250
  251  252  254  255  256  258  259  261  263  265  266  267  267  268  267  267
  266  264  262  261  260  261  261  261  261
    80.0-180.0 180.0   5.0 450.0                            LAT/LON1/LON2/DLON/H
  255  253  252  253  254  257  260  264  267  271  274  278  281  282  284  286
  287  289  290  290  289  287  283  279  277  275  272  269  267  264  261  258
  256  254  252  250  249  249  249  249  249  250  250  250  251  252  253  253
  255  255  257  259  261  262  264  266  268  270  271  272  272  272  271  270
  269  267  264  263  262  261  259  257  255
    77.5-180.0 180.0   5.0 450.0                            LAT/LON1/LON2/DLON/H
  251  248  247  248  251  254  258  261  264  268  272  276  280  282  283  284
  283  284  284  283  283  285  284  283  282  279  277  274  272  270  266  264
  262  260  258  255  253  252  253  254  254  255  256  257  258  258  258  260
  260  261  263  265  268  269  271  271  272  274  275  276  275  275  275  274
  272  270  268  266  263  261  257  254  251
    75.0-180.0 180.0   5.0 450.0                            LAT/LON1/LON2/DLON/H
  252  249  249  250  253  256  258  261  265  268  272  275  277  279  280  280
  279  280  280  280  283  285  285  284  286  286  284  281  279  276  273  270
  267  265  263  262  261  261  260  261  262  263  264  264  264  264  265  266
  266  267  269  270  272  273  274  273  274  274  275  275  274  274  274  274
  272  271  269  266  264  262  259  256  252
    72.5-180.0 180.0   5.0 450.0                            LAT/LON1/LON2/DLON/H
  260  258  257  258  260  261  264  266  269  274  277  280  281  280  279  279
  277  275  274  276  279  283  284  285  287  290  289  288  287  285  282  278
  275  273  271  270  270  271  271  271  272  272  272  271  271  271  271  271
  270  270  272  273  273  273  274  273  272  271  270  269  268  268  268  268
  267  268  266  265  265  265  264  262  260
    70.0-180.0 180.0   5.0 450.0                            LAT/LON1/LON2/DLON/H
  271  270  269  269  270  272  274  276  279  283  286  288  286  283  281  279
  275  271  272  272  277  281  284  288  290  294  295  295  293  292  290  289
  285  282  281  280  281  281  282  282  282  281  280  279  277  276  274  272
  272  272  272  272  271  270  269  267  265  263  261  259  257  257  257  259
  260  262  264  266  268  271  272  272  271
    67.5-180.0 180.0   5.0 450.0                            LAT/LON1/LON2/DLON/H
  284  286  284  284  284  285  286  288  290  292  293  294  291  287  283  279
  274  270  270  270  276  280  284  290  295  297  299  300  299  298  297  296
  294  292  292  290  291  292  292  292  291  290  288  285  282  279  275  273
  271  269  268  267  265  262  260  256  253  250  246  244  241  241  243  246
  250  255  261  268  274  279  282  285  284
    65.0-180.0 180.0   5.0 450.0                            LAT/LON1/LON2/DLON/H
  299  301  301  300  299  298  298  299  300  301  301  299  295  289  284  279
  273  270  269  271  275  280  286  293  298  301  302  304  304  303  304  303
  304  305  303  301  301  302  301  300  299  297  295  291  286  282  277  272
  269  266  263  259  256  252  249  242  237  233  228  225  223  222  225  229
  236  244  253  263  273  283  290  297  299
    62.5-180.0 180.0   5.0 450.0                            LAT/LON1/LON2/DLON/H
  309  312  315  314  312  310  308  308  309  308  307  303  299  292  285  279
  274  271  270  272  276  282  288  295  299  302  304  306  308  309  311  313
  315  316  314  313  312  311  309  308  307  305  302  297  292  286  280  272
  267  263  258  253  246  240  236  227  221  216  210  207  205  204  208  212
  220  229  240  252  266  280  293  302  309
    60.0-180.0 180.0   5.0 450.0                            LAT/LON1/LON2/DLON/H
  310  317  321  323  321  319  317  317  315  314  313  307  301  293  286  280
  275  273  271  274  278  283  289  294  299  303  305  308  311  315  320  324
  327  329  328  327  324  321  318  317  316  314  311  306  299  291  283  274
  268  262  255  246  238  229  223  215  208  203  198  195  192  192  194  198
  205  213  224  238  254  272  288  301  310
    57.5-180.0 180.0   5.0 450.0                            LAT/LON1/LON2/DLON/H
  308  318  323  326  326  326  325  325  323  320  315  309  301  292  285  279
  276  274  274  275  278  282  288  293  297  302  305  311  317  323  332  339
  344  345  344  342  338  333  330  329  326  325  322  316  309  299  289  280
  272  264  254  242  234  223  217  207  200  196  193  190  187  185  185  188
  192  200  211  226  242  261  280  295  308
    55.0-180.0 180.0   5.0 450.0                            LAT/LON1/LON2/DLON/H
  304  316  323  328  332  332  333  334  332  327  319  311  300  290  283  278
  275  274  275  276  277  280  284  289  294  301  306  315  323  334  345  355
  362  363  363  358  352  347  344  341  341  338  336  330  321  310  299  287
  277  266  253  242  233  222  216  207  202  199  196  193  189  185  183  182
  186  192  203  217  234  253  271  289  304
    52.5-180.0 180.0   5.0 450.0                            LAT/LON1/LON2/DLON/H
  303  318  326  334  339  342  344  344  343  337  327  315  303  291  282  277
  275  275  275  275  276  278  281  285  293  301  310  322  333  346  360  372
  378  381  380  375  369  363  360  357  355  354  352  345  336  324  310  296
  283  269  255  245  236  226  222  214  210  208  205  202  197  192  187  184
  185  190  199  212  229  250  268  286  303
    50.0-180.0 180.0   5.0 450.0                            LAT/LON1/LON2/DLON/H
  308  324  336  343  351  357  359  361  358  351  340  326  311  297  286  280
  277  277  277  277  276  277  280  286  295  307  318  332  345  361  375  387
  394  396  395  391  384  380  376  375  372  370  367  359  349  335  321  306
  290  274  260  248  240  234  231  224  221  218  215  212  206  199  194  190
  190  193  202  215  230  250  271  291  308
    47.5-180.0 180.0   5.0 450.0                            LAT/LON1/LON2/DLON/H
  320  337  350  359  370  376  379  380  376  370  357  341  324  307  294  286
  283  282  282  282  281  281  284  292  304  318  332  346  359  373  387  397
  403  407  408  405  400  397  394  394  390  386  380  371  360  347  330  314
  296  279  265  253  245  241  239  233  230  226  224  220  213  205  200  196
  196  200  206  219  236  254  277  299  320
    45.0-180.0 180.0   5.0 450.0                            LAT/LON1/LON2/DLON/H
  333  355  370  381  393  401  405  407  405  395  379  361  340  323  308  299
  294  294  293  294  292  292  297  305  319  335  351  365  376  387  395  405
  410  415  417  417  417  417  415  412  409  401  392  382  370  354  338  320
  300  285  270  260  253  249  247  241  238  234  230  226  220  212  207  203
  202  204  211  223  240  263  285  310  333
    42.5-180.0 180.0   5.0 450.0                            LAT/LON1/LON2/DLON/H
  349  376  393  408  420  431  436  438  431  422  406  388  367  345  328  318
  313  313  313  315  313  313  319  328  342  359  376  389  398  405  408  414
  419  426  431  433  436  437  437  432  426  416  405  393  380  362  342  325
  305  291  278  270  264  258  256  249  245  239  232  228  224  218  213  209
  206  207  214  224  242  266  295  324  349
    40.0-180.0 180.0   5.0 450.0                            LAT/LON1/LON2/DLON/H
  370  396  417  433  447  458  464  466  460  453  438  418  399  375  359  346
  340  341  343  345  344  345  350  359  372  387  402  419  426  426  430  434
  439  447  452  457  461  463  460  455  447  437  421  407  392  372  352  333
  315  301  289  281  274  269  267  258  253  245  237  232  228  224  219  213
  209  209  214  225  241  265  298  334  370
    37.5-180.0 180.0   5.0 450.0                            LAT/LON1/LON2/DLON/H
  381  415  437  455  469  482  488  489  486  483  473  455  432  415  397  383
  376  378  381  386  384  384  388  396  408  419  432  452  460  461  467  471
  476  486  490  494  496  496  490  484  475  460  446  430  412  390  367  347
  329  316  305  296  289  282  279  271  262  255  248  242  238  235  230  224
  217  213  216  223  238  262  298  338  381
    35.0-180.0 180.0   5.0 450.0                            LAT/LON1/LON2/DLON/H
  385  426  452  470  486  498  506  510  511  509  507  494  475  459  443  426
  420  421  427  433  430  428  429  435  446  455  470  491  506  512  522  525
  537  544  549  545  543  538  528  518  505  490  477  463  445  416  391  369
  352  338  327  319  311  303  299  290  282  273  267  262  258  256  250  243
  233  225  223  224  236  260  294  340  385
    32.5-180.0 180.0   5.0 450.0                            LAT/LON1/LON2/DLON/H
  382  425  455  475  492  507  517  525  531  534  535  529  518  507  491  480
  470  472  479  484  479  474  470  473  483  497  516  543  564  577  594  601
  614  622  623  618  602  593  579  561  542  522  512  503  484  455  424  399
  384  369  357  349  339  330  327  320  313  305  298  294  291  288  282  274
  259  246  237  231  236  256  292  337  382
    30.0-180.0 180.0   5.0 450.0                            LAT/LON1/LON2/DLON/H
  380  416  448  470  488  505  520  532  544  551  555  557  555  550  541  532
  523  525  529  535  528  517  511  514  523  543  567  600  635  659  674  689
  706  714  708  697  678  651  630  604  578  563  553  545  532  508  461  435
  413  397  385  377  367  364  362  357  354  349  343  336  336  332  328  318
  298  279  262  247  243  254  286  332  380
    27.5-180.0 180.0   5.0 450.0                            LAT/LON1/LON2/DLON/H
  371  407  437  457  477  494  513  532  547  558  567  577  587  592  586  582
  574  574  581  584  574  558  551  555  565  594  625  668  717  743  767  791
  801  811  803  787  760  717  685  648  614  604  595  584  579  549  500  470
  442  420  407  398  391  389  390  393  396  397  393  386  388  384  379  368
  347  321  295  272  261  261  285  326  371
    25.0-180.0 180.0   5.0 450.0                            LAT/LON1/LON2/DLON/H
  364  396  422  440  460  481  504  524  543  558  572  591  609  622  623  624
  617  625  629  629  616  599  593  598  613  647  692  748  798  835  860  868
  878  885  873  858  824  773  727  674  635  628  619  604  601  575  536  500
  463  433  421  413  409  406  408  421  430  437  435  432  432  430  421  411
  393  367  333  308  288  277  292  325  364
    22.5-180.0 180.0   5.0 450.0                            LAT/LON1/LON2/DLON/H
  360  387  408  426  444  466  492  516  537  554  571  597  623  640  650  656
  656  666  671  670  657  642  641  651  676  711  758  815  869  908  914  911
  920  916  903  890  848  797  740  666  623  620  614  596  590  581  533  492
  460  433  423  417  414  414  417  436  449  460  457  459  454  449  448  441
  426  402  369  340  312  301  309  330  360
    20.0-180.0 180.0   5.0 450.0                            LAT/LON1/LON2/DLON/H
  355  376  395  411  431  454  482  510  533  549  569  600  628  653  669  679
  687  702  709  708  695  686  693  710  744  780  820  866  915  937  928  924
  929  920  903  885  850  798  721  628  579  589  578  560  556  548  499  464
  439  419  413  409  408  410  415  433  448  460  457  458  452  450  453  452
  440  417  384  357  332  322  321  332  355
    17.5-180.0 180.0   5.0 450.0                            LAT/LON1/LON2/DLON/H
  346  371  384  400  421  447  479  510  533  549  573  602  632  661  683  697
  711  732  743  743  732  735  746  771  807  844  877  907  940  938  926  923
  920  899  881  856  822  776  685  590  537  536  522  508  501  489  454  432
  415  403  398  397  397  401  407  418  429  440  442  441  435  434  438  437
  429  407  377  353  333  321  318  328  346
    15.0-180.0 180.0   5.0 450.0                            LAT/LON1/LON2/DLON/H
  334  360  379  396  416  446  481  514  539  555  578  605  637  669  696  712
  731  756  774  777  775  787  803  831  864  897  921  939  943  923  902  898
  889  862  847  826  797  753  661  568  510  487  465  451  437  422  403  397
  392  386  384  383  385  390  396  403  409  419  421  419  412  406  407  405
  395  378  353  335  318  305  302  315  334
    12.5-180.0 180.0   5.0 450.0                            LAT/LON1/LON2/DLON/H
  327  350  371  391  417  451  489  521  548  566  586  613  646  681  712  733
  754  781  803  812  818  836  857  884  912  940  951  949  929  894  859  852
  847  831  820  805  779  734  653  567  503  460  429  404  381  359  354  362
  367  369  372  374  376  383  387  394  400  404  401  396  386  374  368  363
  353  337  319  306  292  284  284  304  327
    10.0-180.0 180.0   5.0 450.0                            LAT/LON1/LON2/DLON/H
  318  342  366  391  421  459  500  534  561  579  599  626  660  697  731  757
  781  811  834  851  859  878  902  929  949  967  962  943  908  863  827  815
  819  816  808  795  771  730  659  584  521  471  427  385  348  322  319  336
  348  363  377  381  384  389  391  393  397  394  386  374  359  342  328  320
  309  295  280  271  260  258  264  287  318
     7.5-180.0 180.0   5.0 450.0                            LAT/LON1/LON2/DLON/H
  298  331  363  397  428  470  514  552  580  600  620  645  678  716  750  781
  809  842  869  884  901  914  934  955  968  972  960  929  890  853  820  807
  816  820  816  801  779  744  689  623  556  499  450  395  347  318  315  330
  353  384  405  411  413  413  409  405  401  393  379  358  335  312  294  283
  267  254  244  237  230  230  239  261  298
     5.0-180.0 180.0   5.0 450.0                            LAT/LON1/LON2/DLON/H
  280  322  363  399  438  484  531  576  608  627  647  672  701  739  771  805
  832  867  897  918  934  942  954  963  967  961  942  913  881  856  833  826
  836  845  841  824  802  777  737  678  602  537  481  424  371  338  336  357
  394  434  454  465  460  451  440  427  412  397  375  346  315  286  265  251
  237  225  216  209  208  207  217  245  280
     2.5-180.0 180.0   5.0 450.0                            LAT/LON1/LON2/DLON/H
  264  309  356  404  448  499  552  600  637  662  682  702  729  760  793  825
  853  885  914  937  951  957  960  960  954  943  923  900  878  865  857  862
  875  880  869  852  834  813  778  723  650  588  528  469  416  388  391  425
  462  502  519  528  508  486  468  444  420  399  371  334  296  266  246  234
  220  208  200  194  194  196  206  230  264
