DORISInput/IGSGIM/2024/IGS0OPSFIN_20241480000_01D_02H_GIM.INX
     1.0            IONOSPHERE MAPS     MIX                 IONEX VERSION / TYPE
cmpcmb v1.2          GRL/UWM            12-jun-24 16:07     PGM / RUN BY / DATE 
ionex file containing IGS COMBINED Ionosphere maps          COMMENT             
global ionosphere maps for day 148, 2024                    DESCRIPTION         
IONEX file containing the COMBINED IGS TEC MAPS and DCBs    DESCRIPTION         
      IONEX files of the following IAACs were combined: cod DESCRIPTION         
                                                        jpl DESCRIPTION         
                                                        upc DESCRIPTION         
Contact address: Andrzej Krankowski                         DESCRIPTION
                 Geodynamics Research Laboratory            DESCRIPTION
                 University of Warmia and Mazury (GRL/UWM)  DESCRIPTION
                 Oczapowski St. 1                           DESCRIPTION
                 10-957-Olsztyn, POLAND                     DESCRIPTION
                 e-mail:  kand@uwm.edu.pl                   DESCRIPTION
                                                            DESCRIPTION         
  2024     5    27     0     0     0                        EPOCH OF FIRST MAP  
  2024     5    28     0     0     0                        EPOCH OF LAST MAP   
  7200                                                      INTERVAL            
    13                                                      # OF MAPS IN FILE   
  COSZ                                                      MAPPING FUNCTION    
     0.0                                                    ELEVATION CUTOFF    
combined TEC calculated as weighted mean of input TEC valuesOBSERVABLES USED    
   334                                                      # OF STATIONS       
    32                                                      # OF SATELLITES     
  6371.0                                                    BASE RADIUS         
     2                                                      MAP DIMENSION       
   450.0 450.0   0.0                                        HGT1 / HGT2 / DHGT  
    87.5 -87.5  -2.5                                        LAT1 / LAT2 / DLAT  
  -180.0 180.0   5.0                                        LON1 / LON2 / DLON  
    -1                                                      EXPONENT            
TEC values in 0.1 tec units;  9999, if no value available   COMMENT             
DCB values in nanoseconds, reference is Sum_of_SatDCBs = 0  COMMENT             
                                                            END OF HEADER       
[from data line 3861]
    10                                                      START OF TEC MAP    
  2024     5    27    18     0     0                        EPOCH OF CURRENT MAP
    87.5-180.0 180.0   5.0 450.0                            LAT/LON1/LON2/DLON/H
  236  236  236  235  236  236  236  236  236  236  235  235  235  235  235  235
  234  234  234  233  233  232  232  231  230  230  229  228  228  227  227  226
  226  225  225  225  225  224  224  224  224  224  224  225  225  226  226  226
  226  227  227  227  228  228  229  230  230  230  230  231  231  231  232  232
  232  233  233  233  234  234  235  236  236
    85.0-180.0 180.0   5.0 450.0                            LAT/LON1/LON2/DLON/H
  237  237  237  237  238  238  238  239  239  239  240  240  240  240  240  239
  239  239  238  238  237  237  236  235  233  232  231  230  228  228  226  225
  224  222  221  220  218  218  218  217  217  218  218  219  220  221  222  222
  224  225  226  227  229  230  231  232  232  233  233  233  234  235  235  235
  237  237  237  238  238  238  238  238  237
    82.5-180.0 180.0   5.0 450.0                            LAT/LON1/LON2/DLON/H
  236  235  235  235  236  237  238  238  240  240  242  243  243  244  245  245
  245  245  244  244  242  241  241  241  239  238  236  233  231  228  226  224
  222  220  218  216  216  214  214  214  214  215  215  216  216  218  219  221
  222  224  226  227  229  231  233  235  236  236  237  237  237  238  238  239
  239  239  239  238  238  237  236  236  236
    80.0-180.0 180.0   5.0 450.0                            LAT/LON1/LON2/DLON/H
  231  231  231  232  233  234  235  237  239  241  243  245  246  247  246  246
  246  244  244  243  243  246  246  245  243  241  239  237  234  231  229  225
  223  220  218  217  215  213  212  211  212  213  214  215  216  218  220  222
  224  226  228  230  232  234  235  238  239  240  240  240  240  240  240  240
  240  239  239  237  235  234  233  232  231
    77.5-180.0 180.0   5.0 450.0                            LAT/LON1/LON2/DLON/H
  230  231  231  232  232  234  236  238  241  244  246  247  249  249  250  249
  248  248  246  247  248  248  250  249  245  244  242  242  239  237  233  230
  226  222  219  217  215  214  213  213  213  213  214  216  218  220  222  225
  227  229  231  233  234  236  237  238  240  240  240  241  241  241  240  240
  240  238  237  235  234  232  231  230  230
    75.0-180.0 180.0   5.0 450.0                            LAT/LON1/LON2/DLON/H
  234  234  235  235  236  238  240  244  247  248  250  251  251  251  251  250
  249  247  247  247  247  249  248  248  249  248  246  244  243  239  236  232
  228  225  222  220  218  216  216  216  217  218  219  220  222  224  226  228
  230  232  233  234  235  235  236  237  237  237  238  238  238  238  238  238
  238  238  237  236  235  234  234  234  234
    72.5-180.0 180.0   5.0 450.0                            LAT/LON1/LON2/DLON/H
  244  243  243  243  244  247  250  251  254  257  258  259  261  260  259  255
  252  250  247  244  245  247  246  247  248  247  246  244  241  239  236  233
  231  227  225  224  223  222  220  220  222  223  225  226  227  229  230  231
  233  234  233  232  232  231  231  231  230  230  230  230  231  232  233  234
  236  237  239  241  240  242  244  243  244
    70.0-180.0 180.0   5.0 450.0                            LAT/LON1/LON2/DLON/H
  257  257  255  256  255  258  260  262  265  268  272  274  274  272  268  263
  257  252  247  245  245  244  244  245  245  244  243  242  240  237  234  232
  231  228  227  228  228  227  227  227  227  228  229  231  232  233  233  233
  233  233  231  228  227  225  223  222  220  219  219  220  220  222  225  228
  232  237  241  247  251  254  256  257  257
    67.5-180.0 180.0   5.0 450.0                            LAT/LON1/LON2/DLON/H
  271  272  270  268  268  268  269  271  275  279  284  287  288  284  278  271
  262  255  248  245  244  241  241  242  242  241  240  238  236  235  232  230
  229  228  229  229  229  230  231  230  230  230  231  232  233  234  234  234
  233  231  228  225  221  217  214  211  208  206  205  206  207  210  214  219
  225  232  241  250  258  264  268  270  271
    65.0-180.0 180.0   5.0 450.0                            LAT/LON1/LON2/DLON/H
  283  283  282  280  279  277  276  278  283  289  295  297  297  294  287  278
  268  259  252  247  244  241  240  240  240  239  237  234  232  230  228  228
  228  228  229  230  229  230  231  232  231  232  233  233  233  234  234  233
  232  229  226  221  215  210  206  200  195  192  192  192  194  196  201  208
  215  226  237  249  260  268  276  280  283
    62.5-180.0 180.0   5.0 450.0                            LAT/LON1/LON2/DLON/H
  288  290  289  288  284  281  281  282  287  294  300  305  306  303  297  286
  277  267  258  252  247  244  243  241  239  237  235  232  229  227  226  226
  227  227  227  228  229  230  232  233  234  234  235  235  235  236  235  233
  231  228  223  218  211  205  200  191  186  183  182  182  182  184  190  196
  207  216  230  243  257  268  277  284  288
    60.0-180.0 180.0   5.0 450.0                            LAT/LON1/LON2/DLON/H
  288  290  291  289  285  283  282  283  288  295  302  308  311  311  306  296
  288  276  268  260  254  249  247  244  241  238  236  232  230  228  227  227
  228  228  228  229  230  232  234  237  239  240  241  241  239  239  238  236
  234  229  225  218  211  202  196  188  181  178  177  175  174  175  179  185
  196  206  221  235  250  265  276  284  288
    57.5-180.0 180.0   5.0 450.0                            LAT/LON1/LON2/DLON/H
  285  288  289  288  284  282  282  284  287  294  302  309  314  316  313  305
  296  288  281  272  262  257  254  249  246  244  240  237  235  233  232  232
  232  231  232  233  234  236  242  246  248  250  250  248  247  246  244  241
  237  233  227  220  212  203  197  188  181  178  175  173  170  170  171  177
  185  197  210  227  242  257  272  280  285
    55.0-180.0 180.0   5.0 450.0                            LAT/LON1/LON2/DLON/H
  278  283  285  284  282  282  282  285  288  294  301  309  316  319  318  313
  307  300  293  284  274  267  262  258  256  253  249  247  245  242  240  241
  241  239  240  241  242  246  253  259  264  265  265  262  258  256  252  248
  242  236  230  223  215  206  200  192  187  182  178  175  172  170  170  172
  178  188  202  217  234  248  262  272  278
    52.5-180.0 180.0   5.0 450.0                            LAT/LON1/LON2/DLON/H
  271  276  279  281  281  283  286  288  292  297  304  310  318  321  321  320
  317  311  305  296  287  279  273  270  268  266  263  262  260  258  253  252
  252  251  252  252  256  261  270  278  281  284  283  278  273  268  262  254
  248  241  233  226  220  214  209  201  196  192  187  185  180  177  174  173
  176  184  196  209  225  240  253  263  271
    50.0-180.0 180.0   5.0 450.0                            LAT/LON1/LON2/DLON/H
  267  273  278  281  286  289  293  296  300  303  308  316  322  326  328  328
  326  323  317  309  300  291  286  284  283  283  282  282  280  277  269  267
  267  265  265  267  270  280  289  299  303  305  302  294  287  279  271  264
  254  245  237  230  225  221  217  211  206  202  199  196  192  187  183  180
  180  184  193  207  220  234  247  257  267
    47.5-180.0 180.0   5.0 450.0                            LAT/LON1/LON2/DLON/H
  268  275  282  289  297  304  308  311  311  313  316  323  329  333  336  337
  336  334  329  323  314  306  301  301  302  305  305  305  302  297  288  281
  280  281  282  285  291  302  314  322  328  326  320  309  296  287  277  269
  259  250  242  235  230  227  224  218  215  211  208  205  202  198  194  190
  188  190  197  209  221  232  244  258  268
    45.0-180.0 180.0   5.0 450.0                            LAT/LON1/LON2/DLON/H
  273  285  295  304  316  324  327  329  329  327  329  333  339  343  345  348
  348  347  344  339  331  324  321  323  326  330  331  330  324  316  307  298
  296  298  300  305  316  330  342  349  352  347  335  320  304  293  282  273
  263  256  248  242  237  233  231  225  223  221  220  218  214  212  208  205
  201  202  206  216  227  239  250  262  273
    42.5-180.0 180.0   5.0 450.0                            LAT/LON1/LON2/DLON/H
  284  301  314  327  339  349  349  347  346  343  345  348  351  356  358  360
  361  363  362  359  352  347  345  348  354  359  359  357  347  335  326  319
  317  319  324  332  346  360  372  376  375  366  348  329  312  297  285  277
  268  263  255  249  245  241  239  235  233  232  232  233  230  228  225  222
  217  214  218  226  237  249  261  273  284
    40.0-180.0 180.0   5.0 450.0                            LAT/LON1/LON2/DLON/H
  304  320  336  350  363  371  371  368  366  365  364  364  368  371  373  376
  378  381  382  382  378  374  373  378  384  390  390  385  373  358  350  345
  344  348  353  367  383  397  403  406  400  386  362  342  320  303  291  283
  275  270  264  260  254  251  249  246  244  243  245  247  246  245  241  236
  233  229  231  239  248  260  273  287  304
    37.5-180.0 180.0   5.0 450.0                            LAT/LON1/LON2/DLON/H
  322  342  358  374  385  393  393  390  388  387  385  384  387  391  393  395
  398  402  404  407  407  406  406  412  420  425  423  417  403  388  385  379
  379  387  400  411  426  436  439  438  427  406  382  357  333  315  303  294
  285  279  275  271  265  261  259  258  257  257  260  262  262  260  256  251
  247  243  243  248  258  270  288  303  322
    35.0-180.0 180.0   5.0 450.0                            LAT/LON1/LON2/DLON/H
  338  360  380  395  406  413  414  413  413  409  408  408  411  415  416  418
  421  425  430  436  438  441  443  450  456  461  460  455  443  428  426  419
  425  433  449  462  475  481  478  471  454  429  404  381  356  334  321  310
  298  292  286  283  277  273  271  272  273  275  278  279  278  274  268  262
  257  254  252  254  263  276  295  316  338
    32.5-180.0 180.0   5.0 450.0                            LAT/LON1/LON2/DLON/H
  347  373  393  410  423  431  437  436  435  434  434  435  439  444  444  448
  449  452  459  467  472  477  480  485  491  494  494  495  489  475  473  469
  477  487  501  518  524  526  519  505  485  456  432  407  382  358  339  327
  313  306  302  298  293  290  288  291  293  297  298  298  292  285  277  269
  262  258  254  253  260  274  297  322  347
    30.0-180.0 180.0   5.0 450.0                            LAT/LON1/LON2/DLON/H
  349  376  400  417  433  444  453  454  455  459  461  463  470  476  478  483
  482  483  487  495  504  512  515  516  519  522  522  530  531  522  517  521
  532  544  558  573  577  567  556  540  514  490  460  433  411  378  355  341
  326  322  320  317  311  310  309  314  318  320  318  314  304  294  282  272
  263  257  251  247  251  264  287  317  349
    27.5-180.0 180.0   5.0 450.0                            LAT/LON1/LON2/DLON/H
  341  373  398  418  436  452  463  469  474  481  487  492  504  516  516  519
  517  515  518  524  531  540  545  542  542  545  547  559  565  561  563  574
  585  600  612  628  630  615  598  573  541  514  480  458  431  395  368  351
  340  337  336  332  328  328  329  336  341  341  334  324  311  298  283  271
  260  250  241  236  236  248  272  303  341
    25.0-180.0 180.0   5.0 450.0                            LAT/LON1/LON2/DLON/H
  324  360  390  412  432  452  469  480  490  501  509  523  539  553  556  556
  550  549  551  555  556  562  565  563  561  564  573  589  598  602  607  618
  632  650  660  676  681  672  633  598  562  528  491  473  445  408  379  357
  346  343  343  341  340  340  341  349  357  357  344  328  308  294  279  264
  251  239  229  221  217  229  251  284  324
    22.5-180.0 180.0   5.0 450.0                            LAT/LON1/LON2/DLON/H
  303  341  373  398  419  441  467  485  500  515  531  550  569  585  592  592
  587  586  583  585  582  580  581  580  580  588  604  621  633  640  648  655
  673  683  703  712  711  688  643  599  557  525  485  467  448  416  380  356
  345  343  343  343  345  344  346  351  357  356  340  321  299  282  267  252
  239  226  215  204  200  209  227  262  303
    20.0-180.0 180.0   5.0 450.0                            LAT/LON1/LON2/DLON/H
  279  317  351  378  400  424  457  484  505  524  545  569  591  610  623  627
  624  620  614  613  606  599  597  597  602  616  633  651  668  680  684  688
  704  712  720  718  708  677  621  568  528  486  453  442  437  408  372  351
  341  339  338  341  344  345  345  343  345  336  322  303  282  265  254  242
  229  216  204  191  185  188  208  239  279
    17.5-180.0 180.0   5.0 450.0                            LAT/LON1/LON2/DLON/H
  258  297  326  356  383  409  444  477  502  526  552  576  603  629  649  658
  658  652  644  640  629  619  616  617  626  642  661  675  697  707  706  706
  713  719  715  704  684  644  584  529  477  439  410  409  408  386  361  343
  332  336  335  339  343  345  344  335  329  316  298  280  263  250  242  234
  224  210  196  183  175  175  191  223  258
    15.0-180.0 180.0   5.0 450.0                            LAT/LON1/LON2/DLON/H
  239  275  309  338  369  401  431  466  497  524  550  578  610  639  664  682
  685  679  670  664  649  641  637  640  650  666  684  696  709  711  706  703
  703  702  700  684  656  611  550  491  436  396  375  380  375  359  344  334
  324  334  339  342  344  346  342  327  315  296  277  258  244  235  231  227
  219  207  193  180  172  171  182  208  239
    12.5-180.0 180.0   5.0 450.0                            LAT/LON1/LON2/DLON/H
  229  261  294  326  359  391  423  458  488  516  546  575  608  640  668  691
  700  696  688  683  670  661  657  662  674  688  701  708  710  700  693  688
  685  682  677  658  628  585  528  468  415  377  358  355  349  336  330  324
  329  346  350  350  349  346  339  317  300  279  260  241  228  220  217  216
  210  202  191  181  173  171  180  201  229
    10.0-180.0 180.0   5.0 450.0                            LAT/LON1/LON2/DLON/H
  224  255  286  320  353  385  416  449  480  509  538  568  601  634  663  687
  703  706  700  696  687  679  677  684  696  707  713  713  705  692  682  673
  669  667  655  633  607  571  525  470  423  386  359  344  330  323  326  332
  348  359  363  363  358  349  340  311  291  268  248  229  215  205  201  201
  198  194  186  179  174  173  180  199  224
     7.5-180.0 180.0   5.0 450.0                            LAT/LON1/LON2/DLON/H
  223  252  283  319  352  385  416  447  477  505  534  563  594  625  654  678
  697  708  709  707  701  697  698  705  715  723  722  714  699  683  669  664
  662  658  641  624  604  577  543  495  451  408  377  351  334  332  340  350
  366  373  374  376  369  356  344  312  290  267  245  222  203  191  185  185
  181  178  176  173  171  171  180  197  223
     5.0-180.0 180.0   5.0 450.0                            LAT/LON1/LON2/DLON/H
  221  253  285  320  358  391  423  455  482  509  535  562  590  618  645  669
  688  703  711  712  710  711  716  723  730  732  725  711  692  673  661  657
  658  656  643  629  614  599  569  524  482  437  401  373  361  364  367  384
  391  393  392  389  380  365  351  315  292  269  244  219  195  178  170  169
  164  162  162  161  164  166  176  197  221
     2.5-180.0 180.0   5.0 450.0                            LAT/LON1/LON2/DLON/H
  218  251  285  327  366  406  441  473  500  523  546  568  592  617  642  665
  683  696  706  711  715  720  727  734  738  734  721  703  682  664  654  649
  655  661  648  638  629  614  592  551  509  470  434  412  405  406  408  420
  416  412  406  396  386  365  350  313  290  268  242  215  191  169  158  153
  149  146  146  145  150  158  171  192  218
