DORISInput/IGSGIM/2024/IGS0OPSFIN_20241390000_01D_02H_GIM.INX
     1.0            IONOSPHERE MAPS     MIX                 IONEX VERSION / TYPE
cmpcmb v1.2          GRL/UWM            28-may-24 18:42     PGM / RUN BY / DATE 
ionex file containing IGS COMBINED Ionosphere maps          COMMENT             
global ionosphere maps for day 139, 2024                    DESCRIPTION         
IONEX file containing the COMBINED IGS TEC MAPS and DCBs    DESCRIPTION         
      IONEX files of the following IAACs were combined: cod DESCRIPTION         
                                                        jpl DESCRIPTION         
                                                        upc DESCRIPTION         
Contact address: Andrzej Krankowski                         DESCRIPTION
                 Geodynamics Research Laboratory            DESCRIPTION
                 University of Warmia and Mazury (GRL/UWM)  DESCRIPTION
                 Oczapowski St. 1                           DESCRIPTION
                 10-957-Olsztyn, POLAND                     DESCRIPTION
                 e-mail:  kand@uwm.edu.pl                   DESCRIPTION
                                                            DESCRIPTION         
  2024     5    18     0     0     0                        EPOCH OF FIRST MAP  
  2024     5    19     0     0     0                        EPOCH OF LAST MAP   
  7200                                                      INTERVAL            
    13                                                      # OF MAPS IN FILE   
  COSZ                                                      MAPPING FUNCTION    
     0.0                                                    ELEVATION CUTOFF    
combined TEC calculated as weighted mean of input TEC valuesOBSERVABLES USED    
   335                                                      # OF STATIONS       
    32                                                      # OF SATELLITES     
  6371.0                                                    BASE RADIUS         
     2                                                      MAP DIMENSION       
   450.0 450.0   0.0                                        HGT1 / HGT2 / DHGT  
    87.5 -87.5  -2.5                                        LAT1 / LAT2 / DLAT  
  -180.0 180.0   5.0                                        LON1 / LON2 / DLON  
    -1                                                      EXPONENT            
TEC values in 0.1 tec units;  9999, if no value available   COMMENT             
DCB values in nanoseconds, reference is Sum_of_SatDCBs = 0  COMMENT             
                                                            END OF HEADER       
[from data line 2145]
     6                                                      START OF TEC MAP    
  2024     5    18    10     0     0                        EPOCH OF CURRENT MAP
    87.5-180.0 180.0   5.0 450.0                            LAT/LON1/LON2/DLON/H
  195  196  197  198  200  201  203  204  206  207  208  210  212  213  214  215
  216  217  218  218  218  218  218  219  219  219  220  219  218  218  217  216
  216  215  215  214  213  211  210  208  208  207  205  204  203  201  199  198
  197  196  195  194  193  192  191  191  190  189  189  188  188  188  188  188
  188  189  190  190  191  192  193  193  195
    85.0-180.0 180.0   5.0 450.0                            LAT/LON1/LON2/DLON/H
  188  189  191  192  194  196  198  201  204  206  209  212  214  217  219  222
  225  226  229  232  233  234  234  236  236  234  234  233  232  232  231  230
  229  228  226  225  223  220  218  215  213  211  209  206  204  202  199  197
  195  193  191  190  189  188  187  187  186  186  185  185  184  184  184  184
  183  184  184  185  185  186  187  187  188
    82.5-180.0 180.0   5.0 450.0                            LAT/LON1/LON2/DLON/H
  183  183  184  186  187  190  192  196  199  203  206  210  214  217  221  225
  228  232  233  235  235  239  243  241  240  240  240  240  240  238  237  235
  234  233  232  231  229  227  224  222  219  216  213  209  205  202  200  197
  194  193  192  191  191  191  192  192  192  192  193  193  192  192  192  191
  190  189  189  187  187  185  183  184  183
    80.0-180.0 180.0   5.0 450.0                            LAT/LON1/LON2/DLON/H
  184  182  180  181  182  184  186  190  194  197  201  204  208  212  216  219
  222  223  225  227  229  233  238  238  236  234  233  232  232  232  232  232
  232  232  232  232  232  232  230  228  226  223  219  216  212  209  205  203
  201  200  200  200  202  204  205  207  209  210  212  213  213  213  212  210
  207  204  201  197  194  191  189  187  184
    77.5-180.0 180.0   5.0 450.0                            LAT/LON1/LON2/DLON/H
  189  183  180  178  179  179  180  182  184  187  190  194  198  201  204  205
  208  211  217  218  217  221  211  214  219  220  216  218  219  218  217  219
  222  226  230  231  234  236  237  237  235  234  232  228  224  219  216  215
  214  214  215  217  222  225  229  233  236  239  242  243  243  243  241  237
  233  228  223  218  213  207  201  195  189
    75.0-180.0 180.0   5.0 450.0                            LAT/LON1/LON2/DLON/H
  195  187  182  179  175  174  174  173  175  179  183  183  182  181  180  183
  189  194  192  193  201  198  191  194  192  193  193  197  198  199  200  203
  208  214  221  227  234  238  243  245  246  245  242  241  238  236  232  232
  232  234  236  240  245  252  256  262  267  272  276  278  279  278  274  269
  263  256  250  242  233  224  213  204  195
    72.5-180.0 180.0   5.0 450.0                            LAT/LON1/LON2/DLON/H
  200  191  183  176  172  168  168  167  168  172  174  171  168  167  168  169
  169  166  167  171  174  169  169  170  169  169  170  172  174  177  181  185
  192  200  210  219  229  237  244  249  252  253  253  252  252  251  251  253
  253  255  259  263  268  275  283  289  296  302  306  308  309  308  303  296
  289  280  271  261  249  236  223  210  200
    70.0-180.0 180.0   5.0 450.0                            LAT/LON1/LON2/DLON/H
  202  190  181  173  169  166  165  163  164  167  168  166  163  160  158  154
  149  146  146  147  149  147  149  150  149  150  151  155  158  161  165  172
  181  190  202  213  224  234  243  251  256  259  262  263  265  266  267  269
  272  274  278  283  287  295  301  309  316  322  326  328  328  326  319  312
  304  293  282  271  256  242  228  214  202
    67.5-180.0 180.0   5.0 450.0                            LAT/LON1/LON2/DLON/H
  198  186  176  169  166  164  163  163  162  164  163  161  157  152  149  142
  137  135  133  134  135  135  136  137  139  139  140  144  148  152  157  165
  174  186  198  211  222  233  244  252  258  262  266  270  273  275  279  282
  286  288  292  297  300  307  311  319  324  329  332  333  332  327  322  313
  304  293  281  269  255  241  226  212  198
    65.0-180.0 180.0   5.0 450.0                            LAT/LON1/LON2/DLON/H
  192  180  170  165  162  159  159  159  158  156  156  154  149  144  140  135
  130  129  129  130  131  133  134  135  137  137  137  141  144  149  155  164
  174  186  198  210  222  234  244  253  258  264  269  274  278  283  287  292
  296  299  303  305  306  309  312  316  320  323  325  325  323  318  311  302
  293  281  271  261  248  236  221  206  192
    62.5-180.0 180.0   5.0 450.0                            LAT/LON1/LON2/DLON/H
  184  172  162  157  155  153  153  153  151  149  148  146  142  138  134  130
  128  127  130  132  134  137  138  139  140  141  142  145  147  152  158  166
  177  189  199  212  223  234  244  253  260  266  272  278  284  290  295  300
  305  307  309  308  306  306  306  307  308  310  311  310  308  303  294  285
  276  265  256  246  238  228  215  200  184
    60.0-180.0 180.0   5.0 450.0                            LAT/LON1/LON2/DLON/H
  181  165  154  148  146  146  145  146  144  141  140  137  135  133  129  127
  127  129  133  136  139  142  143  145  146  148  149  152  154  158  163  171
  182  192  203  215  227  237  247  255  263  270  277  284  291  297  303  308
  312  314  314  311  306  303  299  297  297  297  297  296  293  288  280  270
  258  250  242  236  230  225  212  196  181
    57.5-180.0 180.0   5.0 450.0                            LAT/LON1/LON2/DLON/H
  185  167  153  142  138  140  138  136  134  132  131  128  127  125  123  123
  125  129  134  138  141  144  147  149  150  154  156  159  161  165  170  177
  186  196  207  220  232  242  251  260  268  276  285  293  299  307  313  320
  323  323  321  316  309  303  297  293  291  291  292  290  287  283  273  263
  251  242  236  232  230  225  217  202  185
    55.0-180.0 180.0   5.0 450.0                            LAT/LON1/LON2/DLON/H
  194  174  157  143  136  133  130  125  122  122  120  119  118  118  118  120
  122  127  132  136  139  143  145  149  151  155  160  164  169  174  179  185
  192  202  213  226  238  249  259  267  276  285  295  304  312  321  329  334
  337  336  333  326  316  307  301  297  295  295  297  296  293  288  279  268
  257  247  242  239  238  235  225  210  194
    52.5-180.0 180.0   5.0 450.0                            LAT/LON1/LON2/DLON/H
  201  184  168  154  143  136  131  121  116  113  111  112  111  113  113  116
  118  122  126  129  133  136  140  145  150  157  165  172  180  186  190  194
  202  210  222  234  246  257  267  276  286  297  309  319  328  337  346  352
  355  354  348  340  329  320  314  310  308  309  312  313  311  306  297  288
  277  266  259  256  253  248  238  222  201
    50.0-180.0 180.0   5.0 450.0                            LAT/LON1/LON2/DLON/H
  214  196  178  164  155  146  140  127  121  114  110  107  107  108  109  111
  112  116  119  121  124  129  134  141  150  161  173  184  194  200  203  207
  211  220  231  245  256  268  278  288  299  311  323  335  346  356  365  374
  378  376  369  359  348  339  332  329  328  328  332  334  335  332  324  315
  304  292  285  279  274  265  252  234  214
    47.5-180.0 180.0   5.0 450.0                            LAT/LON1/LON2/DLON/H
  228  208  192  179  167  159  153  138  131  127  119  115  112  109  109  108
  109  111  112  115  118  124  133  144  158  173  187  201  212  219  220  222
  225  232  243  255  268  280  290  300  312  326  340  354  368  379  389  400
  403  402  394  382  369  361  354  351  349  350  354  358  361  359  353  344
  331  321  313  304  294  283  267  247  228
    45.0-180.0 180.0   5.0 450.0                            LAT/LON1/LON2/DLON/H
  238  219  204  193  183  174  168  153  146  142  138  135  131  124  119  115
  113  113  112  114  118  128  142  159  177  194  210  225  236  242  241  239
  239  246  256  268  281  292  302  313  326  341  357  371  389  404  417  431
  433  433  422  412  396  386  377  372  369  369  374  378  383  385  380  370
  357  345  336  324  312  298  281  260  238
    42.5-180.0 180.0   5.0 450.0                            LAT/LON1/LON2/DLON/H
  248  228  214  203  196  188  183  171  166  162  160  159  154  148  141  134
  128  125  123  124  131  144  163  186  206  227  243  257  263  264  263  258
  255  259  269  281  293  305  315  326  339  356  372  390  410  430  448  461
  469  470  460  444  427  415  402  394  388  387  392  395  399  403  397  389
  375  362  349  336  324  309  292  270  248
    40.0-180.0 180.0   5.0 450.0                            LAT/LON1/LON2/DLON/H
  256  238  224  215  207  203  198  190  185  182  184  181  178  173  166  159
  152  147  144  146  154  170  194  220  244  268  282  292  291  287  283  277
  272  273  281  292  304  315  325  338  353  370  391  410  432  453  477  497
  508  513  501  487  468  453  433  422  412  410  415  416  418  419  413  405
  389  371  353  340  326  312  294  275  256
    37.5-180.0 180.0   5.0 450.0                            LAT/LON1/LON2/DLON/H
  260  246  233  227  220  216  212  207  204  205  204  202  201  196  189  183
  177  174  172  176  184  202  228  259  287  312  322  325  317  307  301  291
  286  286  292  302  314  326  337  351  368  388  411  432  454  479  508  535
  554  564  551  540  522  505  480  466  452  447  450  450  449  445  437  424
  405  383  360  341  327  311  296  279  260
    35.0-180.0 180.0   5.0 450.0                            LAT/LON1/LON2/DLON/H
  266  251  241  237  232  229  225  221  219  220  221  222  220  216  210  205
  201  200  201  205  216  234  263  297  328  352  358  354  339  327  316  303
  297  299  304  314  326  338  352  366  385  408  429  452  477  516  545  579
  609  617  612  603  591  573  553  534  518  510  510  507  502  492  476  455
  432  405  380  353  334  317  301  285  266
    32.5-180.0 180.0   5.0 450.0                            LAT/LON1/LON2/DLON/H
  277  262  253  248  244  241  239  235  232  233  236  237  236  234  230  226
  223  224  227  231  242  262  293  328  360  383  384  374  355  340  328  317
  312  315  321  330  341  351  365  382  402  428  452  476  507  558  594  632
  663  680  683  683  678  667  650  632  616  607  605  596  584  565  540  510
  480  443  413  379  351  328  314  295  277
    30.0-180.0 180.0   5.0 450.0                            LAT/LON1/LON2/DLON/H
  295  278  268  262  257  255  253  249  246  247  249  250  249  247  246  243
  244  246  248  252  262  280  310  345  380  404  402  389  368  352  341  337
  336  342  345  354  363  374  385  403  425  453  475  503  544  596  643  690
  726  751  766  782  792  780  775  763  746  735  732  721  694  666  629  590
  545  500  464  422  386  358  334  314  295
    27.5-180.0 180.0   5.0 450.0                            LAT/LON1/LON2/DLON/H
  318  298  289  279  272  270  270  266  262  262  262  260  259  258  258  256
  261  265  267  271  276  288  313  349  386  411  415  400  379  366  361  363
  370  378  379  389  397  403  412  431  453  482  505  539  577  630  688  748
  794  833  862  894  916  914  921  914  898  883  878  860  822  785  734  683
  619  567  529  481  447  405  372  346  318
    25.0-180.0 180.0   5.0 450.0                            LAT/LON1/LON2/DLON/H
  350  328  310  299  292  291  292  287  284  282  276  271  270  270  267  266
  275  279  283  281  277  284  306  343  381  409  421  410  393  388  392  398
  414  424  429  435  440  443  450  468  490  514  547  583  626  677  746  817
  869  920  967  994 1035 1046 1058 1048 1037 1028 1020  996  951  906  840  779
  702  644  598  551  516  464  420  384  350
    22.5-180.0 180.0   5.0 450.0                            LAT/LON1/LON2/DLON/H
  386  358  337  325  318  317  320  315  310  303  292  287  284  283  277  276
  287  290  290  281  269  270  296  335  376  409  426  427  418  421  434  447
  469  485  488  495  493  490  499  518  538  560  597  640  687  742  814  889
  944 1001 1051 1094 1136 1142 1139 1127 1125 1124 1111 1082 1040  986  911  847
  766  703  662  619  585  525  472  426  386
    20.0-180.0 180.0   5.0 450.0                            LAT/LON1/LON2/DLON/H
  423  388  365  350  341  340  344  341  334  324  312  306  300  297  289  288
  298  299  295  279  262  260  286  329  374  410  435  450  456  465  486  506
  531  548  556  564  558  551  565  582  597  616  657  704  752  806  875  950
 1010 1052 1100 1140 1167 1164 1152 1139 1135 1130 1115 1082 1041  983  911  844
  775  722  697  664  619  565  520  469  423
    17.5-180.0 180.0   5.0 450.0                            LAT/LON1/LON2/DLON/H
  463  424  405  379  363  357  360  358  351  342  331  324  318  310  302  301
  305  303  296  276  255  252  275  319  367  409  442  471  496  514  539  564
  591  609  620  633  626  622  637  644  654  676  718  762  810  863  923  982
 1043 1080 1105 1123 1130 1126 1111 1093 1082 1077 1063 1032  980  929  865  795
  736  693  672  647  619  583  547  511  463
    15.0-180.0 180.0   5.0 450.0                            LAT/LON1/LON2/DLON/H
  502  464  451  415  388  372  372  365  363  355  347  339  334  326  316  317
  316  308  293  269  248  244  264  308  358  406  448  486  519  552  584  615
  639  661  675  686  686  689  701  701  712  732  769  811  852  905  953 1006
 1046 1067 1074 1074 1068 1059 1040 1021 1012 1009  996  964  913  862  803  734
  684  644  624  609  599  582  564  539  502
    12.5-180.0 180.0   5.0 450.0                            LAT/LON1/LON2/DLON/H
  543  517  498  458  415  387  383  371  371  367  358  349  345  340  337  337
  330  314  291  262  237  232  249  293  349  404  453  497  538  578  614  652
  676  695  712  722  731  740  753  756  757  777  807  843  888  935  970 1006
 1030 1036 1033 1021 1000  983  964  950  944  944  930  898  852  796  744  681
  636  604  585  578  579  578  574  564  543
    10.0-180.0 180.0   5.0 450.0                            LAT/LON1/LON2/DLON/H
  580  568  550  503  451  419  408  382  384  379  365  357  355  354  356  352
  339  318  292  258  231  222  239  282  339  399  452  501  549  596  638  671
  693  715  732  744  756  768  778  783  789  806  833  868  907  944  972  994
 1012 1012 1000  978  950  928  911  901  897  896  886  857  814  765  708  653
  613  584  566  560  566  576  583  586  580
     7.5-180.0 180.0   5.0 450.0                            LAT/LON1/LON2/DLON/H
  611  604  585  543  489  444  428  403  401  393  376  363  361  364  368  363
  345  321  291  258  231  222  237  276  332  391  446  500  554  606  650  679
  703  726  744  759  769  774  778  786  796  815  842  873  906  937  963  983
  999  997  983  962  936  910  894  889  889  890  878  851  813  769  717  668
  627  594  575  566  573  588  599  609  611
     5.0-180.0 180.0   5.0 450.0                            LAT/LON1/LON2/DLON/H
  637  628  608  574  525  477  456  430  421  409  387  370  366  368  372  368
  351  323  288  258  234  226  239  274  324  380  436  494  553  608  651  680
  702  722  739  754  760  760  760  771  785  806  833  860  885  918  946  972
  989  991  984  969  947  926  914  915  923  922  907  878  839  800  759  715
  669  633  618  604  607  616  624  635  637
     2.5-180.0 180.0   5.0 450.0                            LAT/LON1/LON2/DLON/H
  652  641  625  597  553  510  489  460  444  427  401  379  371  370  372  365
  347  321  289  260  237  230  240  270  315  368  426  487  549  605  647  675
  689  705  720  734  738  734  733  744  757  785  811  834  859  888  922  958
  979  994  997  989  977  965  960  967  981  978  959  930  890  857  820  781
  733  699  677  662  651  651  654  656  652
