DORISInput/IGSGIM/2024/IGS0OPSFIN_20241430000_01D_02H_GIM.INX
     1.0            IONOSPHERE MAPS     MIX                 IONEX VERSION / TYPE
cmpcmb v1.2          GRL/UWM             5-jun-24 16:33     PGM / RUN BY / DATE 
ionex file containing IGS COMBINED Ionosphere maps          COMMENT             
global ionosphere maps for day 143, 2024                    DESCRIPTION         
IONEX file containing the COMBINED IGS TEC MAPS and DCBs    DESCRIPTION         
      IONEX files of the following IAACs were combined: cod DESCRIPTION         
                                                        jpl DESCRIPTION         
                                                        upc DESCRIPTION         
Contact address: Andrzej Krankowski                         DESCRIPTION
                 Geodynamics Research Laboratory            DESCRIPTION
                 University of Warmia and Mazury (GRL/UWM)  DESCRIPTION
                 Oczapowski St. 1                           DESCRIPTION
                 10-957-Olsztyn, POLAND                     DESCRIPTION
                 e-mail:  kand@uwm.edu.pl                   DESCRIPTION
                                                            DESCRIPTION         
  2024     5    22     0     0     0                        EPOCH OF FIRST MAP  
  2024     5    23     0     0     0                        EPOCH OF LAST MAP   
  7200                                                      INTERVAL            
    13                                                      # OF MAPS IN FILE   
  COSZ                                                      MAPPING FUNCTION    
     0.0                                                    ELEVATION CUTOFF    
combined TEC calculated as weighted mean of input TEC valuesOBSERVABLES USED    
   337                                                      # OF STATIONS       
    32                                                      # OF SATELLITES     
  6371.0                                                    BASE RADIUS         
     2                                                      MAP DIMENSION       
   450.0 450.0   0.0                                        HGT1 / HGT2 / DHGT  
    87.5 -87.5  -2.5                                        LAT1 / LAT2 / DLAT  
  -180.0 180.0   5.0                                        LON1 / LON2 / DLON  
    -1                                                      EXPONENT            
TEC values in 0.1 tec units;  9999, if no value available   COMMENT             
DCB values in nanoseconds, reference is Sum_of_SatDCBs = 0  COMMENT             
                                                            END OF HEADER       
[from data line 5148]
    13                                                      START OF TEC MAP    
  2024     5    23     0     0     0                        EPOCH OF CURRENT MAP
    87.5-180.0 180.0   5.0 450.0                            LAT/LON1/LON2/DLON/H
  257  256  256  255  254  252  251  251  250  250  248  247  245  245  244  242
  241  240  239  238  237  235  234  233  232  232  231  230  230  229  229  229
  229  229  230  230  231  231  232  233  234  235  236  237  238  239  240  242
  243  245  246  247  250  251  253  253  255  256  257  258  258  259  259  259
  259  259  259  259  259  259  259  258  257
    85.0-180.0 180.0   5.0 450.0                            LAT/LON1/LON2/DLON/H
  264  262  260  258  256  255  254  252  252  250  249  248  248  246  244  244
  242  239  237  236  233  231  229  226  225  225  223  221  220  218  217  216
  216  215  216  216  217  218  219  221  223  225  228  230  234  237  240  243
  245  247  248  250  253  254  257  259  262  266  267  269  271  271  271  272
  272  272  273  273  271  270  268  266  264
    82.5-180.0 180.0   5.0 450.0                            LAT/LON1/LON2/DLON/H
  265  263  259  258  256  254  253  253  250  251  249  248  248  247  246  244
  242  239  238  234  233  230  228  226  223  220  218  215  213  212  211  210
  210  210  212  212  214  216  218  220  223  227  230  233  237  241  244  248
  253  255  258  260  262  263  265  266  269  271  274  276  278  278  279  280
  281  281  281  280  278  276  273  269  265
    80.0-180.0 180.0   5.0 450.0                            LAT/LON1/LON2/DLON/H
  268  264  261  258  255  254  254  253  253  255  255  255  255  255  254  252
  251  249  246  243  238  231  230  225  222  218  215  212  211  211  210  211
  212  215  217  218  222  222  225  228  230  234  237  241  247  250  254  258
  261  266  269  271  275  275  276  276  278  279  281  284  285  286  287  288
  288  288  288  287  284  280  275  271  268
    77.5-180.0 180.0   5.0 450.0                            LAT/LON1/LON2/DLON/H
  272  267  262  260  258  259  261  262  266  267  266  266  264  264  264  263
  262  259  256  252  248  245  244  237  235  231  227  223  218  214  211  212
  216  223  228  231  235  235  238  241  244  247  250  253  257  262  265  269
  271  275  277  280  282  282  284  284  286  288  290  292  294  296  298  298
  299  298  297  294  290  285  281  276  272
    75.0-180.0 180.0   5.0 450.0                            LAT/LON1/LON2/DLON/H
  279  273  268  265  264  264  264  266  268  270  273  275  276  277  275  272
  271  271  271  269  265  260  258  252  247  242  237  234  230  227  226  226
  226  229  235  243  248  253  257  257  258  261  263  267  270  273  276  278
  281  283  285  287  288  288  290  291  293  296  298  301  305  308  310  312
  313  312  311  307  303  296  292  285  279
    72.5-180.0 180.0   5.0 450.0                            LAT/LON1/LON2/DLON/H
  292  284  276  272  268  267  266  268  271  275  278  281  284  283  281  281
  286  289  286  282  280  277  276  271  267  260  255  250  248  244  242  244
  247  248  250  256  261  266  270  272  274  273  275  278  281  283  286  288
  289  292  293  293  295  295  296  298  301  304  307  312  317  322  324  328
  330  330  328  325  318  312  305  298  292
    70.0-180.0 180.0   5.0 450.0                            LAT/LON1/LON2/DLON/H
  307  299  290  285  280  275  273  274  276  277  280  283  284  284  286  290
  293  294  293  295  295  296  295  290  284  279  274  266  264  261  259  260
  264  266  266  269  273  274  276  278  280  282  283  284  288  290  293  295
  297  299  300  302  303  304  305  308  311  314  318  325  331  336  341  344
  347  347  346  344  337  331  323  315  307
    67.5-180.0 180.0   5.0 450.0                            LAT/LON1/LON2/DLON/H
  328  321  312  304  297  289  284  282  282  281  282  283  284  285  286  288
  290  292  296  299  304  307  306  303  297  292  287  282  279  275  274  274
  275  277  279  278  279  276  276  277  277  281  283  284  288  291  295  299
  302  305  308  311  313  315  317  320  322  326  330  336  342  347  352  356
  358  361  362  363  359  353  345  339  328
    65.0-180.0 180.0   5.0 450.0                            LAT/LON1/LON2/DLON/H
  353  343  335  324  314  306  299  294  290  287  285  284  282  281  281  282
  284  288  292  297  303  306  308  307  304  300  294  290  290  287  286  286
  285  284  285  282  281  277  273  271  270  271  274  277  282  287  293  298
  304  310  315  319  324  327  330  333  335  338  340  344  349  355  358  362
  367  370  376  380  375  373  365  361  353
    62.5-180.0 180.0   5.0 450.0                            LAT/LON1/LON2/DLON/H
  374  367  359  347  337  327  315  308  301  294  290  287  282  279  277  276
  278  282  287  292  297  301  303  302  303  300  295  294  295  296  294  293
  293  289  285  281  277  271  265  261  258  258  262  265  271  278  285  293
  301  310  319  327  334  340  343  347  348  349  348  349  350  354  357  364
  374  382  389  391  390  386  383  379  374
    60.0-180.0 180.0   5.0 450.0                            LAT/LON1/LON2/DLON/H
  396  388  380  372  359  345  332  323  314  305  300  292  287  282  278  276
  275  277  281  285  291  295  297  296  297  296  294  295  297  299  298  296
  295  291  284  276  270  260  253  247  244  244  246  251  257  264  273  283
  294  307  319  332  341  351  355  360  360  358  354  352  349  349  350  359
  372  387  397  403  405  409  403  399  396
    57.5-180.0 180.0   5.0 450.0                            LAT/LON1/LON2/DLON/H
  415  409  403  396  382  368  358  344  331  321  312  303  296  290  285  280
  277  277  279  282  286  290  291  291  292  292  292  295  298  300  300  295
  292  287  279  268  261  251  243  236  233  232  233  236  242  247  256  268
  282  298  316  332  346  357  365  369  369  366  360  354  346  340  341  345
  366  383  400  408  415  420  425  420  415
    55.0-180.0 180.0   5.0 450.0                            LAT/LON1/LON2/DLON/H
  435  427  426  421  409  394  381  369  354  339  327  319  310  303  297  290
  286  282  282  283  284  287  287  288  288  291  293  295  298  299  300  296
  291  284  274  264  256  246  237  230  227  226  225  226  229  233  241  253
  268  289  309  329  347  361  371  377  377  374  366  356  345  333  329  330
  350  377  397  410  422  432  441  437  435
    52.5-180.0 180.0   5.0 450.0                            LAT/LON1/LON2/DLON/H
  452  449  451  445  439  426  411  402  383  365  348  337  329  320  312  306
  299  293  290  287  286  288  288  289  290  293  297  299  300  300  300  298
  292  283  273  261  254  244  237  231  226  224  222  220  219  222  228  240
  258  279  300  324  346  362  375  383  385  383  375  363  347  333  327  330
  343  376  397  412  428  440  451  455  452
    50.0-180.0 180.0   5.0 450.0                            LAT/LON1/LON2/DLON/H
  476  479  479  482  470  459  447  435  420  397  377  362  351  339  331  323
  315  307  300  297  294  296  296  298  299  302  305  306  306  306  303  300
  293  284  273  261  255  246  239  235  230  226  222  217  214  213  221  232
  249  268  292  318  340  362  378  390  396  394  388  375  359  345  337  340
  352  380  404  416  433  448  461  471  476
    47.5-180.0 180.0   5.0 450.0                            LAT/LON1/LON2/DLON/H
  501  512  513  510  500  496  487  478  461  438  412  391  376  362  351  342
  332  324  316  312  309  310  312  315  315  318  318  317  316  313  308  302
  295  285  276  265  260  252  246  240  235  230  224  219  213  211  216  227
  240  259  284  307  333  359  381  398  408  410  406  395  380  366  359  364
  376  395  417  431  446  461  476  490  501
    45.0-180.0 180.0   5.0 450.0                            LAT/LON1/LON2/DLON/H
  529  544  548  546  538  535  528  519  501  480  451  427  407  388  375  364
  351  344  337  332  330  331  334  338  337  337  334  329  325  320  313  305
  297  290  281  275  271  262  254  245  240  235  229  224  215  212  215  221
  235  254  277  299  328  357  383  407  422  429  430  422  410  397  389  393
  407  420  440  453  467  480  496  512  529
    42.5-180.0 180.0   5.0 450.0                            LAT/LON1/LON2/DLON/H
  555  572  581  582  585  576  570  560  547  524  492  462  436  418  403  389
  377  369  363  361  360  359  362  365  362  359  353  343  336  327  318  309
  302  297  292  286  283  274  265  255  247  243  236  231  223  218  220  225
  237  254  274  298  326  359  388  416  436  448  454  452  444  432  426  429
  442  459  472  483  496  508  523  538  555
    40.0-180.0 180.0   5.0 450.0                            LAT/LON1/LON2/DLON/H
  582  599  614  620  619  610  610  605  592  566  537  503  474  452  435  420
  407  400  395  395  396  395  393  396  391  383  373  362  348  336  326  316
  310  307  306  304  301  290  280  269  260  254  246  242  237  234  232  235
  243  254  272  297  328  361  394  426  451  470  479  481  477  472  467  469
  483  503  515  522  531  540  553  567  582
    37.5-180.0 180.0   5.0 450.0                            LAT/LON1/LON2/DLON/H
  610  625  638  650  654  649  654  649  639  614  585  547  515  492  474  460
  446  439  432  434  433  433  428  428  420  409  394  380  363  349  338  330
  324  324  325  326  323  311  300  288  278  270  263  259  257  253  249  247
  248  254  269  295  329  365  399  434  463  486  500  507  510  510  508  513
  526  547  559  563  570  575  585  598  610
    35.0-180.0 180.0   5.0 450.0                            LAT/LON1/LON2/DLON/H
  638  650  660  674  681  686  689  689  683  665  633  595  561  539  520  505
  490  482  472  471  468  467  461  456  444  431  412  397  382  367  356  349
  345  346  349  350  348  336  323  310  300  291  283  280  276  271  262  255
  251  252  264  291  326  363  399  435  466  493  513  527  535  542  546  554
  567  589  599  603  608  610  617  628  638
    32.5-180.0 180.0   5.0 450.0                            LAT/LON1/LON2/DLON/H
  664  672  681  695  702  712  720  725  719  710  678  644  614  591  570  552
  535  525  513  509  500  496  487  477  462  445  428  415  403  388  378  374
  370  370  373  375  372  359  345  334  323  313  304  299  292  283  273  261
  251  249  259  286  320  355  393  428  461  490  513  532  547  560  574  586
  602  622  633  637  641  643  648  657  664
    30.0-180.0 180.0   5.0 450.0                            LAT/LON1/LON2/DLON/H
  692  697  706  717  726  734  742  755  755  744  725  691  663  641  617  596
  578  565  553  542  529  517  504  489  471  455  443  434  423  414  407  399
  396  396  393  392  387  376  365  355  344  332  322  314  304  291  278  264
  251  246  255  277  305  344  380  416  447  476  501  522  543  564  586  603
  622  643  657  663  668  673  682  688  692
    27.5-180.0 180.0   5.0 450.0                            LAT/LON1/LON2/DLON/H
  724  730  738  743  752  758  766  780  790  784  768  736  707  687  663  639
  618  600  587  574  550  527  509  490  475  464  455  450  442  438  436  421
  422  418  407  394  389  380  373  365  358  345  334  323  310  296  282  267
  249  242  247  262  291  326  361  397  429  456  480  504  530  556  584  609
  632  653  668  677  686  697  708  717  724
    25.0-180.0 180.0   5.0 450.0                            LAT/LON1/LON2/DLON/H
  755  761  771  774  780  784  789  806  822  821  806  777  752  730  708  681
  652  629  612  591  559  531  510  490  478  473  467  463  463  466  467  444
  434  437  411  387  382  371  367  363  360  349  338  326  313  297  284  267
  246  237  237  249  273  305  339  374  408  437  462  487  515  546  578  607
  635  657  669  682  695  710  727  743  755
    22.5-180.0 180.0   5.0 450.0                            LAT/LON1/LON2/DLON/H
  775  793  801  806  813  816  820  833  851  854  843  818  793  776  750  715
  677  645  621  593  560  535  514  490  482  480  472  462  476  485  485  462
  422  423  404  371  365  353  350  350  349  342  334  322  310  296  282  263
  241  227  225  233  253  284  317  354  389  420  449  476  506  538  572  603
  631  652  663  680  699  717  736  756  775
    20.0-180.0 180.0   5.0 450.0                            LAT/LON1/LON2/DLON/H
  786  810  829  841  849  852  855  864  881  889  881  861  836  814  782  739
  696  656  622  591  561  534  509  487  475  471  458  435  442  454  459  458
  389  381  370  345  337  330  325  325  325  323  318  308  299  288  272  255
  232  216  211  215  233  263  298  339  375  410  441  471  502  536  570  602
  628  649  662  680  697  720  742  761  786
    17.5-180.0 180.0   5.0 450.0                            LAT/LON1/LON2/DLON/H
  790  818  845  865  878  884  888  897  910  920  918  902  874  846  810  766
  718  675  631  594  559  526  496  474  454  434  416  388  383  383  375  401
  340  324  333  333  323  306  295  292  292  291  290  283  280  272  258  239
  218  200  193  195  211  243  283  326  367  405  442  473  506  540  574  606
  632  653  667  684  704  726  744  765  790
    15.0-180.0 180.0   5.0 450.0                            LAT/LON1/LON2/DLON/H
  787  819  850  876  895  905  912  921  932  941  944  934  911  879  840  794
  742  702  647  597  555  518  480  453  425  389  357  328  309  298  296  313
  278  277  312  318  305  280  263  258  260  259  261  259  257  254  243  227
  206  186  177  176  190  221  267  315  362  405  447  482  516  550  584  617
  644  666  680  698  715  732  750  763  787
    12.5-180.0 180.0   5.0 450.0                            LAT/LON1/LON2/DLON/H
  781  813  844  875  898  912  920  929  940  949  955  950  939  913  870  824
  768  721  666  606  555  509  461  423  385  336  294  265  244  232  234  247
  241  249  286  285  268  254  236  235  236  237  232  232  238  240  232  216
  197  175  162  158  170  200  251  303  354  405  452  492  529  565  600  635
  665  687  701  718  732  745  757  766  781
    10.0-180.0 180.0   5.0 450.0                            LAT/LON1/LON2/DLON/H
  780  804  836  866  889  903  911  917  930  942  954  952  950  936  899  849
  791  736  684  625  561  497  436  385  335  285  243  221  203  194  200  213
  222  236  246  244  224  234  223  225  226  220  213  218  226  227  220  205
  187  161  147  139  147  181  235  290  346  402  453  499  541  581  619  658
  692  715  728  742  753  764  769  771  780
     7.5-180.0 180.0   5.0 450.0                            LAT/LON1/LON2/DLON/H
  789  803  829  854  872  880  882  887  898  916  934  946  950  944  916  867
  811  753  697  634  560  482  411  346  292  247  219  201  191  188  199  216
  237  247  249  247  225  241  232  229  220  211  209  216  217  215  208  193
  172  148  132  124  131  165  218  269  337  397  452  503  549  594  639  681
  716  741  757  772  780  787  786  784  789
     5.0-180.0 180.0   5.0 450.0                            LAT/LON1/LON2/DLON/H
  810  818  834  851  861  857  847  843  849  869  894  912  927  929  908  868
  818  759  698  630  552  468  389  319  261  236  216  207  207  214  234  258
  279  286  287  279  256  261  248  238  229  218  212  211  209  204  194  181
  158  136  120  112  122  154  198  256  324  389  448  505  552  602  655  700
  733  761  784  801  809  814  810  807  810
     2.5-180.0 180.0   5.0 450.0                            LAT/LON1/LON2/DLON/H
  847  850  859  868  864  846  818  799  797  813  833  850  873  884  871  842
  798  743  684  618  540  457  374  302  254  249  243  239  250  269  293  313
  329  337  332  312  289  278  268  261  244  223  208  202  198  190  179  162
  143  124  110  106  117  143  186  245  310  372  435  494  547  603  662  707
  740  773  805  824  839  843  840  840  847
