DORISInput/IGSGIM/2024/IGS0OPSFIN_20241380000_01D_02H_GIM.INX
     1.0            IONOSPHERE MAPS     MIX                 IONEX VERSION / TYPE
cmpcmb v1.2          GRL/UWM            28-may-24 18:36     PGM / RUN BY / DATE 
ionex file containing IGS COMBINED Ionosphere maps          COMMENT             
global ionosphere maps for day 138, 2024                    DESCRIPTION         
IONEX file containing the COMBINED IGS TEC MAPS and DCBs    DESCRIPTION         
      IONEX files of the following IAACs were combined: cod DESCRIPTION         
                                                        jpl DESCRIPTION         
                                                        upc DESCRIPTION         
Contact address: Andrzej Krankowski                         DESCRIPTION
                 Geodynamics Research Laboratory            DESCRIPTION
                 University of Warmia and Mazury (GRL/UWM)  DESCRIPTION
                 Oczapowski St. 1                           DESCRIPTION
                 10-957-Olsztyn, POLAND                     DESCRIPTION
                 e-mail:  kand@uwm.edu.pl                   DESCRIPTION
                                                            DESCRIPTION         
  2024     5    17     0     0     0                        EPOCH OF FIRST MAP  
  2024     5    18     0     0     0                        EPOCH OF LAST MAP   
  7200                                                      INTERVAL            
    13                                                      # OF MAPS IN FILE   
  COSZ                                                      MAPPING FUNCTION    
     0.0                                                    ELEVATION CUTOFF    
combined TEC calculated as weighted mean of input TEC valuesOBSERVABLES USED    
   337                                                      # OF STATIONS       
    32                                                      # OF SATELLITES     
  6371.0                                                    BASE RADIUS         
     2                                                      MAP DIMENSION       
   450.0 450.0   0.0                                        HGT1 / HGT2 / DHGT  
    87.5 -87.5  -2.5                                        LAT1 / LAT2 / DLAT  
  -180.0 180.0   5.0                                        LON1 / LON2 / DLON  
    -1                                                      EXPONENT            
TEC values in 0.1 tec units;  9999, if no value available   COMMENT             
DCB values in nanoseconds, reference is Sum_of_SatDCBs = 0  COMMENT             
                                                            END OF HEADER       
[from data line 3003]
     8                                                      START OF TEC MAP    
  2024     5    17    14     0     0                        EPOCH OF CURRENT MAP
    87.5-180.0 180.0   5.0 450.0                            LAT/LON1/LON2/DLON/H
  212  212  212  212  212  212  212  213  213  214  215  216  216  217  218  218
  219  220  221  222  223  224  225  226  226  227  227  228  228  229  229  229
  230  231  231  231  231  231  231  232  232  232  232  232  231  231  231  230
  229  229  228  227  227  227  225  225  224  223  222  221  220  220  219  218
  217  216  215  215  214  214  212  212  212
    85.0-180.0 180.0   5.0 450.0                            LAT/LON1/LON2/DLON/H
  206  206  205  205  205  206  206  207  209  210  212  213  216  217  218  220
  222  223  225  227  227  229  230  230  231  232  234  236  237  237  237  237
  238  238  238  240  240  241  242  243  243  244  245  245  246  245  245  246
  244  244  243  243  242  241  239  238  236  234  232  230  227  224  222  220
  218  216  214  212  211  209  208  207  206
    82.5-180.0 180.0   5.0 450.0                            LAT/LON1/LON2/DLON/H
  205  203  203  203  204  205  206  207  209  212  215  216  220  222  224  227
  228  229  229  231  231  233  233  234  237  238  240  244  245  246  246  248
  249  251  253  254  255  256  257  256  257  258  259  260  262  263  263  263
  264  264  264  265  264  264  263  261  258  255  251  248  244  239  234  230
  227  224  220  217  214  211  208  207  205
    80.0-180.0 180.0   5.0 450.0                            LAT/LON1/LON2/DLON/H
  208  207  206  206  205  206  208  210  213  216  219  223  225  229  232  235
  237  239  239  240  240  238  237  245  249  249  250  251  252  254  256  258
  258  262  261  262  266  270  272  273  273  272  273  275  277  280  283  284
  286  287  289  290  292  291  291  290  287  284  279  272  266  261  254  248
  243  238  233  227  221  217  213  210  208
    77.5-180.0 180.0   5.0 450.0                            LAT/LON1/LON2/DLON/H
  216  214  212  211  211  211  213  215  217  220  224  229  231  232  232  234
  237  238  239  237  238  241  248  247  250  252  255  259  261  264  267  271
  273  276  278  280  281  280  281  282  283  283  285  288  292  296  301  306
  307  310  314  317  319  320  321  320  317  314  308  301  294  286  279  271
  263  256  248  240  233  227  223  219  216
    75.0-180.0 180.0   5.0 450.0                            LAT/LON1/LON2/DLON/H
  227  224  221  219  219  220  221  223  225  228  231  233  235  237  239  238
  239  240  241  244  246  247  254  258  259  262  265  269  274  280  283  283
  287  291  293  294  293  292  292  291  291  291  293  296  302  308  315  322
  327  331  336  340  342  345  345  344  342  338  332  325  317  309  300  291
  281  271  263  254  247  240  234  230  227
    72.5-180.0 180.0   5.0 450.0                            LAT/LON1/LON2/DLON/H
  235  232  229  228  229  231  231  232  232  234  237  239  242  242  238  240
  244  248  248  252  252  257  262  267  274  275  282  283  289  296  300  302
  305  306  307  308  307  305  302  301  301  301  302  305  311  318  325  332
  339  345  351  356  359  361  360  359  356  352  345  337  329  320  309  300
  291  281  273  263  256  249  243  238  235
    70.0-180.0 180.0   5.0 450.0                            LAT/LON1/LON2/DLON/H
  236  233  233  232  234  235  236  237  236  239  240  244  245  243  244  249
  252  253  257  259  265  271  275  281  288  291  298  302  307  309  315  317
  319  321  322  322  321  318  317  314  313  313  315  317  322  327  333  340
  346  353  359  363  365  367  365  362  358  352  344  336  327  317  307  299
  290  280  273  264  256  250  243  239  236
    67.5-180.0 180.0   5.0 450.0                            LAT/LON1/LON2/DLON/H
  230  229  231  231  232  234  238  239  240  240  243  245  246  247  250  253
  257  263  265  271  280  286  291  298  305  308  312  316  319  322  326  330
  330  334  336  336  335  333  330  328  326  325  326  328  332  336  340  344
  349  354  360  362  364  363  360  355  348  341  332  324  315  305  295  286
  278  269  263  255  248  241  236  233  230
    65.0-180.0 180.0   5.0 450.0                            LAT/LON1/LON2/DLON/H
  222  223  225  227  228  231  236  238  238  241  245  246  247  249  251  256
  263  270  276  284  293  299  305  311  317  320  322  325  327  330  334  337
  342  345  347  348  347  346  343  340  339  338  339  340  342  344  346  348
  350  353  355  356  356  353  347  341  333  325  316  306  296  287  276  267
  258  249  245  238  234  227  224  222  222
    62.5-180.0 180.0   5.0 450.0                            LAT/LON1/LON2/DLON/H
  210  212  215  218  222  225  229  232  235  239  242  243  246  248  252  258
  266  274  283  292  300  308  314  320  324  326  328  329  330  333  338  344
  349  353  355  357  357  356  353  352  352  352  353  353  353  353  353  350
  351  351  351  349  346  342  335  329  320  311  300  291  280  270  257  248
  237  229  226  220  215  211  209  208  210
    60.0-180.0 180.0   5.0 450.0                            LAT/LON1/LON2/DLON/H
  195  198  201  205  211  214  218  224  228  233  236  238  241  243  250  257
  263  273  283  292  302  311  317  322  326  328  328  330  332  336  341  350
  355  359  362  364  365  364  364  365  366  368  368  368  366  364  360  355
  353  351  349  347  343  338  332  326  317  307  296  285  274  263  249  237
  224  216  214  205  201  196  194  194  195
    57.5-180.0 180.0   5.0 450.0                            LAT/LON1/LON2/DLON/H
  181  182  185  189  195  199  206  212  219  224  228  231  234  237  243  250
  258  266  276  287  297  307  313  319  324  326  328  330  334  339  347  354
  361  367  370  373  374  374  375  378  379  382  383  382  379  375  370  364
  359  355  352  350  348  345  340  334  326  316  305  295  283  270  253  237
  223  211  207  199  194  189  185  183  181
    55.0-180.0 180.0   5.0 450.0                            LAT/LON1/LON2/DLON/H
  173  170  171  175  179  185  193  202  209  216  221  224  227  230  235  241
  249  258  267  278  288  298  307  314  319  324  328  332  338  346  355  364
  371  378  382  385  384  386  388  390  395  397  399  399  394  389  380  374
  367  363  360  360  360  360  357  353  346  337  328  318  306  290  271  252
  236  220  214  204  196  190  184  177  173
    52.5-180.0 180.0   5.0 450.0                            LAT/LON1/LON2/DLON/H
  170  164  162  162  167  173  182  192  200  209  215  220  225  227  232  237
  244  252  260  269  278  289  299  309  316  325  331  338  348  357  368  379
  386  393  397  400  399  399  402  406  409  414  416  415  409  402  393  383
  377  374  374  376  380  382  381  378  372  366  357  347  334  315  297  275
  255  240  232  218  208  199  190  179  170
    50.0-180.0 180.0   5.0 450.0                            LAT/LON1/LON2/DLON/H
  173  164  158  156  158  164  175  185  195  207  215  222  227  231  236  241
  245  250  255  264  272  283  295  307  319  331  341  352  364  376  388  399
  407  413  415  417  416  416  418  422  426  430  433  430  425  416  405  397
  391  390  392  397  402  404  404  400  396  390  382  372  359  341  322  300
  276  261  251  235  224  213  200  186  173
    47.5-180.0 180.0   5.0 450.0                            LAT/LON1/LON2/DLON/H
  181  170  161  156  157  162  171  182  196  208  220  229  236  242  247  252
  255  257  258  264  273  283  297  312  328  343  358  372  387  401  413  425
  431  436  438  438  437  436  439  441  446  449  449  446  440  431  419  413
  409  408  411  417  421  422  420  414  409  402  393  384  373  357  338  317
  295  279  269  254  241  229  214  197  181
    45.0-180.0 180.0   5.0 450.0                            LAT/LON1/LON2/DLON/H
  193  179  168  162  161  165  172  182  198  214  229  241  251  260  267  272
  274  273  271  272  280  290  307  326  343  362  381  398  415  430  442  454
  459  462  463  462  462  463  464  465  469  470  469  465  458  448  437  431
  426  427  429  434  436  434  428  419  411  401  389  379  369  356  340  323
  306  292  282  269  256  242  226  209  193
    42.5-180.0 180.0   5.0 450.0                            LAT/LON1/LON2/DLON/H
  205  191  179  172  169  171  175  187  204  222  240  258  272  284  292  299
  300  297  292  290  295  306  324  345  366  387  408  429  446  461  473  484
  489  492  491  490  492  492  494  494  496  497  492  487  480  469  458  451
  444  445  445  447  445  437  426  415  403  389  375  363  351  339  326  315
  305  297  290  278  265  251  236  220  205
    40.0-180.0 180.0   5.0 450.0                            LAT/LON1/LON2/DLON/H
  215  203  190  181  177  177  181  192  209  230  252  273  294  308  321  329
  331  327  319  316  319  330  348  370  393  417  439  460  478  489  504  514
  519  521  520  523  526  529  528  528  530  528  520  515  508  497  486  476
  466  465  461  459  452  441  426  412  396  378  361  346  333  320  310  304
  300  295  291  279  270  259  245  231  215
    37.5-180.0 180.0   5.0 450.0                            LAT/LON1/LON2/DLON/H
  225  210  197  189  183  182  184  194  213  237  262  287  312  331  347  360
  364  360  352  348  349  359  376  398  423  449  470  490  506  517  532  542
  547  550  553  557  563  567  567  569  568  565  559  550  543  531  522  508
  496  490  483  475  465  452  437  423  403  383  364  346  327  314  306  303
  303  299  296  284  276  266  254  240  225
    35.0-180.0 180.0   5.0 450.0                            LAT/LON1/LON2/DLON/H
  232  215  202  193  186  184  185  195  215  241  269  299  325  348  369  385
  392  391  384  383  383  391  406  427  450  478  498  516  532  543  557  564
  574  577  585  592  602  609  610  612  611  608  600  592  584  573  562  546
  532  524  512  502  489  477  466  454  434  414  396  374  350  333  325  324
  325  321  316  300  288  276  264  248  232
    32.5-180.0 180.0   5.0 450.0                            LAT/LON1/LON2/DLON/H
  240  221  205  195  188  185  185  193  212  239  270  303  333  361  383  403
  414  417  416  415  417  424  435  453  475  503  523  540  554  568  583  591
  602  608  617  632  642  653  657  662  659  651  645  634  626  621  606  591
  576  564  553  543  529  523  516  512  500  482  463  439  409  387  374  373
  370  364  354  335  320  300  279  260  240
    30.0-180.0 180.0   5.0 450.0                            LAT/LON1/LON2/DLON/H
  253  232  211  198  190  187  186  192  209  235  269  304  337  369  393  413
  427  435  439  443  447  453  461  474  495  523  545  563  579  596  610  622
  636  645  656  673  686  694  700  707  704  707  692  674  666  663  652  639
  624  612  603  597  585  584  585  594  593  580  562  537  503  471  455  450
  443  432  416  386  364  336  308  280  253
    27.5-180.0 180.0   5.0 450.0                            LAT/LON1/LON2/DLON/H
  276  247  223  206  196  193  191  196  209  232  266  305  342  373  398  419
  435  447  457  465  471  476  481  492  509  538  566  589  608  626  645  663
  675  688  701  720  733  741  745  749  751  759  737  713  706  704  699  691
  679  668  661  659  649  651  661  681  695  688  673  649  614  573  549  541
  528  516  494  448  421  386  348  312  276
    25.0-180.0 180.0   5.0 450.0                            LAT/LON1/LON2/DLON/H
  307  271  241  221  208  202  200  203  214  234  267  306  343  376  401  424
  441  456  470  482  491  497  500  509  526  557  590  620  642  664  684  705
  722  738  753  770  783  796  791  788  792  796  769  750  744  742  743  738
  731  729  720  716  713  709  726  753  775  771  763  741  703  665  635  626
  608  595  569  512  484  442  396  351  307
    22.5-180.0 180.0   5.0 450.0                            LAT/LON1/LON2/DLON/H
  339  298  266  240  225  218  215  216  222  240  270  308  346  380  405  429
  450  467  483  499  510  516  519  528  548  581  620  659  687  711  734  755
  776  789  811  821  831  839  835  822  815  814  789  778  782  777  781  784
  783  785  773  760  754  747  756  774  794  791  786  776  743  708  684  675
  657  640  613  561  526  488  441  387  339
    20.0-180.0 180.0   5.0 450.0                            LAT/LON1/LON2/DLON/H
  364  322  288  258  241  233  230  229  231  245  273  310  349  384  412  439
  459  478  496  515  529  535  538  550  574  613  657  703  737  764  788  809
  833  846  859  866  866  866  864  847  832  828  812  799  803  805  817  826
  827  829  811  783  753  732  719  720  738  738  731  728  706  680  672  662
  650  631  607  567  544  513  463  415  364
    17.5-180.0 180.0   5.0 450.0                            LAT/LON1/LON2/DLON/H
  382  341  309  278  255  245  241  240  239  247  273  312  351  391  423  450
  471  489  506  527  543  551  558  574  605  650  699  745  785  814  839  860
  881  894  893  892  887  884  881  864  850  848  834  820  826  833  850  860
  861  852  821  773  710  667  635  623  629  633  629  630  627  612  612  600
  591  570  550  527  520  501  467  425  382
    15.0-180.0 180.0   5.0 450.0                            LAT/LON1/LON2/DLON/H
  394  361  331  299  269  254  250  248  244  249  271  310  354  395  430  459
  480  497  513  534  553  564  576  600  638  690  742  790  827  854  878  895
  910  916  908  904  897  895  892  879  867  860  851  847  856  863  877  881
  879  864  813  734  648  585  541  517  509  507  508  520  532  532  534  527
  514  484  466  455  463  459  447  424  394
    12.5-180.0 180.0   5.0 450.0                            LAT/LON1/LON2/DLON/H
  398  378  352  318  282  265  259  254  248  251  271  305  350  395  433  464
  486  501  518  540  561  576  594  625  672  730  784  828  859  883  900  911
  919  920  912  908  904  903  900  894  883  872  871  874  878  883  889  892
  886  855  787  690  594  521  467  432  411  403  410  431  454  469  472  457
  427  398  378  377  390  401  410  409  398
    10.0-180.0 180.0   5.0 450.0                            LAT/LON1/LON2/DLON/H
  392  384  363  326  293  273  267  260  250  251  268  300  344  391  432  467
  490  505  524  545  569  591  615  653  707  767  821  860  885  899  905  910
  913  914  912  909  908  910  911  908  897  890  890  890  891  893  894  895
  880  840  763  663  566  492  439  401  376  366  375  397  422  443  438  415
  379  343  315  315  324  345  370  382  392
     7.5-180.0 180.0   5.0 450.0                            LAT/LON1/LON2/DLON/H
  372  373  357  325  297  277  270  263  250  249  263  292  336  384  430  467
  493  512  534  556  580  608  641  684  741  801  850  884  903  906  903  900
  898  900  901  902  904  910  914  913  906  900  899  896  894  893  891  888
  870  828  755  660  573  509  468  435  413  402  408  428  451  469  464  431
  378  334  294  283  290  313  339  356  372
     5.0-180.0 180.0   5.0 450.0                            LAT/LON1/LON2/DLON/H
  354  355  341  317  293  275  269  262  250  246  258  285  327  378  428  468
  498  524  545  569  596  628  667  717  774  830  874  901  911  905  895  885
  879  879  879  884  893  899  902  905  903  899  899  894  889  882  879  869
  860  822  755  676  610  565  542  523  507  498  506  526  537  544  535  493
  427  361  309  288  289  307  327  343  354
     2.5-180.0 180.0   5.0 450.0                            LAT/LON1/LON2/DLON/H
  343  340  326  305  283  270  265  257  249  245  254  280  320  374  430  474
  509  536  558  583  613  649  693  745  802  851  888  909  911  899  882  865
  855  851  849  855  866  873  876  883  884  883  882  876  870  860  856  851
  846  812  756  699  661  640  642  644  640  635  649  662  659  651  632  582
  510  432  370  331  319  326  337  343  343
