DORISInput/IGSGIM/2024/IGS0OPSFIN_20241300000_01D_02H_GIM.INX
     1.0            IONOSPHERE MAPS     MIX                 IONEX VERSION / TYPE
cmpcmb v1.2          GRL/UWM            28-may-24 16:20     PGM / RUN BY / DATE 
ionex file containing IGS COMBINED Ionosphere maps          COMMENT             
global ionosphere maps for day 130, 2024                    DESCRIPTION         
IONEX file containing the COMBINED IGS TEC MAPS and DCBs    DESCRIPTION         
      IONEX files of the following IAACs were combined: cod DESCRIPTION         
                                                        jpl DESCRIPTION         
                                                        upc DESCRIPTION         
Contact address: Andrzej Krankowski                         DESCRIPTION
                 Geodynamics Research Laboratory            DESCRIPTION
                 University of Warmia and Mazury (GRL/UWM)  DESCRIPTION
                 Oczapowski St. 1                           DESCRIPTION
                 10-957-Olsztyn, POLAND                     DESCRIPTION
                 e-mail:  kand@uwm.edu.pl                   DESCRIPTION
                                                            DESCRIPTION         
  2024     5     9     0     0     0                        EPOCH OF FIRST MAP  
  2024     5    10     0     0     0                        EPOCH OF LAST MAP   
  7200                                                      INTERVAL            
    13                                                      # OF MAPS IN FILE   
  COSZ                                                      MAPPING FUNCTION    
     0.0                                                    ELEVATION CUTOFF    
combined TEC calculated as weighted mean of input TEC valuesOBSERVABLES USED    
   337                                                      # OF STATIONS       
    32                                                      # OF SATELLITES     
  6371.0                                                    BASE RADIUS         
     2                                                      MAP DIMENSION       
   450.0 450.0   0.0                                        HGT1 / HGT2 / DHGT  
    87.5 -87.5  -2.5                                        LAT1 / LAT2 / DLAT  
  -180.0 180.0   5.0                                        LON1 / LON2 / DLON  
    -1                                                      EXPONENT            
TEC values in 0.1 tec units;  9999, if no value available   COMMENT             
DCB values in nanoseconds, reference is Sum_of_SatDCBs = 0  COMMENT             
                                                            END OF HEADER       
[from data line 3432]
     9                                                      START OF TEC MAP    
  2024     5     9    16     0     0                        EPOCH OF CURRENT MAP
    87.5-180.0 180.0   5.0 450.0                            LAT/LON1/LON2/DLON/H
  264  264  265  266  266  267  269  269  270  271  271  273  273  274  274  275
  275  276  277  277  277  277  277  277  277  276  276  275  275  274  274  273
  273  272  272  271  270  270  269  269  268  268  267  267  267  267  266  266
  266  266  266  266  266  266  265  265  264  264  262  262  262  261  261  261
  260  261  261  261  261  262  262  263  264
    85.0-180.0 180.0   5.0 450.0                            LAT/LON1/LON2/DLON/H
  256  256  258  259  260  262  264  266  268  270  272  274  275  277  278  280
  281  282  281  282  282  282  281  281  280  279  278  278  277  275  275  274
  272  272  271  269  268  267  266  265  265  264  264  264  263  263  263  264
  263  263  263  264  264  264  264  264  263  262  260  259  259  256  255  254
  253  253  253  253  253  253  254  254  256
    82.5-180.0 180.0   5.0 450.0                            LAT/LON1/LON2/DLON/H
  245  246  248  249  252  255  258  261  264  267  270  273  275  277  279  281
  282  283  284  284  284  284  283  281  281  281  281  280  278  276  274  272
  270  268  266  265  264  263  262  261  261  261  260  261  261  262  263  264
  265  265  266  267  267  267  268  267  267  265  263  261  259  256  253  251
  250  248  246  245  244  244  243  244  245
    80.0-180.0 180.0   5.0 450.0                            LAT/LON1/LON2/DLON/H
  235  236  237  240  243  246  250  255  260  263  266  269  271  273  276  277
  279  280  281  282  283  282  281  283  281  279  278  276  274  273  271  269
  267  266  263  261  259  258  256  256  257  258  259  260  262  264  265  268
  269  271  273  274  275  276  277  277  276  274  271  268  265  260  256  252
  248  244  241  238  236  235  235  235  235
    77.5-180.0 180.0   5.0 450.0                            LAT/LON1/LON2/DLON/H
  228  229  231  234  238  243  248  252  254  255  258  261  265  268  269  271
  273  276  277  278  279  279  279  279  277  276  276  274  272  271  268  266
  265  263  262  260  258  256  255  254  255  256  258  260  262  266  269  273
  276  280  283  286  288  290  291  290  289  287  282  277  273  267  260  254
  248  242  238  235  232  231  229  229  228
    75.0-180.0 180.0   5.0 450.0                            LAT/LON1/LON2/DLON/H
  227  230  232  234  238  242  245  247  249  252  255  258  259  261  262  264
  265  267  267  269  272  274  275  276  276  274  273  272  271  269  267  265
  264  262  261  261  259  258  257  257  257  258  259  262  265  269  274  279
  285  290  294  298  301  303  304  303  301  298  293  288  282  274  266  258
  250  244  238  234  232  230  228  227  227
    72.5-180.0 180.0   5.0 450.0                            LAT/LON1/LON2/DLON/H
  234  236  238  241  244  246  248  250  252  254  254  255  254  255  255  256
  256  258  262  263  266  269  271  274  275  274  274  272  271  270  268  267
  267  266  265  264  264  263  262  262  264  265  266  268  271  275  280  286
  291  297  302  307  310  312  312  310  307  304  299  293  287  279  269  261
  254  248  243  240  237  234  233  232  234
    70.0-180.0 180.0   5.0 450.0                            LAT/LON1/LON2/DLON/H
  242  245  249  254  256  257  260  261  260  259  256  255  255  254  252  251
  252  256  258  261  265  269  271  274  276  277  275  275  274  272  272  273
  272  272  271  271  270  269  269  269  270  272  274  276  278  280  285  290
  295  299  304  308  311  312  312  309  307  303  298  291  285  276  269  262
  256  252  249  246  244  242  240  241  242
    67.5-180.0 180.0   5.0 450.0                            LAT/LON1/LON2/DLON/H
  250  256  262  268  273  276  275  274  271  267  263  261  260  257  253  255
  256  258  260  264  267  272  276  278  280  281  278  277  277  275  275  277
  278  277  277  277  277  277  276  277  277  279  280  282  283  285  288  291
  294  297  300  303  305  305  304  301  298  294  288  281  275  267  261  256
  252  249  249  247  246  245  245  246  250
    65.0-180.0 180.0   5.0 450.0                            LAT/LON1/LON2/DLON/H
  252  261  268  277  284  287  287  285  281  276  272  268  264  262  261  261
  262  263  266  269  272  277  282  284  284  284  281  280  279  278  279  280
  283  284  284  284  284  284  283  284  285  286  287  288  289  289  290  291
  291  292  292  293  293  293  291  288  282  278  272  265  259  253  248  245
  242  241  241  241  241  238  241  246  252
    62.5-180.0 180.0   5.0 450.0                            LAT/LON1/LON2/DLON/H
  245  256  268  280  289  292  293  291  286  282  277  273  269  268  267  267
  268  269  271  275  278  283  288  289  288  286  284  283  281  282  283  285
  288  290  291  291  290  289  289  289  291  293  294  295  294  294  292  290
  286  285  283  283  281  280  277  273  266  261  255  249  244  237  232  229
  228  226  226  226  225  223  228  235  245
    60.0-180.0 180.0   5.0 450.0                            LAT/LON1/LON2/DLON/H
  230  244  260  275  287  294  297  294  289  284  280  277  275  276  275  275
  275  275  277  281  284  289  292  292  292  290  288  287  286  287  289  293
  295  297  298  297  296  295  295  296  298  301  302  303  302  300  296  290
  286  282  279  277  274  271  268  263  255  250  242  237  231  225  219  215
  212  212  210  208  207  207  211  220  230
    57.5-180.0 180.0   5.0 450.0                            LAT/LON1/LON2/DLON/H
  210  227  246  265  282  293  296  294  291  286  283  281  282  285  287  286
  286  285  287  288  290  294  297  298  297  296  294  295  294  296  299  303
  305  307  308  306  304  303  303  304  306  309  312  314  311  308  303  296
  291  286  283  279  275  271  267  260  253  247  239  233  226  218  210  204
  201  197  196  194  191  189  193  199  210
    55.0-180.0 180.0   5.0 450.0                            LAT/LON1/LON2/DLON/H
  189  208  230  253  272  286  292  293  292  288  287  289  294  300  303  303
  302  300  300  299  299  301  304  306  307  307  307  308  309  311  314  317
  319  320  320  318  314  313  313  314  316  320  324  325  323  321  314  307
  302  297  293  288  283  277  272  265  259  252  245  238  231  220  209  201
  195  191  188  185  181  178  177  180  189
    52.5-180.0 180.0   5.0 450.0                            LAT/LON1/LON2/DLON/H
  175  191  214  239  261  278  288  293  294  295  298  302  310  317  323  325
  323  320  315  314  312  313  316  319  322  324  325  327  328  330  332  334
  335  335  334  331  328  326  325  326  328  333  337  339  338  335  329  322
  316  311  306  301  295  289  284  277  271  263  257  250  244  230  219  208
  200  193  189  184  178  173  168  167  175
    50.0-180.0 180.0   5.0 450.0                            LAT/LON1/LON2/DLON/H
  168  180  202  229  253  274  289  297  304  309  314  322  333  342  348  352
  350  346  339  335  331  331  334  339  343  347  350  353  354  354  353  353
  352  350  349  347  343  341  340  341  343  348  352  353  352  349  344  339
  331  326  321  315  309  304  297  289  283  276  271  265  259  245  234  221
  211  204  198  192  185  177  169  165  168
    47.5-180.0 180.0   5.0 450.0                            LAT/LON1/LON2/DLON/H
  172  179  196  222  250  274  294  309  319  329  336  347  361  370  378  382
  381  377  368  362  357  356  359  366  372  377  380  383  381  378  374  370
  366  365  364  361  361  359  358  357  359  363  365  366  367  364  359  353
  344  339  333  327  321  315  307  299  292  287  281  278  274  262  250  238
  228  220  214  207  200  191  181  173  172
    45.0-180.0 180.0   5.0 450.0                            LAT/LON1/LON2/DLON/H
  183  185  199  222  251  275  300  321  337  350  362  374  387  399  406  411
  411  408  400  393  388  386  390  398  406  412  412  413  407  400  393  388
  380  379  379  379  380  380  379  377  377  378  379  381  381  378  373  366
  358  352  343  336  329  321  311  302  296  291  288  286  284  277  266  257
  246  239  234  227  220  210  199  188  183
    42.5-180.0 180.0   5.0 450.0                            LAT/LON1/LON2/DLON/H
  197  194  204  226  252  279  307  332  354  369  385  399  411  422  430  437
  439  438  433  427  421  420  425  433  441  446  444  440  433  424  415  407
  399  399  400  402  405  404  402  398  396  396  395  396  396  393  387  381
  370  361  351  341  334  324  313  303  296  291  288  289  290  287  281  274
  264  257  252  247  241  230  218  207  197
    40.0-180.0 180.0   5.0 450.0                            LAT/LON1/LON2/DLON/H
  212  204  209  226  252  280  311  341  365  383  400  416  429  439  449  456
  462  465  462  458  454  454  459  468  474  479  474  468  459  449  443  435
  428  427  429  435  438  437  429  424  421  418  416  416  416  412  405  395
  382  369  358  348  337  327  315  306  297  292  291  294  297  296  292  287
  280  273  267  260  255  246  235  224  212
    37.5-180.0 180.0   5.0 450.0                            LAT/LON1/LON2/DLON/H
  222  213  213  225  248  279  312  343  370  390  407  424  439  451  460  470
  479  485  486  486  484  486  492  499  505  509  504  495  488  481  480  474
  470  471  478  480  482  476  465  457  451  447  445  442  445  436  429  416
  397  381  369  358  347  337  324  315  307  302  302  306  309  309  307  303
  296  289  281  271  263  255  245  235  222
    35.0-180.0 180.0   5.0 450.0                            LAT/LON1/LON2/DLON/H
  229  217  213  222  244  276  309  342  369  390  408  425  442  456  467  479
  490  499  505  509  510  515  523  529  533  535  530  526  522  521  527  525
  530  531  538  536  534  525  508  496  488  482  480  478  478  470  460  444
  422  407  389  377  367  359  347  338  330  324  325  328  331  331  328  323
  317  306  295  280  268  257  250  241  229
    32.5-180.0 180.0   5.0 450.0                            LAT/LON1/LON2/DLON/H
  231  220  214  220  239  269  301  333  362  384  403  421  439  457  472  486
  498  510  520  527  533  541  552  557  559  561  557  560  565  570  585  593
  603  608  607  609  603  583  564  547  534  522  522  521  519  512  493  476
  456  438  421  408  397  393  384  375  367  361  361  364  364  362  356  348
  337  323  307  286  270  257  249  242  231
    30.0-180.0 180.0   5.0 450.0                            LAT/LON1/LON2/DLON/H
  233  224  219  222  238  264  294  323  352  376  397  416  435  457  474  491
  505  521  533  542  551  565  577  584  586  588  588  599  616  634  655  678
  688  693  688  689  673  646  621  600  580  569  564  559  554  544  524  504
  487  472  458  448  437  435  431  426  418  412  410  411  409  403  391  378
  361  341  319  294  272  257  248  243  233
    27.5-180.0 180.0   5.0 450.0                            LAT/LON1/LON2/DLON/H
  239  231  228  229  242  263  290  317  342  368  393  415  438  459  478  497
  514  532  545  556  567  585  598  607  613  618  625  647  677  704  741  765
  780  782  771  769  749  724  683  653  625  610  599  591  580  567  545  527
  513  502  495  489  483  482  482  481  474  467  463  462  456  446  428  408
  383  359  332  305  278  260  249  244  239
    25.0-180.0 180.0   5.0 450.0                            LAT/LON1/LON2/DLON/H
  245  241  238  240  249  267  289  311  338  366  394  420  444  468  488  510
  526  546  560  573  585  602  616  629  640  652  670  701  738  779  817  840
  861  857  841  834  814  778  736  701  670  650  631  622  603  580  557  539
  526  524  523  522  521  519  525  526  520  513  508  507  499  484  461  436
  402  373  343  316  289  268  255  249  245
    22.5-180.0 180.0   5.0 450.0                            LAT/LON1/LON2/DLON/H
  253  250  250  250  254  267  286  308  333  363  396  428  456  482  502  526
  544  565  580  594  606  621  638  658  675  695  719  756  799  844  881  895
  906  899  887  873  854  818  784  744  712  687  659  646  627  588  557  539
  528  533  537  537  542  539  539  544  544  538  536  532  525  505  482  452
  414  382  353  328  302  282  267  257  253
    20.0-180.0 180.0   5.0 450.0                            LAT/LON1/LON2/DLON/H
  262  258  256  255  256  265  282  305  331  363  401  436  466  495  518  542
  562  583  600  615  627  642  662  688  715  739  770  809  859  896  920  923
  923  917  903  886  868  841  810  778  741  712  682  661  634  588  545  525
  517  519  517  520  522  520  514  525  533  533  535  524  517  495  476  448
  415  386  362  342  320  302  282  269  262
    17.5-180.0 180.0   5.0 450.0                            LAT/LON1/LON2/DLON/H
  273  266  259  254  253  260  276  302  331  366  408  445  475  504  529  553
  575  598  617  633  646  663  685  714  749  781  813  856  903  929  931  923
  914  908  899  882  864  842  818  793  755  726  697  666  628  579  527  497
  480  476  467  465  464  463  460  472  486  498  504  491  485  467  450  424
  402  380  367  356  342  326  303  284  273
    15.0-180.0 180.0   5.0 450.0                            LAT/LON1/LON2/DLON/H
  285  272  260  249  246  255  269  295  329  371  411  450  483  510  534  558
  582  609  629  646  661  680  704  735  774  813  848  881  917  927  910  896
  886  880  880  871  860  842  822  802  768  738  709  669  624  569  507  465
  433  416  407  402  395  394  393  408  426  448  460  455  449  433  412  387
  375  366  364  365  359  344  324  301  285
    12.5-180.0 180.0   5.0 450.0                            LAT/LON1/LON2/DLON/H
  295  275  256  240  234  242  261  289  324  368  412  450  485  510  532  557
  585  614  635  654  673  691  717  751  791  831  864  887  900  892  865  852
  847  851  861  862  858  844  828  810  783  758  727  682  625  562  497  436
  390  367  358  351  345  338  338  353  376  400  417  419  412  393  375  353
  343  346  352  360  362  352  335  314  295
    10.0-180.0 180.0   5.0 450.0                            LAT/LON1/LON2/DLON/H
  298  273  248  225  217  226  247  278  315  361  407  445  479  506  529  555
  584  615  638  658  679  699  726  762  802  838  863  874  871  848  819  807
  816  832  850  857  854  846  836  822  796  772  741  695  630  563  491  423
  369  344  336  330  325  318  316  326  347  376  398  400  388  365  347  327
  319  325  329  341  350  346  334  317  298
     7.5-180.0 180.0   5.0 450.0                            LAT/LON1/LON2/DLON/H
  285  262  233  203  195  206  230  266  307  354  400  438  471  501  527  553
  583  614  639  663  684  706  735  772  812  840  854  852  835  805  778  777
  799  825  847  858  854  848  840  827  805  779  746  700  639  570  497  430
  380  358  353  352  346  339  337  344  359  391  417  415  395  358  330  314
  305  305  306  317  325  325  321  303  285
     5.0-180.0 180.0   5.0 450.0                            LAT/LON1/LON2/DLON/H
  263  238  207  177  170  184  212  252  298  347  394  434  466  497  527  555
  583  615  642  666  689  715  746  783  817  839  841  827  802  776  759  769
  805  835  856  866  862  854  841  824  805  776  740  695  642  582  519  468
  426  415  414  419  411  396  396  403  417  446  469  459  430  378  334  312
  300  293  289  290  297  299  295  281  263
     2.5-180.0 180.0   5.0 450.0                            LAT/LON1/LON2/DLON/H
  234  210  180  153  149  165  196  237  289  341  389  431  465  499  531  563
  590  618  645  672  698  725  757  791  820  834  830  808  784  769  767  786
  822  850  869  875  867  855  836  813  792  761  722  684  639  592  551  516
  489  498  505  511  502  487  486  489  498  518  532  510  473  410  351  319
  304  288  275  267  267  267  264  254  234
