DORISInput/IGSGIM/2024/IGS0OPSFIN_20241470000_01D_02H_GIM.INX
     1.0            IONOSPHERE MAPS     MIX                 IONEX VERSION / TYPE
cmpcmb v1.2          GRL/UWM            12-jun-24 16:02     PGM / RUN BY / DATE 
ionex file containing IGS COMBINED Ionosphere maps          COMMENT             
global ionosphere maps for day 147, 2024                    DESCRIPTION         
IONEX file containing the COMBINED IGS TEC MAPS and DCBs    DESCRIPTION         
      IONEX files of the following IAACs were combined: cod DESCRIPTION         
                                                        jpl DESCRIPTION         
                                                        upc DESCRIPTION         
Contact address: Andrzej Krankowski                         DESCRIPTION
                 Geodynamics Research Laboratory            DESCRIPTION
                 University of Warmia and Mazury (GRL/UWM)  DESCRIPTION
                 Oczapowski St. 1                           DESCRIPTION
                 10-957-Olsztyn, POLAND                     DESCRIPTION
                 e-mail:  kand@uwm.edu.pl                   DESCRIPTION
                                                            DESCRIPTION         
  2024     5    26     0     0     0                        EPOCH OF FIRST MAP  
  2024     5    27     0     0     0                        EPOCH OF LAST MAP   
  7200                                                      INTERVAL            
    13                                                      # OF MAPS IN FILE   
  COSZ                                                      MAPPING FUNCTION    
     0.0                                                    ELEVATION CUTOFF    
combined TEC calculated as weighted mean of input TEC valuesOBSERVABLES USED    
   335                                                      # OF STATIONS       
    32                                                      # OF SATELLITES     
  6371.0                                                    BASE RADIUS         
     2                                                      MAP DIMENSION       
   450.0 450.0   0.0                                        HGT1 / HGT2 / DHGT  
    87.5 -87.5  -2.5                                        LAT1 / LAT2 / DLAT  
  -180.0 180.0   5.0                                        LON1 / LON2 / DLON  
    -1                                                      EXPONENT            
TEC values in 0.1 tec units;  9999, if no value available   COMMENT             
DCB values in nanoseconds, reference is Sum_of_SatDCBs = 0  COMMENT             
                                                            END OF HEADER       
     1                                                      START OF TEC MAP    
  2024     5    26     0     0     0                        EPOCH OF CURRENT MAP
    87.5-180.0 180.0   5.0 450.0                            LAT/LON1/LON2/DLON/H
  197  198  201  202  203  205  205  207  207  208  209  210  210  211  211  211
  211  210  210  209  209  208  208  207  206  205  203  202  201  200  198  197
  195  194  193  192  190  190  188  188  187  185  185  184  184  184  183  182
  182  181  181  182  181  182  181  182  183  183  184  184  186  186  187  188
  189  190  191  192  192  194  195  196  197
    85.0-180.0 180.0   5.0 450.0                            LAT/LON1/LON2/DLON/H
  205  206  208  209  211  212  214  216  218  221  222  224  226  228  230  230
  230  231  229  228  226  224  222  221  219  216  213  210  208  205  202  200
  197  194  192  189  187  185  183  181  179  178  177  176  175  174  174  174
  175  176  178  178  180  181  181  182  184  184  185  186  188  189  190  191
  193  193  195  197  198  199  202  203  205
    82.5-180.0 180.0   5.0 450.0                            LAT/LON1/LON2/DLON/H
  210  211  211  213  214  216  218  221  225  227  231  234  237  239  242  243
  246  247  248  248  245  239  232  230  226  223  220  217  214  212  207  204
  200  196  192  188  185  182  179  177  174  173  172  171  172  171  171  172
  172  174  177  179  181  183  186  188  190  192  194  196  197  199  200  201
  203  204  205  205  206  207  208  208  210
    80.0-180.0 180.0   5.0 450.0                            LAT/LON1/LON2/DLON/H
  220  218  219  219  223  225  230  231  235  240  243  245  247  250  252  253
  256  257  256  256  253  253  243  235  239  236  228  224  219  215  211  206
  201  196  191  187  184  180  178  174  172  170  169  169  168  168  169  171
  173  175  178  182  186  188  191  194  197  200  203  206  209  211  213  214
  215  216  216  216  217  218  218  221  220
    77.5-180.0 180.0   5.0 450.0                            LAT/LON1/LON2/DLON/H
  226  225  225  227  231  235  240  243  247  250  251  254  255  257  258  260
  261  261  261  259  258  255  256  251  242  238  234  228  223  218  212  208
  202  197  192  186  183  179  177  175  173  172  172  172  172  173  174  176
  177  180  183  188  191  194  197  201  205  208  212  216  220  223  225  227
  227  228  228  228  230  230  231  228  226
    75.0-180.0 180.0   5.0 450.0                            LAT/LON1/LON2/DLON/H
  231  231  232  233  236  242  247  253  256  257  258  258  258  260  258  258
  258  256  253  253  251  251  248  244  242  238  232  228  222  216  209  203
  198  194  189  187  184  180  177  177  176  176  177  178  179  181  183  185
  187  188  190  194  198  200  204  207  211  216  220  225  229  232  235  236
  237  237  238  240  242  240  237  233  231
    72.5-180.0 180.0   5.0 450.0                            LAT/LON1/LON2/DLON/H
  235  235  236  237  240  247  254  259  262  262  262  264  263  260  258  255
  249  248  246  245  243  239  237  234  232  228  226  221  217  212  206  199
  194  188  186  183  181  180  179  178  179  180  182  185  187  189  192  195
  197  199  200  202  205  207  209  212  217  221  225  230  234  238  241  243
  244  245  246  249  248  244  240  237  235
    70.0-180.0 180.0   5.0 450.0                            LAT/LON1/LON2/DLON/H
  239  239  239  240  244  250  256  263  268  271  273  272  267  262  257  249
  245  242  238  236  234  230  228  226  223  220  217  213  207  204  200  195
  190  187  183  182  181  179  179  181  182  184  187  190  194  197  201  204
  206  208  210  210  211  212  214  217  220  224  228  232  236  240  243  246
  248  250  252  252  250  245  243  240  239
    67.5-180.0 180.0   5.0 450.0                            LAT/LON1/LON2/DLON/H
  242  241  242  243  246  251  258  267  274  279  281  280  276  267  259  251
  244  238  235  231  228  224  223  222  217  215  211  207  202  197  194  191
  187  184  181  180  180  179  181  182  185  187  190  194  198  202  207  210
  213  214  215  215  216  217  218  220  221  224  228  232  235  238  242  245
  248  250  251  250  249  246  245  243  242
    65.0-180.0 180.0   5.0 450.0                            LAT/LON1/LON2/DLON/H
  246  245  245  246  248  253  260  268  277  285  289  289  285  276  267  258
  249  243  238  234  230  227  226  222  217  214  210  206  201  195  192  189
  187  184  182  181  180  181  182  184  186  188  190  193  197  202  207  211
  214  216  216  217  218  219  220  220  221  223  226  229  233  237  240  243
  245  247  248  248  246  247  247  246  246
    62.5-180.0 180.0   5.0 450.0                            LAT/LON1/LON2/DLON/H
  248  248  247  247  248  252  258  267  279  287  294  297  295  290  281  271
  263  253  248  244  239  237  233  229  224  219  214  209  203  198  197  194
  190  188  185  184  184  183  184  186  187  188  190  191  194  197  200  205
  209  212  214  216  218  219  220  221  221  223  225  229  232  235  238  240
  242  243  244  244  245  246  248  248  248
    60.0-180.0 180.0   5.0 450.0                            LAT/LON1/LON2/DLON/H
  250  250  248  247  247  249  255  265  277  287  298  304  304  302  296  288
  280  272  266  261  256  252  248  243  238  231  223  219  213  210  207  207
  201  197  192  189  188  187  187  188  189  189  189  189  189  190  193  197
  201  207  211  215  218  220  222  223  225  226  228  230  233  235  238  241
  241  242  242  243  245  248  249  250  250
    57.5-180.0 180.0   5.0 450.0                            LAT/LON1/LON2/DLON/H
  255  255  252  250  246  247  252  263  276  288  302  310  314  312  308  304
  300  295  290  285  280  275  269  262  256  248  239  236  232  228  224  221
  215  207  201  196  194  191  190  190  190  188  186  185  183  183  185  189
  194  201  208  213  218  221  225  228  230  231  232  234  236  239  242  244
  245  245  245  245  247  250  253  255  255
    55.0-180.0 180.0   5.0 450.0                            LAT/LON1/LON2/DLON/H
  264  263  261  256  251  251  256  266  278  291  305  316  321  323  321  319
  317  316  315  311  306  300  292  283  277  268  262  258  254  250  241  234
  226  217  209  203  199  196  193  192  190  188  186  182  179  178  179  182
  188  195  204  211  218  224  228  232  235  237  238  241  244  247  250  253
  254  254  253  253  255  257  260  262  264
    52.5-180.0 180.0   5.0 450.0                            LAT/LON1/LON2/DLON/H
  276  277  273  267  263  261  265  274  282  297  309  321  328  331  333  333
  332  333  334  331  326  319  310  302  295  288  281  276  271  265  256  246
  235  225  216  208  203  198  196  195  193  190  187  182  178  175  174  177
  184  191  201  209  218  225  231  235  240  244  247  250  254  258  262  266
  267  269  268  266  267  269  272  276  276
    50.0-180.0 180.0   5.0 450.0                            LAT/LON1/LON2/DLON/H
  296  296  291  288  281  278  280  284  292  305  315  325  334  339  341  343
  345  346  347  345  341  334  326  317  308  303  296  291  284  277  267  255
  242  231  221  212  207  202  199  198  196  194  190  186  180  177  174  176
  183  190  199  210  219  226  234  240  246  252  256  262  266  270  276  282
  285  287  287  285  284  285  289  293  296
    47.5-180.0 180.0   5.0 450.0                            LAT/LON1/LON2/DLON/H
  320  321  316  311  304  300  298  298  303  312  321  331  339  344  347  350
  352  355  357  357  354  347  339  330  321  315  309  302  292  282  272  258
  244  232  223  215  211  207  205  202  200  198  194  191  187  183  179  181
  186  194  204  212  221  230  238  245  253  262  268  274  279  285  290  298
  304  307  310  308  308  308  314  318  320
    45.0-180.0 180.0   5.0 450.0                            LAT/LON1/LON2/DLON/H
  351  351  345  341  334  329  322  318  318  323  329  336  343  348  352  354
  357  361  365  367  365  360  352  342  334  327  319  308  295  282  269  256
  242  232  224  219  217  215  212  209  206  203  201  199  196  193  190  190
  192  199  209  217  226  236  244  254  264  274  282  289  293  298  306  316
  321  327  332  333  334  337  343  348  351
    42.5-180.0 180.0   5.0 450.0                            LAT/LON1/LON2/DLON/H
  385  384  380  374  371  361  350  341  337  337  339  344  348  353  356  358
  362  367  373  378  379  374  365  355  345  336  326  312  295  280  267  254
  241  235  231  228  228  227  223  219  215  211  209  209  208  204  200  199
  199  204  212  222  232  244  254  265  277  289  296  303  306  310  318  329
  336  343  351  357  363  368  376  381  385
    40.0-180.0 180.0   5.0 450.0                            LAT/LON1/LON2/DLON/H
  424  425  418  411  404  391  379  366  359  354  353  353  355  359  361  362
  366  374  382  390  392  388  380  368  356  344  331  317  298  281  268  256
  247  245  245  244  246  245  241  234  227  222  220  221  221  218  211  207
  205  209  216  226  239  252  264  277  289  302  309  314  317  321  327  337
  346  357  368  378  391  400  411  419  424
    37.5-180.0 180.0   5.0 450.0                            LAT/LON1/LON2/DLON/H
  468  471  461  450  440  426  409  393  382  375  371  367  367  369  368  369
  373  382  394  404  408  404  395  382  368  353  337  322  305  290  277  266
  263  265  269  269  271  267  263  253  244  237  233  235  235  230  220  211
  207  210  216  229  244  260  273  285  298  310  320  323  325  329  334  343
  353  366  381  397  415  431  445  462  468
    35.0-180.0 180.0   5.0 450.0                            LAT/LON1/LON2/DLON/H
  517  515  508  494  478  460  439  420  408  400  393  387  384  384  381  380
  384  395  408  419  424  419  408  395  380  364  347  332  319  306  295  289
  289  295  297  297  297  292  286  276  265  254  249  247  244  237  225  213
  207  206  213  228  245  264  279  292  304  316  326  330  330  335  340  348
  360  376  394  415  441  460  480  503  517
    32.5-180.0 180.0   5.0 450.0                            LAT/LON1/LON2/DLON/H
  564  565  558  540  520  497  472  450  436  429  421  415  409  406  401  399
  401  410  424  436  437  431  418  404  390  377  362  348  338  328  321  320
  324  328  328  324  321  314  306  296  285  273  265  258  252  240  225  214
  204  202  209  224  245  266  283  297  309  319  328  333  334  339  345  354
  369  387  408  435  463  490  515  544  564
    30.0-180.0 180.0   5.0 450.0                            LAT/LON1/LON2/DLON/H
  607  613  608  589  563  535  510  488  474  465  460  450  443  437  428  423
  423  431  442  453  450  437  422  407  396  386  380  364  358  353  350  352
  356  357  350  341  333  323  317  309  300  289  279  270  257  243  225  212
  201  197  204  220  242  266  286  299  309  317  324  330  335  343  353  365
  382  402  425  453  484  515  551  585  607
    27.5-180.0 180.0   5.0 450.0                            LAT/LON1/LON2/DLON/H
  649  658  657  640  612  582  557  534  522  518  509  495  486  475  462  454
  453  457  463  469  460  443  426  411  399  392  389  376  375  376  378  378
  378  371  359  342  330  318  316  315  308  298  288  278  263  243  227  212
  200  195  199  216  240  265  285  297  305  312  318  326  336  347  363  380
  401  421  447  472  503  540  582  622  649
    25.0-180.0 180.0   5.0 450.0                            LAT/LON1/LON2/DLON/H
  689  697  704  691  666  638  614  591  581  580  568  553  541  521  505  494
  488  488  490  485  469  451  433  415  402  395  391  383  385  390  392  390
  384  371  352  330  316  304  307  311  309  300  291  279  264  246  230  214
  200  193  194  210  234  260  279  290  299  306  316  327  340  355  374  399
  423  447  472  494  523  561  611  660  689
    22.5-180.0 180.0   5.0 450.0                            LAT/LON1/LON2/DLON/H
  718  735  743  738  720  693  675  656  646  645  633  617  599  578  557  548
  534  525  521  509  482  458  438  419  406  399  391  383  382  385  383  377
  368  350  328  304  289  281  288  293  298  297  287  275  263  249  235  217
  201  192  190  203  225  250  268  281  292  303  315  330  347  367  390  420
  447  473  498  519  550  586  638  688  718
    20.0-180.0 180.0   5.0 450.0                            LAT/LON1/LON2/DLON/H
  736  759  775  782  773  753  731  722  717  714  700  687  663  641  618  606
  588  570  557  540  504  467  440  420  406  394  383  369  361  358  350  343
  328  303  282  263  249  247  254  261  275  285  278  267  260  250  236  220
  202  189  185  193  213  237  256  271  286  302  318  337  358  383  412  445
  474  502  522  545  575  611  660  704  736
    17.5-180.0 180.0   5.0 450.0                            LAT/LON1/LON2/DLON/H
  741  769  792  811  816  805  792  788  782  779  766  751  727  705  681  667
  646  623  599  572  525  474  440  415  395  377  359  336  325  316  300  290
  272  250  236  224  212  209  218  231  249  263  263  255  253  247  234  218
  200  186  178  181  198  223  245  264  284  305  329  353  378  406  438  474
  505  528  547  570  597  636  676  713  741
    15.0-180.0 180.0   5.0 450.0                            LAT/LON1/LON2/DLON/H
  741  768  797  828  846  849  846  846  841  834  824  810  787  765  744  729
  703  676  643  598  539  482  439  401  369  342  319  291  277  266  251  234
  221  216  209  198  189  185  195  212  231  245  245  243  243  238  227  212
  198  182  171  170  184  208  237  260  285  313  346  377  407  435  467  505
  533  557  575  595  618  651  686  716  741
    12.5-180.0 180.0   5.0 450.0                            LAT/LON1/LON2/DLON/H
  739  763  796  828  862  875  878  881  878  874  866  854  834  818  798  785
  759  724  681  623  556  490  434  382  338  300  271  244  230  216  202  192
  193  198  200  193  186  183  195  211  227  235  232  233  234  231  221  208
  196  176  163  158  170  195  227  256  288  325  363  399  433  463  497  533
  559  580  599  618  640  668  694  717  739
    10.0-180.0 180.0   5.0 450.0                            LAT/LON1/LON2/DLON/H
  735  758  787  822  857  878  883  885  887  889  888  878  866  855  844  828
  805  770  719  651  573  492  422  362  312  264  229  204  193  182  173  169
  179  197  207  206  200  200  213  230  239  240  232  231  231  226  215  203
  189  170  154  148  158  182  217  253  291  336  379  418  455  491  527  559
  585  603  620  638  659  683  702  718  735
     7.5-180.0 180.0   5.0 450.0                            LAT/LON1/LON2/DLON/H
  731  754  780  808  837  857  862  869  870  879  880  878  874  870  863  850
  831  803  748  672  585  490  407  339  283  230  196  177  172  168  165  169
  189  216  234  240  234  237  248  258  262  253  238  230  225  218  206  192
  177  158  144  138  146  171  205  248  293  343  391  436  475  518  557  585
  609  628  643  660  679  697  711  720  731
     5.0-180.0 180.0   5.0 450.0                            LAT/LON1/LON2/DLON/H
  739  756  778  801  822  833  833  836  836  844  849  850  853  856  852  843
  830  805  752  668  578  477  385  310  250  202  176  166  168  172  180  196
  226  256  279  290  283  281  285  287  280  267  241  222  211  200  186  174
  156  141  129  127  135  159  193  236  288  342  395  445  493  540  582  611
  631  653  672  685  700  714  724  730  739
     2.5-180.0 180.0   5.0 450.0                            LAT/LON1/LON2/DLON/H
  760  773  790  808  819  818  809  805  800  802  804  806  811  817  817  813
  802  777  728  646  553  447  351  277  222  184  169  170  181  197  218  248
  278  309  330  334  325  311  309  301  287  265  232  209  194  178  162  148
  132  119  114  113  123  144  178  225  276  332  387  441  496  554  600  628
  654  679  700  711  724  734  742  752  760
