DORISInput/IGSGIM/2024/IGS0OPSFIN_20241370000_01D_02H_GIM.INX
     1.0            IONOSPHERE MAPS     MIX                 IONEX VERSION / TYPE
cmpcmb v1.2          GRL/UWM            28-may-24 18:31     PGM / RUN BY / DATE 
ionex file containing IGS COMBINED Ionosphere maps          COMMENT             
global ionosphere maps for day 137, 2024                    DESCRIPTION         
IONEX file containing the COMBINED IGS TEC MAPS and DCBs    DESCRIPTION         
      IONEX files of the following IAACs were combined: cod DESCRIPTION         
                                                        jpl DESCRIPTION         
                                                        upc DESCRIPTION         
Contact address: Andrzej Krankowski                         DESCRIPTION
                 Geodynamics Research Laboratory            DESCRIPTION
                 University of Warmia and Mazury (GRL/UWM)  DESCRIPTION
                 Oczapowski St. 1                           DESCRIPTION
                 10-957-Olsztyn, POLAND                     DESCRIPTION
                 e-mail:  kand@uwm.edu.pl                   DESCRIPTION
                                                            DESCRIPTION         
  2024     5    16     0     0     0                        EPOCH OF FIRST MAP  
  2024     5    17     0     0     0                        EPOCH OF LAST MAP   
  7200                                                      INTERVAL            
    13                                                      # OF MAPS IN FILE   
  COSZ                                                      MAPPING FUNCTION    
     0.0                                                    ELEVATION CUTOFF    
combined TEC calculated as weighted mean of input TEC valuesOBSERVABLES USED    
   336                                                      # OF STATIONS       
    32                                                      # OF SATELLITES     
  6371.0                                                    BASE RADIUS         
     2                                                      MAP DIMENSION       
   450.0 450.0   0.0                                        HGT1 / HGT2 / DHGT  
    87.5 -87.5  -2.5                                        LAT1 / LAT2 / DLAT  
  -180.0 180.0   5.0                                        LON1 / LON2 / DLON  
    -1                                                      EXPONENT            
TEC values in 0.1 tec units;  9999, if no value available   COMMENT             
DCB values in nanoseconds, reference is Sum_of_SatDCBs = 0  COMMENT             
                                                            END OF HEADER       
[from data line 5148]
    13                                                      START OF TEC MAP    
  2024     5    17     0     0     0                        EPOCH OF CURRENT MAP
    87.5-180.0 180.0   5.0 450.0                            LAT/LON1/LON2/DLON/H
  226  225  224  223  223  222  222  221  220  219  219  218  218  217  216  216
  216  215  215  214  214  214  214  213  213  212  212  211  211  211  211  210
  210  210  210  209  210  210  211  212  212  213  213  214  215  216  218  219
  220  221  222  223  225  226  226  228  228  229  230  230  230  230  230  230
  230  230  230  229  229  228  227  226  226
    85.0-180.0 180.0   5.0 450.0                            LAT/LON1/LON2/DLON/H
  230  229  227  226  224  223  222  221  220  220  219  218  218  217  217  217
  216  215  214  213  211  210  209  208  207  205  204  203  202  201  200  200
  200  199  200  199  200  200  202  202  204  205  206  208  209  212  213  216
  219  222  224  226  229  231  234  236  237  239  240  240  241  241  241  240
  240  240  238  238  236  235  233  232  230
    82.5-180.0 180.0   5.0 450.0                            LAT/LON1/LON2/DLON/H
  233  231  228  227  225  224  223  222  222  221  221  220  220  220  219  219
  217  217  215  213  212  210  208  206  204  202  198  195  194  191  190  190
  189  190  191  193  194  195  196  198  199  200  202  204  206  208  211  215
  219  223  227  231  234  237  240  242  244  247  248  249  249  250  249  249
  248  247  245  244  242  240  238  235  233
    80.0-180.0 180.0   5.0 450.0                            LAT/LON1/LON2/DLON/H
  234  230  228  226  225  223  222  222  222  224  225  226  228  229  230  230
  231  233  232  231  229  217  212  206  200  198  196  193  191  189  187  187
  187  187  188  190  191  194  196  198  200  202  202  205  206  209  212  215
  220  226  231  234  239  242  245  247  250  251  252  253  254  254  253  254
  252  251  249  247  245  242  239  236  234
    77.5-180.0 180.0   5.0 450.0                            LAT/LON1/LON2/DLON/H
  233  231  228  226  224  222  224  226  230  233  234  237  239  242  244  245
  243  242  240  238  234  230  226  215  215  209  202  197  194  190  188  186
  185  187  189  192  193  196  199  202  204  205  206  207  209  212  215  219
  223  230  234  239  243  245  247  249  250  251  252  252  253  253  253  252
  252  250  249  246  244  241  238  236  233
    75.0-180.0 180.0   5.0 450.0                            LAT/LON1/LON2/DLON/H
  231  229  226  224  224  225  227  231  235  239  246  253  256  258  260  262
  260  260  258  255  250  240  236  227  219  214  207  203  199  195  194  192
  191  191  191  194  196  201  204  207  210  212  212  213  215  218  220  224
  229  233  238  242  245  248  248  248  249  249  249  248  248  248  248  247
  246  245  244  242  240  238  235  233  231
    72.5-180.0 180.0   5.0 450.0                            LAT/LON1/LON2/DLON/H
  229  227  225  224  225  226  229  233  239  246  255  262  268  275  277  278
  279  279  276  272  267  254  247  238  231  218  214  206  203  201  199  198
  198  197  195  197  200  204  207  210  213  217  220  221  223  225  228  231
  235  239  242  246  247  248  248  246  246  245  243  243  242  242  242  241
  240  239  239  238  237  235  233  231  229
    70.0-180.0 180.0   5.0 450.0                            LAT/LON1/LON2/DLON/H
  230  228  227  225  226  227  230  233  240  249  258  267  275  282  289  292
  291  293  289  285  277  270  257  246  240  229  218  211  207  204  201  200
  201  200  197  197  200  204  207  210  214  219  225  228  230  232  235  238
  242  245  248  251  251  250  249  246  244  241  239  238  238  238  238  238
  236  236  237  237  236  235  233  232  230
    67.5-180.0 180.0   5.0 450.0                            LAT/LON1/LON2/DLON/H
  233  232  230  229  227  227  229  232  238  247  257  266  275  285  293  296
  297  298  297  294  287  282  267  255  247  237  225  215  210  207  203  201
  201  200  198  197  199  202  206  210  214  218  224  230  233  236  239  243
  247  252  255  257  258  256  252  247  244  240  238  237  237  237  237  238
  237  237  238  240  239  238  236  235  233
    65.0-180.0 180.0   5.0 450.0                            LAT/LON1/LON2/DLON/H
  239  237  235  233  230  228  227  230  234  241  251  260  269  280  287  289
  293  297  296  295  291  284  272  261  251  241  231  220  215  212  207  205
  203  201  199  198  198  200  203  207  211  215  220  227  231  235  239  244
  251  257  262  265  265  262  258  252  247  243  240  239  240  240  241  242
  243  243  244  245  244  244  241  241  239
    62.5-180.0 180.0   5.0 450.0                            LAT/LON1/LON2/DLON/H
  244  242  240  236  232  228  226  225  229  235  243  252  261  268  273  278
  282  287  287  291  289  282  273  264  254  244  234  227  221  219  216  212
  210  207  204  201  199  199  199  202  206  211  216  220  224  229  234  242
  249  259  266  271  272  270  265  259  253  249  248  247  248  249  249  251
  253  254  254  254  253  251  248  246  244
    60.0-180.0 180.0   5.0 450.0                            LAT/LON1/LON2/DLON/H
  251  248  246  241  236  230  225  223  224  229  236  244  253  258  261  267
  269  273  276  280  281  277  271  263  254  247  239  236  232  230  228  224
  220  216  211  206  203  199  197  197  199  204  207  210  214  218  225  234
  245  257  268  276  280  279  275  269  264  261  260  261  261  261  262  264
  266  267  266  265  263  261  257  253  251
    57.5-180.0 180.0   5.0 450.0                            LAT/LON1/LON2/DLON/H
  259  257  255  251  243  234  228  223  222  226  232  239  245  249  253  256
  259  262  266  269  271  270  266  261  255  249  245  243  242  241  239  236
  231  226  219  212  207  201  198  194  193  195  198  199  202  207  215  226
  238  254  269  280  287  289  287  284  280  278  279  280  279  278  276  276
  278  279  278  276  274  270  266  262  259
    55.0-180.0 180.0   5.0 450.0                            LAT/LON1/LON2/DLON/H
  273  272  270  270  258  246  236  228  226  227  232  239  244  247  249  249
  251  255  258  262  265  264  262  259  255  251  252  253  252  251  251  249
  244  236  228  220  213  206  201  195  191  191  191  193  195  199  205  215
  230  249  267  284  296  303  305  305  305  305  307  306  304  297  291  286
  286  288  288  286  285  281  278  274  273
    52.5-180.0 180.0   5.0 450.0                            LAT/LON1/LON2/DLON/H
  294  296  299  295  285  269  254  246  238  237  239  244  248  250  250  248
  248  251  253  256  259  259  260  259  258  259  262  265  266  265  264  262
  255  245  236  226  219  209  203  198  194  191  190  191  191  193  197  205
  223  243  266  288  307  320  329  335  339  341  343  341  333  320  306  296
  292  295  295  295  296  295  293  291  294
    50.0-180.0 180.0   5.0 450.0                            LAT/LON1/LON2/DLON/H
  322  331  334  333  323  303  283  269  260  256  255  258  259  257  255  252
  249  249  250  253  256  258  260  262  265  269  272  277  279  278  275  270
  260  250  239  229  223  213  207  203  199  196  192  190  189  189  191  201
  218  239  267  294  318  341  357  370  379  384  387  381  366  347  324  307
  299  301  301  304  310  314  316  316  322
    47.5-180.0 180.0   5.0 450.0                            LAT/LON1/LON2/DLON/H
  362  374  378  375  367  344  319  301  290  284  279  278  276  270  262  256
  252  250  250  254  256  259  263  268  273  280  284  287  289  286  280  271
  259  248  238  229  226  221  216  211  206  201  198  195  192  190  192  201
  216  239  270  298  331  362  386  407  420  429  433  425  405  379  349  327
  312  311  315  317  330  340  351  353  362
    45.0-180.0 180.0   5.0 450.0                            LAT/LON1/LON2/DLON/H
  410  426  427  419  407  387  359  340  324  317  309  304  298  286  273  262
  255  253  253  256  258  264  269  275  283  291  294  294  293  287  279  267
  254  244  237  233  234  230  227  222  216  210  207  205  201  197  200  205
  219  243  273  306  345  382  410  437  455  470  476  469  447  417  382  354
  339  332  339  346  363  376  391  400  410
    42.5-180.0 180.0   5.0 450.0                            LAT/LON1/LON2/DLON/H
  459  469  472  462  457  430  403  380  363  353  344  334  320  304  287  271
  262  258  259  262  267  273  280  287  296  302  303  299  295  287  277  264
  252  245  242  241  245  246  244  240  233  224  221  218  214  211  212  215
  226  249  276  312  356  396  429  459  480  498  510  506  488  459  422  391
  374  366  377  386  407  419  438  446  459
    40.0-180.0 180.0   5.0 450.0                            LAT/LON1/LON2/DLON/H
  499  510  512  504  491  469  444  420  402  392  379  363  343  322  301  283
  271  267  269  275  281  289  297  302  310  312  310  306  300  292  281  268
  259  254  255  259  267  270  270  264  253  243  237  235  234  231  228  229
  236  247  275  313  359  403  439  470  496  519  535  538  526  500  466  436
  419  415  425  435  455  470  486  493  499
    37.5-180.0 180.0   5.0 450.0                            LAT/LON1/LON2/DLON/H
  533  537  538  534  523  500  478  458  446  431  415  391  365  339  315  296
  284  281  283  292  299  308  317  320  324  324  319  316  311  305  297  290
  283  282  284  289  297  302  301  293  279  268  259  256  255  252  246  243
  242  249  272  310  357  400  439  473  501  529  551  561  555  538  511  484
  469  469  475  484  503  519  531  533  533
    35.0-180.0 180.0   5.0 450.0                            LAT/LON1/LON2/DLON/H
  560  555  555  553  546  532  513  497  489  471  447  416  385  356  330  311
  298  297  300  310  319  326  333  337  338  337  331  330  331  331  330  329
  326  326  326  330  337  337  333  324  309  294  283  279  275  270  262  253
  246  247  263  302  349  391  430  464  495  525  552  570  574  569  552  533
  521  521  528  537  555  566  573  569  560
    32.5-180.0 180.0   5.0 450.0                            LAT/LON1/LON2/DLON/H
  587  575  570  570  567  564  551  533  520  507  476  438  405  373  346  326
  313  313  316  326  337  340  344  350  351  349  347  352  362  369  379  382
  381  381  376  376  378  370  364  353  337  321  308  301  294  284  272  259
  248  244  254  289  329  375  413  446  476  507  537  564  581  588  585  578
  570  573  581  595  608  614  615  604  587
    30.0-180.0 180.0   5.0 450.0                            LAT/LON1/LON2/DLON/H
  627  609  599  600  601  595  587  575  559  540  509  462  424  391  361  342
  330  327  330  341  350  349  349  352  358  362  366  382  402  418  433  437
  437  434  424  413  408  396  385  375  359  346  330  319  309  294  280  265
  251  242  244  270  308  354  390  422  451  481  513  546  573  593  605  610
  612  619  629  645  654  662  661  649  627
    27.5-180.0 180.0   5.0 450.0                            LAT/LON1/LON2/DLON/H
  680  663  653  653  656  650  650  637  613  588  550  493  449  415  382  361
  348  344  344  352  357  352  347  348  362  379  394  418  445  471  489  491
  483  470  455  436  425  407  395  383  371  360  345  332  320  303  289  274
  256  243  240  255  289  330  362  394  424  454  488  522  555  586  611  629
  642  653  666  681  695  709  707  700  680
    25.0-180.0 180.0   5.0 450.0                            LAT/LON1/LON2/DLON/H
  739  729  722  727  730  725  719  710  680  647  603  541  490  448  411  385
  370  364  359  364  361  353  347  354  384  410  433  457  494  521  535  527
  505  480  457  441  426  402  387  376  366  359  350  339  328  314  300  283
  263  244  236  245  270  305  337  370  400  432  467  503  538  576  611  638
  660  673  683  703  728  749  755  756  739
    22.5-180.0 180.0   5.0 450.0                            LAT/LON1/LON2/DLON/H
  810  799  797  808  815  816  806  788  754  714  666  599  545  493  453  421
  402  392  385  380  372  362  363  383  421  450  477  496  519  539  547  528
  486  455  433  421  404  378  363  351  345  343  343  341  336  325  311  290
  266  244  231  234  254  284  317  353  387  421  456  494  532  572  612  646
  673  690  699  720  758  791  804  814  810
    20.0-180.0 180.0   5.0 450.0                            LAT/LON1/LON2/DLON/H
  878  879  879  896  911  914  899  873  832  782  728  668  609  559  508  477
  449  435  422  410  395  385  390  418  445  466  488  482  490  492  505  486
  440  404  389  381  366  343  327  315  313  316  326  336  340  331  314  294
  266  239  224  221  236  264  301  344  384  424  461  501  539  580  620  657
  687  708  724  754  801  831  850  866  878
    17.5-180.0 180.0   5.0 450.0                            LAT/LON1/LON2/DLON/H
  930  948  958  979 1002 1012  997  964  913  855  796  734  678  630  575  542
  508  485  466  449  431  419  420  445  454  454  455  435  424  411  419  424
  374  332  331  334  323  308  286  277  281  288  303  330  341  330  311  289
  259  229  211  204  215  245  291  341  389  437  480  521  559  599  637  675
  706  732  755  790  826  862  886  908  930
    15.0-180.0 180.0   5.0 450.0                            LAT/LON1/LON2/DLON/H
  962  991 1014 1043 1073 1089 1078 1041  987  926  866  804  750  707  652  611
  570  545  524  499  477  462  457  467  457  435  414  378  355  321  319  348
  289  258  275  287  281  279  258  255  258  268  286  315  333  320  302  279
  248  216  194  184  196  229  280  339  397  452  501  545  585  623  659  697
  730  761  787  818  853  883  910  935  962
    12.5-180.0 180.0   5.0 450.0                            LAT/LON1/LON2/DLON/H
  977 1005 1034 1070 1109 1135 1127 1092 1042  987  934  879  826  791  742  694
  643  611  584  555  527  507  493  482  452  410  370  317  288  251  235  242
  197  193  231  240  239  246  247  245  250  261  276  298  307  305  293  269
  236  203  177  165  176  211  267  333  400  461  517  567  609  648  685  721
  756  791  819  848  873  899  927  951  977
    10.0-180.0 180.0   5.0 450.0                            LAT/LON1/LON2/DLON/H
  977  997 1025 1064 1108 1137 1137 1111 1071 1026  991  947  900  875  838  785
  728  684  646  612  578  543  514  480  426  366  316  262  232  201  171  157
  143  164  196  201  203  224  241  245  251  256  268  282  295  298  285  259
  222  186  157  144  151  189  248  316  394  463  525  581  628  670  707  744
  780  816  846  875  898  919  942  962  977
     7.5-180.0 180.0   5.0 450.0                            LAT/LON1/LON2/DLON/H
  977  986 1004 1038 1079 1108 1110 1091 1067 1044 1017  990  968  946  919  869
  812  759  708  662  617  568  519  461  390  317  262  216  192  170  146  137
  149  175  194  208  211  239  252  256  254  255  261  275  290  290  274  244
  206  168  138  126  131  170  227  302  384  457  523  584  635  682  721  759
  797  834  866  896  920  940  957  970  977
     5.0-180.0 180.0   5.0 450.0                            LAT/LON1/LON2/DLON/H
  987  984  990 1013 1044 1065 1063 1047 1036 1028 1019 1009  998  990  966  923
  871  810  751  691  633  573  507  430  349  280  223  191  175  169  168  177
  201  228  244  255  256  271  280  282  271  261  255  266  280  278  257  226
  187  151  123  111  120  156  213  287  370  445  511  574  630  681  724  764
  806  843  877  907  935  956  972  984  987
     2.5-180.0 180.0   5.0 450.0                            LAT/LON1/LON2/DLON/H
 1013 1006 1002 1010 1026 1032 1021  999  987  990  994  991  982  986  973  936
  885  821  761  697  629  560  484  398  313  257  213  202  197  211  233  254
  287  322  330  320  312  310  317  316  298  272  250  254  264  258  235  200
  162  133  112  105  116  149  202  274  355  428  491  553  613  670  718  757
  798  842  881  912  942  969  988 1007 1013
