DORISInput/IGSGIM/2024/IGS0OPSFIN_20241360000_01D_02H_GIM.INX
     1.0            IONOSPHERE MAPS     MIX                 IONEX VERSION / TYPE
cmpcmb v1.2          GRL/UWM            28-may-24 18:25     PGM / RUN BY / DATE 
ionex file containing IGS COMBINED Ionosphere maps          COMMENT             
global ionosphere maps for day 136, 2024                    DESCRIPTION         
IONEX file containing the COMBINED IGS TEC MAPS and DCBs    DESCRIPTION         
      IONEX files of the following IAACs were combined: cod DESCRIPTION         
                                                        jpl DESCRIPTION         
                                                        upc DESCRIPTION         
Contact address: Andrzej Krankowski                         DESCRIPTION
                 Geodynamics Research Laboratory            DESCRIPTION
                 University of Warmia and Mazury (GRL/UWM)  DESCRIPTION
                 Oczapowski St. 1                           DESCRIPTION
                 10-957-Olsztyn, POLAND                     DESCRIPTION
                 e-mail:  kand@uwm.edu.pl                   DESCRIPTION
                                                            DESCRIPTION         
  2024     5    15     0     0     0                        EPOCH OF FIRST MAP  
  2024     5    16     0     0     0                        EPOCH OF LAST MAP   
  7200                                                      INTERVAL            
    13                                                      # OF MAPS IN FILE   
  COSZ                                                      MAPPING FUNCTION    
     0.0                                                    ELEVATION CUTOFF    
combined TEC calculated as weighted mean of input TEC valuesOBSERVABLES USED    
   337                                                      # OF STATIONS       
    32                                                      # OF SATELLITES     
  6371.0                                                    BASE RADIUS         
     2                                                      MAP DIMENSION       
   450.0 450.0   0.0                                        HGT1 / HGT2 / DHGT  
    87.5 -87.5  -2.5                                        LAT1 / LAT2 / DLAT  
  -180.0 180.0   5.0                                        LON1 / LON2 / DLON  
    -1                                                      EXPONENT            
TEC values in 0.1 tec units;  9999, if no value available   COMMENT             
DCB values in nanoseconds, reference is Sum_of_SatDCBs = 0  COMMENT             
                                                            END OF HEADER       
[from data line 2145]
     6                                                      START OF TEC MAP    
  2024     5    15    10     0     0                        EPOCH OF CURRENT MAP
    87.5-180.0 180.0   5.0 450.0                            LAT/LON1/LON2/DLON/H
  268  268  268  269  270  270  271  272  273  274  275  276  276  277  278  279
  280  281  282  282  282  283  283  283  284  284  285  285  285  285  285  285
  285  285  285  285  284  284  283  283  283  283  282  282  282  281  280  280
  279  277  276  276  275  274  272  272  270  270  270  268  268  268  268  267
  267  267  267  267  266  266  266  266  268
    85.0-180.0 180.0   5.0 450.0                            LAT/LON1/LON2/DLON/H
  262  262  264  265  266  267  269  271  273  275  276  278  279  281  282  283
  284  285  286  287  288  289  289  289  289  290  289  288  287  286  286  286
  286  286  286  286  286  286  285  286  285  285  285  285  284  284  283  283
  283  282  280  278  277  275  273  272  271  269  267  266  265  264  263  262
  261  260  259  259  259  260  261  261  262
    82.5-180.0 180.0   5.0 450.0                            LAT/LON1/LON2/DLON/H
  256  256  259  259  262  264  266  268  271  273  275  277  280  282  284  286
  288  290  289  289  288  290  288  291  292  289  289  287  287  287  287  287
  287  288  289  290  291  292  292  293  294  294  294  295  295  294  293  292
  290  289  287  285  284  282  280  278  277  274  273  270  268  266  264  263
  261  260  259  258  259  257  256  257  256
    80.0-180.0 180.0   5.0 450.0                            LAT/LON1/LON2/DLON/H
  254  255  255  257  258  260  262  264  268  270  273  276  278  280  282  284
  286  288  289  290  290  290  285  289  286  285  283  283  282  282  283  283
  285  287  289  292  295  297  298  301  302  305  305  306  305  305  304  303
  303  301  299  298  297  295  294  292  290  288  286  284  281  279  276  273
  270  266  265  261  258  255  255  255  254
    77.5-180.0 180.0   5.0 450.0                            LAT/LON1/LON2/DLON/H
  257  255  255  254  255  258  259  264  267  271  273  274  275  279  281  283
  282  284  285  285  284  281  279  276  274  274  271  270  272  273  273  276
  280  284  288  291  296  302  306  309  311  314  317  317  318  318  318  319
  317  318  316  316  316  315  315  313  312  310  308  305  303  299  296  291
  286  280  276  271  267  264  262  259  257
    75.0-180.0 180.0   5.0 450.0                            LAT/LON1/LON2/DLON/H
  261  257  255  254  254  256  258  262  263  267  269  272  273  274  275  276
  279  279  277  274  274  273  270  267  265  263  260  259  261  261  265  269
  273  279  285  290  296  301  308  315  320  325  326  328  330  331  332  334
  333  335  335  335  336  337  337  337  337  336  335  333  330  327  322  316
  308  301  295  289  284  277  271  265  261
    72.5-180.0 180.0   5.0 450.0                            LAT/LON1/LON2/DLON/H
  263  257  252  250  251  252  254  254  258  262  266  266  266  265  266  267
  265  264  264  264  264  260  259  257  251  250  249  250  251  254  261  265
  271  277  284  293  300  306  312  319  327  331  334  337  339  341  344  347
  349  349  352  352  354  357  358  358  359  360  359  358  357  354  348  341
  334  325  317  309  299  289  279  269  263
    70.0-180.0 180.0   5.0 450.0                            LAT/LON1/LON2/DLON/H
  260  251  246  243  241  243  245  246  251  256  257  256  256  257  255  254
  253  252  254  253  251  249  248  245  241  239  241  245  248  253  259  267
  274  281  288  297  307  314  322  330  334  339  343  345  347  350  354  356
  360  362  364  366  367  369  371  372  374  375  377  377  377  374  370  364
  357  347  336  325  312  299  284  271  260
    67.5-180.0 180.0   5.0 450.0                            LAT/LON1/LON2/DLON/H
  259  246  236  230  228  227  228  234  238  243  246  246  246  246  245  243
  242  243  245  244  243  241  240  237  236  236  239  245  251  257  265  273
  281  289  298  307  318  326  335  340  345  348  351  353  356  358  361  365
  369  371  374  374  374  375  376  378  379  381  383  385  386  384  381  376
  369  360  348  336  321  307  289  275  259
    65.0-180.0 180.0   5.0 450.0                            LAT/LON1/LON2/DLON/H
  261  243  230  218  210  205  206  213  219  225  229  231  234  233  233  232
  232  234  235  236  236  236  236  234  235  237  242  248  255  264  273  282
  292  302  312  321  331  341  348  353  358  360  363  364  366  368  370  373
  376  378  380  379  377  376  375  375  376  378  380  383  384  383  381  376
  370  361  351  339  327  311  296  279  261
    62.5-180.0 180.0   5.0 450.0                            LAT/LON1/LON2/DLON/H
  266  245  227  207  193  184  183  188  195  201  206  214  218  218  218  218
  219  221  222  225  227  230  231  232  235  240  246  254  262  273  283  293
  305  315  325  336  347  356  363  369  374  376  378  380  379  380  382  383
  386  386  386  383  378  374  370  369  369  370  372  374  375  375  372  368
  363  355  347  338  329  317  301  286  266
    60.0-180.0 180.0   5.0 450.0                            LAT/LON1/LON2/DLON/H
  273  251  226  205  186  172  168  166  171  177  186  193  197  201  201  202
  205  206  207  212  217  220  224  228  234  243  251  262  273  284  294  306
  317  327  338  350  362  371  380  388  393  398  399  399  398  398  397  398
  399  398  396  390  382  374  368  364  363  363  365  365  365  364  361  358
  351  346  341  336  329  319  308  291  273
    57.5-180.0 180.0   5.0 450.0                            LAT/LON1/LON2/DLON/H
  283  260  236  210  187  166  158  151  151  156  164  169  176  180  184  185
  187  190  194  199  206  212  218  226  234  246  259  272  284  296  306  318
  330  340  351  364  377  389  400  409  416  418  421  422  419  418  418  417
  417  414  410  401  391  380  372  366  363  362  362  362  360  357  354  350
  344  339  336  333  330  324  315  302  283
    55.0-180.0 180.0   5.0 450.0                            LAT/LON1/LON2/DLON/H
  297  275  249  220  195  171  159  146  141  140  146  151  158  163  166  169
  171  175  179  186  195  204  214  225  237  252  268  282  298  311  321  332
  343  354  366  379  394  406  420  430  439  443  447  447  445  444  440  439
  436  433  426  418  405  393  383  376  372  369  368  366  362  358  353  348
  344  340  338  337  335  332  326  313  297
    52.5-180.0 180.0   5.0 450.0                            LAT/LON1/LON2/DLON/H
  311  291  267  238  210  184  168  150  140  136  137  140  145  150  154  156
  158  162  168  176  187  200  214  228  244  264  281  298  313  326  337  347
  359  370  384  400  413  428  443  454  462  470  474  476  474  472  467  463
  460  454  445  437  424  412  403  395  389  385  381  379  374  368  361  357
  353  348  346  345  344  343  339  328  311
    50.0-180.0 180.0   5.0 450.0                            LAT/LON1/LON2/DLON/H
  325  305  283  256  230  203  186  164  149  141  137  137  140  143  146  148
  151  155  161  171  183  201  218  236  256  278  298  317  331  344  354  365
  376  391  405  422  436  452  466  480  489  499  503  503  503  499  493  489
  483  478  468  458  447  439  428  419  412  406  401  398  393  386  378  373
  368  363  360  358  356  354  349  339  325
    47.5-180.0 180.0   5.0 450.0                            LAT/LON1/LON2/DLON/H
  332  315  296  274  248  225  207  183  164  151  143  141  142  144  147  149
  150  155  160  172  187  205  228  250  273  295  316  334  350  362  373  386
  398  414  430  446  462  479  494  504  516  526  531  536  534  531  523  516
  509  502  491  482  474  466  454  445  437  430  424  420  415  408  402  396
  389  383  378  372  366  361  354  344  332
    45.0-180.0 180.0   5.0 450.0                            LAT/LON1/LON2/DLON/H
  331  317  301  284  263  244  227  204  182  166  155  151  151  152  155  156
  158  160  166  178  196  215  240  265  290  314  336  353  368  382  393  406
  421  439  456  473  489  505  520  533  545  555  561  564  566  562  554  545
  535  528  517  509  501  492  480  471  461  453  447  442  436  433  427  421
  412  403  395  384  373  363  352  343  331
    42.5-180.0 180.0   5.0 450.0                            LAT/LON1/LON2/DLON/H
  324  312  298  284  269  255  242  222  202  183  171  165  163  166  168  170
  170  170  176  188  207  229  255  280  307  332  354  371  385  399  411  426
  443  463  482  499  516  532  547  563  575  584  589  594  596  594  588  578
  567  558  547  541  531  520  507  497  485  476  469  463  457  454  449  444
  433  421  407  393  376  361  346  334  324
    40.0-180.0 180.0   5.0 450.0                            LAT/LON1/LON2/DLON/H
  311  299  288  278  269  261  252  234  216  199  185  179  179  182  186  188
  186  185  190  202  222  244  270  294  321  348  370  388  402  413  425  442
  459  481  502  522  540  555  570  586  601  611  619  622  627  628  623  615
  603  596  586  577  566  554  538  525  511  501  494  487  479  474  470  463
  450  434  416  398  377  357  339  324  311
    37.5-180.0 180.0   5.0 450.0                            LAT/LON1/LON2/DLON/H
  297  284  275  267  263  258  253  241  228  212  198  191  193  198  203  205
  204  202  205  217  237  260  283  307  332  359  382  400  414  424  435  449
  471  494  517  538  557  574  591  608  624  636  645  652  660  660  661  655
  646  639  629  620  609  596  577  564  548  535  526  518  508  500  492  480
  466  448  426  402  379  356  334  315  297
    35.0-180.0 180.0   5.0 450.0                            LAT/LON1/LON2/DLON/H
  290  274  263  258  254  253  252  246  236  224  210  203  207  214  221  225
  222  218  220  233  251  274  297  319  342  368  389  406  420  429  439  454
  474  498  524  547  569  588  608  625  643  656  665  678  689  698  700  700
  697  692  684  673  662  649  632  620  603  588  574  563  549  536  521  503
  484  463  439  412  387  360  338  314  290
    32.5-180.0 180.0   5.0 450.0                            LAT/LON1/LON2/DLON/H
  294  273  261  258  256  254  255  253  245  235  224  216  221  231  240  244
  239  234  235  243  262  285  309  330  350  375  393  408  418  427  438  452
  473  498  525  550  574  595  616  637  655  670  684  700  716  730  740  747
  748  750  744  737  728  719  710  698  681  663  644  628  606  584  559  532
  507  482  458  431  404  378  353  324  294
    30.0-180.0 180.0   5.0 450.0                            LAT/LON1/LON2/DLON/H
  313  289  275  270  268  268  270  267  261  252  242  235  239  249  259  263
  257  250  245  249  270  294  316  337  355  378  394  406  414  422  433  449
  471  497  525  551  577  601  624  645  664  680  696  714  735  756  773  790
  802  808  810  812  807  804  805  797  778  755  731  709  678  645  606  568
  531  503  484  460  435  406  379  350  313
    27.5-180.0 180.0   5.0 450.0                            LAT/LON1/LON2/DLON/H
  355  326  309  301  297  295  297  292  284  276  266  258  258  269  278  280
  275  265  256  260  280  301  320  339  355  373  391  400  407  416  429  448
  473  500  527  556  583  608  630  653  672  687  701  721  748  772  796  825
  849  865  879  893  902  901  913  911  890  861  828  799  761  717  662  610
  561  531  515  496  476  445  419  391  355
    25.0-180.0 180.0   5.0 450.0                            LAT/LON1/LON2/DLON/H
  404  376  354  348  342  338  337  328  319  307  295  285  282  291  297  297
  291  280  271  275  288  304  319  336  349  363  379  390  400  412  431  454
  481  509  536  566  596  621  643  664  680  692  706  724  753  784  817  861
  897  925  946  966  991  997 1012 1013  996  965  924  891  847  796  727  657
  593  560  545  532  521  493  465  437  404
    22.5-180.0 180.0   5.0 450.0                            LAT/LON1/LON2/DLON/H
  448  428  410  403  402  395  391  374  362  346  329  315  308  310  313  315
  311  298  286  283  288  300  312  327  340  353  368  380  395  415  440  467
  494  522  552  587  613  638  663  683  694  704  717  735  764  798  841  898
  945  978 1004 1019 1045 1057 1066 1069 1062 1035  994  957  915  858  780  696
  624  583  568  564  552  528  502  475  448
    20.0-180.0 180.0   5.0 450.0                            LAT/LON1/LON2/DLON/H
  480  469  461  459  460  454  446  422  404  385  365  346  334  330  329  333
  329  314  299  287  283  293  300  314  329  343  358  375  395  423  454  485
  516  544  575  609  640  664  685  704  716  723  737  754  781  815  861  920
  970  996 1018 1032 1050 1059 1067 1073 1069 1046 1012  979  943  887  803  714
  638  590  575  568  553  537  516  497  480
    17.5-180.0 180.0   5.0 450.0                            LAT/LON1/LON2/DLON/H
  492  491  500  501  505  503  491  465  439  416  396  373  356  346  344  346
  339  323  307  291  280  282  286  298  317  335  353  373  400  435  473  508
  539  569  601  636  667  693  716  733  741  747  761  776  800  833  874  921
  962  979  988  995 1008 1022 1032 1034 1028 1011  991  969  941  889  808  717
  636  582  559  544  530  521  513  500  492
    15.0-180.0 180.0   5.0 450.0                            LAT/LON1/LON2/DLON/H
  483  492  513  525  530  529  515  493  466  438  414  389  369  355  352  354
  345  328  310  292  276  269  269  280  302  326  350  375  406  449  493  530
  563  595  628  662  695  725  751  767  772  775  788  800  819  850  882  914
  935  944  943  943  952  965  972  973  966  959  951  941  920  868  796  706
  627  568  533  510  498  489  489  485  483
    12.5-180.0 180.0   5.0 450.0                            LAT/LON1/LON2/DLON/H
  460  477  505  526  537  534  520  500  478  450  420  395  373  358  353  356
  349  332  310  289  268  255  248  260  286  317  347  377  413  458  507  548
  584  618  651  688  726  756  785  801  806  811  819  827  841  868  891  906
  913  910  902  895  897  905  909  909  906  907  904  901  886  841  776  687
  616  555  512  482  464  453  453  455  460
    10.0-180.0 180.0   5.0 450.0                            LAT/LON1/LON2/DLON/H
  435  458  487  512  524  522  508  491  478  452  419  392  370  355  350  354
  350  333  310  283  260  240  232  244  275  312  348  381  418  464  513  560
  595  631  671  712  745  780  809  824  831  837  844  851  864  882  897  899
  897  886  873  862  858  861  863  862  861  863  865  867  853  820  754  677
  610  553  502  465  441  426  424  426  435
     7.5-180.0 180.0   5.0 450.0                            LAT/LON1/LON2/DLON/H
  417  440  465  485  497  494  480  468  460  441  409  382  362  350  346  349
  346  330  306  276  250  229  221  235  268  310  349  385  424  471  521  565
  602  641  678  719  755  784  810  830  841  849  856  862  874  886  894  892
  888  877  863  853  848  845  844  846  846  849  853  852  836  800  745  678
  620  565  513  470  437  417  411  408  417
     5.0-180.0 180.0   5.0 450.0                            LAT/LON1/LON2/DLON/H
  421  435  450  463  469  462  445  437  427  415  391  367  351  342  340  342
  340  326  299  270  241  220  214  228  263  307  349  389  430  475  524  567
  603  639  674  710  743  769  794  817  832  842  848  856  868  878  885  887
  888  881  874  867  860  855  856  860  863  865  865  858  837  799  746  692
  640  593  545  502  466  441  428  418  421
     2.5-180.0 180.0   5.0 450.0                            LAT/LON1/LON2/DLON/H
  457  456  459  465  457  440  418  403  393  385  368  348  338  332  333  334
  330  317  292  262  234  214  210  224  259  304  350  392  432  475  520  561
  594  624  653  686  716  738  761  785  804  815  823  832  844  857  869  883
  889  896  901  896  889  886  889  899  905  902  892  877  848  808  764  713
  672  632  593  557  520  502  480  462  457
