DORISInput/IGSGIM/2024/IGS0OPSFIN_20241390000_01D_02H_GIM.INX
     1.0            IONOSPHERE MAPS     MIX                 IONEX VERSION / TYPE
cmpcmb v1.2          GRL/UWM            28-may-24 18:42     PGM / RUN BY / DATE 
ionex file containing IGS COMBINED Ionosphere maps          COMMENT             
global ionosphere maps for day 139, 2024                    DESCRIPTION         
IONEX file containing the COMBINED IGS TEC MAPS and DCBs    DESCRIPTION         
      IONEX files of the following IAACs were combined: cod DESCRIPTION         
                                                        jpl DESCRIPTION         
                                                        upc DESCRIPTION         
Contact address: Andrzej Krankowski                         DESCRIPTION
                 Geodynamics Research Laboratory            DESCRIPTION
                 University of Warmia and Mazury (GRL/UWM)  DESCRIPTION
                 Oczapowski St. 1                           DESCRIPTION
                 10-957-Olsztyn, POLAND                     DESCRIPTION
                 e-mail:  kand@uwm.edu.pl                   DESCRIPTION
                                                            DESCRIPTION         
  2024     5    18     0     0     0                        EPOCH OF FIRST MAP  
  2024     5    19     0     0     0                        EPOCH OF LAST MAP   
  7200                                                      INTERVAL            
    13                                                      # OF MAPS IN FILE   
  COSZ                                                      MAPPING FUNCTION    
     0.0                                                    ELEVATION CUTOFF    
combined TEC calculated as weighted mean of input TEC valuesOBSERVABLES USED    
   335                                                      # OF STATIONS       
    32                                                      # OF SATELLITES     
  6371.0                                                    BASE RADIUS         
     2                                                      MAP DIMENSION       
   450.0 450.0   0.0                                        HGT1 / HGT2 / DHGT  
    87.5 -87.5  -2.5                                        LAT1 / LAT2 / DLAT  
  -180.0 180.0   5.0                                        LON1 / LON2 / DLON  
    -1                                                      EXPONENT            
TEC values in 0.1 tec units;  9999, if no value available   COMMENT             
DCB values in nanoseconds, reference is Sum_of_SatDCBs = 0  COMMENT             
                                                            END OF HEADER       
[from data line 3432]
     9                                                      START OF TEC MAP    
  2024     5    18    16     0     0                        EPOCH OF CURRENT MAP
    87.5-180.0 180.0   5.0 450.0                            LAT/LON1/LON2/DLON/H
  215  216  217  218  219  220  221  222  223  223  225  226  227  227  229  229
  229  229  229  230  230  229  230  229  229  228  228  227  226  225  224  223
  221  220  220  219  217  217  216  215  214  213  213  212  212  211  210  210
  209  209  209  209  208  208  208  208  208  208  208  208  208  208  209  209
  209  210  210  211  211  212  213  214  215
    85.0-180.0 180.0   5.0 450.0                            LAT/LON1/LON2/DLON/H
  210  212  214  215  218  219  222  224  226  229  230  232  235  236  237  239
  239  240  240  241  240  240  239  238  237  235  233  231  229  226  224  222
  220  219  216  215  213  211  210  209  208  207  206  205  205  204  204  204
  204  204  204  204  204  204  204  204  204  204  203  203  203  203  203  203
  203  204  204  205  206  207  208  209  210
    82.5-180.0 180.0   5.0 450.0                            LAT/LON1/LON2/DLON/H
  203  204  207  208  212  214  218  220  224  226  229  231  234  235  238  240
  241  242  244  244  244  245  245  242  240  237  235  232  230  227  224  222
  219  217  214  212  210  208  206  204  204  202  202  202  202  202  202  203
  203  204  206  206  207  207  208  208  207  206  205  204  204  203  202  202
  202  202  201  201  202  201  201  202  203
    80.0-180.0 180.0   5.0 450.0                            LAT/LON1/LON2/DLON/H
  198  200  201  203  204  207  208  212  215  217  220  224  226  229  231  233
  235  237  238  240  240  241  244  240  238  235  233  231  230  227  224  220
  218  215  212  210  208  206  205  204  204  203  202  202  203  205  206  208
  210  211  213  215  217  218  219  219  217  215  213  211  210  209  207  206
  204  203  202  200  198  197  197  197  198
    77.5-180.0 180.0   5.0 450.0                            LAT/LON1/LON2/DLON/H
  196  196  196  197  197  198  200  203  205  207  209  210  212  216  220  224
  227  230  234  235  235  237  236  238  236  236  235  232  230  228  226  223
  221  218  215  212  209  207  206  206  206  206  206  208  209  211  215  218
  220  224  227  229  232  233  233  233  232  230  227  224  222  219  216  212
  210  207  205  202  199  197  196  196  196
    75.0-180.0 180.0   5.0 450.0                            LAT/LON1/LON2/DLON/H
  194  193  193  192  193  193  193  193  194  194  195  197  199  203  206  209
  212  215  217  221  225  229  229  233  235  235  233  230  228  227  226  224
  222  220  218  217  213  211  210  209  209  210  212  215  218  222  226  231
  235  240  243  246  248  249  250  249  248  245  242  238  234  230  225  221
  216  213  209  206  203  200  198  196  194
    72.5-180.0 180.0   5.0 450.0                            LAT/LON1/LON2/DLON/H
  192  192  190  190  189  188  186  184  183  184  184  186  187  189  190  193
  195  199  204  208  215  219  222  229  233  233  235  232  229  229  227  226
  226  225  224  223  220  219  217  217  217  217  219  224  228  232  238  244
  249  253  257  258  260  261  262  261  259  256  251  247  242  236  230  225
  220  216  212  208  205  201  197  195  192
    70.0-180.0 180.0   5.0 450.0                            LAT/LON1/LON2/DLON/H
  192  192  190  188  186  185  183  180  178  177  177  177  177  178  179  181
  186  189  193  199  204  210  216  225  232  233  233  233  231  229  229  228
  228  229  229  227  227  226  225  225  226  226  229  231  237  242  247  252
  257  261  264  265  265  266  267  265  263  259  254  248  243  235  229  223
  219  215  211  207  203  199  196  194  192
    67.5-180.0 180.0   5.0 450.0                            LAT/LON1/LON2/DLON/H
  193  191  189  187  185  183  181  178  174  173  173  172  171  173  175  178
  182  186  189  194  200  206  214  224  231  233  233  232  230  228  228  228
  229  231  232  232  233  232  232  231  232  233  236  238  243  247  252  255
  258  261  264  265  265  265  264  262  259  254  248  241  235  226  220  214
  211  208  205  202  199  197  195  194  193
    65.0-180.0 180.0   5.0 450.0                            LAT/LON1/LON2/DLON/H
  192  192  191  189  187  186  182  179  175  173  172  171  171  173  177  182
  186  189  191  197  204  209  215  221  229  231  230  227  226  224  224  226
  227  230  232  234  235  236  236  236  236  239  241  243  246  249  252  253
  254  256  258  259  259  258  255  252  248  243  236  228  221  211  204  199
  196  194  193  190  190  190  191  191  192
    62.5-180.0 180.0   5.0 450.0                            LAT/LON1/LON2/DLON/H
  190  194  198  198  196  195  190  185  180  177  177  175  176  179  183  187
  192  195  199  204  210  213  216  220  223  224  223  218  217  216  217  221
  223  227  231  234  236  237  237  238  240  241  244  246  248  250  251  249
  249  248  249  249  247  247  243  241  236  230  222  212  204  195  188  183
  179  177  175  173  172  175  180  185  190
    60.0-180.0 180.0   5.0 450.0                            LAT/LON1/LON2/DLON/H
  184  194  202  206  208  207  204  198  192  187  185  184  185  187  191  195
  199  202  206  209  213  214  215  217  218  217  214  211  210  209  211  215
  219  224  229  233  235  237  238  240  242  245  248  251  253  254  253  251
  247  245  243  243  241  239  236  232  227  221  212  203  195  184  175  170
  166  163  158  154  155  161  167  176  184
    57.5-180.0 180.0   5.0 450.0                            LAT/LON1/LON2/DLON/H
  176  190  199  209  214  216  214  210  205  199  197  196  195  197  200  202
  205  207  209  211  212  213  214  214  214  211  209  206  205  206  206  210
  216  221  227  232  235  239  241  243  247  250  255  259  262  263  263  259
  255  250  246  244  241  238  235  231  225  219  210  202  193  181  172  167
  161  156  152  146  145  150  156  165  176
    55.0-180.0 180.0   5.0 450.0                            LAT/LON1/LON2/DLON/H
  173  187  200  211  217  220  219  217  215  212  210  208  206  205  206  206
  207  208  210  211  211  212  212  212  211  209  208  206  205  206  207  210
  216  222  228  233  237  241  245  249  255  259  266  272  276  279  277  274
  268  263  259  255  250  246  242  238  233  226  218  209  201  190  181  174
  169  164  157  150  146  147  151  161  173
    52.5-180.0 180.0   5.0 450.0                            LAT/LON1/LON2/DLON/H
  174  189  201  213  220  224  223  222  221  221  219  217  213  210  209  209
  209  210  211  212  212  213  213  212  212  212  211  210  210  211  213  217
  222  227  232  238  241  246  251  257  263  272  280  288  293  298  298  295
  289  282  276  271  267  262  257  252  247  241  234  226  219  208  200  193
  188  181  174  165  157  154  155  162  174
    50.0-180.0 180.0   5.0 450.0                            LAT/LON1/LON2/DLON/H
  177  189  202  214  224  230  229  228  228  227  226  223  219  215  213  212
  214  216  218  220  220  221  220  220  220  221  220  220  220  222  224  227
  231  236  240  245  249  254  259  267  275  286  296  304  312  318  320  318
  313  305  298  291  286  281  275  268  264  260  254  249  243  232  225  220
  214  208  200  189  179  170  167  168  177
    47.5-180.0 180.0   5.0 450.0                            LAT/LON1/LON2/DLON/H
  181  189  201  214  226  235  238  238  237  236  234  230  226  221  219  220
  224  230  235  239  239  239  237  236  235  235  234  234  234  236  237  241
  243  247  251  254  258  263  271  278  288  300  311  322  331  339  342  341
  336  327  318  310  303  297  289  282  278  276  273  270  267  257  252  248
  243  237  229  216  203  192  183  179  181
    45.0-180.0 180.0   5.0 450.0                            LAT/LON1/LON2/DLON/H
  186  190  199  212  227  240  245  247  248  247  244  240  236  231  231  236
  245  255  265  272  272  269  267  264  260  257  253  252  250  251  253  256
  257  260  262  265  270  276  282  290  301  314  327  339  351  359  361  360
  353  345  333  323  314  305  296  289  287  288  288  287  286  279  275  274
  269  263  255  241  229  214  201  190  186
    42.5-180.0 180.0   5.0 450.0                            LAT/LON1/LON2/DLON/H
  192  189  197  210  229  243  253  257  260  261  259  255  250  248  251  262
  276  294  308  318  318  314  309  302  294  287  277  271  268  267  270  272
  272  274  276  278  283  287  295  303  315  329  341  356  369  377  379  376
  366  356  342  331  318  308  297  290  289  294  297  296  297  294  292  292
  287  281  273  261  249  233  217  202  192
    40.0-180.0 180.0   5.0 450.0                            LAT/LON1/LON2/DLON/H
  199  191  194  208  228  247  263  271  275  278  277  273  273  272  279  296
  317  345  362  375  374  369  361  351  336  321  304  294  288  286  288  290
  290  289  289  292  295  299  305  316  329  343  358  372  386  394  394  389
  376  362  346  333  319  307  296  289  289  296  300  300  301  303  303  302
  297  291  284  274  265  251  233  215  199
    37.5-180.0 180.0   5.0 450.0                            LAT/LON1/LON2/DLON/H
  209  195  193  207  229  252  274  286  292  298  300  299  300  304  314  336
  361  399  422  434  435  428  417  403  382  358  337  322  313  309  311  309
  307  305  304  305  307  312  319  331  346  360  376  390  405  408  409  402
  386  368  351  336  323  310  300  296  295  301  308  311  312  313  312  310
  305  299  292  283  277  266  249  229  209
    35.0-180.0 180.0   5.0 450.0                            LAT/LON1/LON2/DLON/H
  223  205  199  210  234  260  286  305  312  321  328  331  335  342  356  379
  412  450  477  492  492  483  471  452  424  401  378  358  342  337  337  333
  330  324  322  321  324  331  341  352  367  381  395  413  426  431  429  419
  402  382  363  349  338  326  318  315  315  321  329  334  334  331  328  325
  319  310  303  293  287  278  264  245  223
    32.5-180.0 180.0   5.0 450.0                            LAT/LON1/LON2/DLON/H
  240  220  212  219  242  271  301  324  336  348  361  367  375  387  403  427
  460  497  522  540  541  530  516  496  466  445  421  399  379  372  372  366
  360  352  346  347  350  356  366  378  395  410  425  441  455  466  457  444
  426  406  389  379  370  361  353  351  354  360  366  368  367  360  355  350
  342  329  319  308  301  292  280  262  240
    30.0-180.0 180.0   5.0 450.0                            LAT/LON1/LON2/DLON/H
  257  240  229  235  256  287  317  343  361  376  392  403  417  434  453  481
  506  538  561  576  580  568  551  531  506  482  460  444  428  415  416  413
  401  391  384  384  384  388  400  415  430  449  461  475  490  502  494  480
  463  446  432  425  419  414  408  404  407  412  413  414  411  403  395  388
  376  359  345  327  317  306  295  279  257
    27.5-180.0 180.0   5.0 450.0                            LAT/LON1/LON2/DLON/H
  275  257  247  253  273  304  338  366  386  404  424  441  463  484  498  526
  551  574  590  604  608  598  580  557  535  516  501  497  487  473  478  470
  456  447  435  433  433  440  448  463  478  493  502  517  530  541  538  525
  508  495  485  482  481  473  470  467  466  467  466  466  463  453  443  434
  417  398  375  350  334  321  310  295  275
    25.0-180.0 180.0   5.0 450.0                            LAT/LON1/LON2/DLON/H
  286  271  261  268  290  323  356  386  411  433  453  477  500  521  535  557
  579  601  617  626  628  620  602  583  569  561  557  560  556  551  551  540
  530  515  500  495  494  501  505  520  533  544  555  569  579  583  578  565
  552  545  538  542  543  534  530  527  524  522  521  520  518  503  489  478
  459  434  402  370  350  333  320  304  286
    22.5-180.0 180.0   5.0 450.0                            LAT/LON1/LON2/DLON/H
  288  277  268  273  293  328  368  403  431  457  479  505  530  549  562  577
  596  621  633  641  642  637  627  620  620  622  625  634  637  638  640  624
  611  587  581  570  563  563  571  584  589  595  608  622  627  625  612  595
  583  580  581  582  587  574  569  569  569  564  562  563  563  545  525  512
  495  466  426  390  362  340  322  304  288
    20.0-180.0 180.0   5.0 450.0                            LAT/LON1/LON2/DLON/H
  281  271  265  270  288  323  368  408  442  473  500  526  550  569  581  593
  609  631  641  649  653  655  657  661  672  686  698  711  725  728  732  715
  701  682  657  642  632  623  626  642  651  652  664  673  671  660  634  608
  591  587  588  595  589  575  570  575  575  571  573  577  581  567  546  530
  514  483  439  400  366  337  313  294  281
    17.5-180.0 180.0   5.0 450.0                            LAT/LON1/LON2/DLON/H
  267  258  251  257  277  310  357  403  446  481  513  538  561  581  592  603
  617  634  644  653  660  670  684  700  722  746  766  790  808  811  816  801
  781  757  728  700  687  679  677  690  703  705  715  718  710  681  637  592
  562  555  554  555  548  543  542  549  553  554  558  566  573  563  547  525
  504  471  430  393  360  323  294  278  267
    15.0-180.0 180.0   5.0 450.0                            LAT/LON1/LON2/DLON/H
  252  241  235  241  262  297  340  391  442  481  515  544  567  584  596  605
  619  634  644  656  667  681  704  734  771  803  829  855  871  877  878  864
  836  808  772  739  725  720  720  734  747  752  758  755  729  674  604  551
  508  496  497  496  492  493  499  514  524  530  538  548  556  547  528  497
  470  438  399  367  339  304  278  263  252
    12.5-180.0 180.0   5.0 450.0                            LAT/LON1/LON2/DLON/H
  243  232  224  227  244  277  323  375  430  476  513  542  567  585  595  603
  618  633  645  659  673  690  722  764  812  851  881  901  913  916  910  897
  868  834  797  768  752  746  751  767  781  787  788  770  729  651  561  492
  448  437  443  445  445  450  462  485  501  510  520  530  535  528  505  471
  434  401  368  337  314  289  270  255  243
    10.0-180.0 180.0   5.0 450.0                            LAT/LON1/LON2/DLON/H
  243  231  221  220  234  262  305  361  418  467  507  539  566  585  597  606
  621  636  651  665  681  703  742  790  841  886  913  924  934  932  922  907
  878  842  810  786  766  763  768  783  794  803  801  777  717  626  526  449
  405  404  421  425  429  438  454  481  501  511  520  526  524  508  485  447
  404  370  343  320  300  284  272  257  243
     7.5-180.0 180.0   5.0 450.0                            LAT/LON1/LON2/DLON/H
  252  237  225  220  230  256  297  351  410  463  506  542  571  592  605  616
  631  647  663  678  693  720  763  814  865  910  933  940  943  935  921  903
  879  843  812  788  771  766  771  783  794  805  804  775  711  617  518  440
  407  419  447  455  455  464  485  511  533  541  542  537  526  496  464  427
  389  357  333  312  299  290  280  268  252
     5.0-180.0 180.0   5.0 450.0                            LAT/LON1/LON2/DLON/H
  270  253  239  228  233  257  297  353  409  465  512  552  584  607  622  635
  650  668  686  700  714  743  787  835  884  925  946  950  944  931  915  895
  871  837  807  783  766  758  761  770  781  795  799  775  715  631  542  483
  467  493  520  527  524  527  550  570  590  593  583  561  539  497  460  422
  388  358  335  319  310  306  297  288  270
     2.5-180.0 180.0   5.0 450.0                            LAT/LON1/LON2/DLON/H
  295  275  258  244  243  267  304  357  415  471  522  569  603  630  647  664
  676  694  710  722  742  776  815  859  903  937  953  953  942  926  911  887
  857  825  795  771  753  741  743  747  758  779  789  772  729  661  595  565
  571  611  637  626  628  624  627  639  651  648  629  590  559  511  471  430
  397  366  345  335  330  328  323  312  295
