DORISInput/IGSGIM/2024/IGS0OPSFIN_20241380000_01D_02H_GIM.INX
     1.0            IONOSPHERE MAPS     MIX                 IONEX VERSION / TYPE
cmpcmb v1.2          GRL/UWM            28-may-24 18:36     PGM / RUN BY / DATE 
ionex file containing IGS COMBINED Ionosphere maps          COMMENT             
global ionosphere maps for day 138, 2024                    DESCRIPTION         
IONEX file containing the COMBINED IGS TEC MAPS and DCBs    DESCRIPTION         
      IONEX files of the following IAACs were combined: cod DESCRIPTION         
                                                        jpl DESCRIPTION         
                                                        upc DESCRIPTION         
Contact address: Andrzej Krankowski                         DESCRIPTION
                 Geodynamics Research Laboratory            DESCRIPTION
                 University of Warmia and Mazury (GRL/UWM)  DESCRIPTION
                 Oczapowski St. 1                           DESCRIPTION
                 10-957-Olsztyn, POLAND                     DESCRIPTION
                 e-mail:  kand@uwm.edu.pl                   DESCRIPTION
                                                            DESCRIPTION         
  2024     5    17     0     0     0                        EPOCH OF FIRST MAP  
  2024     5    18     0     0     0                        EPOCH OF LAST MAP   
  7200                                                      INTERVAL            
    13                                                      # OF MAPS IN FILE   
  COSZ                                                      MAPPING FUNCTION    
     0.0                                                    ELEVATION CUTOFF    
combined TEC calculated as weighted mean of input TEC valuesOBSERVABLES USED    
   337                                                      # OF STATIONS       
    32                                                      # OF SATELLITES     
  6371.0                                                    BASE RADIUS         
     2                                                      MAP DIMENSION       
   450.0 450.0   0.0                                        HGT1 / HGT2 / DHGT  
    87.5 -87.5  -2.5                                        LAT1 / LAT2 / DLAT  
  -180.0 180.0   5.0                                        LON1 / LON2 / DLON  
    -1                                                      EXPONENT            
TEC values in 0.1 tec units;  9999, if no value available   COMMENT             
DCB values in nanoseconds, reference is Sum_of_SatDCBs = 0  COMMENT             
                                                            END OF HEADER       
[from data line 429]
     2                                                      START OF TEC MAP    
  2024     5    17     2     0     0                        EPOCH OF CURRENT MAP
    87.5-180.0 180.0   5.0 450.0                            LAT/LON1/LON2/DLON/H
  233  232  232  231  230  230  229  228  227  226  225  224  224  222  221  220
  218  217  216  214  213  213  212  211  209  208  207  207  206  206  205  205
  206  206  206  206  207  207  208  209  209  210  211  212  213  214  216  217
  218  220  221  222  223  224  225  226  228  229  230  231  231  232  232  233
  233  233  234  233  234  234  234  234  233
    85.0-180.0 180.0   5.0 450.0                            LAT/LON1/LON2/DLON/H
  246  244  243  242  240  240  240  239  238  237  236  235  233  231  230  227
  225  223  221  218  215  213  210  207  204  202  200  199  197  196  195  193
  193  192  193  194  194  195  197  199  201  204  206  208  211  214  216  219
  222  224  226  229  231  234  236  238  240  242  244  245  247  248  249  249
  250  250  251  251  250  249  247  247  246
    82.5-180.0 180.0   5.0 450.0                            LAT/LON1/LON2/DLON/H
  255  255  253  254  253  252  252  252  252  251  250  249  247  246  243  241
  237  233  228  224  219  216  213  208  203  199  195  193  191  188  187  185
  185  185  185  186  188  190  192  196  198  202  206  210  214  219  222  226
  230  234  236  240  243  247  249  251  253  255  257  258  260  261  262  263
  263  263  263  262  260  259  258  255  255
    80.0-180.0 180.0   5.0 450.0                            LAT/LON1/LON2/DLON/H
  260  259  259  257  257  256  255  255  257  260  260  262  263  262  260  256
  252  247  242  235  228  221  216  209  204  200  196  192  189  186  184  182
  182  182  183  185  187  191  194  198  203  207  212  217  222  226  232  237
  241  246  248  251  255  257  259  260  262  263  264  265  266  266  267  268
  268  267  266  265  264  263  262  261  260
    77.5-180.0 180.0   5.0 450.0                            LAT/LON1/LON2/DLON/H
  257  257  257  256  255  256  257  260  266  270  273  274  273  272  271  266
  262  256  250  243  234  227  217  210  205  201  197  192  189  186  184  182
  181  182  183  186  190  195  200  206  212  217  223  229  235  240  245  250
  252  256  259  260  262  264  265  265  265  264  264  263  263  263  263  263
  262  262  262  261  260  259  258  257  257
    75.0-180.0 180.0   5.0 450.0                            LAT/LON1/LON2/DLON/H
  250  251  250  251  251  253  257  263  268  273  277  280  282  282  280  274
  269  262  254  245  237  227  218  212  203  199  195  192  188  185  183  183
  183  185  188  192  195  202  208  215  222  229  235  242  247  255  258  264
  265  267  268  266  266  266  265  264  263  260  258  256  254  253  252  252
  251  252  252  251  251  250  250  250  250
    72.5-180.0 180.0   5.0 450.0                            LAT/LON1/LON2/DLON/H
  243  244  244  244  246  248  252  259  267  273  279  284  287  287  284  278
  273  265  255  246  235  225  217  208  201  195  189  187  185  182  181  181
  183  185  190  195  201  207  214  222  232  240  248  255  261  268  272  275
  277  276  274  271  269  266  264  263  259  256  251  248  245  243  241  241
  241  241  242  242  243  242  243  243  243
    70.0-180.0 180.0   5.0 450.0                            LAT/LON1/LON2/DLON/H
  240  238  238  237  238  240  244  252  262  271  278  283  287  288  284  280
  271  262  251  241  229  221  211  203  196  189  183  181  179  179  179  178
  181  184  189  194  201  208  217  227  237  249  258  264  271  278  282  284
  284  282  279  274  269  267  264  262  257  253  248  244  240  237  235  234
  235  236  237  238  239  240  241  240  240
    67.5-180.0 180.0   5.0 450.0                            LAT/LON1/LON2/DLON/H
  240  237  235  233  231  232  237  244  254  264  273  280  284  285  281  275
  265  255  245  233  223  212  204  196  189  182  178  175  174  173  174  175
  178  181  186  191  197  205  216  227  237  253  263  270  277  285  290  292
  292  289  285  280  275  273  270  266  261  256  250  245  242  238  236  235
  236  237  238  240  241  243  243  242  240
    65.0-180.0 180.0   5.0 450.0                            LAT/LON1/LON2/DLON/H
  243  239  235  231  227  226  230  237  246  255  265  274  279  279  277  268
  257  248  238  226  217  205  197  190  182  177  173  172  172  171  172  174
  176  178  182  186  192  200  210  222  235  250  262  271  280  290  296  300
  302  299  296  293  288  286  283  278  272  267  261  256  252  249  246  245
  244  244  246  247  248  248  247  246  243
    62.5-180.0 180.0   5.0 450.0                            LAT/LON1/LON2/DLON/H
  248  243  238  232  226  224  225  229  236  246  255  264  271  273  271  261
  250  242  231  220  212  202  194  186  179  174  171  170  172  175  177  180
  181  181  180  183  187  193  202  214  228  242  258  270  283  295  305  311
  315  316  315  313  310  308  301  296  291  287  281  276  271  268  264  262
  258  258  257  258  256  256  253  251  248
    60.0-180.0 180.0   5.0 450.0                            LAT/LON1/LON2/DLON/H
  253  249  243  236  229  224  222  223  227  235  245  254  261  264  262  256
  245  236  226  217  211  203  197  188  181  178  177  178  181  186  189  193
  191  187  184  183  184  187  194  205  218  234  250  267  286  301  316  327
  335  338  338  341  338  334  326  322  317  313  309  304  297  292  286  282
  276  274  272  270  267  264  261  257  253
    57.5-180.0 180.0   5.0 450.0                            LAT/LON1/LON2/DLON/H
  262  258  252  245  236  229  224  221  222  228  237  245  252  256  254  250
  244  236  227  220  216  209  206  196  190  189  190  193  198  203  207  205
  205  199  191  187  185  185  189  197  211  226  244  266  287  309  329  345
  357  364  369  370  368  365  360  356  350  346  342  335  326  317  306  299
  293  288  285  282  279  274  269  266  262
    55.0-180.0 180.0   5.0 450.0                            LAT/LON1/LON2/DLON/H
  273  270  266  259  251  242  234  228  225  227  233  242  247  251  250  247
  243  237  231  226  222  218  215  207  202  203  206  211  217  221  225  222
  220  212  201  193  188  186  188  194  204  220  239  262  289  315  339  362
  379  390  397  399  399  399  397  394  389  383  376  367  353  338  322  312
  306  302  296  293  290  285  280  275  273
    52.5-180.0 180.0   5.0 450.0                            LAT/LON1/LON2/DLON/H
  287  286  283  281  274  265  255  244  238  235  238  243  249  251  251  248
  244  239  234  229  226  224  222  219  215  217  222  228  234  240  243  238
  233  223  212  202  194  190  189  193  202  215  235  260  288  319  350  377
  397  415  426  428  432  436  437  435  431  425  417  404  384  360  339  324
  316  310  307  304  301  296  291  288  287
    50.0-180.0 180.0   5.0 450.0                            LAT/LON1/LON2/DLON/H
  304  304  305  305  302  296  283  270  261  253  251  253  256  257  256  252
  247  241  236  232  230  229  228  228  226  231  236  243  249  255  256  251
  243  230  218  208  200  196  193  195  202  213  230  256  286  321  355  386
  416  438  452  462  469  474  480  481  480  473  461  442  416  385  357  335
  321  317  318  316  315  311  307  303  304
    47.5-180.0 180.0   5.0 450.0                            LAT/LON1/LON2/DLON/H
  324  326  329  333  335  330  318  304  291  280  273  271  271  268  264  258
  251  244  237  234  233  233  234  236  238  243  249  255  260  263  262  255
  245  233  222  214  208  204  201  200  204  212  227  251  283  318  358  397
  432  459  478  495  507  514  523  526  526  521  506  481  447  411  375  348
  330  325  331  333  335  333  329  325  324
    45.0-180.0 180.0   5.0 450.0                            LAT/LON1/LON2/DLON/H
  350  351  354  358  363  361  352  339  324  311  302  295  290  285  276  266
  255  246  239  235  235  237  238  243  247  252  258  263  266  267  263  256
  245  234  225  220  217  214  211  209  210  215  227  248  279  317  360  405
  444  475  500  522  539  550  559  564  566  562  547  516  478  439  396  367
  348  344  352  356  361  360  358  353  350
    42.5-180.0 180.0   5.0 450.0                            LAT/LON1/LON2/DLON/H
  380  378  377  381  383  385  378  366  353  341  332  323  314  304  290  275
  260  249  241  238  238  241  243  249  255  261  267  271  271  270  265  259
  248  239  233  230  229  227  223  220  219  222  230  249  278  317  362  408
  450  486  515  539  555  571  583  591  595  594  584  554  516  476  431  398
  377  372  378  387  392  393  390  385  380
    40.0-180.0 180.0   5.0 450.0                            LAT/LON1/LON2/DLON/H
  414  406  399  396  398  400  395  387  377  368  358  349  338  323  305  285
  267  254  246  243  243  246  250  257  266  273  278  281  280  277  272  268
  261  254  247  247  248  246  240  236  234  234  238  253  280  317  362  406
  451  488  518  540  561  579  594  605  613  618  615  597  563  522  479  444
  421  412  416  423  432  435  432  425  414
    37.5-180.0 180.0   5.0 450.0                            LAT/LON1/LON2/DLON/H
  451  432  419  410  407  408  405  400  393  387  379  370  357  340  319  295
  276  262  256  252  251  253  259  269  280  290  295  297  296  295  293  292
  286  280  277  274  273  269  262  258  254  251  252  263  286  317  357  402
  446  481  509  533  555  576  593  608  622  634  641  634  611  577  540  507
  484  468  470  472  479  482  482  467  451
    35.0-180.0 180.0   5.0 450.0                            LAT/LON1/LON2/DLON/H
  491  467  447  429  418  413  413  407  404  398  394  387  374  354  331  306
  285  272  267  264  262  264  271  283  296  311  317  321  322  325  326  328
  326  320  316  310  305  297  289  282  276  271  270  277  291  319  353  394
  434  465  493  516  540  563  583  600  620  641  659  666  656  635  608  582
  557  539  538  534  535  537  531  513  491
    32.5-180.0 180.0   5.0 450.0                            LAT/LON1/LON2/DLON/H
  539  512  486  460  444  434  433  423  414  408  407  401  387  365  340  315
  295  283  277  276  275  276  286  301  316  335  344  351  359  367  371  377
  375  368  361  353  340  329  318  306  299  293  289  288  296  316  346  381
  415  443  470  495  521  545  567  587  610  638  667  688  693  688  672  654
  632  614  611  604  605  594  580  563  539
    30.0-180.0 180.0   5.0 450.0                            LAT/LON1/LON2/DLON/H
  598  574  544  515  492  478  470  451  431  420  419  415  403  376  349  324
  306  294  287  286  285  286  300  320  340  361  375  388  402  415  421  427
  426  418  404  392  376  357  341  326  319  312  304  297  297  309  334  365
  395  421  448  473  500  525  547  569  596  630  667  699  721  729  726  718
  703  691  684  674  671  655  639  623  598
    27.5-180.0 180.0   5.0 450.0                            LAT/LON1/LON2/DLON/H
  670  646  623  597  571  551  530  500  467  448  441  435  423  397  363  336
  317  304  296  291  290  294  314  339  363  390  407  425  444  464  470  475
  467  454  437  419  398  377  359  340  330  322  312  301  295  299  318  344
  376  402  428  453  481  507  529  555  584  620  664  704  737  757  768  772
  767  759  751  740  740  721  705  693  670
    25.0-180.0 180.0   5.0 450.0                            LAT/LON1/LON2/DLON/H
  762  750  728  712  682  650  617  578  535  501  479  471  454  426  387  354
  329  314  304  297  295  303  327  357  389  417  439  456  473  489  491  492
  483  460  439  419  400  379  362  342  331  323  312  299  287  285  296  325
  358  384  411  437  465  493  518  546  578  617  663  709  748  779  801  816
  820  820  814  809  806  790  778  773  762
    22.5-180.0 180.0   5.0 450.0                            LAT/LON1/LON2/DLON/H
  865  874  878  854  819  784  738  695  637  587  547  525  501  471  425  385
  347  327  313  306  304  317  346  382  416  442  462  470  477  485  481  470
  455  424  395  392  384  364  349  330  320  314  304  289  273  266  274  302
  335  363  394  425  456  487  516  548  583  624  671  716  759  793  824  849
  865  872  870  868  856  851  853  858  865
    20.0-180.0 180.0   5.0 450.0                            LAT/LON1/LON2/DLON/H
  961  992 1015 1005  975  937  886  838  769  702  650  605  570  532  476  423
  375  346  327  318  318  337  373  411  441  459  468  459  448  440  428  402
  379  362  335  341  353  339  321  307  302  300  291  273  254  243  249  275
  310  343  381  416  451  488  524  560  599  642  689  733  773  809  840  871
  895  906  909  908  899  903  908  926  961
    17.5-180.0 180.0   5.0 450.0                            LAT/LON1/LON2/DLON/H
 1024 1070 1110 1128 1114 1082 1038  997  923  844  773  710  663  604  537  471
  414  373  348  338  341  365  406  440  459  464  456  428  393  368  350  312
  290  275  272  286  306  298  285  279  279  284  276  255  233  221  226  253
  290  332  374  413  456  499  542  583  627  672  718  760  795  823  854  890
  915  926  929  934  929  935  946  974 1024
    15.0-180.0 180.0   5.0 450.0                            LAT/LON1/LON2/DLON/H
 1046 1100 1150 1189 1196 1176 1166 1128 1068  982  904  828  767  685  603  526
  461  412  380  367  370  399  436  461  467  455  425  375  324  289  268  230
  217  209  219  240  252  252  249  251  255  265  258  236  212  199  205  234
  279  323  371  418  465  514  565  613  663  711  756  794  823  848  875  908
  932  941  943  950  951  956  965  994 1046
    12.5-180.0 180.0   5.0 450.0                            LAT/LON1/LON2/DLON/H
 1030 1080 1134 1181 1208 1211 1212 1205 1182 1113 1022  944  863  765  667  581
  514  464  425  407  406  429  456  467  457  424  373  313  260  211  192  172
  163  162  179  201  210  216  224  232  237  246  239  217  197  183  187  219
  262  317  370  422  474  528  585  641  696  748  794  830  856  875  898  927
  948  957  959  962  966  971  977  994 1030
    10.0-180.0 180.0   5.0 450.0                            LAT/LON1/LON2/DLON/H
 1006 1041 1083 1120 1148 1164 1183 1204 1208 1173 1098 1018  930  824  718  631
  569  522  482  461  451  460  465  455  426  373  309  247  199  166  153  136
  136  142  161  179  188  200  212  224  230  232  223  207  186  170  172  200
  248  308  367  422  479  537  597  660  722  779  828  866  889  905  925  948
  966  971  971  973  979  982  983  989 1006
     7.5-180.0 180.0   5.0 450.0                            LAT/LON1/LON2/DLON/H
  990 1004 1025 1040 1053 1065 1088 1118 1153 1151 1104 1036  954  853  752  670
  617  575  537  511  494  483  463  433  384  312  243  190  157  138  137  132
  137  147  162  176  184  197  211  220  227  222  212  196  176  159  159  186
  234  297  360  420  481  541  604  672  740  801  856  897  922  939  957  974
  986  989  982  983  988  988  986  986  990
     5.0-180.0 180.0   5.0 450.0                            LAT/LON1/LON2/DLON/H
  984  984  980  974  964  961  975 1006 1045 1062 1042  993  929  839  753  684
  641  605  572  543  517  488  450  403  330  247  185  149  138  141  151  155
  162  171  183  189  195  205  216  220  220  212  200  184  166  150  150  174
  220  283  349  412  475  538  605  674  745  810  872  919  951  972  991 1002
 1008 1005  992  990  996  997  994  990  984
     2.5-180.0 180.0   5.0 450.0                            LAT/LON1/LON2/DLON/H
 1005  992  970  941  911  888  883  898  923  941  931  901  853  778  709  654
  625  603  576  547  514  475  422  354  267  192  144  131  144  166  187  200
  208  211  216  215  211  214  217  216  210  200  188  173  156  142  141  164
  208  268  334  400  464  529  596  663  734  802  869  924  966  991 1012 1029
 1024 1011  998  995 1001 1006 1009 1010 1005
