DORISInput/IGSGIM/2024/IGS0OPSFIN_20241500000_01D_02H_GIM.INX
     1.0            IONOSPHERE MAPS     MIX                 IONEX VERSION / TYPE
cmpcmb v1.2          GRL/UWM            12-jun-24 16:17     PGM / RUN BY / DATE 
ionex file containing IGS COMBINED Ionosphere maps          COMMENT             
global ionosphere maps for day 150, 2024                    DESCRIPTION         
IONEX file containing the COMBINED IGS TEC MAPS and DCBs    DESCRIPTION         
      IONEX files of the following IAACs were combined: cod DESCRIPTION         
                                                        jpl DESCRIPTION         
                                                        upc DESCRIPTION         
Contact address: Andrzej Krankowski                         DESCRIPTION
                 Geodynamics Research Laboratory            DESCRIPTION
                 University of Warmia and Mazury (GRL/UWM)  DESCRIPTION
                 Oczapowski St. 1                           DESCRIPTION
                 10-957-Olsztyn, POLAND                     DESCRIPTION
                 e-mail:  kand@uwm.edu.pl                   DESCRIPTION
                                                            DESCRIPTION         
  2024     5    29     0     0     0                        EPOCH OF FIRST MAP  
  2024     5    30     0     0     0                        EPOCH OF LAST MAP   
  7200                                                      INTERVAL            
    13                                                      # OF MAPS IN FILE   
  COSZ                                                      MAPPING FUNCTION    
     0.0                                                    ELEVATION CUTOFF    
combined TEC calculated as weighted mean of input TEC valuesOBSERVABLES USED    
   335                                                      # OF STATIONS       
    32                                                      # OF SATELLITES     
  6371.0                                                    BASE RADIUS         
     2                                                      MAP DIMENSION       
   450.0 450.0   0.0                                        HGT1 / HGT2 / DHGT  
    87.5 -87.5  -2.5                                        LAT1 / LAT2 / DLAT  
  -180.0 180.0   5.0                                        LON1 / LON2 / DLON  
    -1                                                      EXPONENT            
TEC values in 0.1 tec units;  9999, if no value available   COMMENT             
DCB values in nanoseconds, reference is Sum_of_SatDCBs = 0  COMMENT             
                                                            END OF HEADER       
[from data line 1716]
     5                                                      START OF TEC MAP    
  2024     5    29     8     0     0                        EPOCH OF CURRENT MAP
    87.5-180.0 180.0   5.0 450.0                            LAT/LON1/LON2/DLON/H
  243  243  243  243  243  243  243  243  244  244  244  244  244  245  244  245
  245  245  245  245  245  245  245  245  245  246  245  245  244  244  243  243
  243  243  242  242  242  242  242  242  241  242  242  242  242  242  242  242
  243  243  242  243  243  244  244  244  244  244  244  244  243  244  244  244
  243  243  244  243  243  243  243  243  243
    85.0-180.0 180.0   5.0 450.0                            LAT/LON1/LON2/DLON/H
  241  241  241  242  242  242  243  242  243  243  244  244  245  245  246  247
  247  247  248  247  247  247  248  248  248  247  247  247  247  245  245  245
  245  245  245  246  246  247  247  248  248  249  250  249  249  249  249  250
  250  250  250  250  250  250  250  251  250  250  251  250  250  248  248  248
  246  245  245  243  242  242  241  241  241
    82.5-180.0 180.0   5.0 450.0                            LAT/LON1/LON2/DLON/H
  243  243  242  241  241  241  241  241  241  242  243  244  245  246  247  247
  248  249  250  250  250  251  251  251  249  248  247  244  244  242  242  243
  243  245  247  249  251  253  255  256  258  259  260  261  262  263  262  262
  263  263  262  263  263  263  262  263  263  263  263  262  260  259  257  255
  254  252  250  248  246  245  244  244  243
    80.0-180.0 180.0   5.0 450.0                            LAT/LON1/LON2/DLON/H
  247  245  244  243  243  242  241  239  239  239  240  241  242  243  244  245
  245  245  245  245  245  249  252  249  246  243  242  242  242  243  245  248
  249  253  256  259  264  266  270  270  271  272  273  274  275  276  277  276
  277  278  278  279  279  279  279  279  280  279  278  277  275  273  271  268
  266  263  259  257  254  252  250  248  247
    77.5-180.0 180.0   5.0 450.0                            LAT/LON1/LON2/DLON/H
  254  252  251  249  247  244  241  239  238  237  237  237  237  238  240  241
  242  242  243  243  242  245  241  241  238  241  242  241  241  243  246  251
  255  261  266  272  275  279  283  286  288  287  288  289  289  289  289  290
  290  292  293  294  295  296  296  296  297  296  296  294  292  289  287  283
  280  277  273  269  265  263  259  256  254
    75.0-180.0 180.0   5.0 450.0                            LAT/LON1/LON2/DLON/H
  264  261  259  255  249  244  241  239  236  233  232  233  232  233  232  233
  235  236  237  237  236  237  235  235  236  236  238  242  244  247  252  259
  266  272  279  284  289  293  296  298  299  300  300  301  300  301  301  302
  301  303  304  306  307  308  308  309  309  310  310  308  306  304  301  298
  295  291  287  283  279  275  272  268  264
    72.5-180.0 180.0   5.0 450.0                            LAT/LON1/LON2/DLON/H
  276  272  266  258  251  246  242  238  232  228  226  225  223  223  222  222
  222  224  226  225  224  227  227  227  232  233  235  241  247  255  260  267
  276  284  291  297  303  307  309  311  312  312  311  310  310  310  311  311
  311  310  311  312  313  315  316  317  317  317  316  316  314  312  311  309
  306  303  300  296  293  289  285  281  276
    70.0-180.0 180.0   5.0 450.0                            LAT/LON1/LON2/DLON/H
  286  279  272  263  255  248  242  233  226  222  217  216  213  213  212  210
  211  211  212  211  213  215  217  221  226  231  236  242  252  259  269  277
  286  295  302  309  315  319  322  324  323  323  321  319  318  316  317  316
  315  313  313  313  315  315  315  316  316  315  315  315  315  314  314  313
  312  310  308  306  303  300  295  290  286
    67.5-180.0 180.0   5.0 450.0                            LAT/LON1/LON2/DLON/H
  290  284  277  267  258  248  239  230  222  215  211  207  204  202  201  199
  196  197  196  199  202  206  209  215  221  229  236  244  255  265  275  284
  293  303  311  318  324  328  332  334  333  331  330  327  324  321  320  318
  315  313  313  312  312  311  309  308  307  306  306  306  306  307  308  310
  310  310  310  309  308  304  299  295  290
    65.0-180.0 180.0   5.0 450.0                            LAT/LON1/LON2/DLON/H
  293  286  279  270  259  249  238  228  219  210  204  199  195  192  190  187
  184  184  184  188  192  197  204  210  219  227  236  246  256  268  279  289
  298  308  317  325  331  335  339  340  340  338  335  333  330  325  323  319
  316  313  312  310  307  304  301  297  294  292  291  292  293  295  297  300
  302  303  305  306  306  304  301  299  293
    62.5-180.0 180.0   5.0 450.0                            LAT/LON1/LON2/DLON/H
  293  286  280  271  260  249  236  224  215  206  198  192  189  184  180  175
  173  173  174  177  182  189  197  205  217  226  235  246  257  269  280  291
  300  310  318  326  333  339  342  344  345  344  341  338  334  330  327  324
  321  318  314  309  303  298  292  287  282  278  277  278  279  281  284  287
  289  292  295  297  299  300  300  299  293
    60.0-180.0 180.0   5.0 450.0                            LAT/LON1/LON2/DLON/H
  289  284  278  271  261  248  234  220  210  200  192  185  181  177  171  168
  164  164  165  167  171  178  187  196  210  222  234  247  256  267  279  291
  299  307  316  325  333  340  344  348  350  350  347  344  340  336  334  331
  329  324  318  312  304  296  288  282  274  270  268  269  270  271  272  274
  276  280  284  288  291  293  296  294  289
    57.5-180.0 180.0   5.0 450.0                            LAT/LON1/LON2/DLON/H
  288  283  279  272  262  247  232  217  202  191  184  175  172  168  162  159
  157  156  155  157  160  166  176  187  201  214  230  243  255  264  276  287
  296  304  313  323  332  340  347  353  356  356  354  350  347  346  343  341
  339  334  328  321  312  303  293  283  275  270  267  267  267  267  267  267
  267  271  276  281  285  289  293  292  288
    55.0-180.0 180.0   5.0 450.0                            LAT/LON1/LON2/DLON/H
  293  290  284  276  265  250  233  214  196  184  175  166  164  157  153  149
  147  145  145  147  149  156  166  178  191  207  225  240  252  263  273  283
  292  301  310  321  332  342  350  358  363  364  363  361  359  358  356  355
  353  349  343  336  326  315  305  293  284  280  276  275  274  272  270  268
  266  268  274  279  285  290  295  295  293
    52.5-180.0 180.0   5.0 450.0                            LAT/LON1/LON2/DLON/H
  306  301  294  285  273  255  233  212  191  177  166  157  155  149  145  140
  138  137  137  138  142  148  158  170  184  202  220  238  251  261  272  282
  290  300  312  323  335  346  357  366  371  374  375  374  373  375  372  372
  370  367  362  354  344  333  323  312  304  298  294  292  289  285  280  276
  272  273  279  285  292  298  303  305  306
    50.0-180.0 180.0   5.0 450.0                            LAT/LON1/LON2/DLON/H
  318  312  305  297  284  264  238  213  191  175  162  152  149  143  139  135
  132  131  132  135  138  144  154  166  181  201  220  240  254  265  274  283
  294  305  316  329  341  353  365  376  382  385  387  386  389  390  392  392
  392  389  382  377  367  356  345  335  326  320  315  313  308  302  296  290
  285  285  291  299  307  312  317  319  318
    47.5-180.0 180.0   5.0 450.0                            LAT/LON1/LON2/DLON/H
  330  325  317  309  294  272  246  218  194  176  161  151  148  141  137  133
  131  130  132  136  141  146  154  165  182  202  223  244  258  269  280  290
  300  312  325  339  350  363  376  386  392  397  399  402  405  409  411  415
  416  414  409  404  393  382  372  360  351  342  337  334  328  321  314  307
  301  301  306  315  324  329  333  333  330
    45.0-180.0 180.0   5.0 450.0                            LAT/LON1/LON2/DLON/H
  343  336  327  316  300  278  253  226  200  180  165  156  152  144  139  135
  133  134  137  142  147  153  159  169  185  205  229  249  267  279  290  301
  311  323  335  347  360  373  385  396  404  410  413  417  424  430  435  440
  442  441  436  431  423  411  400  388  376  365  358  354  348  341  333  326
  320  319  324  332  341  345  347  346  343
    42.5-180.0 180.0   5.0 450.0                            LAT/LON1/LON2/DLON/H
  351  341  330  318  299  279  256  231  207  186  173  164  160  152  146  142
  140  142  146  152  158  163  167  175  191  210  235  257  276  290  302  313
  323  336  347  358  369  382  395  406  415  421  427  433  442  452  459  466
  469  471  466  462  454  445  431  418  404  389  379  375  368  360  351  343
  338  338  345  351  358  359  358  355  351
    40.0-180.0 180.0   5.0 450.0                            LAT/LON1/LON2/DLON/H
  349  338  323  310  293  276  258  237  217  199  186  177  172  166  158  153
  150  152  157  164  170  174  177  185  198  216  240  267  287  301  314  325
  334  344  354  364  376  390  403  414  424  431  439  449  462  475  487  495
  500  505  499  496  490  479  464  450  434  417  405  400  392  383  373  364
  358  357  363  367  371  368  365  358  349
    37.5-180.0 180.0   5.0 450.0                            LAT/LON1/LON2/DLON/H
  344  328  312  296  282  269  255  240  227  214  204  194  189  182  173  167
  163  165  169  176  182  186  189  194  206  223  249  277  297  310  322  332
  341  349  357  367  378  393  408  421  431  440  450  463  480  494  512  523
  530  536  534  531  527  518  501  488  471  454  442  436  425  413  402  391
  382  377  379  379  379  374  367  356  344
    35.0-180.0 180.0   5.0 450.0                            LAT/LON1/LON2/DLON/H
  339  320  300  284  270  259  251  243  235  228  221  212  208  199  190  181
  177  177  180  187  192  196  198  204  213  230  255  283  301  313  324  332
  342  349  355  365  378  394  410  424  436  446  459  475  494  514  532  545
  553  562  565  567  564  557  545  534  520  504  492  481  471  455  438  421
  407  400  398  394  390  380  371  355  339
    32.5-180.0 180.0   5.0 450.0                            LAT/LON1/LON2/DLON/H
  341  319  297  280  267  258  254  249  244  240  238  231  227  218  207  198
  193  190  190  194  199  203  206  212  220  240  263  285  301  311  319  327
  336  343  350  362  376  392  409  425  437  448  462  481  504  525  543  557
  569  580  591  598  599  598  592  588  580  568  555  540  525  504  479  458
  439  427  421  413  404  391  378  360  341
    30.0-180.0 180.0   5.0 450.0                            LAT/LON1/LON2/DLON/H
  356  331  309  291  278  272  270  264  259  256  255  252  248  236  226  217
  209  203  199  202  204  206  212  221  229  249  270  287  296  303  310  318
  325  333  343  354  369  387  405  422  435  446  463  484  507  526  546  563
  577  592  608  621  631  641  643  647  647  640  624  605  585  557  527  500
  477  462  448  437  424  411  398  380  356
    27.5-180.0 180.0   5.0 450.0                            LAT/LON1/LON2/DLON/H
  389  361  337  321  309  306  303  291  282  281  276  275  273  260  250  240
  227  217  210  208  209  211  218  229  239  257  273  283  286  290  297  306
  314  324  335  348  364  381  398  416  431  442  459  483  505  524  543  560
  579  600  620  640  659  677  688  703  710  707  692  668  643  613  577  545
  518  499  482  469  455  441  430  414  389
    25.0-180.0 180.0   5.0 450.0                            LAT/LON1/LON2/DLON/H
  435  409  384  372  359  352  345  330  318  310  304  303  301  290  278  268
  249  234  222  217  216  221  230  239  249  262  271  271  271  274  279  290
  303  316  330  344  360  377  394  411  426  438  458  481  502  519  535  556
  580  604  629  655  680  704  723  746  759  761  749  725  698  666  624  590
  559  539  522  511  490  477  470  460  435
    22.5-180.0 180.0   5.0 450.0                            LAT/LON1/LON2/DLON/H
  486  468  452  437  424  415  401  380  361  349  342  338  336  327  311  298
  279  259  240  231  229  238  244  251  258  263  262  254  250  252  261  276
  293  311  329  344  359  375  390  406  421  436  459  480  498  516  530  551
  577  603  632  663  692  716  742  767  786  793  783  762  733  701  668  633
  602  581  564  553  526  512  509  506  486
    20.0-180.0 180.0   5.0 450.0                            LAT/LON1/LON2/DLON/H
  521  516  507  498  492  487  464  434  409  394  385  378  376  365  345  332
  315  292  265  251  249  256  261  264  264  260  248  232  226  231  244  265
  286  309  329  346  359  372  387  401  415  435  458  481  498  512  527  546
  572  599  631  661  690  715  740  763  784  792  781  762  741  714  690  665
  640  622  604  589  558  540  534  533  521
    17.5-180.0 180.0   5.0 450.0                            LAT/LON1/LON2/DLON/H
  522  524  527  536  541  548  535  491  460  438  425  415  411  396  380  365
  347  321  292  272  267  270  272  270  264  251  231  211  201  210  231  257
  283  309  330  347  361  373  383  396  413  434  459  481  497  511  526  546
  571  600  630  654  675  696  716  735  752  757  746  731  719  707  696  679
  665  653  635  613  576  547  533  531  522
    15.0-180.0 180.0   5.0 450.0                            LAT/LON1/LON2/DLON/H
  481  493  512  538  560  585  577  539  504  474  456  443  436  419  403  389
  370  339  312  289  280  277  275  267  256  235  209  185  175  188  215  248
  278  306  329  347  363  373  382  392  410  433  458  479  497  513  532  554
  581  606  629  645  657  669  682  692  703  705  698  691  689  689  689  681
  674  668  651  623  581  533  503  492  481
    12.5-180.0 180.0   5.0 450.0                            LAT/LON1/LON2/DLON/H
  423  435  464  503  545  580  590  564  534  499  477  458  449  428  412  399
  379  345  319  298  285  278  270  257  239  212  185  161  149  165  195  234
  270  300  326  347  363  371  377  386  404  428  454  477  497  518  542  567
  596  620  632  638  643  649  653  654  659  660  657  657  663  670  677  677
  673  668  648  619  572  508  459  430  423
    10.0-180.0 180.0   5.0 450.0                            LAT/LON1/LON2/DLON/H
  365  377  407  450  498  539  559  552  528  500  480  461  449  423  406  391
  374  346  320  300  283  272  259  240  214  185  160  136  130  147  177  219
  262  297  325  347  359  365  368  377  394  418  445  471  496  521  550  581
  611  630  635  636  638  642  643  642  640  640  641  646  655  663  669  672
  667  658  637  604  550  478  419  373  365
     7.5-180.0 180.0   5.0 450.0                            LAT/LON1/LON2/DLON/H
  320  332  356  390  436  478  501  501  494  477  461  444  432  406  389  373
  357  338  315  294  275  257  239  216  189  162  138  119  114  131  163  210
  254  291  320  340  350  354  356  364  381  405  431  458  488  517  551  585
  617  634  639  643  645  653  658  657  652  651  655  663  671  676  676  669
  658  642  622  585  528  454  382  334  320
     5.0-180.0 180.0   5.0 450.0                            LAT/LON1/LON2/DLON/H
  309  314  327  343  380  417  438  442  439  432  423  408  397  374  362  346
  334  320  302  283  259  236  214  190  165  140  121  106  103  118  150  196
  242  281  308  327  338  340  342  350  367  388  415  439  473  504  542  582
  615  636  647  657  666  679  689  691  687  685  691  700  706  705  691  672
  651  629  605  568  517  446  375  326  309
     2.5-180.0 180.0   5.0 450.0                            LAT/LON1/LON2/DLON/H
  340  333  329  332  352  379  391  390  385  379  373  362  353  335  325  313
  306  294  280  263  240  213  188  165  143  122  106   96   95  110  142  186
  231  268  295  313  322  325  327  336  350  369  390  413  450  480  521  564
  603  633  654  673  689  709  726  733  732  734  740  748  746  733  705  677
  646  619  589  553  511  453  397  360  340
