DORISInput/IGSGIM/2024/IGS0OPSFIN_20241430000_01D_02H_GIM.INX
     1.0            IONOSPHERE MAPS     MIX                 IONEX VERSION / TYPE
cmpcmb v1.2          GRL/UWM             5-jun-24 16:33     PGM / RUN BY / DATE 
ionex file containing IGS COMBINED Ionosphere maps          COMMENT             
global ionosphere maps for day 143, 2024                    DESCRIPTION         
IONEX file containing the COMBINED IGS TEC MAPS and DCBs    DESCRIPTION         
      IONEX files of the following IAACs were combined: cod DESCRIPTION         
                                                        jpl DESCRIPTION         
                                                        upc DESCRIPTION         
Contact address: Andrzej Krankowski                         DESCRIPTION
                 Geodynamics Research Laboratory            DESCRIPTION
                 University of Warmia and Mazury (GRL/UWM)  DESCRIPTION
                 Oczapowski St. 1                           DESCRIPTION
                 10-957-Olsztyn, POLAND                     DESCRIPTION
                 e-mail:  kand@uwm.edu.pl                   DESCRIPTION
                                                            DESCRIPTION         
  2024     5    22     0     0     0                        EPOCH OF FIRST MAP  
  2024     5    23     0     0     0                        EPOCH OF LAST MAP   
  7200                                                      INTERVAL            
    13                                                      # OF MAPS IN FILE   
  COSZ                                                      MAPPING FUNCTION    
     0.0                                                    ELEVATION CUTOFF    
combined TEC calculated as weighted mean of input TEC valuesOBSERVABLES USED    
   337                                                      # OF STATIONS       
    32                                                      # OF SATELLITES     
  6371.0                                                    BASE RADIUS         
     2                                                      MAP DIMENSION       
   450.0 450.0   0.0                                        HGT1 / HGT2 / DHGT  
    87.5 -87.5  -2.5                                        LAT1 / LAT2 / DLAT  
  -180.0 180.0   5.0                                        LON1 / LON2 / DLON  
    -1                                                      EXPONENT            
TEC values in 0.1 tec units;  9999, if no value available   COMMENT             
DCB values in nanoseconds, reference is Sum_of_SatDCBs = 0  COMMENT             
                                                            END OF HEADER       
[from data line 3003]
     8                                                      START OF TEC MAP    
  2024     5    22    14     0     0                        EPOCH OF CURRENT MAP
    87.5-180.0 180.0   5.0 450.0                            LAT/LON1/LON2/DLON/H
  261  260  261  261  261  261  262  262  263  264  264  265  265  266  267  268
  269  269  270  271  271  272  273  273  274  274  274  275  275  275  275  275
  275  275  275  275  275  275  274  274  274  274  273  273  273  273  273  272
  271  271  271  271  270  269  269  268  267  267  266  265  265  264  264  263
  263  262  262  261  261  261  261  261  261
    85.0-180.0 180.0   5.0 450.0                            LAT/LON1/LON2/DLON/H
  252  252  252  252  252  253  254  255  256  258  259  261  263  264  265  268
  269  271  273  274  274  275  276  277  277  277  277  278  278  278  280  280
  280  281  281  281  281  281  281  281  281  279  279  278  277  277  276  276
  275  274  274  273  273  272  272  270  270  269  268  266  265  264  263  262
  260  258  257  255  254  253  253  252  252
    82.5-180.0 180.0   5.0 450.0                            LAT/LON1/LON2/DLON/H
  243  241  242  242  244  245  247  249  252  254  256  259  261  263  265  267
  269  271  272  272  275  276  277  277  277  278  280  281  281  282  282  283
  283  284  284  283  283  281  280  280  279  279  279  280  280  279  280  280
  280  281  281  282  282  282  281  280  279  277  276  274  272  269  267  264
  261  258  256  254  251  249  246  245  243
    80.0-180.0 180.0   5.0 450.0                            LAT/LON1/LON2/DLON/H
  236  235  234  235  236  238  240  243  245  247  250  253  255  258  261  263
  266  267  269  270  270  273  274  277  278  277  278  279  281  283  282  283
  283  283  282  282  282  281  280  280  279  278  278  279  280  282  283  284
  287  288  291  292  294  295  295  295  294  292  290  288  284  281  277  273
  268  264  260  257  252  246  241  238  236
    77.5-180.0 180.0   5.0 450.0                            LAT/LON1/LON2/DLON/H
  234  232  230  231  233  235  237  239  241  244  247  250  253  255  257  258
  259  261  262  264  266  266  267  267  267  268  270  272  275  277  278  280
  280  281  281  280  278  277  276  275  275  275  276  277  280  283  287  290
  294  298  301  305  308  310  312  313  313  312  308  305  302  298  293  287
  282  276  270  264  257  248  242  238  234
    75.0-180.0 180.0   5.0 450.0                            LAT/LON1/LON2/DLON/H
  236  233  232  231  232  234  236  239  241  243  245  247  249  250  249  250
  253  255  256  258  258  259  261  261  264  264  265  268  271  273  274  276
  278  279  279  278  276  274  273  272  271  272  274  276  281  285  291  297
  301  307  312  316  321  324  326  329  330  329  326  323  319  316  310  303
  297  289  282  274  265  256  248  242  236
    72.5-180.0 180.0   5.0 450.0                            LAT/LON1/LON2/DLON/H
  242  237  235  235  237  238  240  243  244  245  246  245  245  243  243  245
  246  246  249  252  254  255  256  256  259  260  262  263  267  271  273  275
  276  278  279  278  276  274  273  271  271  272  275  278  284  290  296  303
  309  314  320  324  328  332  334  335  336  336  335  333  330  327  321  315
  309  300  293  283  274  265  256  247  242
    70.0-180.0 180.0   5.0 450.0                            LAT/LON1/LON2/DLON/H
  247  241  239  239  242  244  248  250  249  248  248  246  242  240  241  240
  239  242  246  248  251  253  254  255  257  258  260  263  266  269  273  276
  278  279  280  280  278  276  275  275  275  277  281  284  289  294  301  307
  313  317  322  326  329  331  332  332  333  333  332  331  330  327  323  318
  311  304  297  288  279  271  261  253  247
    67.5-180.0 180.0   5.0 450.0                            LAT/LON1/LON2/DLON/H
  249  244  242  243  245  249  254  254  253  252  249  245  242  239  238  236
  239  241  244  247  251  254  256  258  258  259  260  262  265  269  274  277
  280  283  284  283  283  281  280  280  281  283  287  292  296  300  305  309
  314  317  320  322  323  322  322  322  321  320  321  320  319  317  313  310
  305  300  295  286  279  270  262  255  249
    65.0-180.0 180.0   5.0 450.0                            LAT/LON1/LON2/DLON/H
  246  242  242  245  247  251  254  256  255  252  249  246  243  239  236  236
  238  241  243  247  252  255  257  259  259  259  259  261  264  270  276  280
  283  287  289  288  288  287  286  286  288  291  295  299  303  307  309  311
  313  314  315  315  312  311  308  307  306  305  304  303  302  300  297  294
  291  288  285  279  272  264  257  252  246
    62.5-180.0 180.0   5.0 450.0                            LAT/LON1/LON2/DLON/H
  238  236  236  240  244  247  251  254  253  253  250  249  244  242  240  239
  240  241  243  246  250  254  256  258  258  258  258  260  264  270  278  285
  290  292  293  294  293  293  293  295  297  300  304  308  311  313  314  313
  313  310  309  306  301  298  296  294  293  291  289  287  284  282  280  278
  276  273  272  266  260  251  247  242  238
    60.0-180.0 180.0   5.0 450.0                            LAT/LON1/LON2/DLON/H
  227  224  225  228  233  238  243  249  253  254  254  253  252  250  249  247
  245  243  243  244  247  249  252  254  254  255  256  259  263  272  282  290
  295  298  299  300  301  301  302  305  308  312  314  317  320  320  318  316
  313  310  307  303  298  294  290  288  287  285  282  278  275  271  267  265
  262  261  260  252  246  239  233  230  227
    57.5-180.0 180.0   5.0 450.0                            LAT/LON1/LON2/DLON/H
  212  209  208  212  217  225  234  242  250  255  260  263  265  266  265  261
  255  249  246  243  242  243  246  248  250  252  254  258  264  273  285  296
  302  306  308  308  310  312  313  317  319  321  325  328  328  327  325  321
  317  312  309  306  303  299  296  293  291  288  284  280  275  270  264  259
  255  251  249  242  235  227  220  216  212
    55.0-180.0 180.0   5.0 450.0                            LAT/LON1/LON2/DLON/H
  199  196  195  197  201  211  222  234  247  258  269  279  286  290  290  282
  273  262  252  242  238  237  240  243  245  248  252  258  266  277  292  304
  313  317  320  321  322  324  327  329  332  334  337  338  337  336  332  328
  322  318  314  313  314  314  312  308  305  302  297  293  286  280  271  264
  258  250  247  238  229  220  211  204  199
    52.5-180.0 180.0   5.0 450.0                            LAT/LON1/LON2/DLON/H
  192  187  184  183  188  198  211  228  245  263  280  296  310  317  317  311
  297  279  260  244  235  232  234  238  242  247  252  260  270  283  301  317
  328  332  336  338  339  342  344  346  346  348  350  350  349  347  343  338
  333  327  325  326  330  332  333  330  327  323  319  313  305  298  288  279
  270  260  255  241  229  218  208  198  192
    50.0-180.0 180.0   5.0 450.0                            LAT/LON1/LON2/DLON/H
  189  183  178  177  179  188  202  221  243  267  290  313  334  346  349  343
  326  302  275  253  239  232  232  237  242  249  257  267  279  295  315  334
  344  352  356  360  362  364  365  366  364  365  365  363  362  359  355  351
  346  340  341  345  350  353  352  350  347  344  339  334  327  318  308  297
  285  274  267  251  238  225  211  199  189
    47.5-180.0 180.0   5.0 450.0                            LAT/LON1/LON2/DLON/H
  195  188  181  176  175  182  198  218  243  271  300  326  353  369  378  375
  359  332  298  269  250  241  240  243  249  258  269  282  296  313  334  355
  367  377  382  385  388  390  392  388  386  384  382  380  378  375  371  366
  361  359  359  364  369  371  368  365  361  357  354  350  345  336  326  314
  300  289  281  264  250  237  221  206  195
    45.0-180.0 180.0   5.0 450.0                            LAT/LON1/LON2/DLON/H
  206  197  188  181  177  182  195  216  242  275  308  335  364  387  400  404
  392  367  329  299  274  262  258  260  268  277  288  304  320  339  358  379
  393  406  414  418  421  423  421  416  412  408  403  399  397  395  388  382
  377  376  377  381  384  385  380  374  367  362  359  356  352  345  336  325
  313  300  292  277  264  249  234  218  206
    42.5-180.0 180.0   5.0 450.0                            LAT/LON1/LON2/DLON/H
  220  210  199  189  183  185  196  216  243  277  314  344  371  397  417  429
  424  406  372  342  314  297  290  289  296  306  317  336  351  369  389  409
  425  442  451  455  459  458  456  448  445  438  428  424  422  417  407  401
  394  393  393  396  397  394  386  377  367  361  356  354  350  344  336  328
  319  308  301  289  278  263  246  232  220
    40.0-180.0 180.0   5.0 450.0                            LAT/LON1/LON2/DLON/H
  232  221  209  199  192  191  198  215  242  274  311  345  376  404  431  448
  452  443  418  392  362  344  333  329  333  343  356  377  390  403  425  444
  462  481  492  501  504  501  492  486  480  471  464  455  450  444  432  421
  413  412  412  412  408  403  392  380  369  361  356  353  348  342  335  328
  321  314  308  297  287  274  258  244  232
    37.5-180.0 180.0   5.0 450.0                            LAT/LON1/LON2/DLON/H
  241  229  218  207  199  195  200  214  239  271  307  344  378  408  436  460
  473  475  460  438  414  395  383  375  376  386  398  419  432  444  464  482
  505  528  546  551  553  547  536  529  520  510  503  492  487  474  461  447
  436  432  431  429  425  418  404  392  380  372  365  361  354  348  341  334
  329  321  316  303  293  281  267  253  241
    35.0-180.0 180.0   5.0 450.0                            LAT/LON1/LON2/DLON/H
  246  235  223  213  204  198  199  212  236  267  304  342  374  404  435  463
  486  496  490  479  460  444  431  422  422  433  443  462  474  483  503  522
  549  577  597  602  605  596  589  576  567  556  546  537  527  510  493  478
  464  458  456  456  451  443  430  420  410  401  391  384  374  365  357  351
  348  340  333  317  302  288  275  260  246
    32.5-180.0 180.0   5.0 450.0                            LAT/LON1/LON2/DLON/H
  252  240  229  219  209  200  198  207  231  263  299  337  370  401  429  460
  486  502  508  505  494  482  471  463  466  481  489  507  517  526  542  561
  592  624  644  654  656  643  637  632  623  611  595  584  568  549  527  512
  495  490  490  491  487  481  475  468  458  449  436  426  411  400  390  385
  378  369  360  342  322  303  286  266  252
    30.0-180.0 180.0   5.0 450.0                            LAT/LON1/LON2/DLON/H
  259  248  237  226  215  205  200  204  222  252  288  329  364  396  424  451
  477  497  511  516  513  507  502  498  505  522  532  548  557  566  580  606
  636  670  693  704  703  693  695  694  682  665  647  626  607  586  569  555
  535  529  532  534  534  534  532  528  519  507  493  479  463  450  437  430
  419  407  395  373  353  326  300  277  259
    27.5-180.0 180.0   5.0 450.0                            LAT/LON1/LON2/DLON/H
  277  262  251  237  224  214  207  207  219  243  278  323  360  387  412  436
  461  484  503  513  520  522  525  525  533  549  565  583  593  601  620  646
  680  714  738  750  748  747  748  748  739  711  690  669  648  622  607  596
  579  577  581  581  587  588  593  590  579  566  548  535  516  502  487  478
  463  450  436  411  389  358  327  299  277
    25.0-180.0 180.0   5.0 450.0                            LAT/LON1/LON2/DLON/H
  299  281  265  252  237  224  217  215  221  240  272  315  350  377  400  419
  443  467  488  502  517  528  537  540  550  568  591  612  626  636  656  685
  723  755  778  794  792  794  781  784  779  741  721  714  694  660  645  632
  625  626  630  631  638  639  641  634  624  612  592  580  561  542  526  518
  502  485  471  445  425  393  358  326  299
    22.5-180.0 180.0   5.0 450.0                            LAT/LON1/LON2/DLON/H
  320  300  283  267  252  239  230  226  228  241  268  306  341  367  387  401
  422  447  473  491  509  529  539  547  562  586  616  641  656  669  693  724
  760  786  819  835  835  828  804  800  800  765  747  744  720  697  683  672
  668  671  679  674  674  665  654  640  629  617  597  588  570  553  539  534
  520  500  488  469  453  425  389  351  320
    20.0-180.0 180.0   5.0 450.0                            LAT/LON1/LON2/DLON/H
  336  315  297  278  262  250  242  235  232  240  263  297  330  357  374  386
  404  428  460  484  503  526  539  553  574  605  637  667  687  702  729  761
  797  823  842  850  849  847  828  810  811  784  771  764  743  728  721  712
  710  708  710  702  677  650  620  596  578  564  550  538  521  518  512  504
  493  479  474  463  458  440  407  369  336
    17.5-180.0 180.0   5.0 450.0                            LAT/LON1/LON2/DLON/H
  343  320  303  284  269  257  250  242  233  237  255  285  316  344  363  373
  389  414  448  479  501  524  542  561  587  620  656  691  715  734  760  793
  826  841  851  848  842  844  829  818  823  801  787  779  769  761  756  745
  744  734  721  691  645  598  551  516  493  477  469  454  445  450  455  443
  429  422  423  432  443  433  410  376  343
    15.0-180.0 180.0   5.0 450.0                            LAT/LON1/LON2/DLON/H
  341  319  303  284  269  258  252  243  233  230  242  269  302  328  347  362
  376  402  437  471  499  525  548  571  599  636  674  707  733  759  782  812
  838  844  848  840  833  836  826  822  825  812  806  802  795  791  783  772
  766  748  716  663  597  534  471  429  403  385  381  374  371  378  390  375
  362  354  359  382  403  401  388  369  341
    12.5-180.0 180.0   5.0 450.0                            LAT/LON1/LON2/DLON/H
  330  312  295  279  263  255  250  239  228  220  228  251  281  310  330  347
  365  390  426  464  497  528  554  580  611  651  691  724  750  773  793  817
  837  842  842  834  831  832  826  822  823  821  825  821  813  808  799  788
  774  748  704  636  556  480  409  363  339  323  321  322  318  318  320  305
  299  294  299  325  344  349  350  346  330
    10.0-180.0 180.0   5.0 450.0                            LAT/LON1/LON2/DLON/H
  310  301  285  265  250  245  239  229  214  207  211  231  261  290  313  334
  354  381  418  460  499  533  562  590  625  667  710  743  768  784  800  818
  835  841  840  835  831  830  829  825  825  828  830  832  824  815  805  793
  773  744  693  621  538  460  394  350  330  320  316  309  299  289  280  271
  263  254  257  279  295  304  315  317  310
     7.5-180.0 180.0   5.0 450.0                            LAT/LON1/LON2/DLON/H
  290  283  268  244  230  227  222  213  201  194  196  213  243  273  300  324
  348  379  419  462  503  540  571  604  643  687  729  764  787  798  807  819
  832  841  840  836  834  833  831  830  830  830  829  830  826  816  805  789
  769  739  688  621  549  485  435  401  387  379  364  343  324  308  292  280
  269  251  248  257  267  280  290  293  290
     5.0-180.0 180.0   5.0 450.0                            LAT/LON1/LON2/DLON/H
  271  261  244  220  209  206  202  196  187  182  184  199  228  261  293  322
  350  385  426  468  509  549  584  621  663  706  749  781  800  807  813  818
  830  838  836  837  837  834  832  832  831  827  825  824  817  808  794  775
  757  730  689  636  586  548  513  497  495  482  452  417  391  372  352  329
  308  283  272  263  266  279  282  282  271
     2.5-180.0 180.0   5.0 450.0                            LAT/LON1/LON2/DLON/H
  260  245  224  201  189  186  183  177  172  170  173  190  218  253  290  324
  357  396  434  476  518  560  599  638  680  723  763  793  807  811  813  816
  825  830  828  829  831  827  826  821  819  815  813  811  801  790  770  751
  731  714  687  658  635  619  604  611  620  608  571  525  486  457  431  398
  376  348  331  294  286  291  287  277  260
