DORISInput/IGSGIM/2024/IGS0OPSFIN_20241320000_01D_02H_GIM.INX
     1.0            IONOSPHERE MAPS     MIX                 IONEX VERSION / TYPE
cmpcmb v1.2          GRL/UWM            28-may-24 16:33     PGM / RUN BY / DATE 
ionex file containing IGS COMBINED Ionosphere maps          COMMENT             
global ionosphere maps for day 132, 2024                    DESCRIPTION         
IONEX file containing the COMBINED IGS TEC MAPS and DCBs    DESCRIPTION         
      IONEX files of the following IAACs were combined: cod DESCRIPTION         
                                                        jpl DESCRIPTION         
                                                        upc DESCRIPTION         
Contact address: Andrzej Krankowski                         DESCRIPTION
                 Geodynamics Research Laboratory            DESCRIPTION
                 University of Warmia and Mazury (GRL/UWM)  DESCRIPTION
                 Oczapowski St. 1                           DESCRIPTION
                 10-957-Olsztyn, POLAND                     DESCRIPTION
                 e-mail:  kand@uwm.edu.pl                   DESCRIPTION
                                                            DESCRIPTION         
  2024     5    11     0     0     0                        EPOCH OF FIRST MAP  
  2024     5    12     0     0     0                        EPOCH OF LAST MAP   
  7200                                                      INTERVAL            
    13                                                      # OF MAPS IN FILE   
  COSZ                                                      MAPPING FUNCTION    
     0.0                                                    ELEVATION CUTOFF    
combined TEC calculated as weighted mean of input TEC valuesOBSERVABLES USED    
   338                                                      # OF STATIONS       
    32                                                      # OF SATELLITES     
  6371.0                                                    BASE RADIUS         
     2                                                      MAP DIMENSION       
   450.0 450.0   0.0                                        HGT1 / HGT2 / DHGT  
    87.5 -87.5  -2.5                                        LAT1 / LAT2 / DLAT  
  -180.0 180.0   5.0                                        LON1 / LON2 / DLON  
    -1                                                      EXPONENT            
TEC values in 0.1 tec units;  9999, if no value available   COMMENT             
DCB values in nanoseconds, reference is Sum_of_SatDCBs = 0  COMMENT             
                                                            END OF HEADER       
[from data line 3861]
    10                                                      START OF TEC MAP    
  2024     5    11    18     0     0                        EPOCH OF CURRENT MAP
    87.5-180.0 180.0   5.0 450.0                            LAT/LON1/LON2/DLON/H
  107  108  108  109  109  109  109  110  110  110  111  111  111  111  112  112
  112  112  112  112  112  112  112  113  113  113  113  113  113  112  112  111
  111  111  111  110  110  109  109  109  108  108  108  108  107  107  107  106
  105  105  106  105  105  105  105  105  105  105  105  105  105  105  105  105
  106  106  106  106  106  107  107  107  107
    85.0-180.0 180.0   5.0 450.0                            LAT/LON1/LON2/DLON/H
  103  104  104  105  106  106  107  108  109  111  111  111  113  113  113  114
  114  114  114  116  116  116  116  116  116  116  116  115  114  112  111  110
  109  108  107  107  106  106  106  106  106  106  107  107  106  106  105  105
  104  103  104  103  104  104  104  105  105  106  106  106  106  106  106  106
  106  106  106  105  105  104  104  103  103
    82.5-180.0 180.0   5.0 450.0                            LAT/LON1/LON2/DLON/H
  101  102  103  105  106  107  108  108  109  109  110  111  111  112  113  113
  115  116  116  117  116  117  117  118  119  120  120  122  123  121  120  117
  116  115  114  116  114  115  114  111  111  109  108  108  108  107  107  106
  105  105  104  105  106  107  107  109  110  110  111  111  111  111  111  109
  109  107  106  104  103  102  101  101  101
    80.0-180.0 180.0   5.0 450.0                            LAT/LON1/LON2/DLON/H
  101  103  104  104  104  104  105  107  108  109  110  110  111  110  111  111
  111  112  114  116  119  120  119  123  124  126  125  125  123  121  121  119
  117  116  114  113  112  112  111  113  114  115  115  114  113  112  112  111
  112  112  112  111  112  114  115  116  118  119  120  120  120  119  118  117
  114  112  109  106  103  102  100  100  101
    77.5-180.0 180.0   5.0 450.0                            LAT/LON1/LON2/DLON/H
  102  102  102  103  103  104  105  105  104  104  104  105  105  106  106  108
  110  110  112  114  116  117  123  125  123  124  125  125  126  127  128  128
  128  126  125  122  119  119  119  119  119  120  120  121  120  120  121  122
  123  123  123  123  123  124  125  127  129  131  132  133  132  131  130  126
  123  119  114  110  107  105  103  102  102
    75.0-180.0 180.0   5.0 450.0                            LAT/LON1/LON2/DLON/H
  103  102  103  103  104  105  104  104  104  104  104  106  105  105  105  105
  106  108  111  112  116  120  124  125  128  130  129  129  131  133  134  133
  132  131  131  130  127  125  125  128  130  131  132  132  132  131  132  134
  136  136  136  135  135  135  136  138  141  143  145  146  146  144  142  139
  134  128  123  118  114  110  108  105  103
    72.5-180.0 180.0   5.0 450.0                            LAT/LON1/LON2/DLON/H
  107  106  105  106  107  108  107  107  108  109  108  107  106  105  105  106
  107  108  109  114  118  123  128  129  133  135  137  135  135  137  138  137
  138  137  135  134  133  132  131  132  136  140  142  144  145  146  146  147
  147  147  146  144  143  143  143  146  148  151  153  155  156  155  153  149
  144  137  131  126  121  117  113  109  107
    70.0-180.0 180.0   5.0 450.0                            LAT/LON1/LON2/DLON/H
  114  113  111  112  112  112  111  112  114  113  109  108  109  109  108  109
  111  109  114  120  125  133  137  135  140  140  143  144  145  143  144  144
  141  141  138  136  136  135  135  136  139  143  147  151  154  155  156  155
  155  153  152  148  146  144  144  144  147  149  152  155  157  158  156  153
  149  144  138  134  128  124  120  117  114
    67.5-180.0 180.0   5.0 450.0                            LAT/LON1/LON2/DLON/H
  122  121  120  119  117  116  115  116  116  115  112  112  113  112  112  116
  116  119  125  132  139  149  150  146  150  149  149  151  149  149  149  147
  145  143  139  136  134  133  132  133  137  141  147  152  155  158  158  158
  156  153  149  144  140  137  135  134  134  136  140  145  148  150  149  147
  145  141  139  136  133  129  127  124  122
    65.0-180.0 180.0   5.0 450.0                            LAT/LON1/LON2/DLON/H
  128  127  127  125  124  122  120  119  118  117  116  117  117  116  118  121
  126  132  143  151  158  167  167  163  162  158  157  153  152  151  151  149
  146  143  138  133  129  126  124  126  128  133  139  145  150  153  154  152
  150  145  139  131  125  119  114  112  111  113  117  122  127  129  130  128
  127  128  129  130  130  129  129  128  128
    62.5-180.0 180.0   5.0 450.0                            LAT/LON1/LON2/DLON/H
  130  131  131  131  128  125  122  120  118  119  119  120  119  120  122  127
  134  144  158  168  176  182  182  180  173  167  163  156  154  152  152  151
  147  143  136  130  123  117  114  114  117  121  127  132  137  140  140  138
  133  129  121  112  104   95   89   84   83   84   89   93   97   99   99  100
  102  104  109  113  118  121  125  127  130
    60.0-180.0 180.0   5.0 450.0                            LAT/LON1/LON2/DLON/H
  125  129  130  130  129  126  122  120  118  118  118  119  120  121  124  129
  137  151  166  178  187  193  193  191  182  174  167  161  156  154  153  152
  148  143  135  128  119  112  108  107  107  109  113  116  118  120  120  117
  113  108  101   93   83   74   67   61   59   60   63   64   65   66   66   68
   72   76   84   93  101  109  115  121  125
    57.5-180.0 180.0   5.0 450.0                            LAT/LON1/LON2/DLON/H
  116  121  123  126  127  126  123  120  117  116  116  117  118  120  123  127
  136  149  163  178  190  196  197  194  186  177  170  164  159  157  154  153
  149  144  136  127  119  111  106  103  102  101  100  100  100  100   99   97
   93   90   84   78   69   61   53   47   44   43   43   42   41   41   41   43
   46   50   59   72   83   93  102  110  116
    55.0-180.0 180.0   5.0 450.0                            LAT/LON1/LON2/DLON/H
  104  111  116  121  125  125  123  120  116  114  114  114  116  117  119  123
  129  140  153  169  185  193  196  193  186  177  169  164  160  158  156  154
  151  146  139  133  125  119  113  108  103   99   94   89   86   84   83   80
   77   75   73   70   65   59   52   45   40   38   37   37   38   37   34   33
   33   33   42   54   65   76   86   95  104
    52.5-180.0 180.0   5.0 450.0                            LAT/LON1/LON2/DLON/H
   92  101  109  117  123  126  124  121  117  114  113  112  113  115  116  118
  122  130  141  157  172  184  190  190  185  177  169  165  162  162  160  158
  155  151  147  142  137  134  130  125  117  109   99   88   80   75   72   69
   68   68   69   70   70   67   63   55   50   46   45   46   47   44   39   38
   34   33   35   44   53   63   72   81   92
    50.0-180.0 180.0   5.0 450.0                            LAT/LON1/LON2/DLON/H
   83   94  105  114  124  128  127  124  120  116  113  113  113  114  114  115
  117  122  129  142  157  171  182  185  183  177  171  168  166  167  166  165
  163  160  157  156  155  155  153  149  139  128  115   98   86   77   73   71
   70   72   75   80   83   82   80   75   71   69   70   71   74   73   67   58
   47   41   42   47   51   56   63   72   83
    47.5-180.0 180.0   5.0 450.0                            LAT/LON1/LON2/DLON/H
   81   91  103  115  126  132  132  128  123  119  116  115  115  116  116  115
  116  117  121  130  144  157  170  177  178  176  173  171  170  172  173  171
  170  170  171  173  176  178  179  174  166  154  137  119  103   93   85   82
   82   85   89   96  103  104  105  106  105  106  110  116  121  121  112   98
   80   69   65   63   64   63   65   72   81
    45.0-180.0 180.0   5.0 450.0                            LAT/LON1/LON2/DLON/H
   86   94  105  118  131  137  137  133  128  123  120  119  119  120  120  120
  119  118  120  125  135  146  157  164  169  170  170  170  170  174  177  175
  176  178  182  186  193  199  201  198  190  178  163  147  129  114  103   99
   98  102  107  116  125  133  136  141  143  146  156  170  180  185  171  157
  132  114  104   97   92   85   82   82   86
    42.5-180.0 180.0   5.0 450.0                            LAT/LON1/LON2/DLON/H
  100  104  112  124  134  140  140  136  131  127  125  124  125  126  127  128
  126  125  125  127  133  140  148  154  159  161  164  168  171  175  179  179
  180  183  190  196  203  210  213  212  207  198  187  172  155  138  126  120
  116  119  123  130  139  149  154  163  166  173  190  212  233  246  239  224
  195  169  152  143  134  118  107  102  100
    40.0-180.0 180.0   5.0 450.0                            LAT/LON1/LON2/DLON/H
  120  120  124  131  137  141  141  138  135  133  131  130  132  133  135  136
  136  135  133  133  136  140  145  150  155  158  163  171  176  179  183  184
  185  189  195  201  207  212  216  216  214  209  202  191  176  160  147  137
  132  130  131  135  144  154  160  169  176  188  215  246  278  300  297  280
  254  225  206  195  183  159  140  128  120
    37.5-180.0 180.0   5.0 450.0                            LAT/LON1/LON2/DLON/H
  145  139  138  139  141  140  139  139  139  139  138  138  139  140  142  143
  143  142  141  140  141  143  147  150  156  160  167  176  183  187  190  192
  193  197  201  204  207  209  211  212  212  210  207  201  188  174  161  150
  143  138  136  138  144  153  160  169  180  201  235  272  313  344  344  325
  299  269  248  236  225  201  178  158  145
    35.0-180.0 180.0   5.0 450.0                            LAT/LON1/LON2/DLON/H
  171  161  155  150  145  140  138  139  143  145  147  147  148  148  148  148
  148  148  147  147  146  147  150  154  160  165  172  181  190  197  201  202
  205  207  210  210  209  207  205  203  204  204  203  199  190  180  168  157
  150  144  139  138  142  149  156  167  181  208  243  286  334  371  374  354
  327  298  274  262  251  228  208  188  171
    32.5-180.0 180.0   5.0 450.0                            LAT/LON1/LON2/DLON/H
  196  184  175  163  153  143  139  142  148  153  159  161  161  160  157  155
  153  152  151  150  150  151  155  161  168  176  181  191  200  209  215  218
  222  224  224  223  218  211  203  197  196  196  194  191  184  175  167  158
  153  148  142  139  140  147  154  167  184  210  245  290  341  381  388  369
  341  309  278  266  255  243  226  211  196
    30.0-180.0 180.0   5.0 450.0                            LAT/LON1/LON2/DLON/H
  214  205  193  178  162  149  146  148  156  166  177  181  183  180  174  170
  164  160  157  156  155  157  164  170  178  188  193  204  216  225  235  240
  246  250  249  246  238  223  209  199  192  188  185  181  176  170  163  157
  154  153  146  142  144  149  154  169  187  214  241  285  336  378  388  372
  342  306  269  255  247  243  234  225  214
    27.5-180.0 180.0   5.0 450.0                            LAT/LON1/LON2/DLON/H
  224  217  207  192  171  159  156  158  168  182  202  211  216  214  205  198
  187  178  172  170  168  167  174  182  192  202  209  221  236  250  265  277
  282  287  286  283  272  250  229  211  196  186  179  174  171  168  161  156
  156  156  151  145  148  152  156  166  182  206  229  267  314  356  370  360
  328  286  249  234  225  223  224  226  224
    25.0-180.0 180.0   5.0 450.0                            LAT/LON1/LON2/DLON/H
  220  222  215  202  182  171  166  169  183  205  233  253  263  266  256  248
  228  214  201  195  190  186  189  197  206  214  227  242  263  285  305  323
  332  338  337  333  319  295  263  236  213  196  187  180  177  175  168  161
  158  156  153  147  147  151  155  159  168  185  205  240  284  325  342  334
  300  253  223  205  190  188  195  208  220
    22.5-180.0 180.0   5.0 450.0                            LAT/LON1/LON2/DLON/H
  204  216  216  208  194  185  182  188  203  227  265  301  324  338  330  323
  299  275  251  237  225  215  211  213  218  227  245  267  300  331  360  380
  396  395  400  391  374  343  310  274  243  219  205  200  198  192  181  168
  159  156  155  149  146  147  148  151  156  167  180  211  253  289  305  297
  259  213  185  163  149  146  156  180  204
    20.0-180.0 180.0   5.0 450.0                            LAT/LON1/LON2/DLON/H
  181  203  214  214  207  201  201  210  226  251  292  345  389  419  418  408
  389  357  319  294  272  255  241  233  233  243  264  295  343  387  423  446
  466  461  459  455  427  394  360  322  282  252  237  230  224  210  192  176
  163  160  158  152  147  144  143  145  147  152  161  187  223  251  262  252
  217  176  146  122  109  104  119  146  181
    17.5-180.0 180.0   5.0 450.0                            LAT/LON1/LON2/DLON/H
  157  189  210  221  221  220  222  236  253  278  326  389  445  485  498  489
  475  444  398  359  328  300  274  257  254  263  288  326  394  446  487  511
  529  527  516  512  484  447  416  371  330  296  277  264  249  227  204  188
  176  171  167  159  151  146  144  140  140  140  146  167  196  217  223  208
  180  144  114   91   77   74   89  122  157
    15.0-180.0 180.0   5.0 450.0                            LAT/LON1/LON2/DLON/H
  138  177  210  230  240  244  251  264  281  306  355  423  486  534  555  552
  539  513  470  423  385  345  303  279  276  287  316  367  444  503  546  569
  578  571  560  551  527  495  466  426  384  345  321  298  272  244  220  204
  193  189  181  167  157  150  146  140  139  136  139  153  174  186  185  170
  145  115   91   73   59   57   73  103  138
    12.5-180.0 180.0   5.0 450.0                            LAT/LON1/LON2/DLON/H
  133  174  213  244  266  278  283  297  315  339  386  450  511  564  589  588
  574  553  519  474  430  378  328  299  298  316  352  407  482  551  596  614
  615  602  588  577  562  539  512  475  433  392  360  327  293  261  238  220
  214  209  195  178  164  154  150  146  142  138  139  148  161  163  156  139
  114   92   75   62   52   53   69   99  133
    10.0-180.0 180.0   5.0 450.0                            LAT/LON1/LON2/DLON/H
  138  181  223  264  296  314  321  338  357  378  416  469  528  579  601  593
  576  556  535  499  452  395  344  318  324  356  400  456  522  590  631  649
  641  624  611  599  589  574  550  517  474  436  394  349  308  276  250  233
  230  229  210  190  175  165  161  158  151  146  146  152  161  158  142  119
   93   76   66   58   51   54   71  102  138
     7.5-180.0 180.0   5.0 450.0                            LAT/LON1/LON2/DLON/H
  149  195  245  298  330  353  368  389  413  428  454  488  535  580  591  573
  549  529  516  492  451  399  355  342  357  399  447  502  564  618  658  669
  659  639  629  617  608  596  575  546  507  470  416  362  316  282  258  244
  244  242  223  204  193  184  179  177  168  159  156  165  176  172  152  118
   87   68   59   54   50   55   74  106  149
     5.0-180.0 180.0   5.0 450.0                            LAT/LON1/LON2/DLON/H
  160  218  281  337  372  397  423  460  480  491  502  517  543  574  572  539
  506  489  480  468  439  401  369  367  390  435  483  537  598  642  669  672
  662  647  638  629  621  609  588  562  527  483  424  368  321  284  261  248
  247  244  232  220  213  206  202  199  189  175  170  184  200  198  177  137
   95   67   54   48   45   51   74  112  160
     2.5-180.0 180.0   5.0 450.0                            LAT/LON1/LON2/DLON/H
  169  235  306  370  412  445  480  531  558  567  568  558  561  569  547  505
  466  447  441  435  421  397  379  385  415  461  514  565  614  642  655  656
  649  639  628  624  622  608  587  561  523  475  418  367  320  282  257  241
  240  239  233  226  225  229  226  218  204  187  183  201  226  233  214  169
  116   75   54   43   38   43   68  113  169
