DORISInput/IGSGIM/2024/IGS0OPSFIN_20241310000_01D_02H_GIM.INX
     1.0            IONOSPHERE MAPS     MIX                 IONEX VERSION / TYPE
cmpcmb v1.2          GRL/UWM            28-may-24 16:26     PGM / RUN BY / DATE 
ionex file containing IGS COMBINED Ionosphere maps          COMMENT             
global ionosphere maps for day 131, 2024                    DESCRIPTION         
IONEX file containing the COMBINED IGS TEC MAPS and DCBs    DESCRIPTION         
      IONEX files of the following IAACs were combined: cod DESCRIPTION         
                                                        jpl DESCRIPTION         
                                                        upc DESCRIPTION         
Contact address: Andrzej Krankowski                         DESCRIPTION
                 Geodynamics Research Laboratory            DESCRIPTION
                 University of Warmia and Mazury (GRL/UWM)  DESCRIPTION
                 Oczapowski St. 1                           DESCRIPTION
                 10-957-Olsztyn, POLAND                     DESCRIPTION
                 e-mail:  kand@uwm.edu.pl                   DESCRIPTION
                                                            DESCRIPTION         
  2024     5    10     0     0     0                        EPOCH OF FIRST MAP  
  2024     5    11     0     0     0                        EPOCH OF LAST MAP   
  7200                                                      INTERVAL            
    13                                                      # OF MAPS IN FILE   
  COSZ                                                      MAPPING FUNCTION    
     0.0                                                    ELEVATION CUTOFF    
combined TEC calculated as weighted mean of input TEC valuesOBSERVABLES USED    
   336                                                      # OF STATIONS       
    32                                                      # OF SATELLITES     
  6371.0                                                    BASE RADIUS         
     2                                                      MAP DIMENSION       
   450.0 450.0   0.0                                        HGT1 / HGT2 / DHGT  
    87.5 -87.5  -2.5                                        LAT1 / LAT2 / DLAT  
  -180.0 180.0   5.0                                        LON1 / LON2 / DLON  
    -1                                                      EXPONENT            
TEC values in 0.1 tec units;  9999, if no value available   COMMENT             
DCB values in nanoseconds, reference is Sum_of_SatDCBs = 0  COMMENT             
                                                            END OF HEADER       
[from data line 3003]
     8                                                      START OF TEC MAP    
  2024     5    10    14     0     0                        EPOCH OF CURRENT MAP
    87.5-180.0 180.0   5.0 450.0                            LAT/LON1/LON2/DLON/H
  251  251  252  252  252  253  253  254  254  254  255  256  256  257  257  258
  258  259  260  260  260  261  262  262  263  263  263  263  263  263  263  262
  262  261  261  260  259  258  258  256  256  255  255  255  255  254  254  254
  253  253  253  253  253  253  253  253  253  253  252  252  252  252  252  251
  252  251  251  251  251  251  251  251  251
    85.0-180.0 180.0   5.0 450.0                            LAT/LON1/LON2/DLON/H
  245  246  245  245  245  246  245  245  246  246  247  248  250  251  253  255
  257  258  260  261  263  264  265  266  266  267  267  267  266  265  264  263
  262  261  259  258  255  254  252  250  249  247  246  245  245  245  245  246
  246  247  248  249  250  251  251  252  253  252  253  253  252  252  251  250
  249  248  248  247  246  246  246  246  245
    82.5-180.0 180.0   5.0 450.0                            LAT/LON1/LON2/DLON/H
  239  236  235  233  231  230  230  230  231  231  233  234  236  238  240  242
  245  247  251  254  259  262  263  265  266  268  269  268  268  267  266  264
  263  261  258  256  253  250  247  245  242  240  239  238  239  239  240  241
  244  246  248  250  253  255  256  258  259  259  259  258  258  256  255  252
  251  249  247  245  244  242  242  240  239
    80.0-180.0 180.0   5.0 450.0                            LAT/LON1/LON2/DLON/H
  229  225  223  221  218  217  216  215  215  214  215  217  219  221  224  227
  230  233  237  241  244  247  255  262  266  269  269  270  270  270  268  266
  264  261  258  255  251  247  244  241  239  236  235  235  235  236  240  243
  248  251  255  258  262  265  268  271  272  273  272  271  269  266  263  260
  256  252  248  246  243  240  237  233  229
    77.5-180.0 180.0   5.0 450.0                            LAT/LON1/LON2/DLON/H
  224  219  215  213  211  208  206  204  203  202  202  201  201  203  204  207
  211  215  220  226  234  234  243  251  257  260  263  266  268  268  267  267
  266  263  259  254  250  246  243  240  237  236  235  235  236  239  243  249
  255  262  268  273  278  283  287  289  291  291  290  287  284  279  274  269
  262  256  250  245  241  237  233  229  224
    75.0-180.0 180.0   5.0 450.0                            LAT/LON1/LON2/DLON/H
  220  216  213  211  207  205  202  199  197  194  192  192  190  189  188  190
  193  199  205  210  216  223  232  239  249  256  262  266  268  269  269  269
  267  266  264  261  256  251  247  244  241  240  239  240  242  246  250  257
  266  274  282  289  296  301  306  309  310  309  307  303  297  290  283  274
  266  258  250  244  238  234  230  225  220
    72.5-180.0 180.0   5.0 450.0                            LAT/LON1/LON2/DLON/H
  219  218  217  214  210  208  203  200  197  195  192  188  185  182  182  182
  184  188  190  197  206  214  223  234  244  252  258  264  268  271  272  272
  273  272  270  267  264  261  256  254  251  250  250  251  254  258  264  270
  278  287  295  304  310  317  321  324  325  323  318  312  305  294  284  275
  264  255  246  239  234  230  224  222  219
    70.0-180.0 180.0   5.0 450.0                            LAT/LON1/LON2/DLON/H
  217  218  219  218  216  213  212  209  205  200  196  192  189  187  184  181
  182  181  183  191  200  209  220  233  245  253  258  262  266  268  271  272
  273  275  275  274  272  270  268  267  265  264  265  266  269  273  279  285
  292  300  306  313  319  324  328  329  329  327  321  313  303  290  279  268
  257  247  238  230  225  221  218  217  217
    67.5-180.0 180.0   5.0 450.0                            LAT/LON1/LON2/DLON/H
  211  214  218  221  221  221  220  217  214  210  205  202  200  196  192  188
  185  183  186  191  202  212  224  239  249  255  260  262  264  265  265  269
  272  275  278  279  280  280  279  279  278  279  280  282  284  288  293  297
  304  308  313  318  321  324  326  326  324  321  314  305  293  281  268  257
  246  234  227  218  213  209  207  208  211
    65.0-180.0 180.0   5.0 450.0                            LAT/LON1/LON2/DLON/H
  200  207  213  219  222  224  223  223  222  221  218  216  214  211  205  200
  196  194  195  201  210  221  233  245  253  258  261  261  260  260  261  265
  269  275  280  283  285  288  288  289  289  291  292  296  299  301  305  308
  311  313  315  316  317  317  316  315  311  307  300  291  279  267  254  242
  231  219  213  205  200  195  195  195  200
    62.5-180.0 180.0   5.0 450.0                            LAT/LON1/LON2/DLON/H
  188  194  200  209  216  221  223  226  228  230  232  231  228  226  221  215
  211  207  208  213  220  232  242  250  256  260  261  259  258  258  259  263
  270  276  282  287  291  294  295  296  299  301  303  307  310  312  313  314
  314  313  313  311  308  307  303  301  296  292  285  276  264  252  240  228
  215  207  202  193  188  184  183  185  188
    60.0-180.0 180.0   5.0 450.0                            LAT/LON1/LON2/DLON/H
  177  180  185  192  202  209  215  222  228  234  239  240  238  235  232  227
  222  216  217  222  228  238  246  253  258  260  260  258  257  258  261  266
  274  280  287  293  297  300  302  304  307  310  313  317  319  319  318  317
  315  312  309  306  302  299  295  292  287  282  276  267  255  243  229  217
  206  197  194  184  180  176  175  175  177
    57.5-180.0 180.0   5.0 450.0                            LAT/LON1/LON2/DLON/H
  166  165  167  173  184  193  202  209  219  227  234  239  240  238  236  232
  226  223  224  228  234  242  249  255  259  260  261  259  261  263  268  274
  282  290  297  302  306  308  311  313  316  319  323  325  325  325  322  320
  317  314  311  306  302  297  294  292  287  283  276  268  256  243  229  216
  205  195  192  184  179  174  172  167  166
    55.0-180.0 180.0   5.0 450.0                            LAT/LON1/LON2/DLON/H
  156  153  152  158  167  176  187  194  204  215  225  232  235  235  233  230
  227  226  229  233  239  246  253  258  262  263  264  265  269  274  280  289
  297  304  311  315  319  322  324  326  329  330  334  335  334  332  327  325
  321  317  314  311  309  306  302  300  297  293  287  279  269  254  240  227
  216  205  201  190  184  177  171  164  156
    52.5-180.0 180.0   5.0 450.0                            LAT/LON1/LON2/DLON/H
  154  146  143  147  154  165  176  185  194  206  216  224  228  229  228  227
  227  230  235  242  249  255  261  266  269  271  273  277  282  290  299  307
  315  323  329  334  338  340  342  344  344  347  348  348  346  342  337  332
  328  325  323  323  324  322  319  316  313  310  306  300  290  276  262  247
  233  221  215  202  195  186  176  165  154
    50.0-180.0 180.0   5.0 450.0                            LAT/LON1/LON2/DLON/H
  158  147  141  142  149  158  168  177  190  203  214  221  224  225  225  225
  230  237  246  256  264  270  276  281  284  288  291  297  303  312  321  331
  339  345  350  356  359  363  365  367  366  367  366  363  360  355  349  343
  340  337  337  339  341  340  337  333  329  327  324  320  313  300  285  269
  254  240  233  219  210  200  187  172  158
    47.5-180.0 180.0   5.0 450.0                            LAT/LON1/LON2/DLON/H
  169  155  147  145  149  156  163  174  190  205  217  224  227  227  227  231
  239  251  265  277  286  294  301  306  310  315  318  324  330  338  346  354
  360  367  373  381  386  393  395  397  394  392  389  384  378  371  363  357
  353  351  352  356  357  356  352  347  341  339  337  333  328  317  304  289
  272  256  247  236  225  215  201  185  169
    45.0-180.0 180.0   5.0 450.0                            LAT/LON1/LON2/DLON/H
  184  169  158  153  154  159  164  175  190  209  225  234  236  237  238  245
  258  274  292  307  317  326  334  341  347  353  355  358  362  367  372  378
  382  391  399  407  419  428  432  431  429  424  416  408  402  392  381  374
  368  366  368  371  372  368  362  354  347  342  339  336  333  325  314  300
  285  270  262  250  241  232  219  203  184
    42.5-180.0 180.0   5.0 450.0                            LAT/LON1/LON2/DLON/H
  204  186  173  166  163  166  170  179  196  217  235  247  252  254  258  268
  283  305  325  342  354  364  375  384  393  399  397  398  398  397  401  406
  411  419  430  442  457  468  475  473  469  459  450  439  430  417  403  392
  384  383  382  384  382  375  366  354  345  338  334  331  328  322  314  302
  291  279  272  263  257  248  236  221  204
    40.0-180.0 180.0   5.0 450.0                            LAT/LON1/LON2/DLON/H
  223  205  190  179  174  174  177  184  201  224  246  260  271  276  283  295
  313  338  358  377  390  404  417  430  442  449  443  439  433  428  432  438
  443  453  465  485  504  516  523  522  514  503  485  473  461  445  429  415
  404  402  399  400  393  384  371  357  345  335  329  324  322  316  310  302
  294  285  280  273  269  262  254  240  223
    37.5-180.0 180.0   5.0 450.0                            LAT/LON1/LON2/DLON/H
  241  223  206  193  184  182  182  189  204  229  256  277  292  302  310  324
  344  368  388  407  422  437  454  473  488  495  487  478  468  463  470  478
  485  498  512  532  554  569  573  572  564  548  531  512  498  479  458  442
  430  425  423  418  410  399  386  372  357  345  335  329  324  318  313  308
  304  297  292  284  277  271  266  256  241
    35.0-180.0 180.0   5.0 450.0                            LAT/LON1/LON2/DLON/H
  256  239  220  205  193  187  186  190  207  232  263  291  312  326  338  351
  371  392  411  430  445  463  485  506  524  533  529  515  507  507  518  525
  537  553  571  588  610  625  628  627  615  597  579  558  540  518  496  477
  465  457  452  447  438  428  415  404  389  374  364  353  344  335  329  325
  323  318  313  304  296  284  278  269  256
    32.5-180.0 180.0   5.0 450.0                            LAT/LON1/LON2/DLON/H
  271  254  233  213  199  192  188  190  205  231  264  299  329  349  363  376
  391  410  427  445  460  480  505  528  547  559  560  556  551  555  571  584
  598  618  635  650  667  682  685  682  667  653  629  605  583  562  540  525
  514  500  493  488  482  474  466  459  446  431  417  400  386  372  362  358
  356  354  347  336  323  305  292  284  271
    30.0-180.0 180.0   5.0 450.0                            LAT/LON1/LON2/DLON/H
  290  269  247  224  208  198  192  191  202  226  261  303  339  364  379  390
  403  419  435  451  467  488  515  539  557  572  579  588  590  605  626  645
  666  687  702  717  730  733  740  737  724  702  685  659  635  616  592  581
  569  559  550  547  540  536  532  533  524  507  488  467  446  426  412  407
  403  402  393  377  358  335  317  306  290
    27.5-180.0 180.0   5.0 450.0                            LAT/LON1/LON2/DLON/H
  312  290  263  240  220  210  202  196  202  222  257  304  343  368  386  397
  409  422  436  450  467  489  515  542  560  576  592  611  627  656  683  708
  738  760  770  780  783  784  789  788  776  760  737  714  693  676  657  643
  634  627  621  617  604  602  604  613  609  592  568  541  517  492  472  464
  458  453  443  422  399  370  348  332  312
    25.0-180.0 180.0   5.0 450.0                            LAT/LON1/LON2/DLON/H
  337  313  287  259  240  227  214  206  207  222  256  300  339  366  385  399
  411  420  432  445  462  485  511  539  558  579  604  633  663  702  741  773
  805  827  831  832  829  825  830  831  824  804  783  764  747  733  724  713
  705  701  693  684  663  661  664  679  680  663  635  608  577  556  534  521
  508  503  493  467  439  409  382  360  337
    22.5-180.0 180.0   5.0 450.0                            LAT/LON1/LON2/DLON/H
  359  333  305  279  260  247  233  223  218  227  255  295  333  362  380  395
  407  417  429  443  459  482  507  534  558  585  619  658  700  746  788  823
  862  880  876  870  859  857  857  858  856  836  827  810  792  784  781  778
  775  767  752  729  700  688  693  702  700  683  660  639  613  591  572  557
  541  538  531  499  470  444  417  388  359
    20.0-180.0 180.0   5.0 450.0                            LAT/LON1/LON2/DLON/H
  376  349  320  295  277  264  252  242  234  235  256  288  323  353  372  387
  401  417  429  442  460  483  506  533  562  597  637  685  733  780  823  859
  890  904  902  888  872  872  869  872  874  860  858  850  829  821  825  830
  825  807  777  734  688  667  659  656  646  635  627  617  602  588  571  554
  542  541  538  511  487  472  441  408  376
    17.5-180.0 180.0   5.0 450.0                            LAT/LON1/LON2/DLON/H
  390  360  330  307  287  273  262  255  247  242  253  280  313  340  359  377
  395  414  429  441  461  484  506  536  571  612  658  710  761  805  841  872
  894  908  902  883  867  873  871  877  886  878  875  869  856  850  854  854
  842  808  758  701  641  602  578  565  552  547  550  554  554  547  537  520
  508  503  503  494  484  473  449  418  390
    15.0-180.0 180.0   5.0 450.0                            LAT/LON1/LON2/DLON/H
  393  368  339  316  296  279  267  260  252  244  249  268  297  324  345  367
  388  408  426  441  462  484  507  540  579  628  681  731  781  817  843  866
  883  890  885  866  856  865  870  881  890  887  877  874  869  864  861  851
  828  787  723  648  573  521  485  466  452  450  460  474  487  490  487  473
  454  440  441  449  455  450  437  415  393
    12.5-180.0 180.0   5.0 450.0                            LAT/LON1/LON2/DLON/H
  387  368  345  323  298  281  268  259  248  240  241  256  280  306  331  357
  382  404  424  443  464  485  509  545  590  642  697  750  792  821  841  857
  868  871  863  849  850  860  874  884  888  883  873  872  863  853  844  833
  800  753  682  592  510  450  410  386  372  371  386  407  427  437  435  423
  402  383  383  396  412  419  415  400  387
    10.0-180.0 180.0   5.0 450.0                            LAT/LON1/LON2/DLON/H
  377  364  346  325  298  277  265  254  241  231  230  242  264  289  318  349
  376  401  424  445  464  486  514  553  602  658  713  762  798  822  839  850
  857  857  849  842  848  862  881  888  881  872  865  860  850  832  819  802
  769  719  646  559  478  418  378  353  337  334  353  377  398  411  405  390
  362  344  341  356  376  389  395  385  377
     7.5-180.0 180.0   5.0 450.0                            LAT/LON1/LON2/DLON/H
  367  356  341  317  290  268  255  243  232  219  217  228  250  276  308  341
  371  399  424  446  469  492  523  566  617  675  729  773  804  823  837  847
  856  854  843  841  850  870  888  889  876  863  852  845  831  812  795  777
  747  700  634  555  485  433  400  377  360  358  373  394  412  418  406  381
  355  339  329  342  360  376  383  376  367
     5.0-180.0 180.0   5.0 450.0                            LAT/LON1/LON2/DLON/H
  364  349  332  304  275  252  239  231  218  206  203  215  237  267  302  337
  370  398  426  452  477  502  534  579  632  691  743  783  810  827  841  852
  861  859  847  844  855  874  889  887  872  854  837  828  816  797  779  765
  741  699  642  575  519  481  461  446  436  436  441  453  462  458  439  417
  388  371  356  358  372  383  386  378  364
     2.5-180.0 180.0   5.0 450.0                            LAT/LON1/LON2/DLON/H
  370  347  321  288  256  234  223  215  204  191  189  202  227  261  299  336
  370  400  431  459  486  513  547  592  645  703  751  788  813  830  849  865
  874  869  856  853  859  873  882  875  861  841  823  810  799  785  772  759
  743  710  662  609  567  545  541  544  545  546  540  537  535  523  497  476
  445  422  404  394  402  408  404  390  370
