DORISInput/IGSGIM/2024/IGS0OPSFIN_20241580000_01D_02H_GIM.INX
     1.0            IONOSPHERE MAPS     MIX                 IONEX VERSION / TYPE
cmpcmb v1.2          GRL/UWM            24-jun-24 16:13     PGM / RUN BY / DATE 
ionex file containing IGS COMBINED Ionosphere maps          COMMENT             
global ionosphere maps for day 158, 2024                    DESCRIPTION         
IONEX file containing the COMBINED IGS TEC MAPS and DCBs    DESCRIPTION         
      IONEX files of the following IAACs were combined: cod DESCRIPTION         
                                                        jpl DESCRIPTION         
                                                        upc DESCRIPTION         
Contact address: Andrzej Krankowski                         DESCRIPTION
                 Geodynamics Research Laboratory            DESCRIPTION
                 University of Warmia and Mazury (GRL/UWM)  DESCRIPTION
                 Oczapowski St. 1                           DESCRIPTION
                 10-957-Olsztyn, POLAND                     DESCRIPTION
                 e-mail:  kand@uwm.edu.pl                   DESCRIPTION
                                                            DESCRIPTION         
  2024     6     6     0     0     0                        EPOCH OF FIRST MAP  
  2024     6     7     0     0     0                        EPOCH OF LAST MAP   
  7200                                                      INTERVAL            
    13                                                      # OF MAPS IN FILE   
  COSZ                                                      MAPPING FUNCTION    
     0.0                                                    ELEVATION CUTOFF    
combined TEC calculated as weighted mean of input TEC valuesOBSERVABLES USED    
   335                                                      # OF STATIONS       
    32                                                      # OF SATELLITES     
  6371.0                                                    BASE RADIUS         
     2                                                      MAP DIMENSION       
   450.0 450.0   0.0                                        HGT1 / HGT2 / DHGT  
    87.5 -87.5  -2.5                                        LAT1 / LAT2 / DLAT  
  -180.0 180.0   5.0                                        LON1 / LON2 / DLON  
    -1                                                      EXPONENT            
TEC values in 0.1 tec units;  9999, if no value available   COMMENT             
DCB values in nanoseconds, reference is Sum_of_SatDCBs = 0  COMMENT             
                                                            END OF HEADER       
[from data line 1716]
     5                                                      START OF TEC MAP    
  2024     6     6     8     0     0                        EPOCH OF CURRENT MAP
    87.5-180.0 180.0   5.0 450.0                            LAT/LON1/LON2/DLON/H
  240  240  242  243  244  246  247  248  250  251  252  253  253  255  256  256
  256  256  256  256  256  256  256  256  255  255  254  253  252  252  252  251
  251  251  251  251  251  250  251  251  251  252  251  251  251  250  249  248
  247  245  245  244  242  241  240  238  237  237  236  235  234  234  233  233
  234  234  234  235  236  236  237  238  240
    85.0-180.0 180.0   5.0 450.0                            LAT/LON1/LON2/DLON/H
  227  229  232  235  239  242  246  251  253  258  260  262  264  266  268  267
  268  267  266  265  264  263  261  258  255  253  251  250  248  245  243  242
  242  241  241  242  243  244  246  248  249  252  256  258  260  260  261  261
  259  256  253  251  248  245  242  239  236  233  231  228  226  224  222  221
  221  220  220  220  220  221  223  224  227
    82.5-180.0 180.0   5.0 450.0                            LAT/LON1/LON2/DLON/H
  214  218  223  228  233  238  242  247  253  256  261  263  266  269  271  271
  272  272  270  268  266  261  259  251  246  242  236  229  227  224  222  221
  220  220  221  223  225  230  235  242  249  254  261  267  271  275  277  278
  279  275  271  267  262  257  253  247  241  236  231  226  222  217  214  212
  209  207  206  206  206  206  208  211  214
    80.0-180.0 180.0   5.0 450.0                            LAT/LON1/LON2/DLON/H
  206  210  215  219  223  229  234  240  246  251  257  260  263  265  265  266
  265  263  261  257  254  252  249  232  224  218  215  211  207  205  202  201
  202  202  204  207  211  216  223  233  244  258  268  278  287  292  298  300
  301  300  296  290  285  278  272  263  254  246  238  232  225  220  214  210
  207  204  202  200  199  200  201  203  206
    77.5-180.0 180.0   5.0 450.0                            LAT/LON1/LON2/DLON/H
  202  202  205  206  211  216  222  228  234  239  245  249  252  255  256  256
  255  253  249  243  238  237  224  220  213  206  199  194  190  186  184  184
  185  188  192  197  204  213  222  233  244  260  275  289  301  309  317  322
  324  326  322  317  312  305  298  288  277  265  254  245  238  231  225  220
  216  212  209  206  203  202  201  201  202
    75.0-180.0 180.0   5.0 450.0                            LAT/LON1/LON2/DLON/H
  204  201  199  200  201  205  208  214  221  228  233  236  239  240  239  238
  237  237  231  225  221  215  208  204  197  190  184  180  175  172  171  174
  177  183  190  198  206  216  229  241  256  272  285  301  313  325  334  342
  345  347  345  340  334  328  320  311  299  287  275  266  258  251  245  240
  235  231  228  223  219  214  212  208  204
    72.5-180.0 180.0   5.0 450.0                            LAT/LON1/LON2/DLON/H
  215  207  202  198  197  197  199  204  209  212  217  220  221  220  219  220
  218  213  209  205  202  197  191  188  181  177  171  167  167  167  166  170
  176  184  195  205  216  227  238  252  269  282  299  312  325  337  347  356
  362  363  363  357  351  344  336  325  315  304  293  285  278  273  266  263
  260  256  253  248  244  239  232  224  215
    70.0-180.0 180.0   5.0 450.0                            LAT/LON1/LON2/DLON/H
  231  220  210  202  196  192  191  193  196  199  203  206  207  206  202  201
  199  193  190  187  186  181  177  174  170  168  165  164  164  167  172  179
  187  197  208  221  232  242  255  268  281  296  310  322  334  347  357  365
  371  374  373  368  361  352  343  332  323  313  304  297  293  288  285  284
  283  281  279  276  271  264  254  243  231
    67.5-180.0 180.0   5.0 450.0                            LAT/LON1/LON2/DLON/H
  249  236  221  208  198  191  187  185  186  190  193  196  196  195  192  188
  182  180  177  176  173  170  168  166  163  163  163  165  170  175  183  195
  204  216  229  238  249  260  272  281  292  304  316  328  340  352  363  370
  377  379  378  372  364  354  344  334  323  314  306  301  299  297  297  298
  299  299  299  297  293  286  275  264  249
    65.0-180.0 180.0   5.0 450.0                            LAT/LON1/LON2/DLON/H
  266  250  233  216  203  191  184  180  180  181  185  188  189  187  184  179
  175  170  168  166  164  163  164  164  164  166  168  173  181  191  202  212
  226  239  249  257  265  274  282  290  298  308  320  331  343  355  365  373
  380  382  379  373  363  352  340  328  317  307  299  296  296  296  298  301
  303  305  306  307  305  300  292  281  266
    62.5-180.0 180.0   5.0 450.0                            LAT/LON1/LON2/DLON/H
  280  263  246  226  208  195  183  175  172  173  176  181  182  182  178  175
  170  166  163  160  160  160  162  165  168  172  178  186  196  209  222  234
  249  259  267  273  278  282  287  293  300  309  321  333  344  356  367  376
  383  384  381  373  361  349  332  319  307  298  290  288  288  289  291  294
  297  299  301  303  305  305  301  294  280
    60.0-180.0 180.0   5.0 450.0                            LAT/LON1/LON2/DLON/H
  287  272  255  237  217  201  187  174  168  166  168  174  176  177  176  173
  170  165  161  157  156  158  162  168  173  181  189  201  213  227  241  256
  268  276  281  284  286  286  291  295  302  311  322  333  346  358  369  378
  386  388  385  375  363  348  331  312  300  291  284  281  281  281  282  282
  283  284  287  291  295  298  300  296  287
    57.5-180.0 180.0   5.0 450.0                            LAT/LON1/LON2/DLON/H
  290  278  265  247  228  210  192  179  168  163  162  166  170  172  173  172
  169  165  160  157  156  158  163  170  178  187  200  213  228  243  259  275
  286  291  292  293  292  292  293  298  304  313  324  337  349  364  376  386
  393  394  391  382  369  354  336  318  305  294  287  282  279  277  273  271
  269  268  270  275  281  288  293  294  290
    55.0-180.0 180.0   5.0 450.0                            LAT/LON1/LON2/DLON/H
  291  285  273  257  241  222  202  187  172  163  161  161  164  167  168  169
  167  163  160  157  156  158  164  171  181  193  208  223  242  257  276  292
  301  304  304  302  298  296  297  301  309  318  330  343  358  373  385  396
  402  405  403  396  381  367  351  335  320  308  297  291  283  277  271  265
  260  257  258  262  270  278  287  291  291
    52.5-180.0 180.0   5.0 450.0                            LAT/LON1/LON2/DLON/H
  295  293  285  273  257  236  214  196  180  168  161  159  161  162  163  165
  164  161  159  157  155  157  163  170  183  196  212  233  252  271  290  308
  317  320  319  315  308  304  303  307  315  326  340  354  368  382  396  407
  416  419  416  411  399  386  372  356  340  325  312  302  292  283  275  267
  259  254  254  258  266  275  285  293  295
    50.0-180.0 180.0   5.0 450.0                            LAT/LON1/LON2/DLON/H
  305  305  300  290  277  256  233  212  192  176  165  161  161  160  161  162
  162  160  158  156  155  158  164  172  185  199  218  242  263  287  307  327
  338  340  338  331  322  315  313  317  325  338  352  365  380  396  409  422
  431  434  432  430  422  410  396  380  363  344  328  316  303  293  284  275
  267  262  262  266  273  282  291  299  305
    47.5-180.0 180.0   5.0 450.0                            LAT/LON1/LON2/DLON/H
  315  317  315  309  296  277  254  231  207  188  174  165  163  161  161  162
  163  163  162  161  161  163  168  177  190  206  227  250  277  305  329  352
  363  367  362  352  340  330  327  329  338  352  366  381  398  414  429  442
  450  453  452  452  447  438  423  406  386  365  346  331  316  305  297  288
  282  279  281  283  289  296  304  310  315
    45.0-180.0 180.0   5.0 450.0                            LAT/LON1/LON2/DLON/H
  326  328  327  324  312  294  273  250  225  203  186  174  169  165  164  165
  166  168  169  170  171  173  178  186  199  216  239  266  296  332  357  379
  392  396  391  377  362  350  343  343  352  367  383  399  419  436  452  465
  471  477  475  475  472  465  450  433  411  387  365  346  329  318  311  308
  305  304  307  309  313  315  319  322  326
    42.5-180.0 180.0   5.0 450.0                            LAT/LON1/LON2/DLON/H
  333  334  333  328  318  304  286  265  240  218  200  188  181  173  169  170
  172  175  179  183  185  187  191  197  210  226  253  286  321  359  388  408
  420  426  418  403  386  370  362  361  369  384  400  420  440  460  477  490
  498  503  501  501  497  489  475  459  437  411  386  364  342  331  326  329
  330  332  335  337  338  335  335  334  333
    40.0-180.0 180.0   5.0 450.0                            LAT/LON1/LON2/DLON/H
  338  335  332  326  316  305  290  272  251  231  216  204  196  186  178  177
  179  185  191  199  203  205  207  212  222  239  268  308  347  383  412  433
  444  448  442  427  410  393  380  377  386  401  421  442  463  485  504  519
  527  531  530  529  524  515  500  485  465  441  416  392  366  352  348  351
  354  358  362  363  360  354  349  344  338
    37.5-180.0 180.0   5.0 450.0                            LAT/LON1/LON2/DLON/H
  340  331  324  315  306  297  286  272  257  242  230  218  211  201  191  187
  188  196  205  215  222  225  227  229  237  255  284  327  370  402  429  446
  456  460  458  447  431  413  398  395  402  419  441  463  486  506  529  546
  554  558  558  558  552  543  530  520  504  481  456  434  409  391  381  379
  382  386  391  389  382  371  361  351  340
    35.0-180.0 180.0   5.0 450.0                            LAT/LON1/LON2/DLON/H
  341  327  313  302  291  285  276  265  256  247  238  232  228  218  207  200
  198  206  218  232  241  246  247  249  254  273  302  343  385  414  435  447
  454  460  462  457  446  431  417  411  419  435  455  481  506  531  553  573
  583  588  589  588  584  581  572  570  560  544  522  504  476  452  431  420
  419  418  420  414  402  387  375  358  341
    32.5-180.0 180.0   5.0 450.0                            LAT/LON1/LON2/DLON/H
  348  327  308  294  280  272  266  258  252  246  245  243  242  234  224  215
  211  216  229  246  258  265  267  269  273  290  319  357  390  414  429  437
  440  447  455  458  455  444  432  426  432  448  469  497  524  547  572  595
  606  615  619  622  625  629  632  640  642  639  626  613  576  537  502  479
  465  454  449  440  425  408  393  370  348
    30.0-180.0 180.0   5.0 450.0                            LAT/LON1/LON2/DLON/H
  363  339  315  295  279  268  263  256  251  248  250  253  255  251  243  233
  225  227  240  255  271  282  282  287  293  307  334  364  388  403  411  411
  414  423  438  452  458  455  446  441  446  462  481  507  533  559  588  609
  624  638  649  662  674  688  703  727  745  760  757  744  699  645  593  552
  518  494  481  467  454  433  412  389  363
    27.5-180.0 180.0   5.0 450.0                            LAT/LON1/LON2/DLON/H
  391  362  337  312  295  281  272  264  258  257  260  263  269  270  264  252
  241  239  248  262  279  292  296  303  312  325  343  362  374  382  382  382
  384  396  418  441  457  464  460  458  464  477  494  516  540  564  593  618
  638  658  678  704  731  748  781  825  860  887  891  870  822  758  690  633
  578  543  519  495  480  461  441  420  391
    25.0-180.0 180.0   5.0 450.0                            LAT/LON1/LON2/DLON/H
  427  398  368  347  328  311  300  286  277  273  276  281  288  291  286  272
  256  252  257  269  285  297  305  316  327  336  344  349  352  351  350  353
  359  377  403  432  458  473  477  480  486  495  511  528  545  570  597  624
  651  677  704  741  776  807  858  914  956  980  988  969  923  858  776  704
  639  590  555  525  507  491  475  454  427
    22.5-180.0 180.0   5.0 450.0                            LAT/LON1/LON2/DLON/H
  460  436  412  396  380  363  344  328  313  306  303  304  310  312  308  293
  276  270  273  280  289  299  310  323  335  340  336  327  319  316  319  329
  341  365  394  430  462  484  496  503  506  512  529  544  556  576  601  630
  662  693  728  764  803  845  902  950  990 1014 1023 1011  971  913  829  750
  694  633  587  558  536  519  507  486  460
    20.0-180.0 180.0   5.0 450.0                            LAT/LON1/LON2/DLON/H
  482  464  455  447  439  424  403  384  362  348  338  335  336  335  328  314
  298  293  291  292  295  301  311  324  334  332  320  300  282  279  290  310
  332  359  391  430  466  496  513  523  530  534  552  564  571  587  609  638
  671  705  741  780  817  855  899  933  965  986  994  982  951  901  832  764
  719  659  614  584  557  539  525  506  482
    17.5-180.0 180.0   5.0 450.0                            LAT/LON1/LON2/DLON/H
  484  473  479  491  496  489  467  445  419  397  382  368  365  357  347  333
  317  310  307  302  299  301  308  318  323  314  293  267  244  245  265  297
  330  362  396  437  477  510  533  547  556  563  578  585  592  604  625  651
  684  715  748  782  815  846  873  892  907  916  919  908  886  850  801  754
  715  671  635  606  577  550  527  506  484
    15.0-180.0 180.0   5.0 450.0                            LAT/LON1/LON2/DLON/H
  463  462  482  510  535  535  525  498  470  443  422  399  388  372  361  348
  332  320  315  306  297  295  298  303  304  288  261  229  206  209  243  287
  329  368  406  449  493  528  555  573  582  592  605  607  613  626  649  671
  699  727  752  778  804  826  837  839  836  830  825  814  800  782  759  730
  704  677  650  618  582  546  514  487  463
    12.5-180.0 180.0   5.0 450.0                            LAT/LON1/LON2/DLON/H
  430  428  453  499  540  559  556  531  503  477  450  422  404  382  368  354
  338  324  316  302  290  284  283  283  278  257  226  191  168  178  220  272
  327  372  416  463  509  547  576  596  606  618  628  626  631  647  670  693
  718  741  757  774  788  799  796  785  767  747  734  723  719  717  716  702
  691  677  655  623  578  531  490  457  430
    10.0-180.0 180.0   5.0 450.0                            LAT/LON1/LON2/DLON/H
  399  392  412  452  506  541  549  534  510  491  466  434  412  382  364  350
  334  319  307  291  277  268  264  261  250  227  194  159  139  151  195  259
  322  373  424  474  518  561  591  609  620  632  638  638  647  660  683  708
  732  753  763  770  776  778  766  745  717  689  671  664  668  676  684  682
  676  672  653  621  572  517  468  428  399
     7.5-180.0 180.0   5.0 450.0                            LAT/LON1/LON2/DLON/H
  378  367  381  412  458  494  505  502  486  478  462  433  409  373  352  335
  319  304  290  273  259  249  243  238  224  199  164  133  118  134  181  246
  312  371  422  472  523  562  589  608  622  632  639  644  651  663  686  712
  737  757  766  770  775  773  755  729  699  671  652  647  656  668  677  676
  670  665  648  615  566  507  455  409  378
     5.0-180.0 180.0   5.0 450.0                            LAT/LON1/LON2/DLON/H
  379  364  371  390  421  446  451  448  439  440  434  414  392  357  333  315
  297  282  269  252  239  229  223  216  199  174  141  114  103  122  169  235
  304  364  415  464  512  551  574  591  608  621  629  632  639  651  675  706
  732  754  768  777  782  778  761  738  709  687  673  671  679  690  691  682
  669  657  640  613  563  508  454  413  379
     2.5-180.0 180.0   5.0 450.0                            LAT/LON1/LON2/DLON/H
  411  395  389  402  413  419  411  395  387  390  391  381  365  336  312  292
  274  258  245  232  221  211  205  197  178  152  125  102   96  114  159  224
  292  352  401  449  494  528  546  562  580  593  599  601  605  625  652  688
  717  745  769  783  789  787  783  767  743  729  723  722  726  730  720  695
  670  649  627  603  564  521  476  436  411
