DORISInput/IGSGIM/2024/IGS0OPSFIN_20241310000_01D_02H_GIM.INX
     1.0            IONOSPHERE MAPS     MIX                 IONEX VERSION / TYPE
cmpcmb v1.2          GRL/UWM            28-may-24 16:26     PGM / RUN BY / DATE 
ionex file containing IGS COMBINED Ionosphere maps          COMMENT             
global ionosphere maps for day 131, 2024                    DESCRIPTION         
IONEX file containing the COMBINED IGS TEC MAPS and DCBs    DESCRIPTION         
      IONEX files of the following IAACs were combined: cod DESCRIPTION         
                                                        jpl DESCRIPTION         
                                                        upc DESCRIPTION         
Contact address: Andrzej Krankowski                         DESCRIPTION
                 Geodynamics Research Laboratory            DESCRIPTION
                 University of Warmia and Mazury (GRL/UWM)  DESCRIPTION
                 Oczapowski St. 1                           DESCRIPTION
                 10-957-Olsztyn, POLAND                     DESCRIPTION
                 e-mail:  kand@uwm.edu.pl                   DESCRIPTION
                                                            DESCRIPTION         
  2024     5    10     0     0     0                        EPOCH OF FIRST MAP  
  2024     5    11     0     0     0                        EPOCH OF LAST MAP   
  7200                                                      INTERVAL            
    13                                                      # OF MAPS IN FILE   
  COSZ                                                      MAPPING FUNCTION    
     0.0                                                    ELEVATION CUTOFF    
combined TEC calculated as weighted mean of input TEC valuesOBSERVABLES USED    
   336                                                      # OF STATIONS       
    32                                                      # OF SATELLITES     
  6371.0                                                    BASE RADIUS         
     2                                                      MAP DIMENSION       
   450.0 450.0   0.0                                        HGT1 / HGT2 / DHGT  
    87.5 -87.5  -2.5                                        LAT1 / LAT2 / DLAT  
  -180.0 180.0   5.0                                        LON1 / LON2 / DLON  
    -1                                                      EXPONENT            
TEC values in 0.1 tec units;  9999, if no value available   COMMENT             
DCB values in nanoseconds, reference is Sum_of_SatDCBs = 0  COMMENT             
                                                            END OF HEADER       
[from data line 1716]
     5                                                      START OF TEC MAP    
  2024     5    10     8     0     0                        EPOCH OF CURRENT MAP
    87.5-180.0 180.0   5.0 450.0                            LAT/LON1/LON2/DLON/H
  235  235  236  235  236  237  237  239  239  240  241  242  243  244  244  245
  246  247  246  247  248  248  249  250  250  251  252  252  253  253  254  254
  255  255  255  257  257  257  257  257  257  258  257  257  256  256  255  254
  253  252  251  250  249  247  246  245  244  243  242  240  240  239  238  238
  237  236  236  235  235  234  234  234  235
    85.0-180.0 180.0   5.0 450.0                            LAT/LON1/LON2/DLON/H
  218  219  220  221  224  224  227  229  231  233  234  237  239  241  243  244
  245  246  247  247  248  249  249  251  251  250  251  251  252  253  255  255
  256  258  258  260  262  262  264  266  266  267  267  268  268  267  267  266
  264  262  260  258  255  253  250  248  245  243  240  237  235  232  230  228
  226  224  222  220  219  218  217  218  218
    82.5-180.0 180.0   5.0 450.0                            LAT/LON1/LON2/DLON/H
  204  205  206  208  210  212  215  218  222  225  229  233  235  239  241  243
  243  244  245  246  245  246  246  245  243  243  244  244  244  244  245  246
  247  250  252  256  259  263  265  268  270  271  274  276  278  280  280  279
  278  277  273  269  266  262  259  255  252  247  244  239  235  232  228  224
  221  216  214  211  208  206  205  204  204
    80.0-180.0 180.0   5.0 450.0                            LAT/LON1/LON2/DLON/H
  198  199  199  200  203  205  208  212  215  218  222  226  229  232  235  236
  237  238  238  238  237  236  237  233  232  230  228  228  228  228  229  231
  235  237  241  247  251  257  263  268  272  276  280  284  287  291  293  296
  296  296  293  288  285  280  276  271  266  261  256  251  246  241  236  231
  225  220  216  211  206  203  201  199  198
    77.5-180.0 180.0   5.0 450.0                            LAT/LON1/LON2/DLON/H
  200  198  197  197  197  198  200  204  209  213  218  222  226  228  231  232
  231  232  231  229  227  226  223  217  214  211  210  210  208  208  209  212
  215  219  225  232  238  245  254  263  270  276  282  289  294  300  305  309
  312  315  314  312  308  304  300  295  290  285  279  274  268  262  256  250
  243  236  230  223  216  211  207  203  200
    75.0-180.0 180.0   5.0 450.0                            LAT/LON1/LON2/DLON/H
  208  203  198  195  193  193  196  199  203  207  211  216  220  222  221  221
  222  223  221  220  218  215  212  206  202  197  194  192  192  193  194  197
  200  207  213  220  229  237  245  254  263  271  280  289  298  306  314  320
  326  330  333  333  332  330  327  323  318  313  309  303  298  291  284  278
  271  264  255  247  238  231  223  215  208
    72.5-180.0 180.0   5.0 450.0                            LAT/LON1/LON2/DLON/H
  223  213  203  195  192  190  190  192  195  200  206  210  213  211  213  213
  212  209  210  209  206  203  200  196  191  188  183  180  180  183  186  190
  196  202  209  217  224  232  240  250  259  267  278  289  300  311  321  330
  338  344  348  351  352  352  351  349  346  342  338  333  327  322  315  309
  302  294  286  278  268  258  247  234  223
    70.0-180.0 180.0   5.0 450.0                            LAT/LON1/LON2/DLON/H
  240  224  209  198  189  184  182  183  189  194  198  201  203  203  201  201
  198  197  197  195  195  191  190  187  183  180  177  175  175  179  184  190
  197  203  210  217  224  231  238  247  256  266  278  290  304  316  327  337
  347  354  360  364  367  369  368  368  366  363  360  355  350  345  339  333
  328  321  314  306  296  286  272  256  240
    67.5-180.0 180.0   5.0 450.0                            LAT/LON1/LON2/DLON/H
  253  233  214  198  185  176  174  173  178  183  189  191  192  191  191  187
  184  184  183  182  182  181  182  180  177  176  174  175  177  182  188  195
  203  210  217  222  227  232  239  246  255  265  279  293  308  322  334  346
  355  362  368  373  375  378  378  378  377  374  372  367  362  358  351  347
  343  338  333  325  318  307  293  275  253
    65.0-180.0 180.0   5.0 450.0                            LAT/LON1/LON2/DLON/H
  264  242  218  198  181  169  162  162  164  171  177  182  183  181  178  174
  171  170  170  170  170  170  172  172  172  171  173  176  183  189  196  204
  212  219  225  229  232  235  240  245  255  267  281  298  314  328  342  352
  361  368  374  377  378  381  381  380  379  376  372  368  362  358  351  348
  343  341  337  333  326  317  304  287  264
    62.5-180.0 180.0   5.0 450.0                            LAT/LON1/LON2/DLON/H
  271  250  225  203  182  164  154  149  152  157  165  171  172  170  166  163
  158  157  156  156  156  157  159  161  163  167  171  178  187  197  205  213
  222  228  232  235  237  239  242  248  258  272  286  306  322  337  350  360
  368  374  377  379  380  380  379  377  375  371  366  360  354  347  342  338
  335  332  330  328  323  315  305  290  271
    60.0-180.0 180.0   5.0 450.0                            LAT/LON1/LON2/DLON/H
  274  255  236  212  187  167  152  142  140  144  150  158  160  158  155  151
  147  144  142  142  142  143  144  148  153  160  169  179  191  202  212  222
  229  235  239  241  243  245  248  255  265  279  297  316  332  349  362  371
  378  383  385  385  381  380  377  374  371  365  359  352  344  336  329  323
  320  317  316  315  313  308  299  288  274
    57.5-180.0 180.0   5.0 450.0                            LAT/LON1/LON2/DLON/H
  276  262  245  223  199  176  156  142  135  134  139  145  148  148  146  143
  139  135  132  131  130  130  132  136  144  155  167  180  193  205  216  226
  233  239  244  247  250  252  257  266  278  293  312  331  348  365  378  387
  394  397  396  394  389  385  380  377  371  365  358  350  341  331  321  313
  307  303  302  303  301  299  294  286  276
    55.0-180.0 180.0   5.0 450.0                            LAT/LON1/LON2/DLON/H
  283  274  260  241  219  192  168  148  136  131  133  137  142  142  142  139
  136  132  128  125  123  123  124  128  138  150  165  181  195  207  218  228
  236  243  249  255  259  263  271  283  295  313  333  351  368  385  399  407
  413  415  413  409  403  397  391  387  381  374  367  358  348  335  322  311
  302  297  295  294  295  295  294  289  283
    52.5-180.0 180.0   5.0 450.0                            LAT/LON1/LON2/DLON/H
  295  291  282  267  247  220  194  167  148  137  135  138  142  142  143  141
  138  134  130  128  125  123  123  127  136  150  167  184  199  212  222  231
  240  248  257  266  272  280  291  303  321  338  358  376  391  406  418  430
  436  438  437  431  424  418  410  404  398  392  384  375  364  349  333  320
  308  300  298  298  298  301  299  295  295
    50.0-180.0 180.0   5.0 450.0                            LAT/LON1/LON2/DLON/H
  309  311  307  298  280  254  223  190  166  150  142  142  146  148  150  150
  147  144  141  139  136  133  132  134  142  157  174  191  208  220  229  238
  247  258  270  279  289  299  313  326  346  367  385  404  418  431  442  454
  459  464  465  461  452  443  433  427  419  413  406  396  385  370  353  337
  323  314  311  311  311  312  309  307  309
    47.5-180.0 180.0   5.0 450.0                            LAT/LON1/LON2/DLON/H
  323  329  330  326  312  288  256  219  189  167  155  153  156  159  162  163
  161  160  158  158  155  153  150  150  156  169  185  205  221  234  243  251
  262  274  287  299  311  323  337  356  376  398  418  432  448  460  470  481
  488  494  495  491  482  473  462  453  443  436  428  419  407  393  375  358
  345  335  332  330  330  328  322  321  323
    45.0-180.0 180.0   5.0 450.0                            LAT/LON1/LON2/DLON/H
  334  340  345  345  335  314  284  247  214  189  174  170  171  174  177  178
  178  179  180  181  180  178  174  171  174  184  200  221  238  251  263  271
  281  295  310  323  335  348  364  383  406  430  449  465  480  492  501  514
  520  527  526  523  514  503  491  480  466  458  448  437  423  411  396  381
  369  359  356  354  351  345  337  331  334
    42.5-180.0 180.0   5.0 450.0                            LAT/LON1/LON2/DLON/H
  336  341  347  352  345  330  305  271  237  211  194  188  188  189  191  193
  194  196  199  203  204  203  198  193  193  200  215  238  259  275  287  296
  305  320  334  346  359  373  391  413  438  463  483  499  515  526  535  547
  559  565  563  559  549  537  523  508  490  478  466  452  437  425  413  401
  391  383  381  378  371  360  348  338  336
    40.0-180.0 180.0   5.0 450.0                            LAT/LON1/LON2/DLON/H
  332  331  336  341  340  332  313  285  255  230  213  207  206  205  205  206
  208  211  216  220  224  224  219  213  211  216  232  258  281  300  312  322
  333  344  358  369  383  398  419  442  469  494  516  532  547  560  571  584
  595  604  603  600  590  574  560  543  519  502  484  469  451  441  431  422
  413  408  405  401  391  373  357  340  332
    37.5-180.0 180.0   5.0 450.0                            LAT/LON1/LON2/DLON/H
  324  315  314  317  321  319  308  288  264  245  233  227  225  223  219  221
  221  225  229  234  239  240  236  230  225  229  247  275  299  319  335  346
  355  364  375  389  405  422  444  468  496  519  541  560  578  593  607  624
  633  642  645  645  640  626  609  589  563  540  515  495  476  466  456  450
  442  438  435  425  413  389  363  341  324
    35.0-180.0 180.0   5.0 450.0                            LAT/LON1/LON2/DLON/H
  315  297  287  288  293  297  294  282  268  257  250  246  244  242  238  236
  233  235  238  243  248  250  248  243  237  240  258  285  311  333  352  363
  371  379  389  404  420  440  463  489  516  542  564  585  604  624  642  657
  671  682  690  693  692  684  670  651  629  597  566  539  519  506  497  491
  483  480  473  460  443  411  378  345  315
    32.5-180.0 180.0   5.0 450.0                            LAT/LON1/LON2/DLON/H
  322  290  272  265  268  274  277  273  267  266  264  263  263  262  258  251
  245  244  245  249  254  256  255  249  247  249  263  290  317  340  359  371
  380  387  397  414  433  456  480  507  534  559  581  603  627  646  668  689
  707  726  741  748  754  752  747  731  711  678  642  609  584  567  553  550
  543  537  524  506  481  443  404  362  322
    30.0-180.0 180.0   5.0 450.0                            LAT/LON1/LON2/DLON/H
  348  306  280  262  257  259  264  266  267  271  273  277  279  280  275  268
  257  251  249  252  256  258  256  251  253  255  266  289  317  341  359  371
  379  386  398  418  443  468  493  520  546  569  591  614  639  665  692  719
  745  774  800  818  832  837  842  831  812  778  738  701  671  649  633  629
  620  611  593  571  532  487  443  397  348
    27.5-180.0 180.0   5.0 450.0                            LAT/LON1/LON2/DLON/H
  397  349  313  285  269  264  264  268  273  278  283  290  294  298  291  282
  269  258  254  253  255  255  254  253  255  257  265  283  310  333  350  363
  370  378  394  419  447  474  501  528  550  572  595  621  650  679  710  748
  790  827  863  896  921  934  951  943  923  887  847  807  774  749  726  720
  708  697  675  647  595  544  499  448  397
    25.0-180.0 180.0   5.0 450.0                            LAT/LON1/LON2/DLON/H
  459  414  372  334  307  292  286  284  286  292  298  305  310  313  306  296
  281  269  261  255  253  250  249  252  254  256  261  272  292  316  335  349
  356  368  389  417  450  482  508  530  553  575  598  625  656  689  726  775
  828  877  926  970 1006 1038 1050 1043 1026  988  952  915  882  851  826  811
  807  789  764  728  670  613  556  506  459
    22.5-180.0 180.0   5.0 450.0                            LAT/LON1/LON2/DLON/H
  524  483  450  406  369  344  329  319  313  316  320  323  327  327  322  312
  297  283  273  261  252  246  246  250  252  254  254  258  272  292  314  331
  343  362  387  420  456  488  515  538  558  580  603  630  661  697  740  791
  850  911  967 1019 1055 1080 1096 1089 1074 1048 1021  992  962  930  905  893
  888  876  856  805  740  675  612  564  524
    20.0-180.0 180.0   5.0 450.0                            LAT/LON1/LON2/DLON/H
  576  557  525  487  445  409  390  369  356  349  348  345  346  340  336  328
  314  299  285  269  253  245  245  249  251  249  245  241  249  268  291  313
  334  359  390  425  465  499  527  552  571  590  611  638  665  704  750  806
  865  924  975 1021 1045 1058 1068 1056 1052 1037 1020 1003  983  961  947  938
  938  926  904  855  786  712  649  606  576
    17.5-180.0 180.0   5.0 450.0                            LAT/LON1/LON2/DLON/H
  606  608  591  565  522  483  455  436  413  395  380  371  365  352  345  339
  327  311  295  276  257  245  244  246  246  241  232  222  225  241  268  297
  326  358  394  434  477  514  546  572  590  604  624  648  679  716  763  818
  867  914  952  978  991  993  992  981  981  979  974  969  961  952  947  943
  945  937  910  864  789  713  655  619  606
    15.0-180.0 180.0   5.0 450.0                            LAT/LON1/LON2/DLON/H
  597  617  624  608  580  546  521  502  473  441  414  394  382  362  350  341
  334  319  302  280  260  246  241  241  240  230  216  202  200  216  248  283
  319  358  400  442  488  529  565  592  612  628  644  666  698  733  776  821
  857  889  913  918  917  910  906  896  900  908  915  921  924  924  927  928
  930  921  897  852  773  686  626  592  597
    12.5-180.0 180.0   5.0 450.0                            LAT/LON1/LON2/DLON/H
  547  580  604  606  603  586  573  560  529  487  447  417  399  370  353  339
  332  321  303  283  262  247  239  235  230  217  198  179  176  195  229  272
  314  358  405  455  502  544  581  612  638  652  669  692  721  753  789  819
  840  860  866  859  846  836  826  821  828  842  857  873  886  894  903  906
  909  900  875  824  740  646  574  537  547
    10.0-180.0 180.0   5.0 450.0                            LAT/LON1/LON2/DLON/H
  483  517  542  561  583  593  599  599  572  527  476  435  411  377  353  336
  326  316  301  282  262  246  236  229  220  201  179  159  155  176  212  259
  310  360  412  464  512  555  594  625  652  670  690  712  741  772  801  818
  828  836  829  814  794  781  771  772  783  799  818  839  861  874  885  888
  887  876  850  798  710  604  522  480  483
     7.5-180.0 180.0   5.0 450.0                            LAT/LON1/LON2/DLON/H
  428  453  482  511  540  568  596  608  592  546  495  442  416  380  353  332
  318  308  296  278  259  243  232  222  209  186  161  141  138  159  197  248
  305  361  416  468  516  558  595  626  654  677  698  722  752  783  806  820
  824  824  815  798  776  764  759  765  776  791  809  832  853  870  881  882
  876  861  830  773  687  578  488  436  428
     5.0-180.0 180.0   5.0 450.0                            LAT/LON1/LON2/DLON/H
  413  427  443  466  493  531  568  596  587  552  499  448  420  381  352  328
  311  298  287  271  253  236  226  214  196  172  145  125  124  145  187  240
  299  357  412  464  511  551  585  614  642  668  689  715  748  781  805  823
  829  829  822  808  792  785  789  798  807  817  831  849  867  884  894  889
  875  852  817  759  673  570  481  426  413
     2.5-180.0 180.0   5.0 450.0                            LAT/LON1/LON2/DLON/H
  443  447  445  451  472  509  547  577  572  542  494  447  419  379  349  324
  304  288  275  260  244  228  215  201  183  158  132  115  115  137  178  228
  288  345  399  451  494  532  563  592  619  643  665  693  728  766  800  826
  843  851  848  841  837  839  850  861  865  869  876  885  898  911  915  903
  879  848  808  753  676  585  506  458  443
