DORISInput/IGSGIM/2024/IGS0OPSFIN_20241430000_01D_02H_GIM.INX
     1.0            IONOSPHERE MAPS     MIX                 IONEX VERSION / TYPE
cmpcmb v1.2          GRL/UWM             5-jun-24 16:33     PGM / RUN BY / DATE 
ionex file containing IGS COMBINED Ionosphere maps          COMMENT             
global ionosphere maps for day 143, 2024                    DESCRIPTION         
IONEX file containing the COMBINED IGS TEC MAPS and DCBs    DESCRIPTION         
      IONEX files of the following IAACs were combined: cod DESCRIPTION         
                                                        jpl DESCRIPTION         
                                                        upc DESCRIPTION         
Contact address: Andrzej Krankowski                         DESCRIPTION
                 Geodynamics Research Laboratory            DESCRIPTION
                 University of Warmia and Mazury (GRL/UWM)  DESCRIPTION
                 Oczapowski St. 1                           DESCRIPTION
                 10-957-Olsztyn, POLAND                     DESCRIPTION
                 e-mail:  kand@uwm.edu.pl                   DESCRIPTION
                                                            DESCRIPTION         
  2024     5    22     0     0     0                        EPOCH OF FIRST MAP  
  2024     5    23     0     0     0                        EPOCH OF LAST MAP   
  7200                                                      INTERVAL            
    13                                                      # OF MAPS IN FILE   
  COSZ                                                      MAPPING FUNCTION    
     0.0                                                    ELEVATION CUTOFF    
combined TEC calculated as weighted mean of input TEC valuesOBSERVABLES USED    
   337                                                      # OF STATIONS       
    32                                                      # OF SATELLITES     
  6371.0                                                    BASE RADIUS         
     2                                                      MAP DIMENSION       
   450.0 450.0   0.0                                        HGT1 / HGT2 / DHGT  
    87.5 -87.5  -2.5                                        LAT1 / LAT2 / DLAT  
  -180.0 180.0   5.0                                        LON1 / LON2 / DLON  
    -1                                                      EXPONENT            
TEC values in 0.1 tec units;  9999, if no value available   COMMENT             
DCB values in nanoseconds, reference is Sum_of_SatDCBs = 0  COMMENT             
                                                            END OF HEADER       
[from data line 4290]
    11                                                      START OF TEC MAP    
  2024     5    22    20     0     0                        EPOCH OF CURRENT MAP
    87.5-180.0 180.0   5.0 450.0                            LAT/LON1/LON2/DLON/H
  268  268  267  267  267  267  266  266  266  266  266  267  267  267  267  267
  267  268  269  269  269  269  270  270  271  271  272  272  272  272  272  272
  272  273  272  272  272  272  272  272  273  273  273  273  273  274  274  274
  274  274  274  274  274  274  273  273  273  273  273  272  272  271  271  270
  270  270  270  269  269  269  268  268  268
    85.0-180.0 180.0   5.0 450.0                            LAT/LON1/LON2/DLON/H
  266  265  265  264  263  262  262  261  261  262  262  262  263  263  264  265
  266  266  266  266  267  268  268  268  269  270  271  271  271  271  271  271
  271  272  271  272  271  271  271  271  271  271  271  271  271  271  272  272
  273  274  274  275  275  275  275  275  275  275  275  274  274  273  273  273
  273  272  272  271  270  269  268  268  266
    82.5-180.0 180.0   5.0 450.0                            LAT/LON1/LON2/DLON/H
  264  261  259  257  255  254  254  254  254  255  257  258  260  261  263  263
  265  265  266  266  266  266  265  268  271  272  274  276  276  277  276  277
  277  278  278  278  277  277  276  274  274  273  272  271  271  271  270  271
  272  272  273  273  274  275  275  276  277  278  278  278  278  278  277  277
  276  276  275  273  271  270  269  267  264
    80.0-180.0 180.0   5.0 450.0                            LAT/LON1/LON2/DLON/H
  266  261  258  255  253  251  250  250  251  254  256  257  259  261  262  263
  264  264  264  265  265  269  266  273  273  273  275  276  277  279  280  281
  282  282  281  280  279  278  277  275  274  273  272  271  270  270  269  269
  270  270  270  271  272  273  274  276  278  280  282  283  282  282  282  281
  281  280  279  277  275  273  271  268  266
    77.5-180.0 180.0   5.0 450.0                            LAT/LON1/LON2/DLON/H
  269  264  259  256  252  251  252  253  255  256  256  258  260  261  263  262
  263  263  264  265  266  267  268  271  277  278  279  283  285  288  289  289
  289  289  288  286  284  282  280  279  277  275  273  271  270  269  268  268
  269  269  268  269  271  272  274  276  278  281  284  285  286  286  286  286
  286  286  284  282  280  278  276  273  269
    75.0-180.0 180.0   5.0 450.0                            LAT/LON1/LON2/DLON/H
  276  271  266  260  259  257  257  258  258  260  262  263  264  264  263  264
  264  263  265  267  267  266  270  275  278  282  287  291  290  291  294  295
  294  293  294  292  289  287  284  282  280  278  275  273  271  270  269  268
  268  269  270  269  270  271  272  275  277  280  283  286  288  289  290  291
  291  290  290  289  287  286  284  281  276
    72.5-180.0 180.0   5.0 450.0                            LAT/LON1/LON2/DLON/H
  291  285  278  273  269  266  263  263  264  266  267  268  269  268  269  269
  269  268  269  268  268  270  275  279  285  286  291  293  296  296  296  297
  296  293  292  291  290  287  286  284  282  280  278  276  274  272  271  270
  269  269  269  270  269  269  270  272  274  277  282  286  289  291  293  295
  297  298  298  299  299  299  297  296  291
    70.0-180.0 180.0   5.0 450.0                            LAT/LON1/LON2/DLON/H
  311  305  297  290  284  279  276  274  273  274  274  275  275  274  275  275
  272  272  271  272  272  275  280  283  287  289  291  293  293  295  295  295
  295  292  290  288  287  287  286  285  284  283  281  279  276  274  272  270
  269  267  267  266  265  265  265  267  270  274  279  284  289  293  296  300
  304  306  309  312  314  315  315  314  311
    67.5-180.0 180.0   5.0 450.0                            LAT/LON1/LON2/DLON/H
  331  327  320  313  306  300  294  290  286  284  283  282  280  279  278  276
  274  272  273  276  276  279  282  283  286  287  288  289  289  289  289  289
  290  288  286  286  286  286  286  286  285  284  282  280  277  275  272  269
  267  264  262  261  259  257  258  259  263  268  274  281  287  295  300  305
  310  314  319  324  328  331  332  334  331
    65.0-180.0 180.0   5.0 450.0                            LAT/LON1/LON2/DLON/H
  352  349  346  339  332  325  316  310  304  299  295  290  286  282  277  274
  272  271  272  275  277  280  282  283  284  283  283  282  282  282  282  283
  284  285  283  283  283  284  286  287  286  286  284  280  277  274  271  268
  265  260  257  254  251  248  247  249  253  259  266  276  285  295  302  308
  314  320  326  332  339  344  348  350  352
    62.5-180.0 180.0   5.0 450.0                            LAT/LON1/LON2/DLON/H
  372  372  373  367  359  353  343  334  325  317  309  300  292  284  276  271
  269  269  270  273  277  280  281  281  280  278  277  276  276  277  279  281
  281  282  283  282  283  284  286  287  288  287  285  282  278  273  269  262
  259  254  249  245  240  237  236  237  242  250  259  271  282  294  303  310
  317  323  329  338  345  352  359  368  372
    60.0-180.0 180.0   5.0 450.0                            LAT/LON1/LON2/DLON/H
  388  394  395  394  387  381  374  362  350  338  326  314  301  290  279  272
  268  268  269  272  275  278  280  279  276  273  272  271  273  275  278  281
  282  283  285  286  286  287  290  291  292  292  288  284  278  272  266  259
  255  247  241  235  231  226  225  227  232  241  252  265  280  291  303  311
  319  325  332  340  348  357  366  379  388
    57.5-180.0 180.0   5.0 450.0                            LAT/LON1/LON2/DLON/H
  399  408  414  418  418  413  403  394  380  363  348  332  316  301  288  277
  272  269  270  272  275  278  278  276  273  271  270  271  274  278  283  287
  290  292  294  294  295  297  298  300  299  297  293  287  279  272  265  257
  252  242  234  227  221  215  215  217  222  231  243  257  273  287  301  311
  321  327  333  342  347  358  370  384  399
    55.0-180.0 180.0   5.0 450.0                            LAT/LON1/LON2/DLON/H
  404  418  431  438  446  443  437  430  415  396  376  357  336  318  303  289
  280  275  273  274  275  277  277  276  274  273  273  275  280  286  294  301
  304  306  308  309  310  309  310  310  309  306  301  292  283  274  265  255
  248  236  226  218  212  208  207  209  214  222  234  248  265  282  300  314
  324  330  335  340  346  355  369  387  404
    52.5-180.0 180.0   5.0 450.0                            LAT/LON1/LON2/DLON/H
  410  433  450  465  472  474  475  466  455  433  410  386  365  342  323  307
  294  286  279  278  277  278  278  277  276  278  280  285  293  301  311  318
  323  326  328  328  326  325  323  322  319  314  307  298  288  277  265  255
  248  232  223  214  208  204  204  205  210  217  227  240  257  276  299  318
  328  335  339  341  344  354  367  386  410
    50.0-180.0 180.0   5.0 450.0                            LAT/LON1/LON2/DLON/H
  418  449  468  482  495  504  509  507  496  475  450  430  403  376  354  334
  315  302  291  285  282  282  282  283  284  289  293  302  311  320  331  337
  342  347  348  348  344  341  336  333  328  322  314  303  290  278  267  257
  249  233  223  215  210  206  205  207  210  215  222  234  252  272  298  320
  334  341  345  345  347  355  370  389  418
    47.5-180.0 180.0   5.0 450.0                            LAT/LON1/LON2/DLON/H
  423  456  478  495  513  531  544  543  532  518  495  470  446  417  391  368
  345  326  309  298  292  292  293  296  300  306  312  321  331  340  349  354
  360  366  367  365  363  357  350  343  335  327  317  305  293  282  271  261
  253  239  228  221  215  212  211  213  215  217  222  231  248  272  296  323
  341  349  355  355  357  365  379  399  423
    45.0-180.0 180.0   5.0 450.0                            LAT/LON1/LON2/DLON/H
  437  463  485  505  527  549  567  573  569  560  540  517  493  463  436  410
  381  358  333  319  310  309  312  316  321  328  334  343  351  359  364  370
  376  382  385  384  380  373  362  351  341  331  320  310  298  287  278  270
  263  247  236  231  225  222  221  223  223  224  225  231  246  271  297  325
  347  361  368  370  375  381  396  413  437
    42.5-180.0 180.0   5.0 450.0                            LAT/LON1/LON2/DLON/H
  451  472  493  515  536  562  583  593  600  595  576  558  533  511  486  455
  426  396  367  351  339  337  339  344  348  354  358  366  371  374  380  385
  390  398  403  403  398  387  374  361  350  338  325  315  305  296  288  280
  273  260  251  245  239  236  233  234  233  233  232  235  247  270  297  325
  353  372  383  390  398  405  417  431  451
    40.0-180.0 180.0   5.0 450.0                            LAT/LON1/LON2/DLON/H
  468  486  502  523  545  571  594  608  617  618  610  594  577  558  534  507
  475  443  411  392  378  375  376  378  381  384  385  390  393  393  398  403
  408  417  425  423  418  406  389  373  359  346  335  325  318  309  301  293
  287  278  269  262  256  251  246  247  246  245  244  244  253  272  297  325
  356  380  397  408  418  426  438  453  468
    37.5-180.0 180.0   5.0 450.0                            LAT/LON1/LON2/DLON/H
  488  500  514  530  551  573  597  616  629  639  637  627  620  602  580  557
  526  491  460  439  425  420  417  416  416  416  413  415  417  416  421  424
  433  442  450  449  442  428  408  389  373  361  349  342  340  329  321  311
  305  297  288  281  272  266  261  262  261  259  259  258  262  276  299  327
  357  386  406  422  434  443  458  473  488
    35.0-180.0 180.0   5.0 450.0                            LAT/LON1/LON2/DLON/H
  503  514  526  540  556  577  598  620  638  656  661  660  654  643  625  605
  574  542  510  488  475  467  457  454  450  449  444  447  449  451  454  458
  467  476  481  478  469  453  432  409  398  386  372  365  361  356  344  332
  326  317  308  298  287  281  278  278  278  276  276  273  273  283  302  329
  357  387  411  431  445  456  472  489  503
    32.5-180.0 180.0   5.0 450.0                            LAT/LON1/LON2/DLON/H
  513  525  537  549  565  583  602  625  647  668  684  690  691  684  671  650
  626  594  562  541  525  511  496  489  483  482  478  484  488  492  498  504
  510  515  515  510  497  477  456  435  425  414  407  397  386  380  365  352
  345  335  325  314  305  298  295  295  296  294  292  288  287  292  306  329
  357  386  412  436  452  465  482  499  513
    30.0-180.0 180.0   5.0 450.0                            LAT/LON1/LON2/DLON/H
  518  533  548  559  573  590  609  630  655  678  701  715  724  726  715  698
  678  649  615  590  570  550  528  517  512  512  515  526  536  544  552  558
  559  560  552  542  523  500  476  459  448  441  443  429  412  401  386  374
  365  353  340  331  322  314  313  312  311  308  304  303  300  301  310  329
  356  383  409  433  452  468  486  503  518
    27.5-180.0 180.0   5.0 450.0                            LAT/LON1/LON2/DLON/H
  522  541  558  571  583  600  620  639  664  689  717  737  753  762  760  750
  727  700  666  635  611  584  552  538  534  537  552  572  593  607  617  617
  615  610  590  569  538  508  487  472  461  465  472  452  436  419  407  396
  385  369  353  342  334  327  326  326  324  318  314  311  307  305  309  324
  351  379  403  427  446  465  483  503  522
    25.0-180.0 180.0   5.0 450.0                            LAT/LON1/LON2/DLON/H
  522  546  567  582  597  613  632  652  677  705  734  759  782  797  799  793
  770  745  708  676  646  613  574  557  554  566  591  623  656  676  686  679
  677  656  625  580  535  496  482  466  458  469  478  456  441  425  415  407
  393  376  359  346  339  333  332  333  332  325  318  312  307  303  304  314
  338  366  393  416  438  458  477  498  522
    22.5-180.0 180.0   5.0 450.0                            LAT/LON1/LON2/DLON/H
  520  547  572  592  609  626  645  666  691  720  749  780  806  826  833  831
  812  789  748  712  675  637  599  583  584  606  636  676  722  745  755  743
  731  695  633  570  512  464  456  442  432  448  448  432  417  408  405  400
  386  369  353  342  337  333  331  333  331  323  313  304  299  294  293  299
  319  348  378  406  426  449  470  493  520
    20.0-180.0 180.0   5.0 450.0                            LAT/LON1/LON2/DLON/H
  517  546  573  595  616  635  654  675  701  731  762  795  824  847  860  865
  849  826  782  741  699  658  627  619  628  656  691  732  775  801  808  784
  750  693  615  536  463  408  404  393  385  398  404  397  387  384  385  382
  370  354  341  332  329  329  328  327  323  313  299  289  284  277  275  278
  296  325  359  389  417  443  464  490  517
    17.5-180.0 180.0   5.0 450.0                            LAT/LON1/LON2/DLON/H
  516  544  571  594  617  637  658  679  705  736  770  804  834  862  880  888
  878  852  812  768  724  684  663  663  681  715  750  781  812  828  820  788
  734  659  575  490  410  352  340  333  336  352  364  365  360  358  355  356
  346  334  326  319  318  321  324  322  315  301  282  268  259  253  250  253
  270  299  339  375  409  437  464  488  516
    15.0-180.0 180.0   5.0 450.0                            LAT/LON1/LON2/DLON/H
  519  547  568  590  613  634  656  680  704  735  770  804  838  868  890  902
  896  871  835  794  753  718  704  710  735  772  804  820  827  823  800  766
  702  611  529  447  365  308  287  283  300  316  328  331  330  325  317  320
  314  311  307  307  309  313  318  314  306  288  263  245  235  227  224  226
  242  273  317  361  402  435  465  493  519
    12.5-180.0 180.0   5.0 450.0                            LAT/LON1/LON2/DLON/H
  526  550  570  587  608  631  655  679  705  733  763  798  834  866  892  906
  906  889  856  822  787  761  748  756  780  819  841  836  821  800  775  729
  656  576  496  417  339  287  260  255  267  281  292  301  297  290  286  290
  289  290  295  300  302  305  304  300  291  270  245  225  213  203  201  199
  215  248  295  346  394  434  469  500  526
    10.0-180.0 180.0   5.0 450.0                            LAT/LON1/LON2/DLON/H
  535  558  574  589  606  627  652  681  707  732  758  789  824  859  888  905
  911  905  882  856  825  804  793  798  816  844  854  831  798  770  740  697
  637  557  484  413  343  288  258  248  250  264  274  280  277  274  275  275
  277  282  294  297  292  292  288  282  271  249  227  207  193  182  178  175
  190  224  273  329  384  432  473  508  535
     7.5-180.0 180.0   5.0 450.0                            LAT/LON1/LON2/DLON/H
  548  572  588  601  615  631  656  685  711  734  756  781  813  848  880  902
  915  917  906  889  862  842  831  833  842  853  848  815  776  743  711  675
  623  557  495  432  370  319  286  268  265  273  281  283  280  278  282  281
  285  291  299  296  286  282  274  263  249  230  210  191  178  170  162  160
  175  208  255  313  373  429  477  517  548
     5.0-180.0 180.0   5.0 450.0                            LAT/LON1/LON2/DLON/H
  566  593  613  629  637  650  672  700  723  742  759  777  804  837  869  896
  914  922  919  909  889  871  859  854  855  851  834  797  758  725  698  669
  629  578  527  481  432  386  338  309  301  302  303  303  303  298  310  314
  317  314  310  300  284  273  261  245  229  211  194  177  167  158  151  150
  165  194  241  302  366  425  480  527  566
     2.5-180.0 180.0   5.0 450.0                            LAT/LON1/LON2/DLON/H
  583  621  648  666  675  683  702  725  744  756  766  779  799  827  857  884
  904  914  916  912  900  887  875  865  858  844  818  782  746  721  702  681
  654  610  571  543  512  471  406  369  356  339  334  333  332  333  353  358
  359  337  320  302  275  257  241  224  208  192  178  165  156  151  146  146
  157  183  228  287  355  418  479  534  583
