DORISInput/IGSGIM/2024/IGS0OPSFIN_20241420000_01D_02H_GIM.INX
     1.0            IONOSPHERE MAPS     MIX                 IONEX VERSION / TYPE
cmpcmb v1.2          GRL/UWM             5-jun-24 16:28     PGM / RUN BY / DATE 
ionex file containing IGS COMBINED Ionosphere maps          COMMENT             
global ionosphere maps for day 142, 2024                    DESCRIPTION         
IONEX file containing the COMBINED IGS TEC MAPS and DCBs    DESCRIPTION         
      IONEX files of the following IAACs were combined: cod DESCRIPTION         
                                                        jpl DESCRIPTION         
                                                        upc DESCRIPTION         
Contact address: Andrzej Krankowski                         DESCRIPTION
                 Geodynamics Research Laboratory            DESCRIPTION
                 University of Warmia and Mazury (GRL/UWM)  DESCRIPTION
                 Oczapowski St. 1                           DESCRIPTION
                 10-957-Olsztyn, POLAND                     DESCRIPTION
                 e-mail:  kand@uwm.edu.pl                   DESCRIPTION
                                                            DESCRIPTION         
  2024     5    21     0     0     0                        EPOCH OF FIRST MAP  
  2024     5    22     0     0     0                        EPOCH OF LAST MAP   
  7200                                                      INTERVAL            
    13                                                      # OF MAPS IN FILE   
  COSZ                                                      MAPPING FUNCTION    
     0.0                                                    ELEVATION CUTOFF    
combined TEC calculated as weighted mean of input TEC valuesOBSERVABLES USED    
   335                                                      # OF STATIONS       
    32                                                      # OF SATELLITES     
  6371.0                                                    BASE RADIUS         
     2                                                      MAP DIMENSION       
   450.0 450.0   0.0                                        HGT1 / HGT2 / DHGT  
    87.5 -87.5  -2.5                                        LAT1 / LAT2 / DLAT  
  -180.0 180.0   5.0                                        LON1 / LON2 / DLON  
    -1                                                      EXPONENT            
TEC values in 0.1 tec units;  9999, if no value available   COMMENT             
DCB values in nanoseconds, reference is Sum_of_SatDCBs = 0  COMMENT             
                                                            END OF HEADER       
[from data line 5148]
    13                                                      START OF TEC MAP    
  2024     5    22     0     0     0                        EPOCH OF CURRENT MAP
    87.5-180.0 180.0   5.0 450.0                            LAT/LON1/LON2/DLON/H
  246  246  247  249  250  251  252  252  253  254  255  255  256  257  257  257
  258  257  257  257  256  256  254  253  252  251  250  248  247  247  245  244
  242  241  240  238  237  236  235  234  232  231  230  229  228  228  227  227
  226  226  226  226  226  227  228  228  229  231  231  233  234  234  236  237
  238  239  240  241  241  242  244  244  246
    85.0-180.0 180.0   5.0 450.0                            LAT/LON1/LON2/DLON/H
  248  249  250  252  253  255  256  257  259  262  264  265  268  270  272  272
  273  275  275  273  272  271  269  267  266  264  262  259  257  255  252  249
  247  244  241  238  236  234  231  228  227  225  223  221  220  218  217  216
  216  215  215  215  216  216  216  218  220  223  224  227  229  231  233  234
  235  237  238  239  241  243  244  246  248
    82.5-180.0 180.0   5.0 450.0                            LAT/LON1/LON2/DLON/H
  251  253  254  257  258  261  262  265  268  271  274  277  282  284  288  291
  293  293  291  292  288  285  282  280  277  273  268  262  258  253  249  244
  241  237  234  230  227  224  221  219  215  214  211  210  209  207  208  208
  209  209  210  211  213  214  215  215  218  220  223  227  230  232  234  235
  236  238  240  242  244  245  247  249  251
    80.0-180.0 180.0   5.0 450.0                            LAT/LON1/LON2/DLON/H
  257  259  261  262  263  264  266  269  275  284  288  292  295  297  298  299
  299  298  298  296  297  298  290  280  274  268  262  257  251  245  240  236
  231  226  223  220  218  216  213  209  207  205  203  202  202  202  202  204
  205  207  208  210  213  216  218  220  222  225  229  232  236  239  241  242
  244  244  245  246  247  249  251  255  257
    77.5-180.0 180.0   5.0 450.0                            LAT/LON1/LON2/DLON/H
  262  263  264  265  266  271  278  283  289  293  295  295  297  299  299  300
  300  301  300  297  292  287  280  274  269  262  255  249  242  236  231  226
  219  215  212  210  209  207  206  203  201  200  199  198  199  201  202  204
  206  209  211  213  216  219  222  225  229  233  237  241  246  249  251  253
  254  254  254  254  255  256  260  262  262
    75.0-180.0 180.0   5.0 450.0                            LAT/LON1/LON2/DLON/H
  267  267  269  270  276  280  285  291  295  298  302  305  305  303  305  305
  299  296  295  292  285  279  271  266  255  250  243  237  232  225  219  215
  211  208  205  202  201  201  199  200  199  198  198  199  201  203  205  207
  209  212  216  218  221  224  228  231  236  241  246  250  255  259  262  264
  266  266  266  265  265  266  266  267  267
    72.5-180.0 180.0   5.0 450.0                            LAT/LON1/LON2/DLON/H
  273  273  274  277  280  286  291  297  302  306  309  310  311  309  305  299
  294  292  286  280  274  269  258  253  245  237  230  224  219  216  211  206
  203  199  199  200  200  196  196  197  200  200  201  203  205  208  211  213
  215  219  220  224  227  230  233  238  243  248  253  259  264  268  270  273
  275  275  275  274  272  272  272  272  273
    70.0-180.0 180.0   5.0 450.0                            LAT/LON1/LON2/DLON/H
  277  277  278  281  285  289  295  301  307  311  314  316  314  310  305  298
  291  285  276  270  266  260  250  242  237  230  223  219  214  211  208  203
  200  198  197  198  198  196  196  196  198  202  204  207  211  214  217  220
  222  225  228  230  233  237  241  246  250  255  261  266  271  275  277  279
  281  281  281  281  280  279  278  279  277
    67.5-180.0 180.0   5.0 450.0                            LAT/LON1/LON2/DLON/H
  282  281  281  283  286  291  297  304  311  317  320  321  321  316  308  301
  291  281  271  267  262  257  249  241  236  232  227  222  218  216  212  208
  204  201  201  202  201  199  197  196  198  203  206  209  214  218  222  226
  228  232  235  238  241  244  248  253  257  262  267  272  276  279  281  282
  282  283  284  286  286  287  285  285  282
    65.0-180.0 180.0   5.0 450.0                            LAT/LON1/LON2/DLON/H
  286  285  283  284  284  290  298  305  313  321  326  327  326  321  314  305
  296  288  278  273  269  264  260  253  249  246  241  237  234  231  226  221
  216  212  209  209  207  204  202  200  202  205  208  211  216  221  226  229
  234  238  242  245  248  252  256  259  263  268  272  276  279  281  282  282
  283  284  287  290  290  290  290  288  286
    62.5-180.0 180.0   5.0 450.0                            LAT/LON1/LON2/DLON/H
  288  286  286  284  284  290  298  306  315  323  330  332  331  327  321  314
  306  298  291  287  284  281  279  275  271  269  263  262  258  258  251  243
  239  234  225  220  216  211  207  204  205  206  209  212  216  221  225  231
  235  241  246  251  255  259  262  266  270  274  278  281  284  285  285  285
  286  288  291  293  293  293  292  291  288
    60.0-180.0 180.0   5.0 450.0                            LAT/LON1/LON2/DLON/H
  293  293  293  292  291  295  300  309  317  326  334  337  337  335  331  325
  320  314  309  306  304  302  301  300  299  297  292  292  290  288  278  269
  262  257  246  236  230  220  214  209  207  206  208  211  214  218  223  229
  236  242  249  255  261  266  270  275  278  283  286  290  292  293  293  294
  295  296  298  299  299  299  297  296  293
    57.5-180.0 180.0   5.0 450.0                            LAT/LON1/LON2/DLON/H
  304  302  305  306  303  302  307  313  321  330  338  343  345  345  343  340
  337  333  330  328  326  326  324  324  323  321  319  317  315  311  303  290
  281  273  263  251  243  232  223  216  211  208  209  211  212  213  218  225
  232  242  251  259  267  273  279  285  290  296  301  304  307  307  308  309
  308  309  310  310  309  307  308  308  304
    55.0-180.0 180.0   5.0 450.0                            LAT/LON1/LON2/DLON/H
  322  314  316  321  317  314  315  321  328  335  343  350  353  354  355  355
  355  354  353  352  349  349  346  345  343  340  340  336  331  326  318  310
  299  288  275  262  252  240  230  222  215  213  213  211  208  209  214  221
  230  242  253  264  275  284  291  297  305  316  322  327  329  330  331  333
  331  328  327  325  324  322  326  324  322
    52.5-180.0 180.0   5.0 450.0                            LAT/LON1/LON2/DLON/H
  345  331  334  339  335  330  328  332  338  344  350  357  361  363  366  369
  371  373  373  371  370  369  367  365  363  360  356  351  344  336  330  321
  310  297  283  268  257  244  235  227  221  218  215  212  206  206  211  219
  230  244  257  272  288  300  310  319  329  343  351  357  358  360  361  362
  360  355  352  348  346  342  345  347  345
    50.0-180.0 180.0   5.0 450.0                            LAT/LON1/LON2/DLON/H
  364  359  359  365  357  350  346  347  351  355  360  365  370  372  376  380
  384  388  388  388  388  387  386  386  383  379  371  367  355  346  337  328
  315  301  284  267  257  245  239  234  229  222  218  211  207  207  213  222
  234  246  263  283  302  320  334  347  360  374  383  388  390  391  392  393
  391  385  381  375  372  368  368  367  364
    47.5-180.0 180.0   5.0 450.0                            LAT/LON1/LON2/DLON/H
  387  386  387  386  378  371  366  364  366  369  372  375  378  380  384  389
  394  399  401  402  402  403  404  404  400  395  385  377  366  355  343  330
  315  299  282  265  257  250  246  242  236  228  222  216  212  213  218  227
  236  251  272  293  317  342  362  380  395  408  414  416  417  416  418  420
  420  416  412  406  402  396  394  390  387
    45.0-180.0 180.0   5.0 450.0                            LAT/LON1/LON2/DLON/H
  412  409  406  406  403  397  390  386  383  384  384  385  388  389  392  396
  401  407  410  413  415  418  419  421  418  409  397  386  375  362  348  333
  316  300  283  270  265  259  257  252  245  238  231  224  221  221  226  232
  243  259  280  302  333  367  388  414  429  438  442  441  438  436  439  444
  444  444  442  438  433  427  422  416  412
    42.5-180.0 180.0   5.0 450.0                            LAT/LON1/LON2/DLON/H
  436  429  426  426  428  423  416  409  404  401  400  398  398  399  400  404
  408  415  419  425  428  429  431  434  432  421  409  395  383  369  354  337
  321  305  292  282  281  278  276  270  260  252  243  236  234  235  238  244
  253  268  287  314  350  388  415  440  456  464  465  460  455  452  458  466
  466  465  468  467  466  459  453  443  436
    40.0-180.0 180.0   5.0 450.0                            LAT/LON1/LON2/DLON/H
  461  453  449  449  450  446  442  434  427  421  418  414  411  412  412  415
  419  426  432  439  444  444  444  447  443  432  419  407  392  378  364  347
  331  319  311  307  310  308  305  295  282  269  257  253  253  254  255  257
  263  274  293  323  361  401  432  458  475  483  482  475  468  467  472  484
  487  486  489  492  495  490  484  473  461
    37.5-180.0 180.0   5.0 450.0                            LAT/LON1/LON2/DLON/H
  488  478  471  474  478  475  472  461  454  445  441  434  429  430  431  434
  437  444  450  459  463  463  460  459  454  444  430  419  407  394  379  366
  352  344  341  342  348  345  339  325  307  290  277  273  275  274  272  269
  269  277  298  329  370  408  441  468  486  494  493  487  482  481  487  501
  510  510  512  516  523  520  514  504  488
    35.0-180.0 180.0   5.0 450.0                            LAT/LON1/LON2/DLON/H
  518  503  496  502  507  511  505  494  488  478  469  460  454  454  456  461
  464  470  474  483  486  485  479  473  465  456  442  434  426  413  399  389
  378  373  374  380  387  382  373  356  334  314  300  297  295  293  286  277
  273  277  298  331  370  409  442  469  487  498  500  498  497  500  507  520
  536  541  541  546  556  551  544  534  518
    32.5-180.0 180.0   5.0 450.0                            LAT/LON1/LON2/DLON/H
  552  534  527  535  538  548  548  545  534  518  498  493  487  486  489  494
  498  503  503  508  509  506  498  488  475  465  454  449  443  432  419  412
  405  402  405  415  422  414  402  382  359  337  323  317  313  306  296  283
  275  277  294  328  365  400  433  461  482  496  503  506  511  518  531  546
  564  576  580  586  590  586  579  570  552
    30.0-180.0 180.0   5.0 450.0                            LAT/LON1/LON2/DLON/H
  591  571  567  575  583  589  595  605  594  560  541  534  531  529  528  533
  535  536  532  532  530  524  513  499  482  473  466  462  456  449  441  430
  427  429  428  433  438  427  417  398  378  355  340  334  330  318  304  288
  277  277  290  318  348  384  417  448  471  490  503  513  524  539  556  573
  592  608  620  623  625  624  624  611  591
    27.5-180.0 180.0   5.0 450.0                            LAT/LON1/LON2/DLON/H
  632  615  616  618  629  640  649  657  653  627  600  584  581  581  576  574
  574  569  560  552  546  535  521  501  488  482  476  471  464  459  455  443
  443  445  442  434  435  419  410  398  388  368  353  345  341  329  313  295
  281  277  285  302  329  361  396  430  458  482  503  521  542  564  583  601
  620  634  643  649  653  657  654  645  632
    25.0-180.0 180.0   5.0 450.0                            LAT/LON1/LON2/DLON/H
  667  654  653  654  666  685  697  706  709  694  669  647  638  633  626  619
  611  599  584  571  559  544  523  501  495  495  486  477  470  466  466  458
  457  457  446  423  422  395  387  385  383  371  362  355  349  336  319  301
  283  274  277  288  310  338  371  410  444  474  501  529  559  587  610  630
  646  658  661  664  668  672  675  675  667
    22.5-180.0 180.0   5.0 450.0                            LAT/LON1/LON2/DLON/H
  694  692  686  685  701  727  746  757  762  756  732  709  697  687  673  660
  642  624  604  588  571  551  527  506  508  511  490  471  470  472  475  476
  472  463  450  403  400  361  361  368  372  366  359  354  348  336  319  300
  281  270  269  272  285  312  345  388  429  465  499  535  572  602  630  652
  666  675  673  674  677  678  685  692  694
    20.0-180.0 180.0   5.0 450.0                            LAT/LON1/LON2/DLON/H
  714  720  722  724  738  768  794  810  815  810  793  773  751  731  710  691
  670  647  625  606  583  557  530  513  511  507  479  446  441  455  463  482
  469  460  428  360  357  333  338  350  355  350  345  339  333  323  307  293
  274  262  254  249  256  284  324  370  417  460  500  539  577  610  641  665
  678  685  684  685  683  684  691  703  714
    17.5-180.0 180.0   5.0 450.0                            LAT/LON1/LON2/DLON/H
  731  745  756  766  781  808  836  855  863  862  850  831  804  773  741  722
  700  677  651  626  598  563  529  512  496  473  443  410  401  406  396  429
  423  422  381  325  324  317  321  330  331  324  317  308  308  300  289  275
  262  248  235  227  232  264  309  358  410  460  504  542  579  614  646  671
  685  694  695  695  697  696  702  716  731
    15.0-180.0 180.0   5.0 450.0                            LAT/LON1/LON2/DLON/H
  751  770  788  806  825  848  873  892  903  904  899  885  856  815  776  749
  725  709  679  645  611  570  528  503  474  436  394  366  347  336  332  356
  341  357  323  314  314  313  309  309  310  297  285  277  274  273  272  266
  255  239  222  213  218  247  295  348  408  462  510  548  582  619  651  677
  693  705  710  715  717  719  725  734  751
    12.5-180.0 180.0   5.0 450.0                            LAT/LON1/LON2/DLON/H
  777  798  819  839  861  882  902  919  930  936  938  928  901  865  815  782
  750  731  703  664  623  575  522  481  440  393  345  312  294  283  283  293
  293  301  291  310  313  311  304  303  294  276  258  246  247  254  261  263
  254  237  216  203  206  231  282  341  403  463  513  555  590  626  658  686
  708  723  731  740  745  751  754  761  777
    10.0-180.0 180.0   5.0 450.0                            LAT/LON1/LON2/DLON/H
  806  825  846  868  889  909  925  935  947  956  968  956  932  906  862  816
  780  750  722  683  632  570  502  443  393  346  299  268  258  257  263  268
  272  280  286  296  301  311  309  302  287  266  244  231  233  243  254  257
  251  231  207  189  188  215  268  330  396  460  514  560  601  639  674  707
  731  748  757  768  776  783  785  792  806
     7.5-180.0 180.0   5.0 450.0                            LAT/LON1/LON2/DLON/H
  834  850  871  891  912  928  939  944  950  962  976  978  960  935  897  847
  806  772  738  694  633  556  477  407  350  306  268  249  249  259  269  274
  286  299  310  316  323  332  329  315  290  266  242  228  229  237  246  248
  241  220  193  176  174  200  251  310  388  457  516  568  617  660  700  734
  756  772  783  796  804  812  815  823  834
     5.0-180.0 180.0   5.0 450.0                            LAT/LON1/LON2/DLON/H
  862  874  894  913  931  943  948  946  944  951  967  976  968  944  907  862
  821  783  744  691  624  540  454  375  317  287  264  260  267  283  299  310
  325  338  350  355  363  365  355  334  305  271  242  228  226  229  234  235
  224  207  182  164  163  186  228  296  375  449  518  579  631  681  726  758
  776  790  802  816  827  835  840  851  862
     2.5-180.0 180.0   5.0 450.0                            LAT/LON1/LON2/DLON/H
  886  898  916  936  950  957  956  946  936  934  941  947  941  921  891  856
  818  777  734  678  608  522  432  355  303  305  294  297  312  334  352  358
  372  384  393  395  402  396  380  356  321  276  239  224  221  219  219  215
  203  188  169  153  153  171  214  283  364  439  515  580  639  695  744  768
  780  794  799  821  837  852  859  874  886
