DORISInput/IGSGIM/2024/IGS0OPSFIN_20241440000_01D_02H_GIM.INX
     1.0            IONOSPHERE MAPS     MIX                 IONEX VERSION / TYPE
cmpcmb v1.2          GRL/UWM             5-jun-24 16:39     PGM / RUN BY / DATE 
ionex file containing IGS COMBINED Ionosphere maps          COMMENT             
global ionosphere maps for day 144, 2024                    DESCRIPTION         
IONEX file containing the COMBINED IGS TEC MAPS and DCBs    DESCRIPTION         
      IONEX files of the following IAACs were combined: cod DESCRIPTION         
                                                        jpl DESCRIPTION         
                                                        upc DESCRIPTION         
Contact address: Andrzej Krankowski                         DESCRIPTION
                 Geodynamics Research Laboratory            DESCRIPTION
                 University of Warmia and Mazury (GRL/UWM)  DESCRIPTION
                 Oczapowski St. 1                           DESCRIPTION
                 10-957-Olsztyn, POLAND                     DESCRIPTION
                 e-mail:  kand@uwm.edu.pl                   DESCRIPTION
                                                            DESCRIPTION         
  2024     5    23     0     0     0                        EPOCH OF FIRST MAP  
  2024     5    24     0     0     0                        EPOCH OF LAST MAP   
  7200                                                      INTERVAL            
    13                                                      # OF MAPS IN FILE   
  COSZ                                                      MAPPING FUNCTION    
     0.0                                                    ELEVATION CUTOFF    
combined TEC calculated as weighted mean of input TEC valuesOBSERVABLES USED    
   335                                                      # OF STATIONS       
    32                                                      # OF SATELLITES     
  6371.0                                                    BASE RADIUS         
     2                                                      MAP DIMENSION       
   450.0 450.0   0.0                                        HGT1 / HGT2 / DHGT  
    87.5 -87.5  -2.5                                        LAT1 / LAT2 / DLAT  
  -180.0 180.0   5.0                                        LON1 / LON2 / DLON  
    -1                                                      EXPONENT            
TEC values in 0.1 tec units;  9999, if no value available   COMMENT             
DCB values in nanoseconds, reference is Sum_of_SatDCBs = 0  COMMENT             
                                                            END OF HEADER       
[from data line 1716]
     5                                                      START OF TEC MAP    
  2024     5    23     8     0     0                        EPOCH OF CURRENT MAP
    87.5-180.0 180.0   5.0 450.0                            LAT/LON1/LON2/DLON/H
  223  224  225  227  228  229  230  232  233  236  237  238  239  241  242  243
  245  246  247  248  248  248  248  248  248  247  247  246  245  245  244  243
  243  241  240  239  239  238  238  236  236  235  235  234  233  233  233  232
  231  230  229  230  228  228  227  226  226  225  224  223  223  222  222  222
  221  221  221  221  221  222  222  223  223
    85.0-180.0 180.0   5.0 450.0                            LAT/LON1/LON2/DLON/H
  216  217  218  221  223  226  230  232  236  239  242  245  249  251  254  256
  258  260  261  262  262  263  262  261  260  258  258  256  254  251  249  247
  245  243  242  242  241  240  240  240  240  240  240  241  240  240  239  239
  238  237  235  234  233  232  231  229  227  225  224  222  220  218  217  216
  214  213  213  212  212  212  213  214  216
    82.5-180.0 180.0   5.0 450.0                            LAT/LON1/LON2/DLON/H
  211  211  213  215  217  220  224  228  233  238  244  250  255  260  265  269
  273  275  275  276  276  274  269  266  265  262  259  257  254  250  248  245
  243  241  241  240  240  241  242  244  246  249  253  255  257  260  258  258
  256  253  251  248  246  244  241  239  236  234  231  229  226  224  221  219
  217  215  213  212  211  210  210  210  211
    80.0-180.0 180.0   5.0 450.0                            LAT/LON1/LON2/DLON/H
  212  211  211  211  212  214  218  223  229  234  241  248  254  261  267  272
  276  278  278  278  276  278  269  265  262  257  252  247  242  238  235  233
  233  234  237  239  244  246  252  257  261  265  273  278  286  288  292  289
  284  281  276  273  271  267  264  260  257  253  249  246  243  240  237  234
  232  228  226  222  220  218  215  213  212
    77.5-180.0 180.0   5.0 450.0                            LAT/LON1/LON2/DLON/H
  221  217  213  211  211  212  214  217  222  229  236  243  250  258  265  270
  274  276  277  275  271  271  265  257  251  242  235  229  224  222  221  222
  225  229  235  242  250  259  269  278  288  296  306  313  321  325  327  325
  321  317  312  308  303  302  297  291  286  282  277  273  270  266  263  260
  257  253  248  244  239  235  230  225  221
    75.0-180.0 180.0   5.0 450.0                            LAT/LON1/LON2/DLON/H
  237  229  222  216  212  210  210  211  214  220  227  235  241  248  253  258
  263  265  266  265  262  254  249  238  233  223  215  208  206  206  206  210
  218  228  238  249  262  275  290  303  317  332  338  348  353  360  361  359
  355  353  348  343  339  334  329  324  318  312  308  304  300  298  294  291
  288  284  279  274  268  261  254  246  237
    72.5-180.0 180.0   5.0 450.0                            LAT/LON1/LON2/DLON/H
  260  247  236  225  217  210  206  205  207  212  218  223  229  232  237  241
  246  250  248  247  244  233  227  218  207  202  192  191  190  193  201  210
  221  234  250  267  283  297  315  334  353  364  375  381  386  390  392  389
  386  382  378  373  367  363  355  350  344  338  334  330  327  325  323  321
  318  314  311  306  299  292  283  272  260
    70.0-180.0 180.0   5.0 450.0                            LAT/LON1/LON2/DLON/H
  284  269  253  240  225  215  208  204  203  205  207  208  212  217  219  223
  227  226  227  225  221  211  204  195  186  181  179  177  183  191  202  219
  234  251  271  292  311  328  348  367  382  395  405  411  416  417  417  417
  414  407  402  395  386  380  372  366  360  355  350  346  344  342  341  340
  339  337  335  331  326  320  310  298  284
    67.5-180.0 180.0   5.0 450.0                            LAT/LON1/LON2/DLON/H
  302  289  271  252  237  223  213  205  199  199  198  199  199  202  204  205
  205  205  208  204  200  193  185  181  175  171  173  178  185  199  216  233
  252  274  297  319  338  358  376  391  405  418  428  434  438  439  439  436
  434  426  416  407  398  388  381  373  366  360  355  351  348  347  346  346
  347  346  346  345  341  336  328  317  302
    65.0-180.0 180.0   5.0 450.0                            LAT/LON1/LON2/DLON/H
  316  302  285  267  248  232  219  207  200  196  193  193  190  189  189  189
  188  190  190  188  185  180  175  174  172  173  178  188  198  215  235  254
  275  298  318  341  362  380  395  409  424  436  443  450  455  455  455  451
  447  436  425  410  400  390  381  372  364  356  349  344  340  339  338  339
  340  342  343  344  343  340  335  327  316
    62.5-180.0 180.0   5.0 450.0                            LAT/LON1/LON2/DLON/H
  321  311  299  281  263  243  227  213  203  195  189  186  183  180  177  175
  174  176  176  177  174  172  170  172  174  179  191  205  217  235  254  275
  297  318  337  356  376  394  408  423  438  449  457  464  467  466  464  461
  454  442  426  413  401  392  381  371  359  349  339  332  327  325  323  323
  324  327  330  333  334  335  332  328  321
    60.0-180.0 180.0   5.0 450.0                            LAT/LON1/LON2/DLON/H
  322  315  306  292  275  255  236  219  206  195  187  182  178  173  168  166
  165  166  167  167  167  166  168  174  181  192  205  220  235  251  271  291
  310  328  348  367  385  403  418  434  447  458  467  474  475  474  472  467
  461  448  432  422  409  400  387  374  358  344  331  321  314  310  307  306
  307  309  313  317  321  324  326  325  322
    57.5-180.0 180.0   5.0 450.0                            LAT/LON1/LON2/DLON/H
  322  319  312  301  284  265  243  227  210  197  188  181  176  170  164  161
  160  161  161  161  162  164  168  177  189  203  218  234  249  264  281  300
  317  333  354  374  391  408  426  443  458  469  478  483  483  482  479  475
  468  457  444  435  424  412  396  382  363  346  329  315  306  300  297  296
  296  297  300  305  312  318  320  322  322
    55.0-180.0 180.0   5.0 450.0                            LAT/LON1/LON2/DLON/H
  327  327  322  312  295  275  253  234  215  202  191  182  178  170  164  159
  158  158  158  158  160  164  171  182  195  210  227  245  258  273  287  304
  321  338  359  380  398  417  436  453  470  481  489  493  493  492  489  486
  481  474  464  450  438  425  409  392  372  355  335  319  309  302  297  296
  294  294  297  302  309  316  321  325  327
    52.5-180.0 180.0   5.0 450.0                            LAT/LON1/LON2/DLON/H
  339  340  337  329  313  292  267  242  221  206  196  185  181  172  165  160
  158  157  158  157  160  164  171  183  197  216  234  251  266  278  292  307
  325  345  368  390  409  429  450  468  483  495  503  506  505  505  502  501
  498  494  484  471  456  442  427  408  387  369  349  333  321  313  308  305
  303  303  306  310  318  325  331  335  339
    50.0-180.0 180.0   5.0 450.0                            LAT/LON1/LON2/DLON/H
  355  358  357  350  334  310  283  255  230  212  199  188  183  174  168  163
  159  158  158  160  161  166  173  186  201  222  241  259  273  286  297  313
  335  357  380  402  423  444  464  484  499  511  518  521  523  523  522  522
  521  517  508  496  479  463  448  427  405  385  365  350  338  329  323  321
  319  320  324  329  336  341  347  351  355
    47.5-180.0 180.0   5.0 450.0                            LAT/LON1/LON2/DLON/H
  371  375  376  370  353  330  301  270  241  221  206  194  189  179  173  168
  163  161  161  164  167  172  179  192  209  231  251  269  282  294  309  326
  349  374  399  421  440  460  481  501  517  529  537  542  546  547  547  551
  551  546  535  522  504  488  473  451  429  405  383  368  357  347  341  339
  339  343  347  352  358  361  364  368  371
    45.0-180.0 180.0   5.0 450.0                            LAT/LON1/LON2/DLON/H
  382  385  384  378  365  345  318  286  257  233  217  202  196  187  180  174
  169  168  169  172  176  181  190  203  221  241  263  281  296  311  326  347
  370  396  419  439  457  476  495  516  534  548  558  566  572  576  580  585
  586  581  567  551  534  516  501  480  456  431  404  385  374  365  359  357
  359  365  371  376  380  380  379  380  382
    42.5-180.0 180.0   5.0 450.0                            LAT/LON1/LON2/DLON/H
  385  385  383  378  367  350  327  299  271  247  229  215  208  198  190  184
  179  178  179  183  188  195  204  217  235  256  279  297  312  331  349  370
  394  418  438  455  471  489  510  530  550  567  581  590  600  608  616  623
  626  623  606  588  571  550  532  511  483  456  427  404  392  382  376  374
  376  383  393  400  401  395  391  386  385
    40.0-180.0 180.0   5.0 450.0                            LAT/LON1/LON2/DLON/H
  382  374  370  364  356  344  329  306  282  261  243  228  220  212  205  198
  192  190  192  198  205  213  222  234  252  274  297  316  332  353  373  394
  415  434  452  465  480  498  519  541  564  583  599  614  629  642  653  666
  667  666  649  630  610  590  571  548  518  485  453  428  414  403  396  393
  394  399  411  420  418  409  400  390  382
    37.5-180.0 180.0   5.0 450.0                            LAT/LON1/LON2/DLON/H
  379  363  353  343  335  330  321  307  288  272  259  246  239  229  222  214
  208  207  209  215  222  232  242  256  273  292  313  333  351  371  392  411
  426  441  453  465  480  498  521  546  571  594  615  635  655  674  691  706
  710  709  696  677  661  642  619  594  562  522  489  462  446  433  424  419
  414  420  433  440  439  424  413  395  379
    35.0-180.0 180.0   5.0 450.0                            LAT/LON1/LON2/DLON/H
  384  360  341  326  317  311  308  301  290  280  273  263  258  249  240  233
  226  226  229  233  242  253  264  278  294  312  330  348  365  382  400  415
  426  436  445  456  473  495  521  547  573  600  626  651  676  698  722  741
  750  750  743  732  716  696  675  648  614  572  538  509  491  476  463  457
  450  453  463  468  468  452  432  411  384
    32.5-180.0 180.0   5.0 450.0                            LAT/LON1/LON2/DLON/H
  408  377  347  324  310  302  300  296  289  283  281  278  276  268  261  254
  246  245  247  252  260  272  284  299  313  328  344  356  372  387  399  408
  413  420  427  442  464  490  517  543  571  601  629  658  686  716  743  767
  779  785  784  780  771  758  740  718  682  640  604  573  551  535  520  510
  502  503  510  512  510  493  473  446  408
    30.0-180.0 180.0   5.0 450.0                            LAT/LON1/LON2/DLON/H
  467  420  383  351  327  315  306  298  291  287  289  291  293  289  281  276
  266  262  266  270  277  286  298  314  327  340  352  358  370  382  390  393
  393  397  407  425  452  483  508  533  562  593  625  657  692  724  756  785
  803  815  822  827  829  825  811  794  763  723  685  652  627  613  592  581
  570  568  569  574  569  553  536  510  467
    27.5-180.0 180.0   5.0 450.0                            LAT/LON1/LON2/DLON/H
  559  508  455  418  379  351  332  316  302  296  299  307  312  309  302  297
  286  282  283  285  289  297  307  323  335  345  351  354  357  366  373  373
  371  376  390  410  440  475  501  524  553  582  617  653  690  727  764  798
  824  847  863  878  887  891  879  872  846  810  773  739  713  698  677  666
  652  648  646  654  647  633  623  604  559
    25.0-180.0 180.0   5.0 450.0                            LAT/LON1/LON2/DLON/H
  678  632  582  523  468  423  384  356  332  318  318  324  331  332  324  319
  308  302  298  298  302  308  316  329  339  344  345  342  340  343  347  349
  350  360  379  405  435  467  495  521  549  577  612  648  686  726  767  805
  842  876  901  926  940  948  941  941  921  890  852  820  798  784  763  758
  740  734  727  734  722  722  728  717  678
    22.5-180.0 180.0   5.0 450.0                            LAT/LON1/LON2/DLON/H
  795  765  716  655  587  525  466  420  381  356  346  348  356  356  350  343
  331  324  316  313  313  318  324  333  338  336  331  320  313  314  318  325
  333  350  376  406  438  469  497  524  551  578  611  646  680  722  764  810
  852  893  929  959  978  989  988  991  976  951  913  884  869  863  846  841
  824  814  802  802  794  800  809  811  795
    20.0-180.0 180.0   5.0 450.0                            LAT/LON1/LON2/DLON/H
  860  849  818  772  711  645  575  507  451  413  392  385  388  383  378  368
  355  344  334  327  324  326  329  332  331  321  308  291  281  283  293  308
  324  348  378  409  444  475  505  532  557  583  615  647  682  720  762  808
  854  895  935  965  984  993 1000 1000  994  979  953  931  921  918  905  895
  887  876  860  848  838  838  848  862  860
    17.5-180.0 180.0   5.0 450.0                            LAT/LON1/LON2/DLON/H
  841  851  849  831  796  735  677  601  533  481  450  431  428  415  406  394
  378  362  348  337  330  329  327  323  316  300  279  257  246  254  273  297
  320  350  383  413  448  481  514  540  566  594  624  655  689  723  761  805
  847  885  920  944  955  964  968  972  977  977  968  955  947  944  937  927
  914  905  885  861  839  822  824  841  841
    15.0-180.0 180.0   5.0 450.0                            LAT/LON1/LON2/DLON/H
  747  776  797  810  817  789  739  670  610  557  514  487  476  451  437  418
  398  377  358  343  332  326  318  308  292  270  243  221  212  225  254  287
  317  350  387  419  455  489  525  554  580  607  638  666  697  726  760  799
  835  868  893  909  911  916  921  930  945  957  959  957  954  956  952  941
  923  904  876  843  800  758  742  734  747
    12.5-180.0 180.0   5.0 450.0                            LAT/LON1/LON2/DLON/H
  610  641  681  724  765  775  753  708  656  611  572  539  521  486  465  440
  415  388  363  344  331  319  304  287  265  238  208  188  180  199  235  276
  313  352  391  426  460  496  533  565  597  624  652  680  706  732  762  792
  819  846  863  869  869  874  880  893  913  933  944  951  955  959  953  938
  921  893  854  806  741  675  632  602  610
    10.0-180.0 180.0   5.0 450.0                            LAT/LON1/LON2/DLON/H
  463  488  530  589  655  698  709  693  665  635  606  575  553  515  486  457
  426  394  368  346  329  311  290  265  237  205  178  158  155  176  218  265
  311  356  395  430  463  496  533  568  605  636  666  692  715  737  764  787
  806  827  840  842  843  848  857  877  901  921  936  946  954  956  948  929
  909  875  827  762  683  599  526  471  463
     7.5-180.0 180.0   5.0 450.0                            LAT/LON1/LON2/DLON/H
  336  343  373  436  510  574  611  627  630  622  605  578  556  519  492  460
  427  397  370  345  323  300  274  245  212  178  153  138  137  160  203  253
  309  357  398  430  458  488  523  560  601  638  672  699  721  742  765  788
  806  824  833  835  842  850  864  888  911  925  938  950  959  962  952  928
  897  858  804  732  646  544  445  368  336
     5.0-180.0 180.0   5.0 450.0                            LAT/LON1/LON2/DLON/H
  257  238  254  307  371  438  495  526  555  570  563  544  526  500  478  451
  420  393  364  337  312  284  255  224  190  158  136  123  125  148  191  247
  305  353  393  422  445  472  501  542  585  626  664  696  720  743  773  798
  816  831  840  849  864  877  899  920  937  945  951  963  974  976  962  933
  894  850  793  723  637  530  420  320  257
     2.5-180.0 180.0   5.0 450.0                            LAT/LON1/LON2/DLON/H
  275  224  207  227  266  322  378  429  468  492  498  487  476  461  447  428
  402  376  350  322  295  264  234  203  172  144  124  114  119  141  182  236
  294  347  382  408  431  453  481  517  560  606  648  683  711  744  779  808
  830  846  857  877  899  919  946  962  968  970  973  984  993  992  971  940
  899  853  795  732  653  555  450  350  275
