DORISInput/IGSGIM/2024/IGS0OPSFIN_20241490000_01D_02H_GIM.INX
     1.0            IONOSPHERE MAPS     MIX                 IONEX VERSION / TYPE
cmpcmb v1.2          GRL/UWM            12-jun-24 16:12     PGM / RUN BY / DATE 
ionex file containing IGS COMBINED Ionosphere maps          COMMENT             
global ionosphere maps for day 149, 2024                    DESCRIPTION         
IONEX file containing the COMBINED IGS TEC MAPS and DCBs    DESCRIPTION         
      IONEX files of the following IAACs were combined: cod DESCRIPTION         
                                                        jpl DESCRIPTION         
                                                        upc DESCRIPTION         
Contact address: Andrzej Krankowski                         DESCRIPTION
                 Geodynamics Research Laboratory            DESCRIPTION
                 University of Warmia and Mazury (GRL/UWM)  DESCRIPTION
                 Oczapowski St. 1                           DESCRIPTION
                 10-957-Olsztyn, POLAND                     DESCRIPTION
                 e-mail:  kand@uwm.edu.pl                   DESCRIPTION
                                                            DESCRIPTION         
  2024     5    28     0     0     0                        EPOCH OF FIRST MAP  
  2024     5    29     0     0     0                        EPOCH OF LAST MAP   
  7200                                                      INTERVAL            
    13                                                      # OF MAPS IN FILE   
  COSZ                                                      MAPPING FUNCTION    
     0.0                                                    ELEVATION CUTOFF    
combined TEC calculated as weighted mean of input TEC valuesOBSERVABLES USED    
   334                                                      # OF STATIONS       
    32                                                      # OF SATELLITES     
  6371.0                                                    BASE RADIUS         
     2                                                      MAP DIMENSION       
   450.0 450.0   0.0                                        HGT1 / HGT2 / DHGT  
    87.5 -87.5  -2.5                                        LAT1 / LAT2 / DLAT  
  -180.0 180.0   5.0                                        LON1 / LON2 / DLON  
    -1                                                      EXPONENT            
TEC values in 0.1 tec units;  9999, if no value available   COMMENT             
DCB values in nanoseconds, reference is Sum_of_SatDCBs = 0  COMMENT             
                                                            END OF HEADER       
[from data line 858]
     3                                                      START OF TEC MAP    
  2024     5    28     4     0     0                        EPOCH OF CURRENT MAP
    87.5-180.0 180.0   5.0 450.0                            LAT/LON1/LON2/DLON/H
  234  234  234  234  234  234  234  235  235  235  235  236  236  236  236  237
  237  237  237  237  237  236  236  236  236  235  235  234  234  233  233  233
  233  232  232  232  232  232  231  232  232  232  232  231  231  231  231  231
  232  232  232  232  232  234  234  234  235  235  235  235  235  235  235  235
  235  235  235  234  234  234  234  234  234
    85.0-180.0 180.0   5.0 450.0                            LAT/LON1/LON2/DLON/H
  233  233  233  233  234  234  235  235  236  236  237  238  238  238  238  239
  239  238  239  239  239  239  238  237  237  236  237  237  237  236  236  235
  234  233  233  234  234  234  234  234  234  234  234  234  233  233  233  233
  233  233  233  233  234  235  235  236  237  237  238  238  238  238  237  237
  236  235  235  234  234  233  233  233  233
    82.5-180.0 180.0   5.0 450.0                            LAT/LON1/LON2/DLON/H
  235  235  234  235  234  234  235  235  237  238  239  240  241  242  242  243
  243  243  242  241  239  241  239  238  237  236  235  233  232  231  230  231
  230  231  231  232  233  234  235  235  236  237  238  238  239  239  239  239
  238  239  239  239  240  241  241  242  242  243  243  244  244  243  243  242
  241  240  239  237  237  236  236  235  235
    80.0-180.0 180.0   5.0 450.0                            LAT/LON1/LON2/DLON/H
  241  239  239  238  239  238  240  242  244  245  245  245  246  246  245  245
  244  243  242  241  241  241  239  235  234  233  233  231  230  230  229  229
  230  231  233  234  236  237  239  241  241  242  242  243  244  245  246  246
  246  246  246  247  247  248  249  249  249  250  250  251  250  250  249  248
  248  247  246  244  244  243  241  241  241
    77.5-180.0 180.0   5.0 450.0                            LAT/LON1/LON2/DLON/H
  248  247  246  246  246  246  248  247  246  245  244  242  241  240  240  239
  238  238  237  234  233  227  226  227  226  227  224  222  221  221  221  223
  224  227  231  235  238  241  243  246  248  249  250  250  251  252  252  252
  252  251  252  252  252  253  255  256  257  257  257  257  257  256  255  255
  254  254  253  253  251  250  249  248  248
    75.0-180.0 180.0   5.0 450.0                            LAT/LON1/LON2/DLON/H
  253  253  252  251  252  253  251  250  247  245  242  239  237  234  231  230
  228  228  227  225  220  219  219  217  215  214  212  212  211  211  212  216
  220  225  230  235  240  245  249  252  255  256  256  257  258  258  258  257
  256  255  255  254  255  256  258  260  261  262  262  263  262  262  261  261
  260  260  259  258  256  254  253  254  253
    72.5-180.0 180.0   5.0 450.0                            LAT/LON1/LON2/DLON/H
  253  254  253  254  256  256  255  254  250  246  241  237  232  227  222  221
  220  218  214  212  210  210  208  207  205  205  201  200  201  203  207  212
  217  223  229  238  244  249  254  259  262  263  263  264  264  264  262  261
  258  257  256  255  255  257  259  261  262  262  264  265  265  265  266  266
  266  265  263  262  259  257  255  255  253
    70.0-180.0 180.0   5.0 450.0                            LAT/LON1/LON2/DLON/H
  252  251  251  253  254  257  257  257  253  247  241  235  229  221  217  214
  209  204  202  201  197  198  197  196  195  195  193  193  194  199  205  213
  219  226  235  242  249  255  260  264  266  269  270  270  270  269  267  263
  261  258  255  254  254  255  257  257  258  258  260  262  263  265  266  268
  268  267  266  263  261  258  256  254  252
    67.5-180.0 180.0   5.0 450.0                            LAT/LON1/LON2/DLON/H
  248  245  245  246  248  251  255  256  254  250  243  237  229  220  214  206
  198  193  191  188  187  186  187  187  186  186  186  188  191  197  205  214
  223  232  241  248  254  261  265  267  271  274  275  275  275  273  271  268
  264  259  256  254  252  251  251  251  251  251  253  255  257  259  262  265
  266  265  265  262  260  257  254  251  248
    65.0-180.0 180.0   5.0 450.0                            LAT/LON1/LON2/DLON/H
  243  239  237  237  238  242  247  251  252  251  247  241  230  221  211  200
  190  185  181  178  178  177  178  177  178  180  182  185  190  198  208  217
  226  236  244  251  257  262  266  270  275  278  279  280  281  279  277  273
  268  264  259  255  252  249  247  244  244  243  244  245  247  250  254  257
  260  261  260  260  258  255  252  247  243
    62.5-180.0 180.0   5.0 450.0                            LAT/LON1/LON2/DLON/H
  238  233  229  227  228  232  237  242  246  249  249  245  237  226  213  201
  190  181  174  171  170  169  169  170  173  175  180  185  192  202  211  220
  227  234  242  248  254  259  264  269  276  281  285  287  288  287  285  281
  276  271  265  259  253  248  245  242  240  238  237  237  238  241  243  247
  251  252  253  255  255  253  250  245  238
    60.0-180.0 180.0   5.0 450.0                            LAT/LON1/LON2/DLON/H
  237  230  225  220  219  222  226  232  239  244  248  248  243  234  222  208
  195  182  172  166  165  164  165  166  169  174  181  189  197  206  213  219
  222  227  232  238  245  253  260  267  276  285  292  296  298  298  297  292
  288  282  275  268  260  253  249  245  242  239  236  234  233  235  236  238
  241  244  247  250  253  252  250  244  237
    57.5-180.0 180.0   5.0 450.0                            LAT/LON1/LON2/DLON/H
  240  232  224  217  214  215  218  223  230  238  244  249  249  243  234  219
  203  188  176  166  163  162  165  167  171  177  185  193  199  206  212  212
  213  216  220  226  233  244  253  264  277  288  300  308  313  313  310  306
  302  296  289  283  273  267  260  255  251  247  242  238  235  235  234  234
  237  240  244  248  253  255  252  247  240
    55.0-180.0 180.0   5.0 450.0                            LAT/LON1/LON2/DLON/H
  247  240  231  223  218  216  217  219  225  233  242  249  253  251  243  231
  214  197  181  172  166  165  167  170  174  179  188  193  199  205  207  206
  204  204  208  214  222  233  246  261  278  294  310  320  327  330  327  323
  318  314  308  303  296  289  280  275  268  263  257  249  245  243  241  240
  240  243  246  250  255  257  257  253  247
    52.5-180.0 180.0   5.0 450.0                            LAT/LON1/LON2/DLON/H
  259  252  245  237  230  225  223  222  224  231  239  248  255  257  253  241
  225  206  191  179  172  172  173  175  179  184  191  197  202  205  205  202
  198  197  199  205  214  226  241  259  280  300  318  333  341  344  342  340
  336  332  329  324  321  315  307  301  294  287  278  269  262  257  254  252
  251  251  253  255  259  263  265  263  259
    50.0-180.0 180.0   5.0 450.0                            LAT/LON1/LON2/DLON/H
  274  271  265  258  250  244  239  233  231  235  240  249  256  261  259  249
  233  216  199  190  184  183  185  186  190  196  201  208  211  212  209  202
  196  193  195  200  209  221  238  257  281  305  326  342  351  355  355  354
  351  351  350  349  347  345  339  332  323  315  304  294  285  277  272  269
  265  263  262  263  266  270  275  276  274
    47.5-180.0 180.0   5.0 450.0                            LAT/LON1/LON2/DLON/H
  293  293  288  282  275  268  260  251  245  244  246  252  258  264  262  253
  238  222  209  202  199  198  200  204  208  213  217  222  225  223  217  209
  200  196  196  199  208  221  237  257  283  309  331  347  357  362  364  365
  365  367  369  372  373  374  370  363  353  344  332  321  312  302  294  288
  282  278  274  274  276  281  288  292  293
    45.0-180.0 180.0   5.0 450.0                            LAT/LON1/LON2/DLON/H
  314  316  312  307  301  295  285  274  263  259  257  258  263  267  263  253
  240  225  216  211  211  214  218  223  227  233  236  241  242  238  231  222
  211  205  203  205  212  224  239  257  282  309  332  349  359  364  367  371
  375  381  386  392  396  397  396  391  382  372  359  347  337  329  320  313
  304  297  292  289  290  295  304  310  314
    42.5-180.0 180.0   5.0 450.0                            LAT/LON1/LON2/DLON/H
  337  339  336  332  327  320  310  298  285  277  271  269  270  271  265  253
  241  228  220  218  221  227  234  241  247  255  258  262  262  258  250  239
  227  219  214  214  218  226  239  258  281  308  332  348  356  361  366  374
  384  392  399  408  413  416  418  416  408  398  385  372  363  357  349  342
  332  321  315  311  308  312  322  330  337
    40.0-180.0 180.0   5.0 450.0                            LAT/LON1/LON2/DLON/H
  363  362  360  355  352  342  333  322  310  299  289  283  279  276  268  254
  242  231  223  224  229  238  247  259  268  278  284  287  283  277  267  256
  244  233  226  224  226  231  242  258  281  307  327  342  349  355  363  374
  384  396  406  416  425  430  436  436  433  424  411  399  389  384  379  372
  361  349  341  336  332  333  344  353  363
    37.5-180.0 180.0   5.0 450.0                            LAT/LON1/LON2/DLON/H
  393  396  388  379  371  360  354  344  335  322  311  301  291  283  272  257
  244  234  227  230  237  246  259  277  289  304  311  312  306  295  283  270
  258  247  238  234  234  237  245  259  280  302  322  334  340  345  355  367
  381  393  405  418  430  440  449  456  456  449  438  428  418  414  409  404
  393  380  373  364  361  361  368  380  393
    35.0-180.0 180.0   5.0 450.0                            LAT/LON1/LON2/DLON/H
  426  432  419  406  395  383  376  365  356  345  333  319  305  292  277  261
  249  238  232  235  243  255  272  296  311  330  338  336  326  313  298  280
  268  256  247  243  240  241  248  259  278  299  315  325  329  332  341  355
  370  383  400  415  431  446  461  474  480  477  469  459  450  447  443  439
  427  415  406  398  395  394  399  413  426
    32.5-180.0 180.0   5.0 450.0                            LAT/LON1/LON2/DLON/H
  466  470  457  441  427  417  402  388  376  363  349  334  320  305  287  270
  257  244  239  241  250  265  288  315  333  358  362  357  343  325  308  286
  272  261  253  249  245  244  249  258  276  294  308  315  317  320  328  342
  357  371  389  409  429  451  471  489  502  504  500  494  485  481  478  474
  462  451  442  434  432  432  438  450  466
    30.0-180.0 180.0   5.0 450.0                            LAT/LON1/LON2/DLON/H
  513  522  510  488  467  450  433  413  399  382  365  350  337  320  299  282
  268  253  247  249  258  277  304  332  353  384  384  372  353  330  306  285
  269  257  251  249  246  245  248  255  271  285  295  302  306  310  319  331
  345  362  380  402  428  454  480  504  523  531  532  528  522  518  513  509
  496  485  479  475  472  475  485  497  513
    27.5-180.0 180.0   5.0 450.0                            LAT/LON1/LON2/DLON/H
  574  586  575  550  520  496  473  449  432  410  389  370  356  339  316  297
  279  264  256  259  270  291  321  353  374  401  397  381  357  323  295  275
  257  247  242  242  242  242  244  250  261  273  283  290  297  303  312  324
  340  357  376  399  426  457  487  516  540  551  557  557  556  555  549  544
  530  520  519  519  517  525  541  557  574
    25.0-180.0 180.0   5.0 450.0                            LAT/LON1/LON2/DLON/H
  644  659  652  625  591  559  530  494  471  446  419  395  380  361  337  316
  295  278  269  270  284  307  339  375  394  410  399  377  347  304  273  251
  234  227  226  230  234  233  234  240  249  259  270  282  291  300  310  324
  340  356  375  398  427  459  491  524  550  565  575  582  586  589  586  575
  562  555  559  563  565  577  592  616  644
    22.5-180.0 180.0   5.0 450.0                            LAT/LON1/LON2/DLON/H
  707  728  736  712  676  636  593  549  518  486  452  424  408  387  363  339
  317  300  288  285  302  327  357  388  402  407  389  354  314  269  240  220
  206  201  207  213  218  218  218  222  231  242  260  277  290  303  315  328
  344  361  378  400  429  459  492  527  553  572  587  599  609  617  617  605
  595  589  597  604  609  624  642  671  707
    20.0-180.0 180.0   5.0 450.0                            LAT/LON1/LON2/DLON/H
  760  794  803  792  760  712  665  612  571  527  486  457  437  414  391  367
  343  325  310  307  320  347  371  391  397  388  360  316  271  230  203  185
  176  174  185  193  198  199  196  198  206  223  250  272  291  309  325  338
  352  369  386  409  435  463  494  530  555  576  593  611  625  638  642  632
  623  621  632  638  647  664  684  718  760
    17.5-180.0 180.0   5.0 450.0                            LAT/LON1/LON2/DLON/H
  786  828  854  858  834  785  725  667  625  573  524  490  466  441  419  394
  370  349  334  328  338  359  377  385  379  355  316  269  227  190  167  154
  145  151  162  175  182  180  172  168  179  199  236  264  291  316  337  353
  366  383  401  425  450  477  504  534  558  579  599  620  637  654  661  658
  650  649  660  668  679  693  711  741  786
    15.0-180.0 180.0   5.0 450.0                            LAT/LON1/LON2/DLON/H
  787  832  867  882  873  833  773  717  666  614  564  523  490  463  438  415
  391  368  352  343  348  360  368  365  350  312  265  218  182  154  137  130
  128  135  148  162  171  164  152  146  153  181  221  260  294  324  350  371
  385  403  423  447  473  497  521  545  565  586  607  627  646  666  676  679
  677  677  684  693  701  707  719  745  787
    12.5-180.0 180.0   5.0 450.0                            LAT/LON1/LON2/DLON/H
  766  803  835  858  867  842  791  738  688  641  595  551  511  477  449  423
  402  379  362  351  348  350  348  333  308  258  214  171  142  124  117  116
  116  126  143  157  162  151  136  127  136  168  213  260  301  336  365  388
  405  426  447  468  494  517  539  560  581  601  620  636  653  672  685  692
  696  697  704  712  712  710  716  732  766
    10.0-180.0 180.0   5.0 450.0                            LAT/LON1/LON2/DLON/H
  733  752  772  800  817  808  770  720  682  644  604  562  522  480  449  426
  402  383  366  350  341  334  321  293  261  210  168  134  114  106  106  109
  113  124  141  152  150  139  125  118  130  162  210  261  306  347  378  402
  423  442  467  487  512  538  564  588  609  627  642  653  664  679  691  701
  708  711  717  723  721  712  711  718  733
     7.5-180.0 180.0   5.0 450.0                            LAT/LON1/LON2/DLON/H
  699  705  718  738  751  744  716  671  640  615  584  552  510  469  439  419
  400  380  363  346  330  313  290  252  217  170  137  114  100   97  100  108
  117  128  139  144  139  129  118  115  126  158  207  258  305  350  383  408
  430  453  476  501  529  561  594  625  650  666  673  677  681  689  700  712
  718  721  726  728  727  722  711  703  699
     5.0-180.0 180.0   5.0 450.0                            LAT/LON1/LON2/DLON/H
  692  685  684  688  687  673  644  609  581  560  541  516  480  446  418  405
  393  375  358  338  316  290  258  217  182  141  116  103   97   97  102  109
  120  128  133  133  127  118  113  112  124  155  201  250  298  340  376  406
  429  451  476  504  538  577  622  663  693  710  711  705  703  704  712  726
  730  731  732  733  731  730  720  704  692
     2.5-180.0 180.0   5.0 450.0                            LAT/LON1/LON2/DLON/H
  708  693  681  669  655  630  594  553  516  496  480  459  434  411  392  382
  376  368  354  330  302  269  232  190  158  124  108  102  100  102  106  110
  119  123  124  122  117  109  106  109  122  149  190  239  288  331  366  395
  419  441  468  495  534  581  636  685  726  746  744  730  722  722  722  731
  734  732  732  733  732  735  733  722  708
