DORISInput/IGSGIM/2024/IGS0OPSFIN_20241550000_01D_02H_GIM.INX
     1.0            IONOSPHERE MAPS     MIX                 IONEX VERSION / TYPE
cmpcmb v1.2          GRL/UWM            24-jun-24 15:58     PGM / RUN BY / DATE 
ionex file containing IGS COMBINED Ionosphere maps          COMMENT             
global ionosphere maps for day 155, 2024                    DESCRIPTION         
IONEX file containing the COMBINED IGS TEC MAPS and DCBs    DESCRIPTION         
      IONEX files of the following IAACs were combined: cod DESCRIPTION         
                                                        jpl DESCRIPTION         
                                                        upc DESCRIPTION         
Contact address: Andrzej Krankowski                         DESCRIPTION
                 Geodynamics Research Laboratory            DESCRIPTION
                 University of Warmia and Mazury (GRL/UWM)  DESCRIPTION
                 Oczapowski St. 1                           DESCRIPTION
                 10-957-Olsztyn, POLAND                     DESCRIPTION
                 e-mail:  kand@uwm.edu.pl                   DESCRIPTION
                                                            DESCRIPTION         
  2024     6     3     0     0     0                        EPOCH OF FIRST MAP  
  2024     6     4     0     0     0                        EPOCH OF LAST MAP   
  7200                                                      INTERVAL            
    13                                                      # OF MAPS IN FILE   
  COSZ                                                      MAPPING FUNCTION    
     0.0                                                    ELEVATION CUTOFF    
combined TEC calculated as weighted mean of input TEC valuesOBSERVABLES USED    
   335                                                      # OF STATIONS       
    32                                                      # OF SATELLITES     
  6371.0                                                    BASE RADIUS         
     2                                                      MAP DIMENSION       
   450.0 450.0   0.0                                        HGT1 / HGT2 / DHGT  
    87.5 -87.5  -2.5                                        LAT1 / LAT2 / DLAT  
  -180.0 180.0   5.0                                        LON1 / LON2 / DLON  
    -1                                                      EXPONENT            
TEC values in 0.1 tec units;  9999, if no value available   COMMENT             
DCB values in nanoseconds, reference is Sum_of_SatDCBs = 0  COMMENT             
                                                            END OF HEADER       
[from data line 4290]
    11                                                      START OF TEC MAP    
  2024     6     3    20     0     0                        EPOCH OF CURRENT MAP
    87.5-180.0 180.0   5.0 450.0                            LAT/LON1/LON2/DLON/H
  263  264  263  263  263  264  264  264  265  265  264  264  265  265  265  266
  266  266  265  266  265  265  265  265  264  264  264  264  264  264  263  263
  262  262  262  260  260  260  260  259  259  258  258  258  258  258  258  258
  258  259  258  258  259  259  260  260  260  261  261  262  262  263  263  263
  263  263  263  263  263  263  263  263  263
    85.0-180.0 180.0   5.0 450.0                            LAT/LON1/LON2/DLON/H
  259  259  259  259  259  259  260  260  261  262  263  263  264  265  266  266
  266  267  267  267  266  266  265  264  264  264  263  262  262  261  260  259
  258  258  257  255  254  253  252  251  250  249  249  247  247  247  247  247
  247  248  249  249  250  252  253  255  256  258  258  260  261  261  261  261
  261  261  261  261  260  260  259  260  259
    82.5-180.0 180.0   5.0 450.0                            LAT/LON1/LON2/DLON/H
  252  251  249  249  248  248  247  247  248  250  252  254  257  258  261  263
  265  266  267  267  268  267  265  264  263  263  262  260  259  257  256  253
  252  249  247  246  244  242  241  240  238  237  236  235  235  234  235  235
  236  237  239  240  241  243  245  249  252  255  256  259  259  260  260  260
  260  259  258  257  256  255  254  253  252
    80.0-180.0 180.0   5.0 450.0                            LAT/LON1/LON2/DLON/H
  244  242  239  236  234  233  234  236  239  242  245  249  251  255  258  261
  264  267  268  269  269  268  265  263  262  259  257  256  254  252  250  248
  246  244  242  240  237  235  233  231  228  226  224  223  222  223  222  223
  225  226  229  231  233  235  238  242  246  250  253  255  256  258  258  257
  257  255  254  252  250  249  247  246  244
    77.5-180.0 180.0   5.0 450.0                            LAT/LON1/LON2/DLON/H
  240  236  233  230  228  227  227  230  232  234  237  242  245  250  255  258
  261  263  263  267  269  269  265  262  261  259  256  253  251  248  246  244
  241  239  237  235  233  230  227  224  222  220  218  215  213  213  213  213
  215  216  219  223  226  229  233  237  241  245  249  252  254  255  255  255
  254  253  251  250  249  247  245  243  240
    75.0-180.0 180.0   5.0 450.0                            LAT/LON1/LON2/DLON/H
  247  242  238  233  231  229  229  230  232  234  237  240  245  250  254  258
  261  266  267  269  268  268  267  265  262  259  256  255  251  247  245  242
  239  237  234  232  231  228  226  223  219  216  214  211  210  210  210  211
  212  212  214  217  222  225  229  234  237  241  245  249  251  253  253  255
  255  255  255  255  255  253  252  249  247
    72.5-180.0 180.0   5.0 450.0                            LAT/LON1/LON2/DLON/H
  264  258  253  248  243  240  238  238  240  244  245  248  252  258  262  266
  269  271  271  272  271  272  271  269  265  262  259  255  252  249  246  242
  240  237  234  232  230  230  227  224  221  218  215  213  213  211  212  213
  213  214  215  217  220  223  227  232  235  240  243  248  251  253  255  258
  260  262  264  267  267  268  268  267  264
    70.0-180.0 180.0   5.0 450.0                            LAT/LON1/LON2/DLON/H
  286  281  274  269  264  258  255  257  259  260  263  266  269  273  277  279
  280  279  281  280  278  278  277  275  271  267  263  260  256  252  249  245
  242  239  237  235  233  233  232  229  226  224  223  221  220  218  217  217
  217  219  219  220  221  225  228  231  235  239  243  248  252  256  260  264
  268  273  277  282  287  289  290  290  286
    67.5-180.0 180.0   5.0 450.0                            LAT/LON1/LON2/DLON/H
  312  308  301  294  288  282  278  277  279  282  283  286  292  292  292  293
  293  292  294  291  288  287  286  284  281  276  273  268  262  258  254  250
  246  244  241  238  237  235  236  236  233  233  231  230  230  228  228  226
  226  226  226  225  224  226  228  230  234  238  243  249  254  260  265  270
  278  284  293  301  306  310  313  315  312
    65.0-180.0 180.0   5.0 450.0                            LAT/LON1/LON2/DLON/H
  340  335  330  322  314  307  300  297  298  299  302  306  309  310  309  307
  308  307  307  305  303  301  300  297  295  289  285  280  273  268  263  258
  254  250  246  242  240  240  240  241  242  241  242  241  241  240  238  236
  235  233  231  229  226  225  226  227  231  236  242  249  255  263  269  277
  286  295  306  316  324  329  335  342  340
    62.5-180.0 180.0   5.0 450.0                            LAT/LON1/LON2/DLON/H
  365  360  356  347  336  328  320  314  312  313  315  319  321  322  322  321
  323  320  320  319  318  317  315  312  308  304  298  292  285  280  273  268
  263  258  252  248  244  244  244  247  250  251  251  251  251  249  249  244
  242  238  235  230  225  222  220  222  225  231  239  247  255  265  273  283
  293  304  317  328  337  346  355  366  365
    60.0-180.0 180.0   5.0 450.0                            LAT/LON1/LON2/DLON/H
  381  378  374  366  355  344  335  328  323  321  322  324  326  329  331  332
  334  333  333  332  331  329  327  324  321  316  312  307  301  294  286  279
  273  268  261  256  253  250  252  255  258  259  259  258  256  254  252  249
  247  241  236  228  222  217  215  215  219  226  236  246  256  266  278  287
  300  310  324  336  347  359  370  379  381
    57.5-180.0 180.0   5.0 450.0                            LAT/LON1/LON2/DLON/H
  390  390  387  379  368  357  346  338  331  326  324  325  327  331  334  338
  342  343  344  343  341  338  336  334  331  327  324  319  315  310  302  292
  287  281  273  266  263  261  261  264  265  266  264  261  258  255  253  250
  247  241  235  227  219  212  209  209  212  221  231  243  256  268  281  292
  304  316  329  342  353  366  377  386  390
    55.0-180.0 180.0   5.0 450.0                            LAT/LON1/LON2/DLON/H
  396  398  396  387  379  367  357  347  337  330  327  326  327  331  336  342
  346  350  350  349  347  344  341  339  337  336  334  331  328  325  316  310
  304  298  289  281  275  272  272  274  274  272  268  263  258  255  252  248
  246  240  233  226  217  211  207  205  208  216  227  239  254  268  283  297
  309  321  333  346  356  368  380  390  396
    52.5-180.0 180.0   5.0 450.0                            LAT/LON1/LON2/DLON/H
  398  404  405  397  389  378  367  355  345  336  330  327  328  332  338  344
  350  353  353  352  349  345  343  341  342  343  344  343  343  340  335  329
  327  320  311  300  292  287  286  285  283  280  274  267  260  255  252  249
  247  240  234  226  218  213  208  206  208  213  224  236  252  267  285  301
  313  325  338  349  360  372  382  392  398
    50.0-180.0 180.0   5.0 450.0                            LAT/LON1/LON2/DLON/H
  406  415  415  410  402  390  379  366  355  344  336  333  332  336  341  347
  352  354  354  352  349  346  344  346  348  352  356  359  361  359  354  351
  347  342  332  321  311  304  300  298  294  289  281  271  262  257  254  251
  250  243  238  231  224  218  214  211  210  214  222  233  250  267  286  305
  320  332  346  355  365  377  388  397  406
    47.5-180.0 180.0   5.0 450.0                            LAT/LON1/LON2/DLON/H
  422  433  434  429  419  407  394  381  366  356  346  341  340  342  346  350
  353  354  353  351  349  348  349  352  358  365  372  377  379  378  373  370
  366  362  353  340  331  323  316  310  305  298  288  277  269  262  259  256
  254  250  244  238  232  227  222  218  215  217  222  232  249  270  290  311
  328  341  356  367  378  389  401  412  422
    45.0-180.0 180.0   5.0 450.0                            LAT/LON1/LON2/DLON/H
  445  457  459  456  447  430  417  401  382  370  361  354  351  351  352  354
  355  354  353  353  352  354  359  366  374  384  393  398  399  396  392  388
  384  379  371  360  350  340  331  323  315  307  298  287  278  271  267  266
  265  259  253  249  244  239  234  228  223  222  226  235  250  273  295  319
  339  354  370  383  396  407  422  433  445
    42.5-180.0 180.0   5.0 450.0                            LAT/LON1/LON2/DLON/H
  474  486  489  486  476  459  445  427  407  389  378  370  364  362  360  358
  357  356  356  357  361  367  375  386  396  409  417  421  419  413  409  405
  400  396  387  377  368  356  345  335  327  319  310  300  291  284  280  278
  276  271  267  263  258  254  247  241  233  229  231  238  254  277  301  328
  351  371  388  403  419  433  448  461  474
    40.0-180.0 180.0   5.0 450.0                            LAT/LON1/LON2/DLON/H
  504  515  519  517  506  488  473  457  433  411  399  389  380  376  371  366
  362  362  364  369  377  387  399  411  424  437  445  448  442  433  428  422
  417  413  407  395  385  373  359  347  339  331  324  316  308  301  296  294
  291  287  282  276  272  268  261  252  244  239  239  246  262  285  311  336
  362  386  406  423  442  458  475  491  504
    37.5-180.0 180.0   5.0 450.0                            LAT/LON1/LON2/DLON/H
  532  543  548  546  536  519  501  487  465  443  425  412  403  394  386  379
  373  375  378  387  400  414  428  441  453  469  476  477  469  458  450  442
  439  434  427  416  404  390  375  361  352  346  341  336  330  323  316  310
  307  301  296  290  285  281  272  262  254  251  254  260  273  294  320  345
  370  396  420  441  462  480  498  516  532
    35.0-180.0 180.0   5.0 450.0                            LAT/LON1/LON2/DLON/H
  549  564  574  573  564  551  534  517  496  477  458  441  428  419  409  399
  393  395  400  413  430  447  462  473  484  499  506  507  499  489  478  469
  463  459  450  438  422  405  389  376  368  363  361  358  351  346  336  325
  319  312  306  300  295  291  282  273  266  265  269  275  286  303  327  352
  377  403  428  452  473  491  511  530  549
    32.5-180.0 180.0   5.0 450.0                            LAT/LON1/LON2/DLON/H
  556  575  593  600  596  583  570  553  531  511  495  477  461  449  437  426
  423  425  432  448  468  485  498  506  516  530  535  536  530  520  509  499
  492  484  472  457  439  419  402  390  385  383  382  379  374  368  355  338
  329  319  311  305  301  296  291  285  280  279  282  288  298  313  332  354
  378  403  427  452  474  494  514  535  556
    30.0-180.0 180.0   5.0 450.0                            LAT/LON1/LON2/DLON/H
  553  576  600  619  623  618  610  593  572  552  534  515  499  485  471  462
  460  462  471  489  511  526  533  537  546  557  562  565  564  553  543  532
  521  509  493  472  449  429  412  401  397  399  399  398  394  383  365  346
  334  321  313  307  304  300  298  295  292  292  294  299  308  320  334  351
  371  394  417  442  463  483  505  527  553
    27.5-180.0 180.0   5.0 450.0                            LAT/LON1/LON2/DLON/H
  541  568  599  626  642  647  647  635  614  594  576  555  540  525  513  508
  502  505  515  532  553  563  563  565  572  582  587  594  596  589  579  566
  549  531  508  481  452  432  416  406  403  410  412  409  404  388  367  345
  330  318  310  304  302  300  300  300  300  300  302  305  310  318  327  338
  356  378  398  422  443  462  486  512  541
    25.0-180.0 180.0   5.0 450.0                            LAT/LON1/LON2/DLON/H
  522  555  590  625  650  667  675  670  654  636  617  597  586  576  560  555
  546  550  559  576  591  596  593  594  597  603  610  620  625  622  615  598
  576  545  516  480  447  426  412  401  394  405  409  406  401  386  362  337
  321  310  301  294  293  292  292  298  301  302  303  304  306  308  312  318
  331  350  370  396  415  436  461  488  522
    22.5-180.0 180.0   5.0 450.0                            LAT/LON1/LON2/DLON/H
  499  535  575  612  646  672  688  692  685  670  654  644  635  626  610  604
  593  595  606  620  629  630  625  624  622  623  631  641  652  656  649  626
  593  551  506  462  429  402  385  376  369  380  388  384  382  372  347  322
  307  296  288  281  276  273  276  287  294  298  297  295  294  292  291  294
  304  321  344  371  390  413  437  464  499
    20.0-180.0 180.0   5.0 450.0                            LAT/LON1/LON2/DLON/H
  480  515  554  592  629  661  687  699  700  697  687  682  677  672  659  650
  641  640  649  661  668  666  658  653  645  644  649  658  679  686  674  645
  600  547  485  426  389  361  341  329  321  334  346  343  344  342  319  297
  284  280  270  261  253  251  259  268  277  283  281  277  272  267  265  267
  278  297  324  350  374  398  420  449  480
    17.5-180.0 180.0   5.0 450.0                            LAT/LON1/LON2/DLON/H
  469  499  534  569  608  641  672  692  703  709  707  706  705  704  695  686
  679  681  689  699  704  701  691  681  670  667  667  671  687  697  683  650
  598  534  462  397  352  323  300  280  270  283  294  296  298  297  284  274
  266  260  251  240  233  234  242  248  254  258  260  255  247  239  237  241
  256  280  309  338  365  389  415  440  469
    15.0-180.0 180.0   5.0 450.0                            LAT/LON1/LON2/DLON/H
  469  494  521  553  588  621  651  677  695  706  711  716  720  723  717  710
  705  708  720  731  737  735  723  710  697  687  680  677  684  688  670  639
  586  518  444  377  332  303  273  244  233  239  249  256  262  263  260  258
  256  248  239  227  220  221  224  228  233  235  236  231  221  212  208  215
  235  264  298  332  364  393  419  445  469
    12.5-180.0 180.0   5.0 450.0                            LAT/LON1/LON2/DLON/H
  477  499  522  546  576  605  633  658  681  697  706  716  726  733  732  724
  721  726  742  758  767  765  753  738  719  701  689  680  678  673  654  619
  568  506  431  369  330  297  264  233  217  217  225  235  240  243  247  250
  252  246  235  222  213  211  211  214  216  216  214  207  197  187  183  191
  214  248  288  328  366  400  429  455  477
    10.0-180.0 180.0   5.0 450.0                            LAT/LON1/LON2/DLON/H
  492  511  530  550  574  598  622  645  668  685  697  712  728  737  740  735
  734  743  762  782  792  791  776  758  731  708  691  680  672  660  639  607
  563  500  433  380  345  315  284  249  226  217  223  232  234  238  243  251
  256  251  237  220  208  203  202  203  204  202  198  191  181  170  169  175
  195  233  279  323  368  406  439  468  492
     7.5-180.0 180.0   5.0 450.0                            LAT/LON1/LON2/DLON/H
  508  529  547  565  585  604  622  639  659  676  690  706  724  736  741  741
  742  754  777  801  811  808  788  764  735  711  693  679  667  651  632  603
  563  508  454  410  384  365  337  298  261  246  249  253  247  246  252  265
  271  261  242  222  209  202  198  197  196  193  188  181  172  162  160  167
  183  221  266  314  363  407  446  480  508
     5.0-180.0 180.0   5.0 450.0                            LAT/LON1/LON2/DLON/H
  525  550  571  594  612  626  636  646  659  674  687  702  718  729  734  737
  742  758  784  810  820  812  789  759  733  711  693  677  662  645  627  604
  571  526  485  450  434  426  410  369  323  299  293  287  278  269  273  284
  287  273  251  228  214  203  196  195  191  187  182  177  169  160  156  162
  177  211  254  307  356  406  449  490  525
     2.5-180.0 180.0   5.0 450.0                            LAT/LON1/LON2/DLON/H
  540  575  605  630  650  661  665  667  672  682  693  703  714  720  724  727
  733  751  779  802  812  802  776  748  724  707  691  675  658  638  623  602
  573  542  516  488  479  482  473  437  396  357  339  327  314  304  302  305
  300  280  256  231  212  200  193  191  186  182  178  174  168  160  156  160
  172  200  243  294  349  401  452  499  540
