DORISInput/IGSGIM/2024/IGS0OPSFIN_20241480000_01D_02H_GIM.INX
     1.0            IONOSPHERE MAPS     MIX                 IONEX VERSION / TYPE
cmpcmb v1.2          GRL/UWM            12-jun-24 16:07     PGM / RUN BY / DATE 
ionex file containing IGS COMBINED Ionosphere maps          COMMENT             
global ionosphere maps for day 148, 2024                    DESCRIPTION         
IONEX file containing the COMBINED IGS TEC MAPS and DCBs    DESCRIPTION         
      IONEX files of the following IAACs were combined: cod DESCRIPTION         
                                                        jpl DESCRIPTION         
                                                        upc DESCRIPTION         
Contact address: Andrzej Krankowski                         DESCRIPTION
                 Geodynamics Research Laboratory            DESCRIPTION
                 University of Warmia and Mazury (GRL/UWM)  DESCRIPTION
                 Oczapowski St. 1                           DESCRIPTION
                 10-957-Olsztyn, POLAND                     DESCRIPTION
                 e-mail:  kand@uwm.edu.pl                   DESCRIPTION
                                                            DESCRIPTION         
  2024     5    27     0     0     0                        EPOCH OF FIRST MAP  
  2024     5    28     0     0     0                        EPOCH OF LAST MAP   
  7200                                                      INTERVAL            
    13                                                      # OF MAPS IN FILE   
  COSZ                                                      MAPPING FUNCTION    
     0.0                                                    ELEVATION CUTOFF    
combined TEC calculated as weighted mean of input TEC valuesOBSERVABLES USED    
   334                                                      # OF STATIONS       
    32                                                      # OF SATELLITES     
  6371.0                                                    BASE RADIUS         
     2                                                      MAP DIMENSION       
   450.0 450.0   0.0                                        HGT1 / HGT2 / DHGT  
    87.5 -87.5  -2.5                                        LAT1 / LAT2 / DLAT  
  -180.0 180.0   5.0                                        LON1 / LON2 / DLON  
    -1                                                      EXPONENT            
TEC values in 0.1 tec units;  9999, if no value available   COMMENT             
DCB values in nanoseconds, reference is Sum_of_SatDCBs = 0  COMMENT             
                                                            END OF HEADER       
[from data line 1287]
     4                                                      START OF TEC MAP    
  2024     5    27     6     0     0                        EPOCH OF CURRENT MAP
    87.5-180.0 180.0   5.0 450.0                            LAT/LON1/LON2/DLON/H
  231  233  233  233  233  234  234  235  235  236  235  234  234  234  235  234
  234  235  235  235  236  236  236  236  236  235  235  235  235  234  234  235
  235  234  234  235  234  235  234  234  234  235  234  234  234  234  234  234
  234  234  234  234  234  234  234  234  233  233  233  233  233  232  232  232
  231  231  231  231  231  232  232  232  231
    85.0-180.0 180.0   5.0 450.0                            LAT/LON1/LON2/DLON/H
  233  233  235  236  236  237  239  239  240  240  240  241  240  240  241  240
  239  238  238  237  238  237  237  236  236  236  236  236  236  235  234  234
  234  233  233  233  232  232  232  232  232  232  233  233  233  233  233  233
  234  234  235  235  236  236  236  236  237  236  236  235  234  234  233  233
  232  232  232  232  231  232  231  233  233
    82.5-180.0 180.0   5.0 450.0                            LAT/LON1/LON2/DLON/H
  232  233  233  235  235  237  238  239  240  241  242  242  242  243  242  241
  241  241  241  240  238  238  237  237  238  238  238  237  236  235  234  233
  232  232  231  230  230  230  230  230  230  231  231  231  233  233  235  236
  238  238  239  241  243  243  244  245  245  245  245  243  241  239  238  236
  235  233  231  230  230  230  230  230  232
    80.0-180.0 180.0   5.0 450.0                            LAT/LON1/LON2/DLON/H
  227  228  229  230  231  233  234  236  238  239  239  239  238  238  236  236
  236  235  235  235  235  236  235  238  236  236  236  235  234  233  231  230
  230  229  229  229  229  229  229  230  231  232  233  234  235  236  239  242
  244  247  249  251  253  255  257  258  258  259  258  256  253  250  247  244
  240  237  234  231  229  228  227  227  227
    77.5-180.0 180.0   5.0 450.0                            LAT/LON1/LON2/DLON/H
  222  222  223  224  226  228  230  232  233  234  234  233  233  230  228  225
  225  224  224  223  226  229  230  230  231  231  231  230  230  229  228  228
  227  226  225  226  227  228  230  232  233  235  236  238  240  242  246  250
  253  257  260  264  267  270  272  273  274  274  274  272  268  265  260  256
  251  246  241  235  231  228  224  222  222
    75.0-180.0 180.0   5.0 450.0                            LAT/LON1/LON2/DLON/H
  217  218  219  220  221  224  226  229  231  231  231  228  223  221  219  216
  213  211  212  214  217  219  223  226  227  226  227  228  228  227  226  225
  225  226  227  228  229  232  234  235  237  238  241  244  246  249  253  259
  264  269  273  277  280  284  287  289  291  292  291  289  286  283  278  272
  266  258  250  242  234  228  222  219  217
    72.5-180.0 180.0   5.0 450.0                            LAT/LON1/LON2/DLON/H
  215  215  216  217  219  222  224  227  228  227  225  221  218  213  209  205
  200  198  199  202  207  210  214  219  222  223  222  224  225  225  224  226
  227  229  230  232  235  236  237  239  242  243  245  248  251  256  261  268
  273  280  286  291  293  297  300  302  303  305  305  302  301  298  293  287
  280  270  260  250  240  231  224  218  215
    70.0-180.0 180.0   5.0 450.0                            LAT/LON1/LON2/DLON/H
  219  216  216  217  219  222  224  225  225  224  221  216  212  205  197  192
  189  187  189  192  197  202  207  212  216  218  219  220  222  224  225  226
  230  232  234  236  238  239  241  244  245  247  250  252  257  263  269  276
  282  288  296  301  303  304  306  307  308  310  310  308  308  305  301  296
  289  279  269  259  247  237  229  223  219
    67.5-180.0 180.0   5.0 450.0                            LAT/LON1/LON2/DLON/H
  225  222  220  220  221  224  225  225  224  222  218  214  207  197  191  185
  182  180  181  185  188  195  200  205  209  211  214  217  220  223  226  230
  233  236  238  239  240  241  243  245  247  249  253  257  262  268  276  282
  289  294  300  304  305  305  305  305  306  306  306  305  304  303  301  298
  292  284  274  265  254  245  236  231  225
    65.0-180.0 180.0   5.0 450.0                            LAT/LON1/LON2/DLON/H
  233  228  224  223  223  224  225  225  223  221  217  212  203  195  189  182
  179  176  176  180  184  188  194  198  200  203  206  213  217  221  229  233
  237  240  241  242  242  242  244  245  248  251  255  261  266  273  282  288
  294  298  301  303  301  300  299  298  297  295  293  292  293  294  293  292
  288  281  275  268  260  253  245  239  233
    62.5-180.0 180.0   5.0 450.0                            LAT/LON1/LON2/DLON/H
  239  232  228  226  225  224  224  224  222  219  215  210  203  195  188  182
  176  173  173  175  178  181  186  190  192  194  198  205  214  221  229  235
  240  242  243  243  242  241  242  245  248  253  258  264  271  280  287  293
  298  300  301  299  297  293  290  287  284  281  277  276  277  280  280  280
  276  273  269  266  262  258  252  246  239
    60.0-180.0 180.0   5.0 450.0                            LAT/LON1/LON2/DLON/H
  243  236  231  227  225  225  224  223  221  218  213  209  203  196  188  182
  177  173  171  170  172  174  177  180  182  186  190  197  208  217  227  234
  240  243  242  242  240  240  242  244  249  254  261  269  277  285  293  298
  302  303  303  300  296  291  285  279  275  270  266  266  266  267  266  264
  261  260  260  261  261  260  256  250  243
    57.5-180.0 180.0   5.0 450.0                            LAT/LON1/LON2/DLON/H
  246  240  234  230  227  226  225  223  220  216  213  209  202  196  189  183
  177  172  169  166  166  167  169  171  172  176  182  190  198  209  221  232
  239  242  242  240  239  239  241  246  251  258  266  273  282  291  297  303
  308  309  309  305  300  294  288  283  277  271  268  266  264  261  257  253
  249  249  251  255  259  260  258  253  246
    55.0-180.0 180.0   5.0 450.0                            LAT/LON1/LON2/DLON/H
  248  242  237  233  231  229  227  225  221  217  212  206  201  193  187  181
  175  169  166  163  163  163  166  166  166  170  174  180  189  200  217  229
  237  242  242  240  239  240  243  248  255  262  271  279  288  297  304  310
  313  316  316  314  308  302  299  296  291  286  283  276  270  264  257  250
  243  241  244  249  255  259  258  253  248
    52.5-180.0 180.0   5.0 450.0                            LAT/LON1/LON2/DLON/H
  249  245  242  239  240  236  234  229  225  219  211  203  197  188  182  176
  171  167  165  162  162  165  167  167  166  167  169  175  183  197  214  228
  238  242  242  241  241  243  247  252  259  268  277  285  295  304  311  316
  321  324  325  325  321  320  317  316  312  307  301  294  286  278  267  253
  244  239  241  248  254  258  258  254  249
    50.0-180.0 180.0   5.0 450.0                            LAT/LON1/LON2/DLON/H
  253  251  250  251  252  249  244  239  232  223  213  203  192  183  176  170
  166  164  163  164  166  170  172  172  171  170  170  174  183  197  216  230
  240  245  245  244  244  247  251  257  265  273  283  292  302  312  318  325
  330  334  337  340  342  342  340  338  335  329  323  315  306  297  282  265
  253  246  246  251  256  259  259  256  253
    47.5-180.0 180.0   5.0 450.0                            LAT/LON1/LON2/DLON/H
  262  261  263  267  268  266  261  254  244  231  217  203  190  178  171  165
  162  161  163  168  173  176  180  182  182  181  178  181  190  204  221  236
  246  250  249  248  248  252  256  263  272  281  290  300  309  319  328  336
  341  348  353  359  363  366  365  362  355  348  342  333  324  314  301  283
  269  260  258  259  261  264  266  263  262
    45.0-180.0 180.0   5.0 450.0                            LAT/LON1/LON2/DLON/H
  273  275  279  284  288  284  277  269  258  242  226  209  192  178  168  162
  160  161  165  173  180  185  191  195  195  195  193  195  203  215  229  243
  255  258  256  254  255  259  264  271  280  290  299  308  319  331  341  352
  357  365  374  380  386  390  388  384  374  364  356  347  339  330  320  305
  291  281  276  273  272  274  276  274  273
    42.5-180.0 180.0   5.0 450.0                            LAT/LON1/LON2/DLON/H
  290  294  298  303  306  301  292  281  269  253  235  216  196  181  170  164
  162  165  170  179  187  195  201  207  211  213  213  216  223  231  244  257
  266  267  263  262  263  267  273  280  290  299  309  320  332  345  356  367
  376  386  396  403  410  414  410  403  392  377  366  356  349  345  340  328
  314  304  297  293  291  289  293  290  290
    40.0-180.0 180.0   5.0 450.0                            LAT/LON1/LON2/DLON/H
  313  315  317  320  319  312  302  289  275  260  243  226  206  188  176  169
  167  171  176  185  194  203  212  220  228  233  237  241  247  252  261  273
  277  274  269  268  269  275  282  292  301  310  322  333  346  358  373  385
  396  409  418  427  434  436  429  421  407  391  378  367  362  360  357  351
  337  328  321  317  315  312  313  312  313
    37.5-180.0 180.0   5.0 450.0                            LAT/LON1/LON2/DLON/H
  338  338  336  333  329  321  308  293  280  269  254  237  218  198  184  177
  175  180  185  194  202  211  223  233  244  255  264  268  272  273  277  282
  282  278  274  272  276  284  294  303  314  324  335  346  360  375  388  402
  414  427  440  449  456  457  452  441  429  413  399  389  385  384  382  376
  365  355  347  343  342  339  339  340  338
    35.0-180.0 180.0   5.0 450.0                            LAT/LON1/LON2/DLON/H
  362  357  352  344  334  323  309  295  284  275  264  248  229  211  197  188
  184  189  194  203  211  221  238  250  264  280  291  295  296  292  289  289
  285  277  275  275  282  292  305  316  327  336  346  358  370  386  400  415
  428  443  457  468  478  482  478  471  463  452  440  430  425  423  418  409
  399  388  382  376  372  370  368  367  362
    32.5-180.0 180.0   5.0 450.0                            LAT/LON1/LON2/DLON/H
  387  377  369  355  339  323  309  296  287  280  274  261  245  227  213  202
  197  198  203  215  223  234  260  275  290  310  318  322  322  308  296  292
  284  274  271  274  283  299  313  327  338  347  356  365  376  391  407  421
  436  452  468  483  499  508  514  516  514  510  503  492  486  480  469  456
  444  427  420  412  405  402  403  395  387
    30.0-180.0 180.0   5.0 450.0                            LAT/LON1/LON2/DLON/H
  411  399  387  369  349  329  316  302  294  291  288  276  261  245  230  218
  212  210  212  228  238  252  286  305  327  346  348  349  342  320  300  287
  274  264  261  267  281  302  320  336  347  355  361  367  378  393  410  425
  440  458  478  499  522  539  558  573  581  584  585  576  567  555  536  516
  494  472  462  450  441  437  430  423  411
    27.5-180.0 180.0   5.0 450.0                            LAT/LON1/LON2/DLON/H
  434  422  408  386  364  344  330  317  310  308  306  296  281  264  250  240
  230  225  226  244  257  276  311  339  368  381  378  368  344  317  293  273
  253  244  244  254  275  301  322  343  355  359  361  366  377  394  411  427
  443  464  490  516  545  574  606  635  655  667  676  668  660  643  617  587
  548  520  506  489  476  467  458  449  434
    25.0-180.0 180.0   5.0 450.0                            LAT/LON1/LON2/DLON/H
  457  441  426  406  382  368  356  345  337  334  332  321  306  292  276  265
  250  246  246  262  282  307  338  374  397  402  393  370  330  297  271  246
  226  219  220  238  266  297  321  344  356  360  360  366  379  396  413  429
  446  471  502  533  569  605  647  691  725  746  762  766  753  737  706  673
  617  574  553  528  514  495  481  470  457
    22.5-180.0 180.0   5.0 450.0                            LAT/LON1/LON2/DLON/H
  478  462  445  430  409  397  390  383  376  370  362  355  341  326  307  295
  281  274  272  287  308  339  368  397  413  411  393  355  303  270  241  215
  193  186  197  219  251  288  316  339  352  356  360  369  384  400  417  433
  450  477  510  548  589  630  676  729  776  801  820  830  825  807  776  750
  689  631  596  567  550  525  505  491  478
    20.0-180.0 180.0   5.0 450.0                            LAT/LON1/LON2/DLON/H
  501  484  465  452  438  431  431  430  422  413  401  391  379  363  342  333
  318  310  305  319  337  372  398  417  423  407  372  325  266  235  207  183
  162  158  174  201  237  274  304  330  346  352  360  373  391  404  422  439
  459  483  519  561  604  646  689  738  786  811  828  838  840  826  802  776
  729  671  634  607  580  557  534  517  501
    17.5-180.0 180.0   5.0 450.0                            LAT/LON1/LON2/DLON/H
  532  514  491  476  463  460  465  469  464  453  438  427  416  400  381  374
  362  353  345  349  364  397  418  425  416  383  334  278  226  195  173  152
  133  134  153  181  218  257  290  320  339  349  361  379  399  414  436  450
  471  498  533  575  617  652  690  725  759  779  794  801  806  800  790  768
  736  695  665  638  610  587  563  552  532
    15.0-180.0 180.0   5.0 450.0                            LAT/LON1/LON2/DLON/H
  571  549  528  500  484  481  486  493  494  484  468  455  447  436  422  415
  402  389  378  371  380  406  421  415  392  346  288  226  179  158  139  122
  110  113  133  162  199  239  275  308  333  348  364  386  406  426  449  468
  490  519  553  592  628  655  679  698  717  730  743  750  754  760  765  756
  737  710  686  663  637  620  605  588  571
    12.5-180.0 180.0   5.0 450.0                            LAT/LON1/LON2/DLON/H
  612  588  549  513  492  488  494  503  509  501  490  474  468  465  463  455
  439  418  402  383  383  398  401  386  355  302  241  181  142  125  114  102
   94   97  113  141  181  222  260  295  325  347  367  388  414  437  462  484
  508  540  573  609  637  656  665  671  676  684  693  701  707  719  736  740
  735  719  700  683  666  651  640  628  612
    10.0-180.0 180.0   5.0 450.0                            LAT/LON1/LON2/DLON/H
  644  614  565  515  481  474  478  493  503  504  495  486  483  486  493  491
  468  438  417  386  376  377  369  346  312  256  199  146  117  104   94   89
   86   88  101  126  166  205  243  281  316  345  369  393  419  443  468  493
  521  555  589  621  646  659  661  657  653  655  660  666  672  686  712  721
  724  717  704  695  688  679  669  661  644
     7.5-180.0 180.0   5.0 450.0                            LAT/LON1/LON2/DLON/H
  670  637  576  510  459  440  439  456  471  484  487  483  486  496  504  506
  484  447  424  384  363  350  335  309  270  217  165  124  101   93   86   83
   81   84   95  119  154  189  230  270  308  341  369  396  420  441  464  491
  527  566  600  632  656  667  669  664  659  656  657  658  661  673  693  703
  707  702  694  692  697  697  692  686  670
     5.0-180.0 180.0   5.0 450.0                            LAT/LON1/LON2/DLON/H
  687  654  588  510  444  407  395  405  422  447  459  463  473  485  492  493
  474  438  415  372  346  324  305  276  234  188  142  109   92   87   84   82
   81   85   95  114  143  179  217  260  302  337  367  392  412  430  451  482
  525  569  606  641  666  680  688  693  689  687  683  676  669  674  685  690
  691  682  674  678  686  696  702  701  687
     2.5-180.0 180.0   5.0 450.0                            LAT/LON1/LON2/DLON/H
  691  662  603  518  439  390  366  369  383  407  423  430  444  454  459  458
  443  406  385  352  326  302  277  246  209  168  130  103   91   86   85   85
   84   88   96  110  136  167  203  248  290  329  357  378  395  410  434  468
  514  559  602  643  677  698  716  730  736  735  727  710  693  684  685  688
  674  657  650  650  659  676  693  699  691
