DORISInput/IGSGIM/2024/IGS0OPSFIN_20241570000_01D_02H_GIM.INX
     1.0            IONOSPHERE MAPS     MIX                 IONEX VERSION / TYPE
cmpcmb v1.2          GRL/UWM            24-jun-24 16:08     PGM / RUN BY / DATE 
ionex file containing IGS COMBINED Ionosphere maps          COMMENT             
global ionosphere maps for day 157, 2024                    DESCRIPTION         
IONEX file containing the COMBINED IGS TEC MAPS and DCBs    DESCRIPTION         
      IONEX files of the following IAACs were combined: cod DESCRIPTION         
                                                        jpl DESCRIPTION         
                                                        upc DESCRIPTION         
Contact address: Andrzej Krankowski                         DESCRIPTION
                 Geodynamics Research Laboratory            DESCRIPTION
                 University of Warmia and Mazury (GRL/UWM)  DESCRIPTION
                 Oczapowski St. 1                           DESCRIPTION
                 10-957-Olsztyn, POLAND                     DESCRIPTION
                 e-mail:  kand@uwm.edu.pl                   DESCRIPTION
                                                            DESCRIPTION         
  2024     6     5     0     0     0                        EPOCH OF FIRST MAP  
  2024     6     6     0     0     0                        EPOCH OF LAST MAP   
  7200                                                      INTERVAL            
    13                                                      # OF MAPS IN FILE   
  COSZ                                                      MAPPING FUNCTION    
     0.0                                                    ELEVATION CUTOFF    
combined TEC calculated as weighted mean of input TEC valuesOBSERVABLES USED    
   336                                                      # OF STATIONS       
    32                                                      # OF SATELLITES     
  6371.0                                                    BASE RADIUS         
     2                                                      MAP DIMENSION       
   450.0 450.0   0.0                                        HGT1 / HGT2 / DHGT  
    87.5 -87.5  -2.5                                        LAT1 / LAT2 / DLAT  
  -180.0 180.0   5.0                                        LON1 / LON2 / DLON  
    -1                                                      EXPONENT            
TEC values in 0.1 tec units;  9999, if no value available   COMMENT             
DCB values in nanoseconds, reference is Sum_of_SatDCBs = 0  COMMENT             
                                                            END OF HEADER       
[from data line 1287]
     4                                                      START OF TEC MAP    
  2024     6     5     6     0     0                        EPOCH OF CURRENT MAP
    87.5-180.0 180.0   5.0 450.0                            LAT/LON1/LON2/DLON/H
  244  244  245  246  246  247  248  249  250  251  253  254  255  256  257  258
  259  259  259  260  260  259  260  260  260  260  259  258  258  257  257  256
  256  255  255  255  255  255  254  254  254  255  254  254  254  254  253  253
  253  253  253  252  252  252  251  250  250  249  248  248  247  246  246  246
  245  244  244  244  244  244  244  244  244
    85.0-180.0 180.0   5.0 450.0                            LAT/LON1/LON2/DLON/H
  234  234  235  236  236  238  240  241  244  246  249  251  254  257  259  262
  264  266  267  268  269  268  268  268  267  265  264  263  262  262  261  260
  259  258  258  257  256  256  257  258  258  259  261  261  263  264  265  266
  266  266  265  265  265  264  263  261  260  258  256  253  252  249  247  245
  242  240  238  236  235  234  233  234  234
    82.5-180.0 180.0   5.0 450.0                            LAT/LON1/LON2/DLON/H
  225  225  226  227  229  231  233  236  238  241  245  248  252  256  260  262
  266  269  271  274  274  274  274  273  271  270  269  267  264  261  259  257
  256  255  255  255  256  257  259  260  264  266  270  273  275  280  281  283
  286  286  286  286  286  284  283  281  279  276  272  267  263  258  254  249
  244  240  237  234  231  230  228  227  225
    80.0-180.0 180.0   5.0 450.0                            LAT/LON1/LON2/DLON/H
  222  221  221  221  223  224  226  229  231  234  237  242  246  252  256  261
  264  269  272  274  277  276  275  278  276  273  269  265  261  257  253  251
  249  248  249  250  253  257  261  266  271  276  281  287  293  299  305  309
  312  315  313  311  311  310  309  307  303  299  294  289  283  276  269  262
  256  250  244  239  233  229  226  223  222
    77.5-180.0 180.0   5.0 450.0                            LAT/LON1/LON2/DLON/H
  223  222  221  221  220  221  221  224  227  229  233  236  239  243  249  253
  258  263  267  271  274  273  271  267  267  262  255  251  246  243  240  239
  239  239  242  246  251  256  262  271  278  286  293  303  308  319  328  336
  340  345  343  338  338  337  336  334  331  326  320  314  307  300  292  283
  276  267  258  249  241  235  231  226  223
    75.0-180.0 180.0   5.0 450.0                            LAT/LON1/LON2/DLON/H
  231  229  227  225  224  223  223  224  225  226  227  228  231  233  237  241
  246  251  256  257  264  265  263  262  253  252  245  238  231  227  227  227
  230  235  241  247  254  263  273  280  291  301  309  321  330  340  349  357
  366  371  367  365  363  363  363  360  357  352  347  341  334  326  317  308
  298  287  275  265  255  247  240  235  231
    72.5-180.0 180.0   5.0 450.0                            LAT/LON1/LON2/DLON/H
  242  239  237  235  232  230  228  227  225  223  222  221  219  218  221  226
  230  236  242  247  250  252  251  247  241  235  230  223  218  214  215  220
  225  232  243  253  264  276  286  298  309  318  329  339  348  358  369  377
  386  391  391  388  386  385  384  383  379  375  370  364  356  349  339  329
  318  306  294  281  271  261  253  246  242
    70.0-180.0 180.0   5.0 450.0                            LAT/LON1/LON2/DLON/H
  256  252  250  247  243  240  236  232  228  222  218  214  210  208  209  213
  218  223  228  232  236  237  235  231  225  218  213  207  205  205  209  216
  228  239  252  265  277  290  303  315  325  336  346  355  366  376  384  392
  402  406  407  404  401  400  398  396  391  387  382  375  369  362  353  343
  332  320  308  297  285  275  267  260  256
    67.5-180.0 180.0   5.0 450.0                            LAT/LON1/LON2/DLON/H
  268  264  260  258  254  250  244  239  232  226  218  212  205  202  201  203
  207  210  215  219  222  222  219  216  210  204  199  198  197  203  211  223
  237  252  268  282  294  307  319  330  340  350  357  369  380  389  398  405
  411  415  415  413  410  408  403  399  394  388  382  375  370  363  355  347
  336  327  316  306  296  286  279  272  268
    65.0-180.0 180.0   5.0 450.0                            LAT/LON1/LON2/DLON/H
  276  272  268  265  262  257  251  244  236  230  221  212  205  199  197  197
  198  202  205  209  210  207  205  201  198  192  191  194  197  207  219  234
  253  269  285  298  310  321  330  340  350  359  368  379  390  400  408  414
  420  422  420  417  412  407  401  393  386  379  372  363  357  351  346  340
  332  324  315  308  300  293  286  281  276
    62.5-180.0 180.0   5.0 450.0                            LAT/LON1/LON2/DLON/H
  281  277  274  270  265  259  254  247  239  232  224  216  208  201  196  195
  195  197  199  199  196  194  191  189  186  184  185  193  202  215  233  250
  270  285  299  311  321  330  339  348  357  367  376  388  399  409  417  422
  426  427  425  420  412  404  395  383  373  363  354  343  337  331  327  322
  317  310  306  301  297  292  288  285  281
    60.0-180.0 180.0   5.0 450.0                            LAT/LON1/LON2/DLON/H
  283  280  276  273  267  261  254  247  240  233  227  220  212  205  198  195
  192  191  191  190  186  183  179  179  179  179  183  193  206  223  243  264
  283  297  309  320  328  336  345  354  363  372  383  396  406  417  425  430
  434  434  431  425  415  405  391  374  359  346  334  322  316  310  306  301
  297  293  291  289  288  288  286  285  283
    57.5-180.0 180.0   5.0 450.0                            LAT/LON1/LON2/DLON/H
  283  280  278  275  269  263  256  248  241  234  228  222  216  209  202  195
  190  187  185  183  180  177  175  174  175  177  185  194  210  227  248  269
  287  300  313  323  332  340  349  358  368  378  390  403  414  425  434  441
  445  444  440  433  422  410  393  372  353  337  323  310  301  294  287  281
  277  276  275  275  277  279  281  283  283
    55.0-180.0 180.0   5.0 450.0                            LAT/LON1/LON2/DLON/H
  284  283  282  280  275  269  261  252  243  235  228  223  217  210  202  195
  189  184  181  179  176  175  174  173  173  177  184  193  209  226  245  266
  284  298  313  324  335  344  353  363  373  385  397  409  422  434  445  452
  455  454  450  444  431  418  402  385  363  344  327  312  300  288  277  269
  265  263  262  263  267  271  277  281  284
    52.5-180.0 180.0   5.0 450.0                            LAT/LON1/LON2/DLON/H
  288  291  292  291  288  281  272  261  249  239  230  222  215  208  200  192
  186  180  179  176  176  175  175  174  174  178  185  193  206  223  240  260
  279  295  310  324  336  348  358  370  380  392  404  415  428  441  452  461
  464  465  462  457  447  435  421  406  384  363  346  328  309  294  278  267
  261  258  256  256  261  267  275  282  288
    50.0-180.0 180.0   5.0 450.0                            LAT/LON1/LON2/DLON/H
  296  304  308  310  307  301  291  276  261  248  234  222  211  202  194  187
  182  178  178  177  178  178  179  178  179  182  188  195  206  219  237  254
  273  292  310  327  341  355  367  379  389  400  411  423  436  448  460  469
  474  477  477  476  470  462  448  434  414  392  373  352  328  308  287  271
  263  260  257  257  261  268  277  287  296
    47.5-180.0 180.0   5.0 450.0                            LAT/LON1/LON2/DLON/H
  307  318  327  330  329  325  314  297  278  260  240  221  207  196  188  181
  178  176  179  181  184  186  186  186  188  190  194  200  209  221  235  251
  272  292  312  331  349  364  377  389  400  409  419  430  443  457  470  480
  487  493  497  499  497  492  479  466  447  426  404  380  353  329  304  284
  273  268  267  266  270  275  284  295  307
    45.0-180.0 180.0   5.0 450.0                            LAT/LON1/LON2/DLON/H
  320  334  344  349  349  346  336  319  297  274  248  224  204  191  182  177
  176  177  181  186  191  194  196  198  199  200  203  209  217  225  237  252
  273  294  317  339  358  374  388  400  410  417  425  436  450  467  482  495
  504  513  518  522  525  522  510  499  480  458  436  409  379  351  323  301
  288  283  282  283  283  287  296  307  320
    42.5-180.0 180.0   5.0 450.0                            LAT/LON1/LON2/DLON/H
  333  346  356  361  362  358  350  335  313  286  256  227  205  190  181  177
  177  179  185  192  198  204  207  208  212  212  215  222  230  235  245  260
  279  300  323  346  365  383  397  409  418  424  431  443  459  477  495  511
  524  535  541  548  552  550  541  529  508  487  466  438  405  370  343  320
  306  301  301  302  303  304  312  321  333
    40.0-180.0 180.0   5.0 450.0                            LAT/LON1/LON2/DLON/H
  345  356  361  364  362  359  352  340  321  294  262  232  209  195  184  180
  180  184  190  200  208  214  217  220  224  226  230  239  247  252  259  270
  289  309  330  351  371  389  404  416  424  430  439  451  467  486  507  527
  544  557  564  572  577  573  565  557  538  520  500  473  437  400  369  344
  327  322  321  322  323  324  330  336  345
    37.5-180.0 180.0   5.0 450.0                            LAT/LON1/LON2/DLON/H
  356  360  358  357  352  347  343  333  318  295  267  240  218  203  192  188
  188  193  199  208  218  226  230  234  237  241  248  259  265  269  273  283
  297  313  333  353  373  390  406  419  427  435  443  457  474  496  518  542
  560  573  585  593  597  595  591  587  577  566  549  522  485  446  404  375
  353  345  343  343  347  348  351  352  356
    35.0-180.0 180.0   5.0 450.0                            LAT/LON1/LON2/DLON/H
  368  360  351  342  335  329  325  318  308  292  270  249  232  216  206  201
  199  204  210  219  230  241  246  251  256  260  268  277  282  284  286  293
  302  314  330  348  367  387  404  417  427  436  447  462  480  503  526  549
  570  587  599  608  615  617  618  621  623  622  612  589  553  509  456  418
  386  372  368  370  375  375  376  375  368
    32.5-180.0 180.0   5.0 450.0                            LAT/LON1/LON2/DLON/H
  384  368  350  331  320  313  307  301  295  287  270  257  243  233  224  217
  212  215  220  231  245  258  265  273  279  283  288  293  297  297  297  300
  303  310  322  338  357  377  396  411  424  435  449  465  484  506  528  551
  573  593  609  622  635  643  654  665  677  690  692  677  641  589  525  471
  429  407  398  401  402  404  405  400  384
    30.0-180.0 180.0   5.0 450.0                            LAT/LON1/LON2/DLON/H
  410  388  365  339  321  308  298  291  287  282  275  266  257  250  241  232
  224  224  228  244  262  277  287  298  305  308  308  308  306  304  302  298
  295  296  306  320  342  363  385  402  417  431  446  464  484  504  525  548
  573  595  616  637  656  674  697  719  743  771  785  780  744  684  606  535
  481  448  431  432  432  436  439  430  410
    27.5-180.0 180.0   5.0 450.0                            LAT/LON1/LON2/DLON/H
  445  422  400  373  348  327  311  296  290  289  285  279  271  266  257  246
  238  235  238  258  278  297  311  320  327  327  322  315  307  303  295  286
  276  271  280  298  322  347  373  394  410  424  441  460  480  499  519  541
  571  599  624  650  678  707  741  776  813  855  880  885  853  787  697  611
  547  494  471  465  465  472  472  464  445
    25.0-180.0 180.0   5.0 450.0                            LAT/LON1/LON2/DLON/H
  486  465  454  431  403  375  347  323  312  309  305  298  291  283  274  264
  255  252  254  274  296  316  331  338  341  338  328  312  298  290  277  262
  247  241  250  270  298  329  359  384  402  418  435  455  474  492  510  536
  567  598  627  660  698  736  782  831  878  927  961  974  950  891  798  695
  606  538  509  498  500  506  508  506  486
    22.5-180.0 180.0   5.0 450.0                            LAT/LON1/LON2/DLON/H
  537  523  516  505  477  441  408  373  351  347  336  326  316  308  298  290
  280  276  276  296  314  332  346  352  352  342  324  302  278  265  247  228
  213  208  217  240  273  311  343  375  398  414  433  452  471  486  505  532
  564  594  628  666  708  751  805  866  917  964 1000 1016 1000  953  871  755
  654  585  550  535  532  537  541  545  537
    20.0-180.0 180.0   5.0 450.0                            LAT/LON1/LON2/DLON/H
  585  586  585  591  568  528  478  438  410  392  377  363  349  338  328  321
  311  304  301  319  331  345  357  360  354  336  313  285  255  232  212  192
  177  175  186  213  251  291  329  367  394  415  435  455  472  489  507  531
  562  594  629  668  708  749  800  856  901  940  975  990  981  946  881  779
  692  630  589  570  565  563  570  579  585
    17.5-180.0 180.0   5.0 450.0                            LAT/LON1/LON2/DLON/H
  620  638  645  658  647  606  554  508  472  447  425  405  386  373  364  357
  347  340  333  341  344  352  359  357  345  322  292  258  224  199  179  155
  142  143  159  189  232  275  318  360  393  420  443  463  478  496  516  541
  571  602  636  672  704  738  777  817  848  876  903  918  918  900  858  787
  721  666  624  604  597  590  594  605  620
    15.0-180.0 180.0   5.0 450.0                            LAT/LON1/LON2/DLON/H
  635  660  677  692  692  659  608  560  523  496  472  449  427  414  405  402
  390  380  367  359  352  350  349  341  325  298  263  222  190  164  143  125
  112  116  133  169  213  259  306  352  390  422  450  472  491  512  537  562
  589  621  651  678  700  724  749  768  785  800  816  831  840  838  823  784
  739  693  655  636  625  618  617  620  635
    12.5-180.0 180.0   5.0 450.0                            LAT/LON1/LON2/DLON/H
  635  652  666  682  683  664  621  576  550  528  509  487  466  459  453  451
  439  423  403  373  355  341  330  317  296  267  229  188  157  131  113  101
   94   97  113  148  195  243  292  340  387  425  455  483  506  535  564  590
  614  645  668  688  700  711  722  726  727  728  732  744  762  776  781  766
  739  706  678  663  655  646  638  633  635
    10.0-180.0 180.0   5.0 450.0                            LAT/LON1/LON2/DLON/H
  628  626  630  634  626  608  582  550  540  534  525  509  496  495  503  499
  488  460  435  385  354  329  311  290  266  236  197  159  131  109   96   88
   83   85  100  135  181  226  276  329  380  420  456  491  522  557  591  618
  641  668  688  703  708  709  708  702  691  680  674  681  703  727  744  742
  728  708  692  680  674  667  654  641  628
     7.5-180.0 180.0   5.0 450.0                            LAT/LON1/LON2/DLON/H
  623  603  583  568  541  516  497  494  497  512  515  512  511  515  529  533
  519  484  454  391  350  317  292  267  241  208  171  136  113   98   89   85
   81   83   95  125  164  209  260  315  369  413  455  494  530  570  608  637
  662  686  708  722  725  722  716  705  688  669  655  657  676  701  721  724
  717  707  697  685  680  675  665  646  623
     5.0-180.0 180.0   5.0 450.0                            LAT/LON1/LON2/DLON/H
  623  588  546  504  461  429  410  415  433  463  482  489  498  507  520  532
  519  480  448  387  342  303  273  246  217  185  150  120  102   93   90   86
   84   84   94  116  148  191  241  299  355  405  449  486  524  565  606  640
  672  698  724  742  748  749  746  736  718  696  678  674  686  704  715  713
  707  701  693  680  672  672  668  651  623
     2.5-180.0 180.0   5.0 450.0                            LAT/LON1/LON2/DLON/H
  631  588  529  462  408  369  347  352  376  410  434  449  462  474  485  495
  485  451  420  369  325  285  254  227  200  168  137  111   97   93   92   91
   88   88   94  111  137  175  224  281  337  387  429  465  504  542  584  627
  665  701  734  757  773  781  785  782  771  754  736  729  732  731  726  710
  694  685  671  663  660  662  664  656  631
