DORISInput/IGSGIM/2024/IGS0OPSFIN_20241540000_01D_02H_GIM.INX
     1.0            IONOSPHERE MAPS     MIX                 IONEX VERSION / TYPE
cmpcmb v1.2          GRL/UWM            24-jun-24 15:53     PGM / RUN BY / DATE 
ionex file containing IGS COMBINED Ionosphere maps          COMMENT             
global ionosphere maps for day 154, 2024                    DESCRIPTION         
IONEX file containing the COMBINED IGS TEC MAPS and DCBs    DESCRIPTION         
      IONEX files of the following IAACs were combined: cod DESCRIPTION         
                                                        jpl DESCRIPTION         
                                                        upc DESCRIPTION         
Contact address: Andrzej Krankowski                         DESCRIPTION
                 Geodynamics Research Laboratory            DESCRIPTION
                 University of Warmia and Mazury (GRL/UWM)  DESCRIPTION
                 Oczapowski St. 1                           DESCRIPTION
                 10-957-Olsztyn, POLAND                     DESCRIPTION
                 e-mail:  kand@uwm.edu.pl                   DESCRIPTION
                                                            DESCRIPTION         
  2024     6     2     0     0     0                        EPOCH OF FIRST MAP  
  2024     6     3     0     0     0                        EPOCH OF LAST MAP   
  7200                                                      INTERVAL            
    13                                                      # OF MAPS IN FILE   
  COSZ                                                      MAPPING FUNCTION    
     0.0                                                    ELEVATION CUTOFF    
combined TEC calculated as weighted mean of input TEC valuesOBSERVABLES USED    
   334                                                      # OF STATIONS       
    32                                                      # OF SATELLITES     
  6371.0                                                    BASE RADIUS         
     2                                                      MAP DIMENSION       
   450.0 450.0   0.0                                        HGT1 / HGT2 / DHGT  
    87.5 -87.5  -2.5                                        LAT1 / LAT2 / DLAT  
  -180.0 180.0   5.0                                        LON1 / LON2 / DLON  
    -1                                                      EXPONENT            
TEC values in 0.1 tec units;  9999, if no value available   COMMENT             
DCB values in nanoseconds, reference is Sum_of_SatDCBs = 0  COMMENT             
                                                            END OF HEADER       
[from data line 3003]
     8                                                      START OF TEC MAP    
  2024     6     2    14     0     0                        EPOCH OF CURRENT MAP
    87.5-180.0 180.0   5.0 450.0                            LAT/LON1/LON2/DLON/H
  252  252  252  253  253  253  254  254  254  255  256  256  257  257  258  259
  258  259  259  259  260  260  260  260  261  261  261  260  260  260  260  259
  259  258  258  258  258  257  256  256  256  255  255  255  255  255  254  254
  254  254  254  254  254  253  253  253  253  253  253  252  252  252  252  252
  252  252  252  251  251  251  251  251  252
    85.0-180.0 180.0   5.0 450.0                            LAT/LON1/LON2/DLON/H
  249  249  249  250  251  251  252  253  254  255  256  257  259  260  261  262
  263  265  265  266  266  266  266  267  268  267  267  267  266  266  265  264
  263  262  261  260  259  258  258  258  257  257  257  257  257  257  257  257
  257  257  257  258  258  258  257  257  256  255  255  255  255  254  254  253
  252  251  251  250  250  249  249  249  249
    82.5-180.0 180.0   5.0 450.0                            LAT/LON1/LON2/DLON/H
  248  248  248  248  248  248  249  250  251  252  254  255  258  259  261  263
  265  267  269  270  271  271  271  271  271  271  271  271  270  269  267  265
  263  263  261  261  260  259  258  257  257  257  257  258  259  260  261  262
  263  263  264  266  266  267  267  266  265  264  264  262  261  260  259  258
  256  254  252  251  250  250  249  249  248
    80.0-180.0 180.0   5.0 450.0                            LAT/LON1/LON2/DLON/H
  248  248  247  247  247  247  246  247  248  249  250  253  254  256  259  262
  263  266  268  269  270  273  273  275  276  275  273  271  270  269  268  267
  265  265  263  262  261  260  261  261  261  260  260  261  262  264  266  268
  269  272  273  275  277  278  279  279  278  277  276  274  272  270  267  265
  261  259  257  255  254  252  251  249  248
    77.5-180.0 180.0   5.0 450.0                            LAT/LON1/LON2/DLON/H
  250  248  247  247  247  246  246  245  246  246  247  248  250  252  253  256
  259  261  265  267  270  272  273  270  272  275  274  273  272  271  270  269
  266  265  264  264  262  261  259  259  261  262  263  265  267  269  273  276
  278  282  285  287  290  291  292  292  292  290  288  286  283  279  275  271
  267  264  261  259  256  255  252  251  250
    75.0-180.0 180.0   5.0 450.0                            LAT/LON1/LON2/DLON/H
  252  251  251  251  249  247  246  245  246  246  246  247  248  250  252  255
  257  258  262  265  267  269  271  272  273  273  275  275  273  272  271  270
  269  269  268  267  266  264  263  262  262  263  265  267  270  274  278  282
  286  290  294  298  301  303  303  303  302  300  297  294  290  286  282  277
  273  268  266  263  261  259  256  254  252
    72.5-180.0 180.0   5.0 450.0                            LAT/LON1/LON2/DLON/H
  257  256  256  256  254  252  251  249  247  249  250  250  251  252  252  253
  254  256  257  260  263  266  269  272  273  275  274  276  274  273  272  273
  273  273  272  272  271  270  267  267  266  266  268  270  273  277  280  284
  289  293  297  301  305  307  308  307  305  303  300  296  292  289  284  280
  278  274  272  271  269  266  263  260  257
    70.0-180.0 180.0   5.0 450.0                            LAT/LON1/LON2/DLON/H
  264  265  266  265  264  262  257  255  256  257  256  255  254  254  255  252
  252  253  254  258  261  265  269  271  274  275  273  274  275  274  274  276
  278  278  279  279  277  276  274  271  270  270  271  273  275  278  281  284
  288  291  294  298  300  302  302  302  299  298  295  292  289  286  282  280
  279  277  276  278  277  274  270  267  264
    67.5-180.0 180.0   5.0 450.0                            LAT/LON1/LON2/DLON/H
  271  272  273  274  275  273  269  268  267  264  263  261  260  258  255  253
  253  254  256  260  265  269  272  273  275  275  274  273  274  274  277  279
  282  285  287  288  286  284  281  278  275  273  273  274  275  277  280  282
  284  286  288  289  290  291  290  290  287  286  284  282  280  277  276  275
  274  275  276  279  281  278  274  271  271
    65.0-180.0 180.0   5.0 450.0                            LAT/LON1/LON2/DLON/H
  272  274  276  279  279  279  279  277  274  272  271  268  264  261  258  257
  258  259  262  267  271  275  277  278  278  277  275  274  274  276  278  284
  289  294  296  296  296  293  289  284  280  277  275  274  274  275  276  277
  278  278  278  278  278  276  275  274  271  270  269  268  268  266  265  265
  266  267  270  275  278  276  272  270  272
    62.5-180.0 180.0   5.0 450.0                            LAT/LON1/LON2/DLON/H
  267  268  268  271  273  274  278  280  279  279  279  276  272  269  266  264
  266  267  271  276  280  281  283  284  281  279  277  277  277  280  284  289
  297  302  305  306  304  300  296  290  285  281  277  275  274  273  272  272
  272  270  269  268  265  263  261  260  258  257  257  257  256  255  255  254
  255  258  261  266  269  267  265  266  267
    60.0-180.0 180.0   5.0 450.0                            LAT/LON1/LON2/DLON/H
  254  253  252  255  259  266  272  276  280  282  282  279  277  275  274  273
  275  276  281  285  287  288  290  289  287  285  282  281  282  286  291  298
  305  311  314  314  312  308  303  297  291  286  282  278  276  274  272  270
  268  266  264  261  258  255  253  252  252  251  251  250  250  249  247  246
  246  247  250  254  255  253  252  253  254
    57.5-180.0 180.0   5.0 450.0                            LAT/LON1/LON2/DLON/H
  233  230  230  235  243  252  259  266  273  276  278  277  277  277  279  281
  285  288  292  295  295  296  296  295  293  292  290  289  290  295  301  309
  316  321  325  325  323  318  311  305  299  293  289  285  281  277  275  271
  271  269  266  263  259  256  255  254  254  254  254  252  251  249  245  243
  240  240  242  242  242  239  236  234  233
    55.0-180.0 180.0   5.0 450.0                            LAT/LON1/LON2/DLON/H
  209  207  210  215  224  235  242  249  260  266  272  273  275  280  284  289
  296  301  304  306  305  304  304  303  302  301  299  299  300  306  313  322
  329  334  337  337  334  329  323  318  310  304  300  295  289  285  281  279
  277  276  274  273  270  269  267  267  268  268  267  265  262  258  252  247
  242  238  237  234  231  226  220  215  209
    52.5-180.0 180.0   5.0 450.0                            LAT/LON1/LON2/DLON/H
  193  190  191  196  204  214  224  233  247  257  266  271  276  281  289  298
  307  314  317  317  315  312  311  310  311  311  310  310  311  319  327  336
  344  348  352  351  348  343  338  332  326  321  316  308  303  296  291  290
  288  288  289  290  289  289  288  290  290  289  289  286  282  276  266  258
  250  242  238  232  225  218  209  199  193
    50.0-180.0 180.0   5.0 450.0                            LAT/LON1/LON2/DLON/H
  185  179  176  178  188  198  209  222  237  251  261  269  277  285  296  308
  320  329  331  329  326  322  319  318  320  322  323  324  327  334  343  352
  359  364  367  367  364  360  356  352  346  341  333  326  318  311  305  303
  302  303  305  308  310  312  313  314  315  314  312  309  303  295  283  271
  260  249  243  235  226  216  205  193  185
    47.5-180.0 180.0   5.0 450.0                            LAT/LON1/LON2/DLON/H
  185  176  170  171  180  188  199  214  230  247  259  271  281  291  303  318
  331  342  346  343  337  332  328  328  331  335  337  340  344  351  360  369
  375  380  383  383  384  383  381  375  371  364  354  345  336  328  320  318
  317  320  324  328  330  333  334  336  337  335  332  327  321  311  298  284
  271  259  251  241  232  221  209  196  185
    45.0-180.0 180.0   5.0 450.0                            LAT/LON1/LON2/DLON/H
  193  183  176  174  178  186  193  206  227  247  262  275  288  299  313  327
  342  355  359  356  349  343  339  340  343  348  352  356  360  368  376  384
  390  398  401  403  407  409  410  409  400  392  381  367  357  346  337  335
  334  338  344  347  349  351  351  352  351  348  343  338  331  322  310  296
  281  268  261  251  242  232  220  206  193
    42.5-180.0 180.0   5.0 450.0                            LAT/LON1/LON2/DLON/H
  209  198  189  185  185  187  192  203  225  250  268  283  297  308  321  337
  354  368  372  370  362  354  350  352  356  362  367  374  379  385  395  403
  409  417  423  427  435  440  441  441  435  426  411  394  380  367  356  353
  353  358  361  366  367  367  366  363  359  351  345  338  331  324  316  304
  290  277  270  263  256  246  235  221  209
    40.0-180.0 180.0   5.0 450.0                            LAT/LON1/LON2/DLON/H
  229  217  206  198  193  192  193  204  229  254  276  293  307  318  329  347
  363  379  384  383  374  365  361  364  369  377  383  391  399  406  416  423
  430  438  447  455  465  473  477  477  471  459  442  423  410  395  382  376
  374  379  380  383  383  382  378  372  364  352  342  333  327  324  319  309
  297  286  279  274  270  263  254  242  229
    37.5-180.0 180.0   5.0 450.0                            LAT/LON1/LON2/DLON/H
  251  239  225  212  202  195  195  205  228  255  280  300  316  329  342  357
  374  389  395  394  385  376  373  376  382  390  399  408  418  430  438  444
  454  463  475  485  497  508  515  513  506  493  474  456  442  426  412  403
  401  401  402  404  403  400  394  385  371  356  342  333  327  327  323  316
  304  295  288  285  284  279  272  263  251
    35.0-180.0 180.0   5.0 450.0                            LAT/LON1/LON2/DLON/H
  273  260  244  226  210  197  194  202  223  253  281  305  324  338  352  368
  384  400  404  402  393  385  383  387  393  402  413  425  437  449  460  469
  479  491  503  517  531  544  548  550  542  528  508  494  477  460  446  437
  430  432  430  430  430  425  419  408  390  370  353  341  334  333  332  327
  315  305  299  297  297  294  291  285  273
    32.5-180.0 180.0   5.0 450.0                            LAT/LON1/LON2/DLON/H
  295  280  262  241  219  202  194  197  217  249  279  305  324  343  360  379
  396  409  413  409  399  393  390  393  402  414  428  443  455  467  481  493
  505  521  535  550  564  578  584  586  578  563  546  532  517  501  485  473
  468  469  467  467  468  463  457  444  424  402  381  362  351  346  344  337
  328  318  311  308  307  306  307  304  295
    30.0-180.0 180.0   5.0 450.0                            LAT/LON1/LON2/DLON/H
  312  298  279  255  230  209  196  194  210  237  268  298  321  343  366  387
  405  417  421  414  404  399  395  400  410  424  442  460  473  485  500  516
  533  553  567  583  600  614  618  620  610  599  580  569  561  544  530  518
  514  514  512  512  514  511  505  490  468  444  418  394  378  369  361  352
  342  331  321  316  313  313  316  318  312
    27.5-180.0 180.0   5.0 450.0                            LAT/LON1/LON2/DLON/H
  318  308  290  267  242  219  202  195  204  224  254  288  316  343  371  394
  411  423  426  420  409  402  399  407  418  434  454  477  492  507  524  541
  564  585  602  618  635  650  651  653  647  639  615  602  597  591  579  570
  565  566  566  560  561  558  554  537  512  488  459  428  407  394  380  367
  353  340  328  321  314  312  314  319  318
    25.0-180.0 180.0   5.0 450.0                            LAT/LON1/LON2/DLON/H
  313  307  296  275  252  229  209  199  200  214  241  278  312  342  374  398
  416  427  428  421  411  406  406  414  426  445  469  494  513  531  549  568
  593  617  636  657  671  679  684  685  682  673  644  627  630  634  630  623
  617  620  613  605  595  594  596  578  548  525  494  460  436  419  398  381
  360  344  330  319  307  301  303  308  313
    22.5-180.0 180.0   5.0 450.0                            LAT/LON1/LON2/DLON/H
  298  298  292  277  256  233  216  203  199  208  230  266  305  342  375  399
  417  429  428  422  412  410  411  421  436  461  489  514  536  555  574  595
  622  649  670  686  695  704  706  702  698  695  667  650  661  673  674  665
  662  653  647  629  610  606  609  585  558  538  510  479  454  433  409  389
  361  343  327  312  292  285  284  290  298
    20.0-180.0 180.0   5.0 450.0                            LAT/LON1/LON2/DLON/H
  277  282  281  270  254  234  215  203  199  204  221  253  295  335  372  396
  413  426  428  424  417  415  417  430  451  480  511  536  559  583  599  620
  648  674  694  707  711  715  714  703  694  693  678  672  684  696  696  689
  686  677  660  629  598  582  572  548  531  515  491  468  445  422  399  381
  356  336  321  301  282  269  266  270  277
    17.5-180.0 180.0   5.0 450.0                            LAT/LON1/LON2/DLON/H
  256  260  264  257  242  225  209  199  197  201  213  241  282  324  361  388
  405  418  422  422  424  424  428  442  468  500  532  562  586  610  623  640
  666  690  706  720  718  717  712  695  679  678  682  684  691  699  702  700
  695  681  651  608  567  536  514  493  479  467  451  435  416  396  376  361
  344  325  311  291  273  258  252  251  256
    15.0-180.0 180.0   5.0 450.0                            LAT/LON1/LON2/DLON/H
  239  242  245  239  226  211  199  193  194  198  207  231  269  311  346  372
  392  403  414  420  427  434  441  456  484  518  552  585  610  630  642  654
  678  700  711  727  722  716  709  690  673  672  678  685  691  696  701  703
  694  668  626  574  527  486  454  431  418  413  406  399  386  370  353  337
  322  308  298  281  267  253  243  239  239
    12.5-180.0 180.0   5.0 450.0                            LAT/LON1/LON2/DLON/H
  231  228  227  222  209  196  186  183  187  192  200  221  255  294  331  356
  376  388  405  418  432  442  452  470  498  533  570  604  628  644  652  663
  684  706  718  730  727  720  712  696  678  672  676  683  686  690  696  696
  681  644  594  537  486  441  402  375  370  371  371  371  362  347  331  315
  302  289  283  273  264  252  242  235  231
    10.0-180.0 180.0   5.0 450.0                            LAT/LON1/LON2/DLON/H
  229  222  217  207  195  181  173  172  178  183  190  209  241  277  312  340
  363  381  399  419  436  450  462  484  513  549  587  619  638  649  657  670
  691  711  727  733  731  729  724  710  692  685  683  684  684  686  689  682
  662  619  566  509  462  418  382  361  355  358  362  364  355  338  319  303
  288  277  274  270  264  254  247  238  229
     7.5-180.0 180.0   5.0 450.0                            LAT/LON1/LON2/DLON/H
  231  219  208  195  180  167  159  162  167  172  179  195  223  259  295  326
  353  376  399  421  441  458  474  498  531  567  603  630  645  653  662  677
  701  720  735  739  740  743  744  731  715  704  692  687  683  680  677  665
  644  604  555  509  469  431  401  387  381  381  385  386  372  349  324  305
  288  278  278  274  270  262  255  245  231
     5.0-180.0 180.0   5.0 450.0                            LAT/LON1/LON2/DLON/H
  234  216  199  183  166  154  149  152  158  160  165  180  206  242  281  318
  348  375  401  426  447  466  486  514  546  583  615  638  650  656  665  682
  709  726  737  743  748  756  759  747  733  713  697  685  674  666  663  654
  634  603  564  532  512  476  453  442  435  431  429  424  404  373  340  317
  297  287  289  285  282  276  268  252  234
     2.5-180.0 180.0   5.0 450.0                            LAT/LON1/LON2/DLON/H
  235  213  191  170  155  143  139  143  146  147  150  164  191  226  269  312
  347  375  405  432  455  476  498  526  560  594  624  643  651  656  666  682
  708  723  731  740  751  763  762  750  736  715  695  678  663  653  651  645
  628  603  581  566  560  538  516  497  488  479  471  453  428  389  356  326
  305  298  302  298  297  291  280  260  235
