DORISInput/IGSGIM/2024/IGS0OPSFIN_20241480000_01D_02H_GIM.INX
     1.0            IONOSPHERE MAPS     MIX                 IONEX VERSION / TYPE
cmpcmb v1.2          GRL/UWM            12-jun-24 16:07     PGM / RUN BY / DATE 
ionex file containing IGS COMBINED Ionosphere maps          COMMENT             
global ionosphere maps for day 148, 2024                    DESCRIPTION         
IONEX file containing the COMBINED IGS TEC MAPS and DCBs    DESCRIPTION         
      IONEX files of the following IAACs were combined: cod DESCRIPTION         
                                                        jpl DESCRIPTION         
                                                        upc DESCRIPTION         
Contact address: Andrzej Krankowski                         DESCRIPTION
                 Geodynamics Research Laboratory            DESCRIPTION
                 University of Warmia and Mazury (GRL/UWM)  DESCRIPTION
                 Oczapowski St. 1                           DESCRIPTION
                 10-957-Olsztyn, POLAND                     DESCRIPTION
                 e-mail:  kand@uwm.edu.pl                   DESCRIPTION
                                                            DESCRIPTION         
  2024     5    27     0     0     0                        EPOCH OF FIRST MAP  
  2024     5    28     0     0     0                        EPOCH OF LAST MAP   
  7200                                                      INTERVAL            
    13                                                      # OF MAPS IN FILE   
  COSZ                                                      MAPPING FUNCTION    
     0.0                                                    ELEVATION CUTOFF    
combined TEC calculated as weighted mean of input TEC valuesOBSERVABLES USED    
   334                                                      # OF STATIONS       
    32                                                      # OF SATELLITES     
  6371.0                                                    BASE RADIUS         
     2                                                      MAP DIMENSION       
   450.0 450.0   0.0                                        HGT1 / HGT2 / DHGT  
    87.5 -87.5  -2.5                                        LAT1 / LAT2 / DLAT  
  -180.0 180.0   5.0                                        LON1 / LON2 / DLON  
    -1                                                      EXPONENT            
TEC values in 0.1 tec units;  9999, if no value available   COMMENT             
DCB values in nanoseconds, reference is Sum_of_SatDCBs = 0  COMMENT             
                                                            END OF HEADER       
[from data line 2574]
     7                                                      START OF TEC MAP    
  2024     5    27    12     0     0                        EPOCH OF CURRENT MAP
    87.5-180.0 180.0   5.0 450.0                            LAT/LON1/LON2/DLON/H
  222  222  223  224  224  225  226  226  227  227  228  228  229  229  230  230
  230  231  232  231  231  232  231  231  231  231  230  230  230  229  228  227
  227  226  226  225  224  222  222  221  220  220  219  218  217  217  216  216
  215  215  214  215  214  214  214  214  214  213  214  214  215  215  216  216
  217  218  218  219  219  220  220  221  222
    85.0-180.0 180.0   5.0 450.0                            LAT/LON1/LON2/DLON/H
  223  225  226  227  229  229  230  231  232  231  232  232  233  233  234  235
  235  236  237  238  239  239  240  239  239  239  239  238  238  236  236  235
  233  233  231  230  228  226  225  223  221  220  217  216  215  213  212  212
  212  211  211  211  212  211  211  211  211  211  211  213  213  214  215  216
  217  217  218  219  220  221  221  222  223
    82.5-180.0 180.0   5.0 450.0                            LAT/LON1/LON2/DLON/H
  225  226  227  228  229  230  230  230  231  231  232  232  233  234  236  236
  238  239  239  240  240  242  242  242  241  243  243  244  243  243  242  242
  240  239  238  236  234  232  230  227  224  222  220  218  217  215  214  213
  212  211  212  213  215  216  216  217  216  217  217  217  218  219  219  219
  219  220  220  220  221  221  222  223  225
    80.0-180.0 180.0   5.0 450.0                            LAT/LON1/LON2/DLON/H
  225  226  225  226  225  226  226  227  227  227  227  227  227  228  229  231
  233  235  236  238  239  242  241  244  245  245  245  245  246  246  246  246
  246  245  244  242  240  237  235  233  231  228  226  223  222  220  219  219
  219  220  221  223  225  228  230  231  231  231  231  231  230  230  228  227
  226  225  224  223  223  223  224  224  225
    77.5-180.0 180.0   5.0 450.0                            LAT/LON1/LON2/DLON/H
  222  222  223  223  223  223  222  222  221  220  218  218  218  220  221  223
  226  228  229  231  232  233  234  239  238  240  242  245  246  247  248  249
  249  250  250  248  247  246  243  241  239  237  234  232  231  232  233  233
  234  236  238  240  245  248  250  252  252  252  251  250  248  246  243  240
  237  233  229  227  225  223  222  222  222
    75.0-180.0 180.0   5.0 450.0                            LAT/LON1/LON2/DLON/H
  216  216  217  218  217  216  216  214  214  213  212  210  209  209  211  212
  212  214  215  216  220  222  225  229  233  234  236  238  241  244  246  248
  250  251  252  253  253  252  251  250  248  246  244  244  245  247  248  251
  253  256  259  263  267  270  272  275  275  275  273  271  268  264  259  254
  248  241  235  228  223  220  217  216  216
    72.5-180.0 180.0   5.0 450.0                            LAT/LON1/LON2/DLON/H
  205  207  207  208  209  209  208  208  207  207  204  201  202  202  202  200
  201  202  204  204  210  212  216  219  222  228  229  231  234  239  242  246
  250  253  254  256  257  257  256  257  257  256  255  256  258  261  264  267
  271  275  279  283  287  291  293  294  294  293  292  289  285  279  273  265
  256  247  237  227  218  212  207  206  205
    70.0-180.0 180.0   5.0 450.0                            LAT/LON1/LON2/DLON/H
  195  196  197  199  200  201  201  201  201  200  199  198  197  197  194  196
  197  196  195  196  201  204  208  213  218  221  224  226  228  232  237  241
  246  251  255  257  259  262  263  264  264  266  266  267  270  274  277  280
  285  289  294  298  301  304  305  306  306  304  302  300  295  290  282  272
  262  251  237  225  214  203  199  196  195
    67.5-180.0 180.0   5.0 450.0                            LAT/LON1/LON2/DLON/H
  188  186  188  189  190  194  195  194  195  195  195  194  193  193  194  196
  194  194  192  194  197  201  205  212  218  220  222  224  225  228  232  236
  243  249  254  258  262  265  269  270  271  273  275  275  278  282  286  291
  295  297  300  303  305  306  307  307  307  306  304  302  298  292  284  275
  265  252  239  225  210  198  194  190  188
    65.0-180.0 180.0   5.0 450.0                            LAT/LON1/LON2/DLON/H
  181  178  179  181  184  185  187  188  188  188  191  193  193  193  198  198
  197  196  195  198  200  206  210  217  221  222  222  223  223  225  229  233
  239  247  254  258  264  269  273  275  277  279  280  282  285  287  291  295
  298  298  300  301  300  300  300  300  300  300  298  296  292  287  281  273
  263  253  240  227  211  197  190  184  181
    62.5-180.0 180.0   5.0 450.0                            LAT/LON1/LON2/DLON/H
  178  173  174  176  177  178  177  179  180  182  186  192  193  197  201  201
  202  201  201  204  208  215  220  223  226  224  223  223  223  224  228  233
  239  245  253  260  266  272  277  280  282  284  285  287  289  292  294  296
  297  296  295  293  291  289  288  290  291  290  289  287  285  280  275  269
  261  251  241  228  213  199  191  182  178
    60.0-180.0 180.0   5.0 450.0                            LAT/LON1/LON2/DLON/H
  183  173  170  171  171  170  167  170  172  175  180  188  194  200  203  205
  205  206  208  211  216  223  228  231  231  228  226  225  225  225  228  234
  240  247  253  261  269  277  282  286  290  290  292  294  295  298  300  299
  298  295  291  288  284  281  280  281  283  283  283  281  280  276  273  267
  260  251  242  230  218  206  196  188  183
    57.5-180.0 180.0   5.0 450.0                            LAT/LON1/LON2/DLON/H
  188  177  172  170  166  162  159  158  161  164  171  179  188  196  201  205
  206  210  214  217  223  230  234  237  236  232  229  228  227  228  231  237
  243  249  255  265  275  283  291  296  299  301  302  303  305  307  308  307
  304  298  292  287  282  279  278  280  282  283  284  283  282  280  276  270
  263  254  245  236  225  217  207  194  188
    55.0-180.0 180.0   5.0 450.0                            LAT/LON1/LON2/DLON/H
  200  181  174  169  162  155  150  147  146  150  157  164  177  187  195  200
  204  210  215  222  229  236  241  242  240  237  235  233  231  232  235  242
  247  254  263  272  283  292  301  309  312  315  316  317  317  321  321  319
  315  307  299  293  288  286  286  289  291  294  295  296  295  291  286  279
  270  261  251  243  235  227  219  207  200
    52.5-180.0 180.0   5.0 450.0                            LAT/LON1/LON2/DLON/H
  205  188  178  169  161  153  146  140  138  139  145  150  164  175  183  192
  198  207  215  226  235  244  248  249  246  244  241  240  237  240  242  248
  254  262  271  280  291  303  315  324  331  333  335  335  335  337  335  333
  329  322  313  305  301  302  303  306  310  313  316  317  316  310  302  294
  282  271  261  252  246  239  230  214  205
    50.0-180.0 180.0   5.0 450.0                            LAT/LON1/LON2/DLON/H
  214  193  181  172  162  154  146  139  136  136  138  145  154  164  173  182
  193  204  218  231  245  254  258  258  255  252  250  249  248  251  253  258
  264  272  281  290  303  317  331  340  350  356  356  356  355  355  353  351
  345  339  331  324  320  322  324  329  332  337  339  340  338  332  322  311
  297  283  274  265  259  251  241  225  214
    47.5-180.0 180.0   5.0 450.0                            LAT/LON1/LON2/DLON/H
  219  196  183  173  165  158  150  143  140  139  138  143  151  159  167  177
  191  205  223  240  257  267  271  270  266  264  263  264  265  267  270  273
  278  285  293  306  318  334  349  364  374  380  383  379  379  377  373  372
  366  358  350  344  339  341  343  347  350  355  358  359  358  353  342  327
  313  298  287  279  271  262  250  232  219
    45.0-180.0 180.0   5.0 450.0                            LAT/LON1/LON2/DLON/H
  221  197  184  175  167  162  157  151  147  145  145  147  153  159  168  178
  193  213  233  257  273  284  288  286  282  281  280  281  284  286  289  292
  294  301  310  320  337  353  370  384  399  408  410  406  403  401  398  396
  387  380  370  365  359  357  356  358  360  363  366  369  370  366  355  340
  326  311  299  289  280  271  256  236  221
    42.5-180.0 180.0   5.0 450.0                            LAT/LON1/LON2/DLON/H
  225  200  186  177  171  168  167  162  158  156  155  156  159  164  172  182
  199  223  247  274  292  304  306  305  302  302  301  303  306  310  310  313
  316  321  329  340  357  374  394  410  426  435  438  434  433  429  425  420
  415  405  393  386  377  370  367  364  361  359  360  364  368  369  361  348
  334  319  306  296  286  277  263  241  225
    40.0-180.0 180.0   5.0 450.0                            LAT/LON1/LON2/DLON/H
  231  204  190  182  179  178  178  176  174  172  169  168  168  171  177  189
  210  235  263  292  311  323  326  325  323  325  326  328  330  333  334  336
  339  343  352  364  380  398  419  436  453  462  464  464  463  460  455  450
  441  435  420  410  399  387  380  370  361  356  354  357  362  366  361  352
  337  325  311  300  290  282  268  248  231
    37.5-180.0 180.0   5.0 450.0                            LAT/LON1/LON2/DLON/H
  238  215  200  192  189  190  193  192  192  189  185  182  181  180  183  198
  219  247  279  307  327  340  344  344  342  345  349  352  353  356  358  359
  361  367  376  390  407  424  443  461  478  489  493  496  498  498  490  484
  477  468  453  440  427  414  401  383  369  360  356  357  359  362  361  354
  341  329  316  305  296  287  275  255  238
    35.0-180.0 180.0   5.0 450.0                            LAT/LON1/LON2/DLON/H
  247  230  215  207  206  207  210  210  210  207  202  196  192  190  194  206
  228  257  289  317  338  353  357  357  355  360  365  369  373  375  376  378
  382  390  401  415  430  447  464  483  501  514  523  533  536  540  534  529
  521  512  494  483  468  453  436  414  397  380  372  367  365  363  363  358
  347  334  321  310  301  294  282  263  247
    32.5-180.0 180.0   5.0 450.0                            LAT/LON1/LON2/DLON/H
  268  246  233  226  225  228  229  227  226  223  217  211  205  202  204  214
  234  263  294  323  345  360  363  361  360  366  373  378  388  389  389  392
  403  413  425  441  452  467  483  502  521  538  558  572  583  580  579  576
  572  567  550  538  528  512  494  470  449  427  409  394  384  375  370  364
  351  337  322  309  306  301  294  281  268
    30.0-180.0 180.0   5.0 450.0                            LAT/LON1/LON2/DLON/H
  288  268  254  247  244  245  248  244  241  235  230  225  218  214  215  223
  241  267  296  323  345  357  361  359  358  364  374  381  397  397  397  404
  418  431  446  460  471  484  499  519  538  560  579  602  620  625  626  627
  628  625  614  611  606  592  575  550  529  498  469  442  419  399  384  373
  356  339  323  310  309  308  305  299  288
    27.5-180.0 180.0   5.0 450.0                            LAT/LON1/LON2/DLON/H
  306  293  279  269  265  265  264  262  257  249  243  236  230  225  224  231
  248  269  293  318  339  351  353  350  349  356  368  380  398  400  405  415
  431  443  458  474  486  495  511  533  555  575  602  627  652  663  669  675
  684  685  686  693  694  691  669  645  624  583  543  502  465  434  407  386
  361  339  320  308  306  308  312  312  306
    25.0-180.0 180.0   5.0 450.0                            LAT/LON1/LON2/DLON/H
  318  315  302  290  284  283  283  279  272  264  256  248  241  237  236  239
  253  270  289  311  332  341  343  340  339  346  360  377  394  402  412  426
  441  455  470  489  503  512  527  551  575  594  620  647  674  693  703  715
  730  747  760  777  782  784  764  752  722  671  618  565  517  477  441  400
  365  336  315  302  300  307  314  320  318
    22.5-180.0 180.0   5.0 450.0                            LAT/LON1/LON2/DLON/H
  324  328  320  306  299  297  298  294  288  280  270  262  255  251  250  250
  259  272  288  306  325  333  335  331  330  339  355  375  394  408  424  436
  453  470  487  508  526  536  552  575  594  611  637  662  688  711  727  745
  774  800  822  839  848  847  829  813  787  733  671  608  552  508  467  413
  367  332  307  295  294  305  313  322  324
    20.0-180.0 180.0   5.0 450.0                            LAT/LON1/LON2/DLON/H
  326  335  325  311  303  301  304  304  300  294  286  276  269  263  262  262
  267  276  289  308  323  328  328  324  326  339  357  380  400  419  435  452
  468  485  506  530  551  567  583  599  609  622  648  674  694  717  732  763
  802  823  845  854  860  852  837  814  788  734  670  603  547  503  464  415
  368  326  302  293  291  301  310  321  326
    17.5-180.0 180.0   5.0 450.0                            LAT/LON1/LON2/DLON/H
  329  336  324  309  298  297  302  306  308  305  296  289  282  274  271  272
  275  281  295  309  319  319  320  320  327  344  367  394  415  435  454  470
  484  499  525  552  579  600  614  621  624  633  653  676  698  713  726  760
  790  797  812  814  817  812  801  773  738  686  626  566  515  473  441  405
  365  324  301  295  291  294  304  321  329
    15.0-180.0 180.0   5.0 450.0                            LAT/LON1/LON2/DLON/H
  335  337  322  303  288  284  291  298  305  306  300  295  289  283  277  276
  277  281  295  308  314  314  317  322  333  354  382  410  432  454  474  489
  501  520  547  576  604  630  643  646  643  649  662  679  695  703  710  730
  740  741  750  752  752  749  739  712  675  622  566  517  473  435  410  384
  358  324  308  306  302  298  304  326  335
    12.5-180.0 180.0   5.0 450.0                            LAT/LON1/LON2/DLON/H
  336  334  317  296  275  268  274  283  293  298  296  295  291  286  279  273
  272  277  291  302  308  312  318  328  342  368  397  426  449  470  488  503
  517  541  573  605  634  660  672  674  672  668  674  684  691  691  688  687
  686  685  690  696  688  686  672  651  614  561  508  468  433  402  380  363
  348  331  324  324  322  316  315  328  336
    10.0-180.0 180.0   5.0 450.0                            LAT/LON1/LON2/DLON/H
  337  328  313  289  264  254  257  264  276  283  285  287  288  284  277  268
  264  273  284  292  299  306  317  331  353  383  413  438  460  481  496  511
  530  558  595  632  665  685  697  701  696  686  687  688  687  681  670  655
  646  649  652  655  648  640  627  608  573  523  472  437  411  386  364  354
  347  343  347  348  346  343  333  331  337
     7.5-180.0 180.0   5.0 450.0                            LAT/LON1/LON2/DLON/H
  340  328  311  286  261  247  246  249  258  267  270  275  280  278  270  260
  256  268  278  282  290  299  315  337  365  395  425  447  466  485  499  516
  539  571  609  647  679  695  708  712  705  698  696  689  683  674  661  644
  633  633  638  640  636  627  615  597  562  517  469  434  410  388  367  363
  359  359  369  376  371  364  349  337  340
     5.0-180.0 180.0   5.0 450.0                            LAT/LON1/LON2/DLON/H
  347  333  314  286  263  247  240  238  243  248  253  259  266  266  257  245
  241  250  264  270  280  294  316  344  374  404  430  450  464  480  495  513
  540  571  609  641  667  686  698  702  699  695  690  683  679  674  664  651
  644  645  650  651  645  638  631  613  579  536  494  461  433  408  388  384
  377  381  394  406  397  382  361  348  347
     2.5-180.0 180.0   5.0 450.0                            LAT/LON1/LON2/DLON/H
  357  339  321  293  268  252  242  233  231  230  231  235  241  243  236  225
  219  228  244  256  272  292  318  350  381  406  426  442  454  467  481  500
  528  561  592  618  640  657  667  676  683  681  673  671  676  679  677  673
  672  677  682  683  676  671  668  646  613  576  543  509  477  446  421  411
  395  404  423  432  418  397  374  361  357
