DORISInput/IGSGIM/2024/IGS0OPSFIN_20241570000_01D_02H_GIM.INX
     1.0            IONOSPHERE MAPS     MIX                 IONEX VERSION / TYPE
cmpcmb v1.2          GRL/UWM            24-jun-24 16:08     PGM / RUN BY / DATE 
ionex file containing IGS COMBINED Ionosphere maps          COMMENT             
global ionosphere maps for day 157, 2024                    DESCRIPTION         
IONEX file containing the COMBINED IGS TEC MAPS and DCBs    DESCRIPTION         
      IONEX files of the following IAACs were combined: cod DESCRIPTION         
                                                        jpl DESCRIPTION         
                                                        upc DESCRIPTION         
Contact address: Andrzej Krankowski                         DESCRIPTION
                 Geodynamics Research Laboratory            DESCRIPTION
                 University of Warmia and Mazury (GRL/UWM)  DESCRIPTION
                 Oczapowski St. 1                           DESCRIPTION
                 10-957-Olsztyn, POLAND                     DESCRIPTION
                 e-mail:  kand@uwm.edu.pl                   DESCRIPTION
                                                            DESCRIPTION         
  2024     6     5     0     0     0                        EPOCH OF FIRST MAP  
  2024     6     6     0     0     0                        EPOCH OF LAST MAP   
  7200                                                      INTERVAL            
    13                                                      # OF MAPS IN FILE   
  COSZ                                                      MAPPING FUNCTION    
     0.0                                                    ELEVATION CUTOFF    
combined TEC calculated as weighted mean of input TEC valuesOBSERVABLES USED    
   336                                                      # OF STATIONS       
    32                                                      # OF SATELLITES     
  6371.0                                                    BASE RADIUS         
     2                                                      MAP DIMENSION       
   450.0 450.0   0.0                                        HGT1 / HGT2 / DHGT  
    87.5 -87.5  -2.5                                        LAT1 / LAT2 / DLAT  
  -180.0 180.0   5.0                                        LON1 / LON2 / DLON  
    -1                                                      EXPONENT            
TEC values in 0.1 tec units;  9999, if no value available   COMMENT             
DCB values in nanoseconds, reference is Sum_of_SatDCBs = 0  COMMENT             
                                                            END OF HEADER       
[from data line 858]
     3                                                      START OF TEC MAP    
  2024     6     5     4     0     0                        EPOCH OF CURRENT MAP
    87.5-180.0 180.0   5.0 450.0                            LAT/LON1/LON2/DLON/H
  245  245  245  246  246  246  247  247  248  249  250  250  251  252  253  254
  254  255  256  256  256  256  256  256  255  255  254  254  253  253  253  252
  252  251  251  251  251  250  250  251  250  250  250  250  250  251  250  250
  251  250  251  252  252  252  252  252  252  252  251  250  250  249  248  248
  248  247  246  246  246  246  246  245  245
    85.0-180.0 180.0   5.0 450.0                            LAT/LON1/LON2/DLON/H
  242  241  241  242  242  244  245  246  248  249  251  254  255  256  258  260
  261  262  263  264  265  265  265  264  263  261  261  259  259  257  256  254
  253  252  250  250  249  248  248  248  248  249  249  250  252  253  254  256
  256  258  259  260  260  262  262  262  262  262  261  260  259  257  255  253
  251  250  248  247  245  243  242  242  242
    82.5-180.0 180.0   5.0 450.0                            LAT/LON1/LON2/DLON/H
  240  240  240  242  243  244  245  247  249  252  255  259  261  263  266  268
  268  270  271  271  270  271  272  270  268  266  263  260  257  255  252  251
  249  249  247  247  246  246  246  247  248  249  250  252  254  256  259  262
  265  268  270  272  274  276  277  278  279  279  279  277  275  273  269  265
  261  258  255  251  248  246  243  241  240
    80.0-180.0 180.0   5.0 450.0                            LAT/LON1/LON2/DLON/H
  241  239  238  237  238  239  242  245  249  252  255  259  262  265  267  269
  272  273  273  274  274  272  273  270  268  263  260  256  253  251  248  247
  247  246  245  245  245  247  248  249  249  252  255  258  262  266  271  274
  277  282  286  288  293  295  299  301  302  303  302  301  297  292  287  282
  277  272  267  261  256  252  247  243  241
    77.5-180.0 180.0   5.0 450.0                            LAT/LON1/LON2/DLON/H
  242  239  237  236  237  239  241  244  247  250  253  256  258  259  260  262
  264  265  266  266  265  266  262  259  255  253  251  246  241  237  235  233
  231  232  234  236  239  242  246  250  254  259  263  268  275  280  286  292
  296  301  305  309  313  319  322  325  328  329  329  326  321  315  308  302
  296  289  282  273  265  258  252  246  242
    75.0-180.0 180.0   5.0 450.0                            LAT/LON1/LON2/DLON/H
  247  242  239  239  239  240  242  245  248  250  251  252  252  252  252  251
  251  251  252  252  253  249  248  245  242  238  232  228  228  225  223  221
  223  225  227  232  238  245  251  256  262  268  274  282  289  297  304  310
  316  322  328  332  338  342  345  347  350  352  351  348  342  335  328  323
  315  307  297  288  277  269  260  253  247
    72.5-180.0 180.0   5.0 450.0                            LAT/LON1/LON2/DLON/H
  256  249  244  242  242  243  245  249  250  250  251  250  248  245  241  238
  235  233  233  233  233  231  230  229  225  222  216  212  209  210  211  213
  216  221  227  234  242  250  261  270  279  282  289  298  306  315  321  328
  334  341  346  353  358  363  365  366  367  367  366  363  359  352  347  342
  334  325  316  304  293  283  272  264  256
    70.0-180.0 180.0   5.0 450.0                            LAT/LON1/LON2/DLON/H
  264  256  250  246  246  247  251  252  253  253  252  249  245  239  234  227
  219  215  215  215  214  215  213  211  208  205  202  199  197  200  204  208
  216  223  232  241  252  261  272  284  294  302  308  316  326  333  341  347
  353  358  364  372  376  379  377  376  376  373  371  369  365  363  359  353
  348  340  329  319  308  296  284  274  264
    67.5-180.0 180.0   5.0 450.0                            LAT/LON1/LON2/DLON/H
  272  263  256  251  249  250  253  255  257  257  255  251  245  238  230  219
  209  205  201  203  201  203  202  199  197  193  191  191  191  193  201  210
  220  230  243  254  265  277  288  296  308  319  327  336  345  355  362  366
  373  377  384  388  388  387  384  379  376  371  369  367  363  362  359  355
  351  344  337  328  318  306  294  282  272
    65.0-180.0 180.0   5.0 450.0                            LAT/LON1/LON2/DLON/H
  278  268  260  254  250  250  252  255  258  259  258  254  248  239  228  217
  208  202  196  198  196  199  198  196  194  189  186  186  189  194  203  216
  229  242  254  268  281  292  302  311  321  333  343  354  364  372  381  387
  394  398  403  402  398  392  386  378  372  366  360  357  353  351  348  346
  342  339  334  328  320  311  300  289  278
    62.5-180.0 180.0   5.0 450.0                            LAT/LON1/LON2/DLON/H
  282  272  264  256  251  249  250  254  257  259  260  257  252  244  234  223
  213  204  201  199  199  202  202  199  196  189  187  189  192  201  211  224
  238  251  265  278  290  300  310  321  333  345  356  369  380  390  399  407
  414  418  420  415  407  399  389  379  368  358  349  344  337  334  331  328
  326  325  321  319  314  309  301  292  282
    60.0-180.0 180.0   5.0 450.0                            LAT/LON1/LON2/DLON/H
  285  276  267  258  252  249  248  250  254  257  259  258  255  250  242  231
  222  213  209  207  207  209  209  207  204  197  196  199  201  208  220  229
  240  252  265  278  290  302  314  326  339  352  366  379  391  404  415  426
  434  436  434  428  418  408  395  383  368  353  341  331  323  315  310  305
  304  303  302  302  302  301  297  292  285
    57.5-180.0 180.0   5.0 450.0                            LAT/LON1/LON2/DLON/H
  287  280  272  264  256  251  248  249  252  255  256  256  254  251  246  240
  232  225  220  219  217  218  218  216  214  209  207  209  211  214  221  226
  233  246  257  270  285  299  312  327  342  356  371  385  399  414  427  439
  447  449  446  439  429  418  406  391  374  357  339  324  311  301  293  286
  282  280  281  283  287  290  291  290  287
    55.0-180.0 180.0   5.0 450.0                            LAT/LON1/LON2/DLON/H
  289  286  280  273  265  259  254  253  252  253  252  253  252  251  248  245
  240  235  230  228  227  227  226  224  221  217  216  215  215  216  219  221
  227  236  247  260  275  291  307  322  339  356  372  387  404  420  434  447
  455  459  458  449  440  429  416  401  383  366  346  324  308  295  283  274
  267  264  264  268  273  279  284  287  289
    52.5-180.0 180.0   5.0 450.0                            LAT/LON1/LON2/DLON/H
  293  294  293  287  280  274  269  264  260  256  253  251  250  248  247  245
  242  238  235  233  232  231  229  227  225  223  222  221  220  219  218  217
  219  224  235  248  265  281  299  317  335  353  371  389  405  421  437  452
  460  465  467  462  456  445  430  413  397  381  360  337  319  300  284  272
  261  257  256  259  264  271  279  287  293
    50.0-180.0 180.0   5.0 450.0                            LAT/LON1/LON2/DLON/H
  297  304  305  304  301  299  291  284  276  268  258  251  247  244  242  242
  240  237  234  233  232  231  230  229  228  229  229  229  228  223  218  214
  213  217  225  237  253  271  289  310  330  350  370  388  404  421  440  453
  462  469  475  475  472  463  449  434  416  400  380  357  337  313  292  277
  264  257  256  257  261  268  278  289  297
    47.5-180.0 180.0   5.0 450.0                            LAT/LON1/LON2/DLON/H
  305  314  319  323  326  326  320  312  302  287  271  257  246  240  237  236
  234  232  230  230  230  231  232  232  234  237  239  239  238  231  223  217
  214  216  221  230  245  262  282  303  325  347  365  385  404  423  439  452
  464  474  482  487  487  481  472  458  441  424  405  382  358  330  307  290
  275  267  264  265  267  272  281  293  305
    45.0-180.0 180.0   5.0 450.0                            LAT/LON1/LON2/DLON/H
  314  326  333  340  347  351  350  343  331  311  289  268  250  238  233  230
  228  226  226  228  230  233  235  238  241  245  250  253  252  246  234  228
  222  221  223  228  240  256  275  297  319  342  364  384  405  423  438  453
  469  482  491  499  503  500  494  483  469  452  433  408  381  352  327  307
  293  285  283  282  283  285  291  303  314
    42.5-180.0 180.0   5.0 450.0                            LAT/LON1/LON2/DLON/H
  326  336  344  354  363  372  376  372  359  338  310  285  261  243  233  227
  224  221  223  227  232  237  242  246  251  258  264  269  269  264  253  245
  238  233  230  231  239  252  270  291  315  340  363  384  404  422  439  456
  474  489  501  511  517  518  516  507  496  480  462  437  406  377  352  329
  314  306  304  303  304  303  308  316  326
    40.0-180.0 180.0   5.0 450.0                            LAT/LON1/LON2/DLON/H
  339  345  352  361  373  385  394  393  382  360  331  302  275  253  238  229
  223  221  223  230  238  246  252  259  265  274  282  288  287  282  273  265
  257  249  240  237  240  250  266  288  313  337  362  384  404  423  442  462
  479  496  511  522  529  533  535  530  523  508  490  468  436  409  383  357
  339  328  327  327  327  326  328  332  339
    37.5-180.0 180.0   5.0 450.0                            LAT/LON1/LON2/DLON/H
  353  354  358  366  376  389  401  404  397  377  350  320  293  269  251  236
  227  224  229  238  248  258  268  277  283  294  305  308  307  301  290  282
  273  263  251  244  243  249  262  283  309  335  362  384  405  425  443  462
  482  500  516  528  538  546  552  552  549  537  521  503  477  453  424  396
  369  354  352  350  352  350  351  351  353
    35.0-180.0 180.0   5.0 450.0                            LAT/LON1/LON2/DLON/H
  369  369  366  369  375  386  401  408  404  388  366  339  313  289  267  250
  238  232  236  247  260  276  288  299  306  319  327  328  326  318  306  295
  285  274  262  251  246  247  259  279  306  334  360  384  405  422  441  459
  479  499  516  530  543  554  565  571  573  567  559  549  531  508  477  444
  410  388  380  376  376  375  373  372  369
    32.5-180.0 180.0   5.0 450.0                            LAT/LON1/LON2/DLON/H
  395  391  383  380  380  383  394  401  401  391  376  357  335  310  290  269
  253  244  245  257  275  295  313  328  336  347  352  346  340  328  313  301
  292  279  267  254  245  244  254  275  302  332  356  379  397  416  433  452
  472  492  511  526  544  561  576  587  594  597  601  603  596  575  538  496
  455  424  407  403  402  399  399  399  395
    30.0-180.0 180.0   5.0 450.0                            LAT/LON1/LON2/DLON/H
  428  421  410  404  397  397  394  394  394  389  383  373  355  334  312  291
  272  259  257  269  290  312  336  362  369  376  374  362  347  328  310  299
  289  278  264  250  240  238  248  267  295  324  348  368  388  406  422  439
  458  479  499  518  540  562  582  600  612  626  643  658  664  643  608  557
  505  465  437  427  425  424  427  430  428
    27.5-180.0 180.0   5.0 450.0                            LAT/LON1/LON2/DLON/H
  472  471  462  447  436  420  406  401  395  392  395  393  381  361  336  313
  290  277  272  284  304  328  354  386  393  398  391  369  342  318  296  284
  275  264  253  239  229  229  239  257  281  311  333  355  376  394  409  423
  442  461  483  506  532  559  585  606  626  650  680  711  728  719  677  625
  562  512  474  457  449  451  458  468  472
    25.0-180.0 180.0   5.0 450.0                            LAT/LON1/LON2/DLON/H
  522  531  526  507  489  468  443  430  418  411  417  419  411  390  365  340
  314  296  291  303  319  346  374  402  409  412  396  364  327  295  271  259
  251  242  233  223  214  216  227  243  264  289  316  341  363  380  394  409
  428  449  470  494  523  554  582  608  633  666  708  752  785  787  749  694
  625  567  520  493  478  486  498  513  522
    22.5-180.0 180.0   5.0 450.0                            LAT/LON1/LON2/DLON/H
  579  600  599  582  558  534  511  486  468  455  454  452  444  425  398  371
  344  322  314  324  339  367  393  414  418  416  390  346  303  267  238  226
  223  217  211  205  198  199  209  225  245  271  299  326  349  366  380  398
  420  439  461  486  517  549  580  607  637  674  722  776  821  837  807  749
  682  618  566  535  520  525  540  558  579
    20.0-180.0 180.0   5.0 450.0                            LAT/LON1/LON2/DLON/H
  636  660  669  661  638  613  589  565  545  521  506  492  477  461  438  409
  382  358  346  352  364  387  408  420  418  404  372  324  278  234  205  193
  193  192  189  183  178  178  185  199  222  249  277  307  332  354  372  393
  417  437  460  487  519  551  579  609  640  677  725  780  828  849  829  781
  718  657  609  579  566  566  580  603  636
    17.5-180.0 180.0   5.0 450.0                            LAT/LON1/LON2/DLON/H
  681  714  732  734  714  689  665  647  627  592  562  542  522  499  478  450
  424  402  387  384  389  401  412  414  403  375  339  290  242  201  173  163
  164  169  162  157  156  156  153  161  190  223  251  283  316  344  369  393
  419  444  470  500  533  560  587  614  643  675  718  769  812  834  823  790
  742  689  647  620  605  601  617  646  681
    15.0-180.0 180.0   5.0 450.0                            LAT/LON1/LON2/DLON/H
  713  747  771  778  768  753  739  721  703  662  622  594  566  540  517  490
  466  446  428  416  412  409  405  395  375  334  294  242  199  166  144  137
  139  144  141  137  133  129  124  129  153  191  224  265  305  340  370  400
  431  460  491  523  555  580  604  626  648  675  708  749  786  806  809  792
  760  719  683  657  644  640  655  680  713
    12.5-180.0 180.0   5.0 450.0                            LAT/LON1/LON2/DLON/H
  732  757  775  781  783  783  781  773  748  711  666  633  604  580  551  526
  505  485  468  448  433  415  394  367  337  288  240  197  160  136  121  115
  118  123  123  119  114  108  101  103  123  160  202  252  300  341  376  411
  447  481  516  547  578  604  626  644  661  682  705  733  760  778  788  785
  770  743  715  692  680  681  693  709  732
    10.0-180.0 180.0   5.0 450.0                            LAT/LON1/LON2/DLON/H
  741  753  758  755  759  765  771  768  754  722  681  645  619  596  572  550
  532  519  502  484  457  421  380  334  294  237  193  156  128  113  105  103
  106  110  110  106   99   91   81   82  100  138  188  244  298  342  382  419
  460  497  533  568  601  629  655  671  686  700  715  733  750  762  773  775
  767  750  730  712  707  710  722  731  741
     7.5-180.0 180.0   5.0 450.0                            LAT/LON1/LON2/DLON/H
  749  746  739  722  712  709  713  713  707  688  654  620  601  580  564  552
  546  542  530  513  476  421  364  303  256  195  155  126  105   98   98   99
  102  103  103   97   87   76   66   67   85  124  177  235  289  338  381  426
  466  505  544  582  620  656  688  709  721  730  739  750  760  767  771  767
  755  740  726  713  713  721  736  746  749
     5.0-180.0 180.0   5.0 450.0                            LAT/LON1/LON2/DLON/H
  753  743  725  697  671  647  637  632  626  609  580  561  550  537  533  533
  536  543  538  515  476  412  343  272  223  164  131  108   95   92   96  100
  102  100   97   90   79   65   54   56   76  114  165  223  280  328  375  420
  462  503  544  585  631  678  721  750  764  768  773  780  786  788  780  763
  742  722  708  697  700  716  738  753  753
     2.5-180.0 180.0   5.0 450.0                            LAT/LON1/LON2/DLON/H
  761  749  726  690  647  606  574  551  528  509  488  471  472  473  475  486
  496  509  511  489  449  386  314  243  196  147  120  102   95   96  100  103
  103   99   93   85   74   59   48   52   73  108  157  210  265  315  362  407
  448  490  534  578  627  686  742  782  802  807  808  815  819  816  794  763
  728  700  681  670  675  698  729  754  761
