DORISInput/IGSGIM/2024/IGS0OPSFIN_20241290000_01D_02H_GIM.INX
     1.0            IONOSPHERE MAPS     MIX                 IONEX VERSION / TYPE
cmpcmb v1.2          GRL/UWM            28-may-24 16:14     PGM / RUN BY / DATE 
ionex file containing IGS COMBINED Ionosphere maps          COMMENT             
global ionosphere maps for day 129, 2024                    DESCRIPTION         
IONEX file containing the COMBINED IGS TEC MAPS and DCBs    DESCRIPTION         
      IONEX files of the following IAACs were combined: cod DESCRIPTION         
                                                        jpl DESCRIPTION         
                                                        upc DESCRIPTION         
Contact address: Andrzej Krankowski                         DESCRIPTION
                 Geodynamics Research Laboratory            DESCRIPTION
                 University of Warmia and Mazury (GRL/UWM)  DESCRIPTION
                 Oczapowski St. 1                           DESCRIPTION
                 10-957-Olsztyn, POLAND                     DESCRIPTION
                 e-mail:  kand@uwm.edu.pl                   DESCRIPTION
                                                            DESCRIPTION         
  2024     5     8     0     0     0                        EPOCH OF FIRST MAP  
  2024     5     9     0     0     0                        EPOCH OF LAST MAP   
  7200                                                      INTERVAL            
    13                                                      # OF MAPS IN FILE   
  COSZ                                                      MAPPING FUNCTION    
     0.0                                                    ELEVATION CUTOFF    
combined TEC calculated as weighted mean of input TEC valuesOBSERVABLES USED    
   338                                                      # OF STATIONS       
    32                                                      # OF SATELLITES     
  6371.0                                                    BASE RADIUS         
     2                                                      MAP DIMENSION       
   450.0 450.0   0.0                                        HGT1 / HGT2 / DHGT  
    87.5 -87.5  -2.5                                        LAT1 / LAT2 / DLAT  
  -180.0 180.0   5.0                                        LON1 / LON2 / DLON  
    -1                                                      EXPONENT            
TEC values in 0.1 tec units;  9999, if no value available   COMMENT             
DCB values in nanoseconds, reference is Sum_of_SatDCBs = 0  COMMENT             
                                                            END OF HEADER       
[from data line 3861]
    10                                                      START OF TEC MAP    
  2024     5     8    18     0     0                        EPOCH OF CURRENT MAP
    87.5-180.0 180.0   5.0 450.0                            LAT/LON1/LON2/DLON/H
  249  250  250  250  250  251  252  252  252  252  253  253  254  254  254  254
  255  255  254  255  254  254  254  254  253  253  252  252  250  250  249  249
  247  247  246  245  245  244  244  244  243  243  243  242  243  243  243  243
  243  243  244  244  244  244  245  245  246  246  247  247  247  248  248  248
  248  249  249  249  249  249  249  249  249
    85.0-180.0 180.0   5.0 450.0                            LAT/LON1/LON2/DLON/H
  251  251  251  251  251  251  252  252  253  255  255  256  258  259  260  262
  262  263  263  262  262  260  260  259  258  256  254  252  250  248  246  245
  243  241  240  239  237  237  236  235  234  234  234  234  235  235  236  236
  237  238  239  240  242  242  244  245  245  246  247  248  249  249  249  249
  249  249  249  250  250  249  249  250  251
    82.5-180.0 180.0   5.0 450.0                            LAT/LON1/LON2/DLON/H
  246  245  245  245  245  246  246  248  250  252  254  256  259  261  263  264
  265  266  267  268  267  267  266  264  260  258  255  252  249  247  244  241
  239  237  234  232  231  229  228  227  225  225  226  226  228  229  230  232
  234  236  238  240  242  244  245  247  248  249  250  250  251  251  252  252
  251  251  251  250  249  249  248  247  246
    80.0-180.0 180.0   5.0 450.0                            LAT/LON1/LON2/DLON/H
  241  238  237  237  238  239  240  243  246  249  252  255  257  260  263  265
  266  267  267  267  267  267  268  263  260  258  254  252  249  246  243  240
  237  234  232  229  227  225  224  223  222  221  221  221  223  225  227  230
  233  236  239  241  243  246  248  249  250  251  252  253  253  253  254  253
  253  253  252  250  248  246  245  242  241
    77.5-180.0 180.0   5.0 450.0                            LAT/LON1/LON2/DLON/H
  237  235  234  233  234  236  237  239  241  245  248  252  255  259  261  264
  266  267  267  267  266  267  266  264  261  258  255  252  249  246  243  240
  237  234  231  228  226  224  224  223  222  221  221  222  223  225  228  230
  234  237  240  242  243  246  247  250  251  251  250  251  251  251  252  253
  253  253  252  251  249  246  243  240  237
    75.0-180.0 180.0   5.0 450.0                            LAT/LON1/LON2/DLON/H
  240  238  237  236  235  235  236  238  241  245  250  254  258  261  263  265
  265  265  265  265  264  265  265  263  262  259  256  253  250  247  244  241
  238  235  234  231  229  228  227  226  226  224  224  225  226  228  230  233
  236  239  242  242  243  245  245  247  246  245  245  244  244  244  246  248
  250  252  252  252  251  249  247  244  240
    72.5-180.0 180.0   5.0 450.0                            LAT/LON1/LON2/DLON/H
  251  248  245  244  241  240  241  243  248  254  258  262  266  268  269  268
  265  264  262  260  261  263  263  261  261  260  255  252  249  247  244  242
  239  237  235  234  233  233  233  233  233  232  231  232  233  234  235  236
  238  241  241  241  240  241  240  240  237  235  234  232  232  233  236  239
  243  247  250  252  253  254  255  253  251
    70.0-180.0 180.0   5.0 450.0                            LAT/LON1/LON2/DLON/H
  262  261  258  256  253  251  253  256  261  266  271  276  279  279  277  273
  270  264  261  260  262  263  263  264  263  260  258  253  250  246  245  242
  240  239  238  237  237  238  239  240  241  242  241  240  241  241  240  240
  240  240  239  239  237  235  233  229  224  220  218  216  216  217  221  225
  231  238  244  250  255  259  262  263  262
    67.5-180.0 180.0   5.0 450.0                            LAT/LON1/LON2/DLON/H
  274  274  273  271  268  265  266  268  273  279  284  289  293  291  287  282
  273  267  265  265  267  269  269  270  270  266  263  258  253  248  245  242
  240  240  240  240  241  243  246  248  249  250  250  249  247  244  242  240
  240  238  237  235  231  226  222  215  208  203  199  197  196  197  201  208
  215  225  235  244  254  262  268  272  274
    65.0-180.0 180.0   5.0 450.0                            LAT/LON1/LON2/DLON/H
  285  288  288  286  282  279  278  279  283  289  295  301  303  301  297  289
  282  276  276  275  277  279  280  282  280  277  271  264  257  251  247  243
  241  241  241  242  245  248  251  254  257  258  258  256  252  248  244  240
  237  235  231  228  222  215  210  199  192  186  180  178  176  177  181  188
  197  209  221  236  248  260  270  280  285
    62.5-180.0 180.0   5.0 450.0                            LAT/LON1/LON2/DLON/H
  293  299  302  300  295  291  287  286  288  293  300  307  310  310  307  299
  293  288  289  289  291  294  296  296  294  288  279  273  264  256  251  246
  243  242  241  243  246  251  256  261  265  267  266  264  258  252  246  239
  234  229  224  219  212  203  197  186  178  172  166  163  161  161  164  170
  181  192  207  222  239  254  270  283  293
    60.0-180.0 180.0   5.0 450.0                            LAT/LON1/LON2/DLON/H
  294  305  310  310  305  299  293  289  289  292  300  308  314  316  316  310
  306  304  304  305  308  310  311  310  306  300  290  283  275  266  258  252
  248  246  244  246  250  256  262  269  274  276  275  272  266  258  250  240
  233  226  220  213  205  194  187  178  169  164  159  156  154  153  154  159
  167  177  192  207  226  245  263  281  294
    57.5-180.0 180.0   5.0 450.0                            LAT/LON1/LON2/DLON/H
  293  307  315  317  313  305  296  290  287  289  297  307  315  321  323  322
  321  321  323  324  325  326  326  323  317  310  301  294  286  278  271  263
  258  255  252  254  257  262  271  279  284  286  285  281  274  265  255  245
  236  227  219  210  202  192  185  175  168  164  160  158  155  154  153  155
  160  170  181  197  214  234  255  274  293
    55.0-180.0 180.0   5.0 450.0                            LAT/LON1/LON2/DLON/H
  289  305  317  321  319  310  301  293  288  289  296  307  318  327  332  335
  338  341  343  343  342  340  338  334  327  320  313  307  299  293  285  277
  272  267  264  264  268  273  282  290  296  298  297  292  283  274  263  253
  243  233  223  214  204  194  188  181  175  171  169  166  164  162  161  160
  162  167  176  189  205  224  246  269  289
    52.5-180.0 180.0   5.0 450.0                            LAT/LON1/LON2/DLON/H
  285  304  317  327  327  321  312  301  296  296  302  313  326  336  345  353
  358  361  362  362  358  353  349  343  337  332  328  323  316  310  300  293
  287  283  279  279  282  288  296  304  308  311  309  303  295  285  274  263
  253  242  231  222  212  203  199  191  188  184  183  181  180  176  174  172
  171  173  179  187  201  220  240  263  285
    50.0-180.0 180.0   5.0 450.0                            LAT/LON1/LON2/DLON/H
  285  305  321  335  339  335  327  318  313  313  318  328  341  352  362  374
  380  383  383  380  373  366  360  355  349  346  344  341  335  328  317  308
  302  297  294  294  297  304  311  318  322  323  321  313  305  293  284  274
  264  253  242  232  221  213  210  204  201  200  199  198  197  194  191  188
  185  184  187  194  204  220  240  262  285
    47.5-180.0 180.0   5.0 450.0                            LAT/LON1/LON2/DLON/H
  290  311  328  345  354  353  347  339  335  337  342  351  363  374  384  394
  402  405  404  399  390  382  375  371  366  364  362  360  355  347  332  321
  312  308  307  307  314  321  328  332  335  335  330  322  311  300  290  283
  273  263  252  240  231  226  222  216  214  212  213  212  212  210  207  203
  199  198  198  203  211  224  243  266  290
    45.0-180.0 180.0   5.0 450.0                            LAT/LON1/LON2/DLON/H
  298  320  340  357  367  370  368  365  365  368  375  381  390  398  405  415
  423  427  425  420  410  402  395  392  388  387  383  380  373  361  345  333
  321  316  317  321  329  338  344  347  348  344  338  328  316  305  296  289
  281  272  260  250  241  235  232  226  224  222  221  222  221  221  218  215
  212  210  210  212  220  233  251  273  298
    42.5-180.0 180.0   5.0 450.0                            LAT/LON1/LON2/DLON/H
  307  330  351  369  381  388  391  392  397  404  412  417  421  425  428  436
  443  448  448  445  436  427  423  420  417  414  406  398  386  372  357  344
  334  329  329  335  346  354  361  362  360  356  346  335  322  310  300  295
  287  279  268  259  250  244  241  234  230  227  226  226  226  226  225  223
  221  218  218  221  228  241  261  283  307
    40.0-180.0 180.0   5.0 450.0                            LAT/LON1/LON2/DLON/H
  318  340  361  379  394  405  413  419  430  441  447  451  455  452  452  456
  463  471  473  472  466  460  456  454  451  445  431  415  400  385  373  363
  355  351  350  357  367  376  379  380  376  369  359  346  332  319  309  302
  294  286  277  267  259  254  250  241  236  233  231  232  232  231  230  228
  227  225  225  228  236  248  267  292  318
    37.5-180.0 180.0   5.0 450.0                            LAT/LON1/LON2/DLON/H
  326  350  371  389  405  419  431  442  457  472  481  484  484  479  475  477
  484  493  498  502  500  496  494  493  488  479  461  439  423  409  402  396
  390  386  386  389  397  404  405  403  399  390  380  364  350  333  324  314
  305  296  287  277  270  265  261  252  247  243  242  243  242  241  238  236
  234  233  231  233  241  253  274  298  326
    35.0-180.0 180.0   5.0 450.0                            LAT/LON1/LON2/DLON/H
  331  358  382  401  417  431  444  460  478  497  510  514  512  505  500  499
  505  517  525  533  535  535  533  531  525  514  495  476  461  450  450  447
  445  438  437  435  440  442  440  438  431  421  411  395  378  358  345  333
  321  311  300  291  286  281  278  270  265  264  263  263  259  256  253  250
  248  245  242  241  246  258  278  302  331
    32.5-180.0 180.0   5.0 450.0                            LAT/LON1/LON2/DLON/H
  335  365  392  413  428  440  455  473  495  516  533  540  539  532  524  526
  530  542  554  566  571  572  569  567  560  551  536  524  515  511  519  520
  519  510  501  502  500  494  493  488  479  462  453  441  420  397  374  359
  345  331  319  310  306  305  303  298  295  295  295  293  286  279  273  269
  266  263  259  252  253  262  281  306  335
    30.0-180.0 180.0   5.0 450.0                            LAT/LON1/LON2/DLON/H
  340  371  399  421  436  449  463  483  507  531  552  564  566  561  554  556
  559  572  588  601  606  608  603  599  593  591  585  583  584  592  604  616
  609  597  583  580  567  552  552  549  536  534  512  497  473  441  411  392
  377  359  343  335  331  333  333  333  332  333  333  330  320  309  299  294
  292  290  282  270  265  267  283  310  340
    27.5-180.0 180.0   5.0 450.0                            LAT/LON1/LON2/DLON/H
  342  374  404  426  443  457  474  493  516  542  567  585  593  596  590  590
  593  604  621  636  641  641  636  631  631  637  641  649  662  679  708  720
  709  695  675  664  645  629  618  610  596  587  565  549  525  479  445  425
  412  392  372  362  361  361  363  368  370  372  372  367  354  339  327  324
  323  322  311  296  284  278  286  310  342
    25.0-180.0 180.0   5.0 450.0                            LAT/LON1/LON2/DLON/H
  339  374  405  429  448  466  482  499  523  552  580  603  618  628  630  631
  631  642  657  673  677  673  669  666  674  691  703  720  741  777  804  815
  802  783  755  734  710  682  668  648  627  604  581  566  549  499  467  451
  441  422  398  386  383  385  388  399  406  409  408  398  382  366  355  354
  355  354  342  323  305  292  292  309  339
    22.5-180.0 180.0   5.0 450.0                            LAT/LON1/LON2/DLON/H
  335  370  404  431  452  470  489  508  530  559  591  620  644  663  673  677
  676  689  700  715  714  705  702  706  723  750  773  794  822  862  883  888
  877  840  809  780  748  713  683  645  617  591  564  543  521  486  471  468
  460  440  418  403  402  402  407  422  432  438  435  421  401  387  379  383
  384  382  371  351  326  304  296  307  335
    20.0-180.0 180.0   5.0 450.0                            LAT/LON1/LON2/DLON/H
  327  361  398  428  452  472  493  513  537  565  600  634  666  697  712  718
  724  734  745  754  750  738  737  750  777  811  839  855  885  911  924  923
  906  871  833  795  757  722  675  615  586  555  521  498  479  464  466  471
  462  445  429  413  411  413  417  432  445  452  448  428  407  393  391  399
  405  399  387  368  339  311  297  302  327
    17.5-180.0 180.0   5.0 450.0                            LAT/LON1/LON2/DLON/H
  316  352  385  420  447  468  491  514  539  565  602  642  681  718  742  754
  764  775  785  791  784  775  779  799  833  870  893  902  916  925  926  918
  897  867  832  783  737  703  646  575  539  509  471  456  449  441  446  452
  447  435  428  419  416  419  424  436  447  451  441  419  393  379  385  396
  407  405  391  369  338  306  289  295  316
    15.0-180.0 180.0   5.0 450.0                            LAT/LON1/LON2/DLON/H
  301  336  374  409  440  465  485  511  537  565  598  642  686  727  758  778
  793  807  820  825  821  816  825  850  884  917  931  929  923  910  900  886
  862  832  801  758  710  670  608  535  488  458  433  428  423  414  413  418
  421  422  420  416  418  425  430  435  440  438  422  395  369  358  363  374
  389  392  381  356  325  294  277  282  301
    12.5-180.0 180.0   5.0 450.0                            LAT/LON1/LON2/DLON/H
  287  322  359  396  429  459  484  510  536  564  596  634  679  725  762  789
  811  831  847  855  857  854  867  892  921  946  952  939  915  882  858  838
  817  791  763  728  688  643  581  511  456  428  420  412  399  387  384  384
  392  404  409  411  418  427  432  431  430  421  398  368  340  327  334  347
  359  363  351  331  303  274  261  267  287
    10.0-180.0 180.0   5.0 450.0                            LAT/LON1/LON2/DLON/H
  275  310  347  383  419  452  481  510  539  566  593  625  668  714  756  790
  820  848  870  883  886  887  900  920  943  960  955  931  895  853  822  798
  781  764  742  712  678  634  576  510  456  431  422  408  382  366  364  363
  375  393  404  412  423  434  438  432  423  407  377  341  310  296  302  315
  324  320  306  292  271  249  242  250  275
     7.5-180.0 180.0   5.0 450.0                            LAT/LON1/LON2/DLON/H
  262  297  336  376  411  447  481  516  549  574  597  623  660  704  749  787
  823  857  885  904  909  915  926  939  953  957  942  909  869  829  797  780
  770  758  740  715  683  643  597  538  484  457  439  420  388  366  362  369
  389  408  418  430  439  449  452  441  423  398  363  320  286  269  268  279
  285  280  266  253  235  222  222  233  262
     5.0-180.0 180.0   5.0 450.0                            LAT/LON1/LON2/DLON/H
  247  288  328  370  410  447  488  530  565  591  612  632  660  699  742  781
  820  859  891  914  924  934  942  949  951  941  917  883  844  813  792  783
  782  773  757  732  700  668  630  585  535  496  472  451  418  399  396  419
  440  452  455  466  469  472  472  453  426  396  356  309  269  248  243  250
  250  242  232  220  208  201  203  215  247
     2.5-180.0 180.0   5.0 450.0                            LAT/LON1/LON2/DLON/H
  234  277  323  366  411  456  503  547  587  615  637  653  672  704  739  776
  811  848  882  910  926  936  941  943  936  919  891  863  835  818  812  810
  813  804  785  755  723  694  667  632  585  543  516  493  467  457  466  496
  508  509  503  504  502  490  487  459  427  393  349  301  259  233  227  228
  223  213  204  197  190  184  187  203  234
