DORISInput/IGSGIM/2024/IGS0OPSFIN_20241440000_01D_02H_GIM.INX
     1.0            IONOSPHERE MAPS     MIX                 IONEX VERSION / TYPE
cmpcmb v1.2          GRL/UWM             5-jun-24 16:39     PGM / RUN BY / DATE 
ionex file containing IGS COMBINED Ionosphere maps          COMMENT             
global ionosphere maps for day 144, 2024                    DESCRIPTION         
IONEX file containing the COMBINED IGS TEC MAPS and DCBs    DESCRIPTION         
      IONEX files of the following IAACs were combined: cod DESCRIPTION         
                                                        jpl DESCRIPTION         
                                                        upc DESCRIPTION         
Contact address: Andrzej Krankowski                         DESCRIPTION
                 Geodynamics Research Laboratory            DESCRIPTION
                 University of Warmia and Mazury (GRL/UWM)  DESCRIPTION
                 Oczapowski St. 1                           DESCRIPTION
                 10-957-Olsztyn, POLAND                     DESCRIPTION
                 e-mail:  kand@uwm.edu.pl                   DESCRIPTION
                                                            DESCRIPTION         
  2024     5    23     0     0     0                        EPOCH OF FIRST MAP  
  2024     5    24     0     0     0                        EPOCH OF LAST MAP   
  7200                                                      INTERVAL            
    13                                                      # OF MAPS IN FILE   
  COSZ                                                      MAPPING FUNCTION    
     0.0                                                    ELEVATION CUTOFF    
combined TEC calculated as weighted mean of input TEC valuesOBSERVABLES USED    
   335                                                      # OF STATIONS       
    32                                                      # OF SATELLITES     
  6371.0                                                    BASE RADIUS         
     2                                                      MAP DIMENSION       
   450.0 450.0   0.0                                        HGT1 / HGT2 / DHGT  
    87.5 -87.5  -2.5                                        LAT1 / LAT2 / DLAT  
  -180.0 180.0   5.0                                        LON1 / LON2 / DLON  
    -1                                                      EXPONENT            
TEC values in 0.1 tec units;  9999, if no value available   COMMENT             
DCB values in nanoseconds, reference is Sum_of_SatDCBs = 0  COMMENT             
                                                            END OF HEADER       
[from data line 429]
     2                                                      START OF TEC MAP    
  2024     5    23     2     0     0                        EPOCH OF CURRENT MAP
    87.5-180.0 180.0   5.0 450.0                            LAT/LON1/LON2/DLON/H
  253  252  252  251  250  249  249  248  247  247  246  245  245  244  244  243
  242  241  240  239  238  238  237  236  235  235  235  234  234  234  234  235
  236  236  237  238  239  239  240  242  243  244  245  247  247  248  250  250
  251  252  253  254  255  256  257  257  258  258  258  259  259  259  258  258
  258  257  257  256  256  255  255  254  253
    85.0-180.0 180.0   5.0 450.0                            LAT/LON1/LON2/DLON/H
  260  258  256  255  254  253  253  251  251  250  250  249  248  247  246  245
  244  242  241  240  238  236  234  231  229  227  225  225  224  224  224  226
  227  229  230  232  234  235  238  240  242  245  248  251  253  255  256  260
  261  263  265  267  269  271  272  274  275  276  277  277  277  276  276  275
  274  272  271  270  267  266  263  262  260
    82.5-180.0 180.0   5.0 450.0                            LAT/LON1/LON2/DLON/H
  266  265  262  262  260  259  258  259  259  260  260  260  260  260  259  258
  253  250  245  241  236  234  233  227  223  220  218  217  216  216  215  217
  218  220  222  226  228  232  235  239  243  247  251  255  259  265  268  271
  275  277  280  283  286  289  291  292  294  295  296  297  297  296  294  293
  291  288  286  283  279  275  273  269  266
    80.0-180.0 180.0   5.0 450.0                            LAT/LON1/LON2/DLON/H
  273  269  266  263  262  261  260  261  262  265  267  270  272  273  272  271
  270  266  262  256  248  238  232  224  218  215  212  209  207  206  207  209
  211  214  219  223  228  232  237  242  248  253  258  263  268  273  279  284
  289  293  295  299  302  305  307  309  311  312  313  313  312  311  310  308
  305  302  299  294  290  286  281  277  273
    77.5-180.0 180.0   5.0 450.0                            LAT/LON1/LON2/DLON/H
  277  271  268  265  263  262  261  263  267  270  274  277  280  282  282  280
  279  275  270  263  253  241  228  218  211  205  201  198  196  196  197  204
  207  212  218  226  233  240  246  251  257  263  270  274  280  284  290  295
  300  304  308  312  316  319  321  322  323  323  323  324  324  323  321  320
  317  314  309  305  300  295  288  282  277
    75.0-180.0 180.0   5.0 450.0                            LAT/LON1/LON2/DLON/H
  283  277  272  269  266  264  264  267  271  275  278  283  287  289  291  288
  286  281  274  264  254  240  229  217  207  199  194  192  191  192  195  200
  209  218  226  234  242  250  257  263  269  276  280  287  291  296  300  305
  310  315  320  323  326  329  330  332  332  331  330  330  330  330  329  328
  326  323  320  315  310  303  297  290  283
    72.5-180.0 180.0   5.0 450.0                            LAT/LON1/LON2/DLON/H
  293  286  281  276  272  269  269  270  274  278  282  286  290  292  293  292
  289  283  275  267  256  242  229  216  204  193  188  187  187  191  196  204
  213  222  234  245  254  262  269  277  283  287  291  296  301  305  310  315
  321  326  332  335  337  339  339  339  337  335  332  332  331  331  332  332
  332  330  329  325  320  315  308  301  293
    70.0-180.0 180.0   5.0 450.0                            LAT/LON1/LON2/DLON/H
  306  300  293  287  281  276  275  275  277  280  284  288  289  290  292  291
  287  283  276  267  255  243  228  217  202  192  186  185  187  192  198  208
  219  231  242  254  266  272  281  288  293  297  299  303  308  313  319  326
  333  339  344  347  349  350  347  344  340  337  332  330  330  331  332  334
  336  336  336  335  332  328  321  314  306
    67.5-180.0 180.0   5.0 450.0                            LAT/LON1/LON2/DLON/H
  321  314  306  300  292  286  282  281  280  281  283  285  286  287  287  286
  283  278  273  265  256  243  230  219  206  197  191  188  192  199  206  217
  228  242  254  262  271  278  285  291  295  298  302  306  313  320  329  337
  347  353  358  360  361  361  357  350  343  337  330  327  327  328  330  332
  336  338  340  342  341  339  334  328  321
    65.0-180.0 180.0   5.0 450.0                            LAT/LON1/LON2/DLON/H
  337  329  321  314  305  297  291  287  283  282  282  283  282  282  282  280
  277  273  270  265  258  246  234  224  214  207  203  201  204  211  219  230
  241  252  260  265  271  275  280  285  290  293  299  306  316  328  338  350
  360  368  373  375  375  373  366  357  347  338  330  325  322  322  323  326
  332  336  340  343  346  347  344  342  337
    62.5-180.0 180.0   5.0 450.0                            LAT/LON1/LON2/DLON/H
  350  344  337  329  318  309  300  293  289  287  285  283  281  279  276  273
  272  271  267  264  260  252  243  233  227  222  218  220  224  231  237  244
  251  255  259  260  261  263  268  273  280  286  294  305  317  332  346  361
  374  383  389  392  390  384  374  362  351  341  331  322  316  315  315  320
  325  331  336  342  347  350  352  353  350
    60.0-180.0 180.0   5.0 450.0                            LAT/LON1/LON2/DLON/H
  362  358  351  344  332  320  310  302  296  292  290  287  283  280  275  271
  269  268  265  264  261  258  251  243  240  239  236  239  243  248  252  254
  254  253  252  250  247  247  251  257  266  276  287  299  316  333  351  369
  383  395  403  408  406  398  384  370  358  346  334  322  311  309  309  313
  319  325  331  339  346  350  356  359  362
    57.5-180.0 180.0   5.0 450.0                            LAT/LON1/LON2/DLON/H
  371  370  364  357  346  333  321  311  304  299  296  294  290  286  281  275
  271  268  267  266  265  262  257  253  251  251  252  254  256  258  259  257
  252  248  243  237  234  234  237  243  253  264  277  293  311  331  354  374
  392  406  416  421  420  415  402  385  368  354  338  323  311  306  306  309
  314  322  327  336  344  350  358  364  371
    55.0-180.0 180.0   5.0 450.0                            LAT/LON1/LON2/DLON/H
  379  381  377  371  362  348  335  325  315  309  305  304  300  296  291  284
  279  274  271  270  269  267  264  262  260  258  261  263  264  262  262  256
  251  242  236  230  225  223  225  232  240  253  266  283  305  329  352  377
  397  411  424  431  432  430  421  404  386  367  347  331  318  310  308  311
  315  322  327  336  344  350  360  370  379
    52.5-180.0 180.0   5.0 450.0                            LAT/LON1/LON2/DLON/H
  390  395  393  392  383  369  356  342  331  323  319  315  313  308  303  297
  290  284  279  276  274  271  269  267  266  264  266  268  269  265  263  256
  249  241  233  226  222  220  221  225  232  243  257  276  297  322  350  376
  396  414  430  438  443  444  437  424  407  389  368  350  335  323  318  320
  325  328  334  341  348  356  366  378  390
    50.0-180.0 180.0   5.0 450.0                            LAT/LON1/LON2/DLON/H
  406  412  414  413  406  398  382  369  355  344  336  331  327  322  316  311
  303  296  289  285  280  276  274  273  272  271  272  273  272  268  264  257
  250  242  236  232  227  224  223  224  229  237  249  267  290  317  345  370
  396  416  431  444  452  455  453  445  432  416  398  379  360  345  336  336
  337  339  345  352  358  367  379  392  406
    47.5-180.0 180.0   5.0 450.0                            LAT/LON1/LON2/DLON/H
  424  433  437  439  439  430  416  400  384  371  359  351  345  338  331  325
  317  309  300  294  289  285  282  282  281  281  280  280  279  272  268  260
  254  250  247  244  238  234  229  228  229  234  244  260  283  309  340  369
  396  417  432  447  460  467  471  469  462  449  431  412  391  374  360  357
  355  358  363  370  376  385  398  410  424
    45.0-180.0 180.0   5.0 450.0                            LAT/LON1/LON2/DLON/H
  447  457  462  466  471  465  452  437  422  404  388  375  365  357  349  342
  333  323  313  305  299  295  294  294  295  296  294  292  287  282  277  270
  265  263  261  259  254  248  241  236  233  235  241  256  277  304  336  367
  395  416  435  452  467  479  488  494  493  485  467  446  425  408  394  387
  383  385  391  396  400  408  421  433  447
    42.5-180.0 180.0   5.0 450.0                            LAT/LON1/LON2/DLON/H
  472  482  487  495  498  498  488  473  456  438  420  404  391  380  370  363
  353  342  328  319  312  310  311  314  316  317  314  308  302  297  291  286
  282  281  281  279  273  264  255  247  241  240  244  255  274  302  335  367
  395  418  438  457  473  489  503  515  519  516  503  484  463  446  432  424
  417  419  425  429  431  437  450  462  472
    40.0-180.0 180.0   5.0 450.0                            LAT/LON1/LON2/DLON/H
  503  510  515  520  526  527  521  507  491  474  454  435  422  406  396  387
  377  363  349  336  330  331  335  340  344  345  340  330  321  315  309  308
  306  304  303  302  295  283  271  261  254  251  251  259  277  303  334  365
  395  421  441  458  477  496  514  530  541  543  536  523  505  490  477  466
  460  458  463  464  467  473  484  496  503
    37.5-180.0 180.0   5.0 450.0                            LAT/LON1/LON2/DLON/H
  537  538  543  546  550  553  549  538  525  510  492  471  452  438  424  413
  401  389  374  360  353  355  364  372  378  376  368  356  348  343  338  335
  331  330  328  326  318  303  288  278  271  264  261  266  281  302  333  366
  396  420  438  456  478  499  520  539  555  564  565  560  549  538  528  520
  513  505  508  505  507  513  527  531  537
    35.0-180.0 180.0   5.0 450.0                            LAT/LON1/LON2/DLON/H
  572  573  574  575  574  572  570  563  555  542  530  508  487  471  456  441
  428  414  399  385  378  381  394  406  411  406  395  385  377  374  369  362
  357  355  354  347  338  323  307  296  287  278  272  273  282  301  329  362
  391  414  432  451  474  497  521  541  562  578  588  592  589  584  578  574
  566  557  557  552  552  559  568  573  572
    32.5-180.0 180.0   5.0 450.0                            LAT/LON1/LON2/DLON/H
  617  617  613  608  604  596  594  588  583  576  567  547  524  508  490  474
  456  438  419  407  401  405  423  436  439  431  420  410  405  403  398  388
  381  377  373  365  353  340  324  312  302  291  281  276  280  295  322  353
  380  401  420  441  465  489  514  535  558  579  599  612  619  622  622  622
  614  605  603  597  600  601  607  615  617
    30.0-180.0 180.0   5.0 450.0                            LAT/LON1/LON2/DLON/H
  670  672  663  654  640  629  624  619  616  611  604  587  565  543  523  507
  486  461  437  423  417  426  449  461  460  450  439  431  425  423  417  407
  397  390  384  374  363  350  335  323  312  297  283  272  272  285  310  337
  364  387  407  427  451  476  501  524  549  574  600  621  637  648  657  661
  657  649  642  634  635  637  647  663  670
    27.5-180.0 180.0   5.0 450.0                            LAT/LON1/LON2/DLON/H
  722  726  720  709  691  679  668  662  657  654  645  629  605  582  556  535
  511  482  454  435  430  442  466  475  471  458  447  440  433  427  421  412
  401  391  382  372  363  353  341  328  313  295  277  263  260  270  291  316
  345  371  392  413  436  460  485  510  538  565  595  621  646  667  683  694
  694  686  676  667  670  671  684  705  722
    25.0-180.0 180.0   5.0 450.0                            LAT/LON1/LON2/DLON/H
  774  792  789  780  758  740  726  720  712  706  695  681  651  622  588  558
  531  502  469  447  441  452  470  478  472  456  442  431  424  418  409  400
  386  374  366  356  352  347  338  323  304  283  263  247  242  250  267  295
  326  352  375  397  419  444  469  498  527  556  588  619  650  677  700  719
  725  720  708  701  701  704  719  746  774
    22.5-180.0 180.0   5.0 450.0                            LAT/LON1/LON2/DLON/H
  826  858  871  856  834  819  805  797  786  776  759  737  701  663  623  584
  551  517  480  455  448  456  468  473  465  444  425  410  398  391  381  370
  349  341  331  328  329  330  321  305  286  263  243  226  220  226  242  270
  300  328  356  381  407  433  458  489  520  552  584  616  651  684  711  735
  746  746  736  730  728  732  752  786  826
    20.0-180.0 180.0   5.0 450.0                            LAT/LON1/LON2/DLON/H
  869  912  935  925  909  905  898  895  880  861  838  800  756  706  655  609
  571  530  489  461  453  456  461  461  449  422  397  374  356  347  335  321
  301  297  290  291  298  302  294  279  260  241  220  203  196  201  215  240
  273  306  338  368  396  427  457  490  523  557  591  622  654  688  717  743
  758  762  756  752  753  757  777  816  869
    17.5-180.0 180.0   5.0 450.0                            LAT/LON1/LON2/DLON/H
  891  941  968  969  967  978 1001 1005  989  961  921  869  809  749  690  637
  591  543  498  467  455  452  450  443  423  391  357  325  297  285  274  261
  246  244  247  250  257  268  262  250  231  216  196  181  176  179  191  217
  252  292  331  363  397  430  465  501  538  575  610  639  667  697  725  752
  767  774  774  774  775  778  793  835  891
    15.0-180.0 180.0   5.0 450.0                            LAT/LON1/LON2/DLON/H
  888  937  966  978  989 1018 1059 1086 1086 1048  997  933  861  791  726  668
  616  562  511  475  458  446  435  417  389  351  312  268  234  220  212  206
  202  204  210  215  222  232  232  223  207  194  177  168  164  163  175  202
  242  284  325  364  401  439  479  520  562  603  639  666  690  713  738  762
  780  786  790  797  799  801  809  840  888
    12.5-180.0 180.0   5.0 450.0                            LAT/LON1/LON2/DLON/H
  873  909  929  941  966 1007 1062 1116 1134 1107 1045  978  902  828  756  694
  641  583  529  489  464  442  417  388  350  306  261  220  187  170  167  170
  173  178  184  188  197  208  210  202  189  179  167  162  156  151  162  189
  227  275  321  364  405  449  494  542  591  635  671  699  721  739  757  775
  790  800  808  817  823  824  825  840  873
    10.0-180.0 180.0   5.0 450.0                            LAT/LON1/LON2/DLON/H
  858  875  877  880  902  943 1004 1072 1104 1097 1047  981  914  842  772  712
  661  606  552  508  474  440  399  358  311  261  216  181  157  143  147  154
  163  169  172  178  188  198  198  189  178  168  159  157  149  141  148  176
  214  263  315  361  406  454  506  563  618  668  707  738  759  774  787  795
  805  815  826  837  847  847  841  844  858
     7.5-180.0 180.0   5.0 450.0                            LAT/LON1/LON2/DLON/H
  849  848  833  816  821  850  905  966 1020 1027  993  940  886  826  766  714
  669  622  574  524  483  437  385  332  276  223  183  154  138  135  145  157
  168  173  179  182  189  197  195  186  173  163  158  151  142  134  137  161
  199  252  306  355  403  455  515  579  642  697  743  777  802  818  825  823
  825  832  844  856  866  867  858  852  849
     5.0-180.0 180.0   5.0 450.0                            LAT/LON1/LON2/DLON/H
  851  832  803  771  751  760  799  850  898  914  894  855  818  767  731  689
  657  618  575  527  480  424  367  303  242  194  161  142  137  144  160  174
  184  190  195  195  197  201  199  187  171  162  156  146  136  126  127  146
  185  239  294  345  398  454  518  588  657  719  771  811  843  866  870  858
  850  850  859  870  881  886  878  865  851
     2.5-180.0 180.0   5.0 450.0                            LAT/LON1/LON2/DLON/H
  875  843  802  754  712  696  709  739  770  784  768  743  716  680  657  631
  612  586  550  502  453  396  334  267  214  175  153  147  153  168  185  207
  215  216  214  207  204  206  199  186  168  158  149  139  126  117  115  132
  169  222  279  333  388  447  512  585  658  724  782  830  873  903  909  899
  877  868  871  878  888  898  899  893  875
