DORISInput/IGSGIM/2024/IGS0OPSFIN_20241370000_01D_02H_GIM.INX
     1.0            IONOSPHERE MAPS     MIX                 IONEX VERSION / TYPE
cmpcmb v1.2          GRL/UWM            28-may-24 18:31     PGM / RUN BY / DATE 
ionex file containing IGS COMBINED Ionosphere maps          COMMENT             
global ionosphere maps for day 137, 2024                    DESCRIPTION         
IONEX file containing the COMBINED IGS TEC MAPS and DCBs    DESCRIPTION         
      IONEX files of the following IAACs were combined: cod DESCRIPTION         
                                                        jpl DESCRIPTION         
                                                        upc DESCRIPTION         
Contact address: Andrzej Krankowski                         DESCRIPTION
                 Geodynamics Research Laboratory            DESCRIPTION
                 University of Warmia and Mazury (GRL/UWM)  DESCRIPTION
                 Oczapowski St. 1                           DESCRIPTION
                 10-957-Olsztyn, POLAND                     DESCRIPTION
                 e-mail:  kand@uwm.edu.pl                   DESCRIPTION
                                                            DESCRIPTION         
  2024     5    16     0     0     0                        EPOCH OF FIRST MAP  
  2024     5    17     0     0     0                        EPOCH OF LAST MAP   
  7200                                                      INTERVAL            
    13                                                      # OF MAPS IN FILE   
  COSZ                                                      MAPPING FUNCTION    
     0.0                                                    ELEVATION CUTOFF    
combined TEC calculated as weighted mean of input TEC valuesOBSERVABLES USED    
   336                                                      # OF STATIONS       
    32                                                      # OF SATELLITES     
  6371.0                                                    BASE RADIUS         
     2                                                      MAP DIMENSION       
   450.0 450.0   0.0                                        HGT1 / HGT2 / DHGT  
    87.5 -87.5  -2.5                                        LAT1 / LAT2 / DLAT  
  -180.0 180.0   5.0                                        LON1 / LON2 / DLON  
    -1                                                      EXPONENT            
TEC values in 0.1 tec units;  9999, if no value available   COMMENT             
DCB values in nanoseconds, reference is Sum_of_SatDCBs = 0  COMMENT             
                                                            END OF HEADER       
[from data line 4290]
    11                                                      START OF TEC MAP    
  2024     5    16    20     0     0                        EPOCH OF CURRENT MAP
    87.5-180.0 180.0   5.0 450.0                            LAT/LON1/LON2/DLON/H
  234  233  233  232  232  232  231  230  230  229  227  226  225  224  223  222
  220  219  218  217  217  216  215  215  214  214  214  213  213  213  212  213
  212  213  213  213  214  214  215  215  215  216  217  218  218  219  219  220
  221  222  223  224  225  225  227  228  229  229  230  231  232  233  233  233
  233  233  234  234  234  235  234  234  234
    85.0-180.0 180.0   5.0 450.0                            LAT/LON1/LON2/DLON/H
  239  238  237  236  235  234  233  232  231  229  227  226  224  223  221  219
  217  215  213  211  209  208  207  207  206  206  206  206  206  207  207  207
  208  209  210  211  212  212  212  212  213  212  212  213  213  214  215  216
  217  219  221  223  224  226  227  228  230  232  233  234  236  237  238  238
  239  239  240  240  240  239  240  239  239
    82.5-180.0 180.0   5.0 450.0                            LAT/LON1/LON2/DLON/H
  238  237  236  235  233  232  231  229  227  225  222  221  219  218  215  214
  211  210  208  207  205  203  202  203  203  203  203  203  204  204  204  204
  205  206  206  207  208  210  210  212  212  212  212  212  211  211  210  210
  212  214  216  218  220  222  224  226  228  230  231  233  235  236  237  238
  239  239  239  239  240  239  239  238  238
    80.0-180.0 180.0   5.0 450.0                            LAT/LON1/LON2/DLON/H
  234  233  232  230  229  226  224  223  222  221  220  218  217  215  213  212
  209  208  206  204  203  203  202  202  202  203  206  206  209  210  211  213
  214  216  217  217  218  217  215  213  212  212  211  210  208  207  206  206
  207  208  210  213  215  217  219  221  222  224  226  228  230  232  233  234
  234  235  235  235  236  236  235  235  234
    77.5-180.0 180.0   5.0 450.0                            LAT/LON1/LON2/DLON/H
  230  229  227  225  222  221  220  219  219  219  218  218  216  216  214  212
  211  210  209  209  210  209  212  209  213  213  215  217  219  221  222  224
  226  227  227  227  226  225  222  220  218  215  214  211  208  207  205  205
  205  206  208  210  212  213  215  216  217  219  220  222  224  226  227  228
  229  230  230  231  232  232  232  231  230
    75.0-180.0 180.0   5.0 450.0                            LAT/LON1/LON2/DLON/H
  229  227  223  221  219  217  216  216  216  217  218  220  221  220  219  218
  215  216  215  217  217  219  224  224  227  229  233  236  238  240  242  242
  241  240  239  237  236  234  230  226  222  219  216  213  211  209  208  206
  207  207  209  210  211  212  212  213  213  213  215  216  218  219  221  222
  224  225  226  228  229  230  231  231  229
    72.5-180.0 180.0   5.0 450.0                            LAT/LON1/LON2/DLON/H
  231  228  224  221  218  216  215  215  216  219  222  225  228  229  227  225
  227  225  226  227  228  233  240  243  246  251  255  256  258  260  258  258
  255  252  248  246  243  240  236  232  227  223  220  217  213  211  211  210
  211  211  212  212  212  212  211  211  210  210  209  211  212  214  215  217
  220  223  225  228  231  232  233  233  231
    70.0-180.0 180.0   5.0 450.0                            LAT/LON1/LON2/DLON/H
  237  234  230  225  221  219  218  218  220  224  227  232  234  236  238  239
  238  239  240  242  246  251  256  265  267  271  274  275  274  270  269  266
  262  257  253  250  247  244  241  237  232  228  224  220  217  215  215  215
  216  215  216  215  214  212  211  209  207  206  206  207  208  210  213  216
  219  223  228  232  236  238  239  239  237
    67.5-180.0 180.0   5.0 450.0                            LAT/LON1/LON2/DLON/H
  245  242  238  233  228  225  223  223  225  227  232  236  240  242  245  248
  249  251  253  257  263  267  273  280  280  283  283  283  279  273  270  265
  261  257  253  250  248  246  244  241  237  231  227  223  220  218  218  219
  220  220  221  219  216  212  208  205  204  202  202  203  205  208  212  216
  221  227  233  238  243  245  247  247  245
    65.0-180.0 180.0   5.0 450.0                            LAT/LON1/LON2/DLON/H
  253  251  246  241  236  233  230  228  229  230  234  238  242  245  248  251
  253  257  260  266  272  277  282  284  285  284  281  278  274  266  262  258
  255  252  250  248  247  246  245  242  239  235  230  226  223  221  221  223
  224  223  222  219  215  209  204  199  197  196  197  199  202  206  212  218
  224  230  237  244  249  252  254  254  253
    62.5-180.0 180.0   5.0 450.0                            LAT/LON1/LON2/DLON/H
  258  256  253  248  244  239  235  233  232  233  234  237  240  243  246  249
  251  256  260  266  272  279  282  282  281  277  273  267  262  257  253  251
  249  247  247  247  248  249  247  245  243  240  235  231  227  224  223  222
  223  222  220  216  210  203  197  192  189  189  191  195  200  207  213  221
  228  236  242  248  253  256  258  259  258
    60.0-180.0 180.0   5.0 450.0                            LAT/LON1/LON2/DLON/H
  259  259  256  254  249  245  241  237  235  233  233  234  236  238  241  244
  247  252  256  262  268  273  276  276  274  268  262  257  253  251  250  250
  250  251  251  253  254  255  255  255  251  248  243  237  232  227  225  224
  224  219  216  211  205  196  190  184  182  183  186  193  200  209  218  227
  236  243  249  254  257  259  259  259  259
    57.5-180.0 180.0   5.0 450.0                            LAT/LON1/LON2/DLON/H
  259  259  258  257  253  250  245  241  237  234  232  232  232  234  236  239
  242  246  251  257  263  267  269  269  266  261  257  254  253  254  256  259
  261  263  265  267  268  268  270  269  265  259  253  245  238  233  229  226
  225  219  214  208  199  190  183  178  177  178  183  191  201  212  225  236
  247  254  259  261  260  260  258  258  259
    55.0-180.0 180.0   5.0 450.0                            LAT/LON1/LON2/DLON/H
  259  260  261  262  260  256  252  246  241  236  234  233  232  233  234  236
  238  242  246  252  257  261  263  264  262  260  259  260  263  267  272  278
  281  283  286  287  288  287  288  285  281  274  266  257  247  241  235  229
  226  219  211  204  196  187  180  176  175  177  183  191  205  218  235  250
  262  271  274  273  267  263  259  257  259
    52.5-180.0 180.0   5.0 450.0                            LAT/LON1/LON2/DLON/H
  262  265  269  270  270  266  261  254  249  244  242  240  238  236  236  236
  237  240  243  247  252  256  259  261  262  265  268  272  279  288  294  302
  307  308  311  311  309  308  307  303  297  289  280  270  260  251  242  235
  231  221  213  205  196  190  183  179  179  181  186  195  210  227  248  270
  284  294  297  292  282  272  265  261  262
    50.0-180.0 180.0   5.0 450.0                            LAT/LON1/LON2/DLON/H
  273  278  283  285  285  281  276  269  263  260  258  256  253  247  243  240
  238  239  241  245  248  253  257  262  268  275  281  289  299  309  317  325
  328  331  332  333  330  328  324  319  312  304  294  283  272  261  251  244
  238  230  220  212  204  197  191  188  188  189  194  202  217  238  264  292
  313  324  328  319  305  289  279  273  273
    47.5-180.0 180.0   5.0 450.0                            LAT/LON1/LON2/DLON/H
  298  301  304  307  306  304  299  290  284  285  286  283  277  266  256  248
  243  241  241  244  247  252  258  266  277  287  296  306  316  328  334  341
  344  348  350  349  348  344  339  331  324  315  305  294  284  273  262  254
  247  239  231  222  215  209  204  202  201  202  204  210  226  249  281  318
  344  358  363  353  337  319  306  297  298
    45.0-180.0 180.0   5.0 450.0                            LAT/LON1/LON2/DLON/H
  329  332  335  338  339  335  329  323  318  322  324  323  313  294  276  260
  249  245  244  245  248  253  261  273  285  297  307  318  327  337  343  349
  354  358  362  363  363  359  352  342  333  323  315  305  296  285  274  266
  259  249  242  236  230  225  220  218  216  216  215  219  234  263  298  341
  373  393  400  391  375  356  342  331  329
    42.5-180.0 180.0   5.0 450.0                            LAT/LON1/LON2/DLON/H
  369  371  373  374  377  373  369  363  366  373  378  374  356  332  303  277
  260  252  249  250  252  257  266  280  294  307  316  325  332  338  346  353
  360  368  373  379  380  374  365  354  342  333  323  315  308  299  289  279
  272  263  258  252  246  242  237  234  232  230  228  229  243  272  310  356
  397  424  435  429  414  395  384  372  369
    40.0-180.0 180.0   5.0 450.0                            LAT/LON1/LON2/DLON/H
  410  411  411  414  416  414  416  416  426  435  446  434  409  376  334  300
  275  262  258  258  259  264  275  289  304  315  323  331  336  341  350  360
  370  382  394  399  402  395  381  367  353  342  334  327  322  315  307  295
  289  280  275  270  264  259  252  249  246  244  241  240  252  279  319  364
  411  445  460  458  448  432  419  413  410
    37.5-180.0 180.0   5.0 450.0                            LAT/LON1/LON2/DLON/H
  451  452  452  456  462  467  468  473  493  515  523  505  475  424  372  327
  295  276  270  269  270  276  287  301  315  325  330  337  344  350  363  375
  393  408  423  430  432  423  407  386  371  358  350  345  342  337  326  316
  309  299  292  286  279  272  265  259  256  254  252  251  258  280  320  366
  414  454  474  477  470  459  453  452  451
    35.0-180.0 180.0   5.0 450.0                            LAT/LON1/LON2/DLON/H
  485  487  490  498  507  519  524  535  560  591  602  580  538  483  418  363
  318  295  286  283  285  290  300  315  327  337  341  349  360  374  391  411
  432  450  463  472  471  459  439  417  398  383  375  372  366  360  349  338
  329  316  307  299  291  282  273  266  262  261  260  259  262  280  313  359
  407  452  476  483  479  475  477  482  485
    32.5-180.0 180.0   5.0 450.0                            LAT/LON1/LON2/DLON/H
  514  521  530  539  553  566  577  600  629  658  676  660  613  547  472  404
  351  321  305  300  301  307  315  330  342  353  359  371  390  412  440  467
  489  505  514  521  516  497  473  449  430  416  408  401  393  385  377  361
  349  330  319  309  299  288  278  270  265  265  265  263  265  277  304  345
  393  438  464  477  479  483  495  505  514
    30.0-180.0 180.0   5.0 450.0                            LAT/LON1/LON2/DLON/H
  539  553  566  576  591  611  631  659  693  723  740  729  684  614  531  453
  395  354  331  320  319  324  330  345  360  375  385  403  434  467  506  536
  557  570  573  575  560  536  504  476  455  443  438  430  419  410  401  385
  371  345  330  318  307  293  282  272  267  268  267  266  265  273  294  329
  371  414  444  461  470  482  502  523  539
    27.5-180.0 180.0   5.0 450.0                            LAT/LON1/LON2/DLON/H
  562  583  600  614  629  651  674  707  741  770  791  785  746  679  601  523
  448  395  361  343  339  344  349  365  384  404  422  449  492  537  580  610
  629  638  629  618  590  553  516  486  469  462  466  455  438  426  413  396
  380  359  340  326  313  298  285  275  271  270  270  267  265  266  279  306
  348  389  416  439  456  475  503  536  562
    25.0-180.0 180.0   5.0 450.0                            LAT/LON1/LON2/DLON/H
  577  605  627  646  667  688  710  742  776  807  830  825  797  744  669  591
  507  443  396  370  363  367  375  393  415  443  471  511  560  613  657  677
  694  687  670  639  594  543  507  485  473  470  479  464  438  429  414  398
  381  367  347  331  318  303  288  279  274  273  270  266  261  258  264  283
  317  354  384  415  438  466  502  540  577
    22.5-180.0 180.0   5.0 450.0                            LAT/LON1/LON2/DLON/H
  584  619  649  676  699  719  744  774  812  847  858  861  842  798  732  661
  575  498  438  408  396  400  411  434  463  495  528  575  631  687  725  734
  736  718  676  629  578  519  481  469  466  467  469  446  422  421  404  389
  374  362  347  333  319  306  292  283  276  271  265  261  254  250  251  261
  287  321  358  398  427  462  502  544  584
    20.0-180.0 180.0   5.0 450.0                            LAT/LON1/LON2/DLON/H
  592  625  660  690  722  748  776  809  842  878  886  890  882  846  792  732
  650  565  496  458  441  445  461  491  524  561  597  638  692  747  768  762
  746  707  644  581  522  469  433  426  437  445  438  416  399  396  381  368
  357  350  340  330  320  310  298  286  275  267  261  255  247  241  239  245
  264  296  340  384  425  466  507  554  592
    17.5-180.0 180.0   5.0 450.0                            LAT/LON1/LON2/DLON/H
  602  632  666  699  738  773  805  839  867  895  906  916  916  888  848  800
  722  641  566  521  500  503  521  554  590  633  671  703  735  778  779  759
  722  663  588  510  444  394  361  362  387  406  398  382  370  363  350  342
  337  335  333  327  320  314  305  291  277  269  258  249  239  232  228  232
  248  280  326  377  428  475  522  563  602
    15.0-180.0 180.0   5.0 450.0                            LAT/LON1/LON2/DLON/H
  616  647  679  716  756  792  827  864  890  912  924  938  943  924  896  856
  790  715  640  591  567  569  589  622  660  704  742  763  772  782  763  733
  682  609  530  450  380  326  298  305  338  356  351  345  335  325  315  315
  318  324  329  328  324  319  310  297  282  270  254  241  230  223  218  220
  234  268  317  376  436  490  538  580  616
    12.5-180.0 180.0   5.0 450.0                            LAT/LON1/LON2/DLON/H
  633  667  699  735  774  811  847  882  913  934  946  955  958  950  934  903
  850  783  715  666  638  639  660  694  730  768  798  806  792  775  745  699
  639  568  485  411  349  298  277  282  304  316  312  309  301  292  287  292
  303  318  330  333  330  322  311  297  280  264  245  232  222  213  208  207
  222  257  311  376  444  505  555  597  633
    10.0-180.0 180.0   5.0 450.0                            LAT/LON1/LON2/DLON/H
  651  686  719  755  791  825  864  902  934  958  965  974  975  970  963  941
  902  849  788  743  715  711  729  759  790  820  836  829  800  766  725  678
  621  548  470  404  352  312  298  296  302  302  298  292  283  276  274  277
  295  320  338  342  335  322  307  290  269  251  234  221  210  200  196  195
  209  246  302  374  449  517  570  614  651
     7.5-180.0 180.0   5.0 450.0                            LAT/LON1/LON2/DLON/H
  670  708  743  777  809  839  878  917  949  973  984  988  989  986  984  971
  945  908  860  819  791  785  796  816  837  857  858  839  803  762  717  669
  618  555  488  432  393  367  356  352  343  329  317  305  296  283  279  284
  306  339  356  353  339  319  300  278  255  235  220  206  195  187  184  185
  199  235  293  367  448  520  580  630  670
     5.0-180.0 180.0   5.0 450.0                            LAT/LON1/LON2/DLON/H
  692  733  771  806  833  860  893  928  958  982  995  996  995  993  993  990
  975  952  917  885  860  853  855  863  875  879  867  841  804  763  723  682
  641  588  536  498  473  459  457  443  414  385  362  346  337  318  311  320
  340  370  379  365  342  315  288  263  237  216  201  190  180  176  174  177
  191  228  280  361  441  519  583  641  692
     2.5-180.0 180.0   5.0 450.0                            LAT/LON1/LON2/DLON/H
  707  761  804  842  868  889  915  942  968  989  999  997  992  988  989  992
  988  974  952  929  908  901  898  896  896  888  868  839  805  773  745  715
  683  641  609  590  577  579  582  548  505  460  428  410  395  381  367  373
  387  402  397  372  340  302  272  243  217  196  183  174  168  164  166  169
  184  217  272  348  433  511  584  647  707
