DORISInput/IGSGIM/2024/IGS0OPSFIN_20241480000_01D_02H_GIM.INX
     1.0            IONOSPHERE MAPS     MIX                 IONEX VERSION / TYPE
cmpcmb v1.2          GRL/UWM            12-jun-24 16:07     PGM / RUN BY / DATE 
ionex file containing IGS COMBINED Ionosphere maps          COMMENT             
global ionosphere maps for day 148, 2024                    DESCRIPTION         
IONEX file containing the COMBINED IGS TEC MAPS and DCBs    DESCRIPTION         
      IONEX files of the following IAACs were combined: cod DESCRIPTION         
                                                        jpl DESCRIPTION         
                                                        upc DESCRIPTION         
Contact address: Andrzej Krankowski                         DESCRIPTION
                 Geodynamics Research Laboratory            DESCRIPTION
                 University of Warmia and Mazury (GRL/UWM)  DESCRIPTION
                 Oczapowski St. 1                           DESCRIPTION
                 10-957-Olsztyn, POLAND                     DESCRIPTION
                 e-mail:  kand@uwm.edu.pl                   DESCRIPTION
                                                            DESCRIPTION         
  2024     5    27     0     0     0                        EPOCH OF FIRST MAP  
  2024     5    28     0     0     0                        EPOCH OF LAST MAP   
  7200                                                      INTERVAL            
    13                                                      # OF MAPS IN FILE   
  COSZ                                                      MAPPING FUNCTION    
     0.0                                                    ELEVATION CUTOFF    
combined TEC calculated as weighted mean of input TEC valuesOBSERVABLES USED    
   334                                                      # OF STATIONS       
    32                                                      # OF SATELLITES     
  6371.0                                                    BASE RADIUS         
     2                                                      MAP DIMENSION       
   450.0 450.0   0.0                                        HGT1 / HGT2 / DHGT  
    87.5 -87.5  -2.5                                        LAT1 / LAT2 / DLAT  
  -180.0 180.0   5.0                                        LON1 / LON2 / DLON  
    -1                                                      EXPONENT            
TEC values in 0.1 tec units;  9999, if no value available   COMMENT             
DCB values in nanoseconds, reference is Sum_of_SatDCBs = 0  COMMENT             
                                                            END OF HEADER       
[from data line 3432]
     9                                                      START OF TEC MAP    
  2024     5    27    16     0     0                        EPOCH OF CURRENT MAP
    87.5-180.0 180.0   5.0 450.0                            LAT/LON1/LON2/DLON/H
  228  228  229  229  229  229  229  230  230  230  231  231  231  231  232  232
  232  232  232  232  232  232  232  232  232  232  231  231  231  231  230  230
  230  229  229  229  228  228  228  227  227  227  226  226  226  226  225  226
  226  225  225  225  226  226  226  226  226  227  227  227  227  227  227  227
  227  227  227  227  228  228  228  228  228
    85.0-180.0 180.0   5.0 450.0                            LAT/LON1/LON2/DLON/H
  228  228  228  228  228  229  229  229  230  231  231  232  233  234  235  235
  235  236  237  238  238  237  237  236  236  235  234  234  232  231  229  229
  228  227  225  225  225  224  223  223  222  222  222  222  222  222  222  222
  223  224  224  225  225  226  226  227  227  227  228  228  228  228  228  228
  229  228  228  228  228  228  227  228  228
    82.5-180.0 180.0   5.0 450.0                            LAT/LON1/LON2/DLON/H
  227  226  226  225  226  226  227  227  229  229  230  231  233  234  235  235
  237  238  240  241  241  241  242  240  239  238  237  237  235  235  233  233
  231  230  228  226  224  223  222  221  220  220  220  221  221  221  221  222
  222  224  225  225  227  228  229  230  230  230  230  230  230  230  230  230
  229  229  229  228  227  227  227  227  227
    80.0-180.0 180.0   5.0 450.0                            LAT/LON1/LON2/DLON/H
  222  222  222  221  222  222  222  223  223  225  226  228  230  232  233  235
  236  237  238  239  240  242  244  243  242  242  242  241  241  239  238  236
  234  232  230  228  226  223  222  221  220  219  219  219  220  221  222  224
  225  227  229  230  231  232  233  234  234  234  234  233  233  233  232  231
  230  229  228  227  227  226  225  223  222
    77.5-180.0 180.0   5.0 450.0                            LAT/LON1/LON2/DLON/H
  220  220  220  220  219  219  219  220  221  223  226  228  229  230  231  234
  236  236  237  239  241  242  243  244  246  246  246  245  243  242  240  239
  237  234  231  229  227  225  223  222  222  221  221  221  222  224  225  227
  230  232  234  236  238  239  239  238  238  237  236  235  235  233  232  230
  229  228  227  226  225  225  222  221  220
    75.0-180.0 180.0   5.0 450.0                            LAT/LON1/LON2/DLON/H
  220  220  219  219  219  218  219  219  220  222  224  225  227  229  231  232
  234  236  236  237  239  239  241  244  243  243  243  243  243  243  242  242
  240  237  235  233  230  227  226  224  224  224  225  226  228  229  231  233
  235  238  239  242  243  244  243  242  240  238  237  235  233  231  229  228
  226  226  224  224  223  223  222  222  220
    72.5-180.0 180.0   5.0 450.0                            LAT/LON1/LON2/DLON/H
  224  223  223  223  222  222  223  222  223  225  227  228  230  232  233  233
  235  235  236  235  236  235  238  240  241  240  240  240  241  242  241  240
  239  238  236  234  232  230  229  229  229  229  230  231  232  235  236  239
  240  242  244  245  245  246  245  243  240  238  235  232  229  226  224  222
  221  221  221  221  222  222  223  224  224
    70.0-180.0 180.0   5.0 450.0                            LAT/LON1/LON2/DLON/H
  230  232  231  231  231  232  233  233  234  233  233  234  237  238  239  240
  240  243  241  238  236  235  235  235  236  236  235  236  238  239  239  239
  238  238  236  236  235  233  233  232  234  234  235  236  237  239  241  242
  243  245  246  247  247  246  244  241  237  233  230  226  223  220  216  214
  213  215  216  218  220  223  225  228  230
    67.5-180.0 180.0   5.0 450.0                            LAT/LON1/LON2/DLON/H
  237  243  244  246  247  249  248  247  247  245  243  246  249  250  251  254
  255  254  248  243  239  236  233  231  231  231  231  232  233  235  236  237
  237  236  236  236  237  237  237  237  237  238  238  239  241  242  243  244
  245  245  246  246  245  243  239  235  231  227  222  218  215  211  208  205
  204  206  209  212  218  222  227  232  237
    65.0-180.0 180.0   5.0 450.0                            LAT/LON1/LON2/DLON/H
  242  249  256  260  263  265  262  260  259  257  255  257  259  262  267  268
  270  266  258  251  243  237  232  229  228  227  226  227  228  230  232  233
  234  235  235  236  237  239  240  240  241  241  242  242  243  243  245  245
  245  246  246  244  241  238  233  229  223  218  213  208  205  201  198  195
  195  197  200  204  211  217  226  234  242
    62.5-180.0 180.0   5.0 450.0                            LAT/LON1/LON2/DLON/H
  239  250  258  268  273  274  272  269  266  263  262  263  265  270  277  280
  282  276  268  258  248  240  234  229  227  226  224  223  225  227  229  230
  233  234  234  236  238  240  242  244  245  246  246  247  247  247  247  247
  248  247  246  243  239  234  229  224  218  212  207  201  198  194  191  188
  187  188  191  195  202  209  219  228  239
    60.0-180.0 180.0   5.0 450.0                            LAT/LON1/LON2/DLON/H
  230  243  255  265  272  275  274  273  269  265  264  265  268  275  284  290
  290  286  278  267  255  246  239  232  229  227  225  225  224  227  229  230
  232  234  235  237  240  242  245  248  251  253  253  253  253  252  252  253
  252  251  250  245  240  235  229  222  216  210  204  198  194  190  186  184
  181  182  183  187  193  200  209  220  230
    57.5-180.0 180.0   5.0 450.0                            LAT/LON1/LON2/DLON/H
  219  231  243  255  264  269  270  269  266  263  261  263  268  277  286  295
  297  295  289  277  264  254  246  239  235  233  231  230  229  228  230  231
  233  236  238  241  244  247  252  256  259  261  262  262  260  260  259  260
  260  259  258  254  248  240  233  224  219  212  207  201  198  192  187  183
  179  177  178  180  184  190  197  207  219
    55.0-180.0 180.0   5.0 450.0                            LAT/LON1/LON2/DLON/H
  205  217  231  243  252  259  262  260  259  257  255  258  265  276  287  297
  302  303  300  289  276  265  257  251  246  244  241  240  238  237  237  238
  240  243  246  249  252  255  261  266  272  273  275  274  272  272  271  270
  272  271  268  264  257  248  240  232  227  221  216  211  207  200  193  187
  182  177  174  173  174  178  185  195  205
    52.5-180.0 180.0   5.0 450.0                            LAT/LON1/LON2/DLON/H
  193  204  217  230  242  252  254  255  254  252  252  255  263  275  287  299
  307  310  307  300  289  278  271  265  261  259  256  255  253  250  249  250
  253  256  259  262  263  267  274  279  284  288  289  287  286  286  285  284
  284  283  280  274  266  260  251  244  239  233  229  224  220  213  206  197
  188  180  174  170  169  171  175  183  193
    50.0-180.0 180.0   5.0 450.0                            LAT/LON1/LON2/DLON/H
  184  194  208  222  235  246  250  253  254  253  252  257  265  277  290  302
  313  318  317  311  302  293  286  282  279  277  276  274  271  268  265  265
  267  273  276  279  280  283  289  296  300  304  305  303  302  300  297  296
  295  293  289  282  276  269  262  255  251  246  243  238  235  227  220  210
  200  189  181  174  170  169  171  176  184
    47.5-180.0 180.0   5.0 450.0                            LAT/LON1/LON2/DLON/H
  180  189  202  217  232  242  247  255  256  256  258  263  273  285  298  311
  321  327  328  324  317  310  305  301  300  300  298  298  293  289  283  284
  287  293  296  298  301  304  309  314  319  322  322  321  317  313  310  306
  304  301  295  287  281  274  268  264  261  258  255  251  248  237  231  223
  212  201  191  183  178  175  175  176  180
    45.0-180.0 180.0   5.0 450.0                            LAT/LON1/LON2/DLON/H
  184  190  202  214  229  240  248  258  262  264  267  274  286  299  311  323
  333  339  340  339  334  328  326  324  325  326  325  323  318  311  305  306
  311  317  321  323  327  331  334  336  339  341  340  336  332  326  320  317
  312  307  299  292  283  276  270  268  267  266  263  260  257  249  244  237
  227  216  206  197  192  187  185  183  184
    42.5-180.0 180.0   5.0 450.0                            LAT/LON1/LON2/DLON/H
  193  196  206  218  231  245  256  265  271  275  281  292  303  316  327  338
  346  353  355  354  352  350  349  351  353  357  355  351  343  335  330  332
  338  347  352  356  359  361  364  365  364  364  361  354  348  339  333  327
  319  311  303  295  285  277  271  271  270  271  269  265  263  261  257  253
  244  235  226  217  211  205  201  196  193
    40.0-180.0 180.0   5.0 450.0                            LAT/LON1/LON2/DLON/H
  205  205  211  223  237  253  267  277  285  290  300  311  325  337  348  357
  363  367  369  370  371  372  375  379  384  389  387  380  369  359  359  364
  371  382  391  394  400  401  398  396  394  390  385  376  368  357  348  338
  326  317  308  298  287  279  275  276  277  277  276  272  270  270  268  267
  260  253  246  240  234  227  219  211  205
    37.5-180.0 180.0   5.0 450.0                            LAT/LON1/LON2/DLON/H
  216  213  218  229  245  261  277  290  301  312  321  334  350  360  370  377
  381  383  383  386  389  394  401  407  414  422  421  415  400  390  393  395
  412  424  436  441  447  447  441  436  431  425  418  406  398  383  370  355
  340  328  316  305  294  286  283  285  288  289  288  284  282  279  278  278
  275  271  264  259  255  248  237  226  216
    35.0-180.0 180.0   5.0 450.0                            LAT/LON1/LON2/DLON/H
  226  222  226  237  252  269  286  303  317  333  345  360  373  385  394  400
  400  399  398  400  406  414  424  434  444  454  457  451  436  428  429  434
  450  470  482  490  496  497  495  483  477  468  457  446  434  422  400  380
  363  348  332  320  307  299  296  298  304  308  307  302  298  292  289  287
  287  285  281  275  270  262  250  238  226
    32.5-180.0 180.0   5.0 450.0                            LAT/LON1/LON2/DLON/H
  236  228  232  243  259  278  299  317  334  351  367  382  399  412  421  424
  421  416  413  416  421  432  444  457  469  482  488  486  475  462  467  477
  491  512  528  541  548  545  544  537  527  515  505  497  482  464  438  415
  394  375  359  345  330  321  317  320  328  335  335  328  322  312  304  298
  296  293  289  283  276  267  258  247  236
    30.0-180.0 180.0   5.0 450.0                            LAT/LON1/LON2/DLON/H
  241  235  236  248  265  286  309  329  346  366  386  403  423  440  446  447
  442  435  429  430  436  448  461  477  489  502  511  515  509  496  504  516
  534  558  576  593  599  604  597  594  582  571  560  552  533  507  482  457
  433  411  394  379  364  351  348  351  359  366  370  365  357  340  324  311
  300  293  287  281  276  267  257  249  241
    27.5-180.0 180.0   5.0 450.0                            LAT/LON1/LON2/DLON/H
  240  238  240  251  268  291  317  339  359  381  405  427  448  463  469  474
  466  455  448  446  451  464  479  495  506  518  528  536  534  527  536  554
  579  604  624  643  650  655  650  649  642  628  612  605  578  546  518  488
  462  441  428  417  399  384  378  383  393  399  406  405  396  370  345  322
  301  286  277  273  267  258  250  243  240
    25.0-180.0 180.0   5.0 450.0                            LAT/LON1/LON2/DLON/H
  234  235  239  249  268  291  318  345  371  396  421  445  469  483  489  498
  489  476  466  464  466  479  495  511  522  533  543  550  551  554  568  591
  622  642  674  697  702  702  699  705  698  675  661  649  615  574  539  507
  480  464  459  447  431  409  401  409  423  428  436  437  428  395  363  332
  303  278  264  258  249  242  237  234  234
    22.5-180.0 180.0   5.0 450.0                            LAT/LON1/LON2/DLON/H
  226  229  234  244  262  287  316  347  376  404  433  458  480  497  507  517
  510  498  489  486  485  493  507  522  533  545  555  564  569  581  602  628
  663  687  710  737  736  727  731  746  746  717  707  681  633  585  545  512
  488  480  479  470  448  425  416  423  436  441  448  452  443  407  373  336
  301  268  249  237  227  224  221  222  226
    20.0-180.0 180.0   5.0 450.0                            LAT/LON1/LON2/DLON/H
  215  219  223  231  249  275  307  341  373  404  435  461  483  505  521  529
  527  523  515  509  506  510  520  533  544  558  570  580  590  606  631  661
  698  718  729  741  743  728  727  741  751  739  725  686  629  578  535  504
  484  477  478  466  444  428  414  416  425  432  441  446  439  405  370  327
  288  255  235  219  210  206  206  209  215
    17.5-180.0 180.0   5.0 450.0                            LAT/LON1/LON2/DLON/H
  203  205  204  213  230  258  293  329  365  397  428  455  480  505  526  536
  543  546  536  528  526  531  538  549  560  574  585  596  609  631  656  685
  718  731  732  728  718  703  697  712  724  722  702  660  605  556  511  482
  462  453  448  433  414  406  394  397  408  415  423  427  421  391  354  313
  277  246  228  212  201  194  196  198  203
    15.0-180.0 180.0   5.0 450.0                            LAT/LON1/LON2/DLON/H
  195  193  188  193  209  237  272  311  349  384  411  440  470  500  524  539
  551  555  549  544  544  550  558  568  578  591  603  614  630  650  673  697
  721  724  719  708  687  670  666  678  686  684  662  625  580  525  479  448
  424  412  403  388  375  373  374  383  393  398  402  402  396  368  334  300
  271  243  227  214  202  195  193  195  195
    12.5-180.0 180.0   5.0 450.0                            LAT/LON1/LON2/DLON/H
  190  183  177  177  188  214  249  288  331  367  393  427  462  494  519  537
  551  557  556  557  560  568  576  584  594  608  620  632  644  660  679  698
  708  711  695  682  660  645  645  650  659  654  634  600  551  492  440  406
  386  375  366  353  346  350  360  373  381  382  382  377  370  341  313  284
  262  242  227  218  210  203  199  196  190
    10.0-180.0 180.0   5.0 450.0                            LAT/LON1/LON2/DLON/H
  190  178  168  163  168  190  227  269  309  347  381  415  451  486  513  533
  551  562  565  570  572  581  590  599  610  624  636  646  655  665  677  691
  698  698  683  670  652  639  637  641  643  639  615  578  525  460  408  376
  364  358  350  342  336  343  360  374  377  373  367  356  347  313  291  266
  252  240  229  221  215  211  207  201  190
     7.5-180.0 180.0   5.0 450.0                            LAT/LON1/LON2/DLON/H
  191  174  160  152  155  173  206  248  290  332  371  406  441  477  507  530
  551  566  572  577  582  590  600  612  625  639  650  659  663  668  673  681
  686  686  680  672  657  650  645  647  643  631  604  561  508  445  398  379
  370  369  366  360  352  362  384  393  389  377  362  340  326  291  268  250
  239  232  223  218  214  212  211  204  191
     5.0-180.0 180.0   5.0 450.0                            LAT/LON1/LON2/DLON/H
  188  170  154  142  144  160  190  231  274  320  362  400  434  468  500  528
  551  567  575  581  588  597  609  623  637  651  660  667  668  668  670  673
  676  680  683  682  678  674  669  669  656  638  603  560  512  458  425  412
  411  418  418  401  394  400  412  415  405  383  359  331  314  273  248  233
  225  219  211  207  203  204  205  198  188
     2.5-180.0 180.0   5.0 450.0                            LAT/LON1/LON2/DLON/H
  178  162  147  135  134  149  177  218  264  312  357  397  433  467  498  525
  548  566  577  584  592  604  618  632  645  657  665  672  667  664  664  667
  670  678  687  693  697  704  703  690  666  643  604  566  531  498  476  462
  477  479  473  447  440  431  429  421  406  377  349  317  298  258  230  217
  209  201  195  189  189  190  191  186  178
